version 3
run FastService-0-20251202-16:10:45-1240
attr configname FastService
attr datetime 20251202-16:10:45
attr datetimef 20251202-161045
attr experiment FastService
attr inifile omnetpp.ini
attr iterationvars ""
attr iterationvarsd ""
attr iterationvarsf ""
attr measurement ""
attr network queue_sim
attr processid 1240
attr repetition 0
attr replication #0
attr resultdir results
attr runnumber 0
attr seedset 0
config description "Fast service: β_producer=2s, β_service=0.5s (ρ=0.25)"
config *.producer.meanInterArrivalTime 2s
config *.serviceUnit.meanServiceTime 0.5s
config *.producer.warmupPeriod 100s
config *.queue.warmupPeriod 100s
config *.serviceUnit.warmupPeriod 100s
config *.sink.warmupPeriod 100s
config network queue_sim
config sim-time-limit 600s
config warmup-period 100s
config repeat 5
config **.vector-recording true
config **.scalar-recording true
config debug-on-errors true

vector 0 queue_sim.producer jobGenerated:vector ETV
attr recordingmode vector
attr title "Jobs Generated"
vector 1 queue_sim.producer interArrivalTime:vector ETV
attr recordingmode vector
attr title "Inter-arrival Time"
attr unit s
vector 2 queue_sim.queue queueLength:vector ETV
attr recordingmode vector
attr title "Queue Length"
vector 3 queue_sim.queue queueingDelay:vector ETV
attr recordingmode vector
attr title "Queueing Delay"
attr unit s
vector 4 queue_sim.queue queueUtilization:vector ETV
attr recordingmode vector
attr title "Queue Utilization"
vector 5 queue_sim.queue systemSize:vector ETV
attr recordingmode vector
attr title "System Size"
vector 6 queue_sim.serviceUnit serviceTime:vector ETV
attr recordingmode vector
attr title "Service Time"
attr unit s
vector 7 queue_sim.serviceUnit utilization:vector ETV
attr recordingmode vector
attr title "Server Utilization"
vector 8 queue_sim.sink jobCompleted:vector ETV
attr recordingmode vector
attr title "Jobs Completed"
vector 9 queue_sim.sink totalDelay:vector ETV
attr recordingmode vector
attr title "Total System Delay"
attr unit s
0	271	100.36224001515	46
0	277	102.583434906524	47
0	283	103.055848318689	48
0	286	103.331905695546	49
0	292	104.089829624111	50
0	301	104.99403374456	51
0	307	106.682889331615	52
0	313	107.837537953228	53
0	319	116.74653164558	54
0	322	116.961801861892	55
0	328	117.430404899443	56
0	334	117.782231990294	57
0	336	119.899717420482	58
0	349	121.643549127733	59
0	355	122.899432289715	60
0	361	123.459986306673	61
0	367	123.806241218965	62
0	370	124.04015203855	63
0	379	126.176296432849	64
0	382	126.473720971353	65
0	384	126.911482164368	66
0	397	132.885861948072	67
0	403	136.326525263505	68
0	406	136.530815026555	69
0	415	140.170452865124	70
0	418	140.372522415742	71
0	427	147.870585334911	72
0	433	149.135258527703	73
0	439	156.659113096711	74
0	445	158.516070090514	75
0	451	161.204560634819	76
0	454	161.284513232936	77
0	460	161.949333714863	78
0	462	162.205447245485	79
0	464	163.096286169325	80
0	474	163.798638348088	81
0	487	166.132385401185	82
0	490	167.202154152699	83
0	492	167.334748955663	84
0	498	167.823539851827	85
0	511	169.489226883959	86
0	517	170.106056564155	87
0	523	171.587574465049	88
0	526	171.784875081886	89
0	535	173.500666364034	90
0	541	178.799178221387	91
0	547	179.566298649584	92
0	553	181.767990469766	93
0	556	182.050651896888	94
0	565	184.570519517106	95
0	571	185.253827851158	96
0	577	185.658528728292	97
0	583	187.424786812211	98
0	586	187.465411729802	99
0	595	190.996893874628	100
0	598	191.006306955613	101
0	607	193.271575239558	102
0	613	193.901018561267	103
0	619	196.558534308768	104
0	625	203.108820664198	105
0	628	203.680862609214	106
0	637	205.397648544872	107
0	643	207.190830286444	108
0	649	208.889271909573	109
0	652	209.394111895355	110
0	661	215.498675209124	111
0	667	216.683923264028	112
0	673	220.430843023742	113
0	679	222.835320158235	114
0	682	223.541360424783	115
0	691	226.903204833875	116
0	697	227.913242329384	117
0	703	232.17224112152	118
0	709	233.913312774173	119
0	715	238.182973674139	120
0	721	240.541739541428	121
0	727	243.125558079029	122
0	733	244.51715700083	123
0	739	250.768093716146	124
0	745	252.833687737437	125
0	751	253.936479717705	126
0	757	255.801285478518	127
0	760	255.840045041214	128
0	766	256.557899472954	129
0	775	258.716539870265	130
0	781	259.401739119661	131
0	787	261.326489231203	132
0	793	262.446411371351	133
0	799	262.737559328247	134
0	805	263.446007592738	135
0	811	265.13378453792	136
0	817	266.921242694531	137
0	823	268.629402165817	138
0	829	270.747420936579	139
0	835	272.859120153898	140
0	841	273.98834115614	141
0	847	278.525609141525	142
0	853	279.441954909441	143
0	856	280.586878012298	144
0	865	285.036707326749	145
0	871	288.318502482603	146
0	877	290.752541473278	147
0	883	290.963766760536	148
0	889	296.002331020703	149
0	895	298.507546070526	150
0	901	312.0383271104	151
0	904	312.362067283825	152
0	913	316.413884918032	153
0	916	316.768536068322	154
0	925	318.680468916167	155
0	928	318.944836335396	156
0	937	322.712694108568	157
0	943	326.006132311222	158
0	949	327.689894234686	159
0	955	328.735634294863	160
0	958	328.878985063489	161
0	967	331.269862196053	162
0	973	332.478460339748	163
0	979	335.039128747373	164
0	985	339.064674219785	165
0	991	346.484595403593	166
0	997	350.357749878575	167
0	1000	350.381316342412	168
0	1006	351.27382198345	169
0	1015	353.892418711496	170
0	1021	354.269008661934	171
0	1027	355.741270861907	172
0	1030	355.853010967684	173
0	1039	356.299289383886	174
0	1042	356.336680324728	175
0	1051	359.49350576894	176
0	1054	360.000517179227	177
0	1060	360.84783138194	178
0	1069	366.112269107038	179
0	1075	368.549862713725	180
0	1078	368.614576323016	181
0	1080	368.97449100612	182
0	1093	370.360890545195	183
0	1099	372.082737818556	184
0	1102	372.626073959241	185
0	1111	378.068770471067	186
0	1117	379.972429886151	187
0	1123	381.506589195296	188
0	1129	383.289346349116	189
0	1135	385.908917091839	190
0	1141	386.656690083645	191
0	1147	387.672420329018	192
0	1153	388.143469475855	193
0	1159	388.555533572821	194
0	1165	394.333684756619	195
0	1171	397.024379623087	196
0	1174	398.372868762359	197
0	1180	398.888894290239	198
0	1189	399.475909594086	199
0	1195	399.595471519917	200
0	1201	400.73526665053	201
0	1204	401.482606239319	202
0	1213	403.866322446629	203
0	1219	404.815155027295	204
0	1225	405.211090497963	205
0	1228	405.261067204589	206
0	1230	405.400302546736	207
0	1243	408.124165995347	208
0	1249	409.333328432017	209
0	1255	410.87156803421	210
0	1261	415.411248065778	211
0	1267	424.690553118525	212
0	1273	425.179535162611	213
0	1279	427.35534402984	214
0	1285	427.966553833469	215
0	1288	428.008288270689	216
0	1297	430.849055181859	217
0	1300	431.620430569949	218
0	1309	432.587707344928	219
0	1315	434.362711201895	220
0	1321	437.918997875563	221
0	1327	439.902006461357	222
0	1333	444.023648943119	223
0	1339	444.662798252865	224
0	1345	447.862237136545	225
0	1348	448.272932674016	226
0	1357	454.379302013203	227
0	1363	456.705528580054	228
0	1366	457.190965567398	229
0	1375	463.079926122245	230
0	1381	465.704942108176	231
0	1387	466.290845025149	232
0	1390	466.770692064022	233
0	1399	468.2311473945	234
0	1402	468.283142884886	235
0	1404	468.748192921656	236
0	1410	469.081942204121	237
0	1423	471.703886940442	238
0	1429	472.949545559972	239
0	1435	473.599977595925	240
0	1441	475.367548907991	241
0	1447	479.355627310545	242
0	1450	479.605692490392	243
0	1459	481.062740175861	244
0	1465	481.346024245451	245
0	1471	483.869649592426	246
0	1477	484.878209458929	247
0	1483	486.544965940221	248
0	1489	486.949883467617	249
0	1495	487.262835008386	250
0	1501	488.601916190108	251
0	1507	489.480826971094	252
0	1513	495.122098867924	253
0	1519	498.021208420779	254
0	1525	500.783134612113	255
0	1531	505.464118533428	256
0	1534	505.638335699945	257
0	1543	507.245119225279	258
0	1549	509.001549382716	259
0	1555	515.538542184362	260
0	1561	516.229581351779	261
0	1564	516.780637225856	262
0	1573	516.992011574065	263
0	1576	517.025143762908	264
0	1585	522.330260793949	265
0	1591	524.547080302377	266
0	1597	527.62273773133	267
0	1603	528.284557493682	268
0	1609	530.050318583596	269
0	1612	530.182502604983	270
0	1621	531.512118104086	271
0	1627	539.100165670262	272
0	1633	543.283278815509	273
0	1639	544.108738548963	274
0	1645	550.626580503332	275
0	1648	551.153734729002	276
0	1657	557.118136079947	277
0	1663	562.791416466698	278
0	1669	566.002333992834	279
0	1675	567.993261279567	280
0	1681	572.140784205767	281
0	1684	572.834290813345	282
0	1693	576.614494209538	283
0	1699	578.538518062718	284
0	1702	578.565168552375	285
0	1704	579.418240176448	286
0	1717	583.383737985655	287
0	1723	591.399637295404	288
0	1729	592.701231980122	289
0	1735	594.077118937044	290
0	1741	596.117493112954	291
0	1747	597.037075748506	292
0	1753	597.331525823132	293
1	271	100.36224001515	2.2211948913744
1	277	102.583434906524	0.47241341216542
1	283	103.055848318689	0.27605737685691
1	286	103.331905695546	0.75792392856534
1	292	104.089829624111	0.90420412044916
1	301	104.99403374456	1.6888555870553
1	307	106.682889331615	1.154648621613
1	313	107.837537953228	8.9089936923521
1	319	116.74653164558	0.21527021631214
1	322	116.961801861892	0.46860303755114
1	328	117.430404899443	0.35182709085122
1	334	117.782231990294	2.1174854301883
1	336	119.899717420482	1.7438317072515
1	349	121.643549127733	1.2558831619823
1	355	122.899432289715	0.56055401695799
1	361	123.459986306673	0.34625491229231
1	367	123.806241218965	0.23391081958491
1	370	124.04015203855	2.136144394299
1	379	126.176296432849	0.2974245385042
1	382	126.473720971353	0.43776119301459
1	384	126.911482164368	5.974379783704
1	397	132.885861948072	3.4406633154331
1	403	136.326525263505	0.20428976304987
1	406	136.530815026555	3.6396378385688
1	415	140.170452865124	0.20206955061793
1	418	140.372522415742	7.498062919169
1	427	147.870585334911	1.2646731927916
1	433	149.135258527703	7.5238545690079
1	439	156.659113096711	1.8569569938028
1	445	158.516070090514	2.6884905443047
1	451	161.204560634819	0.07995259811656
1	454	161.284513232936	0.66482048192741
1	460	161.949333714863	0.25611353062243
1	462	162.205447245485	0.89083892383955
1	464	163.096286169325	0.70235217876263
1	474	163.798638348088	2.3337470530973
1	487	166.132385401185	1.0697687515138
1	490	167.202154152699	0.13259480296437
1	492	167.334748955663	0.4887908961636
1	498	167.823539851827	1.6656870321323
1	511	169.489226883959	0.61682968019564
1	517	170.106056564155	1.4815179008941
1	523	171.587574465049	0.19730061683651
1	526	171.784875081886	1.7157912821484
1	535	173.500666364034	5.2985118573527
1	541	178.799178221387	0.7671204281972
1	547	179.566298649584	2.2016918201817
1	553	181.767990469766	0.28266142712153
1	556	182.050651896888	2.5198676202179
1	565	184.570519517106	0.68330833405221
1	571	185.253827851158	0.40470087713448
1	577	185.658528728292	1.7662580839186
1	583	187.424786812211	0.040624917591265
1	586	187.465411729802	3.5314821448261
1	595	190.996893874628	0.0094130809846917
1	598	191.006306955613	2.265268283945
1	607	193.271575239558	0.62944332170926
1	613	193.901018561267	2.6575157475006
1	619	196.558534308768	6.5502863554295
1	625	203.108820664198	0.57204194501614
1	628	203.680862609214	1.7167859356579
1	637	205.397648544872	1.7931817415718
1	643	207.190830286444	1.6984416231289
1	649	208.889271909573	0.50483998578224
1	652	209.394111895355	6.1045633137686
1	661	215.498675209124	1.1852480549044
1	667	216.683923264028	3.7469197597143
1	673	220.430843023742	2.404477134493
1	679	222.835320158235	0.70604026654833
1	682	223.541360424783	3.3618444090919
1	691	226.903204833875	1.0100374955093
1	697	227.913242329384	4.2589987921361
1	703	232.17224112152	1.7410716526529
1	709	233.913312774173	4.2696608999664
1	715	238.182973674139	2.3587658672893
1	721	240.541739541428	2.5838185376013
1	727	243.125558079029	1.3915989218009
1	733	244.51715700083	6.2509367153165
1	739	250.768093716146	2.0655940212908
1	745	252.833687737437	1.1027919802685
1	751	253.936479717705	1.8648057608132
1	757	255.801285478518	0.038759562696037
1	760	255.840045041214	0.71785443173956
1	766	256.557899472954	2.1586403973113
1	775	258.716539870265	0.68519924939619
1	781	259.401739119661	1.924750111542
1	787	261.326489231203	1.119922140148
1	793	262.446411371351	0.2911479568957
1	799	262.737559328247	0.70844826449086
1	805	263.446007592738	1.6877769451817
1	811	265.13378453792	1.787458156611
1	817	266.921242694531	1.708159471286
1	823	268.629402165817	2.1180187707624
1	829	270.747420936579	2.1116992173195
1	835	272.859120153898	1.1292210022416
1	841	273.98834115614	4.537267985385
1	847	278.525609141525	0.91634576791642
1	853	279.441954909441	1.1449231028567
1	856	280.586878012298	4.4498293144507
1	865	285.036707326749	3.2817951558536
1	871	288.318502482603	2.434038990675
1	877	290.752541473278	0.21122528725761
1	883	290.963766760536	5.0385642601665
1	889	296.002331020703	2.5052150498234
1	895	298.507546070526	13.530781039874
1	901	312.0383271104	0.32374017342459
1	904	312.362067283825	4.0518176342065
1	913	316.413884918032	0.3546511502903
1	916	316.768536068322	1.9119328478448
1	925	318.680468916167	0.26436741922939
1	928	318.944836335396	3.7678577731721
1	937	322.712694108568	3.2934382026537
1	943	326.006132311222	1.683761923464
1	949	327.689894234686	1.0457400601768
1	955	328.735634294863	0.14335076862578
1	958	328.878985063489	2.3908771325644
1	967	331.269862196053	1.2085981436952
1	973	332.478460339748	2.5606684076248
1	979	335.039128747373	4.0255454724117
1	985	339.064674219785	7.4199211838075
1	991	346.484595403593	3.8731544749825
1	997	350.357749878575	0.023566463836815
1	1000	350.381316342412	0.89250564103808
1	1006	351.27382198345	2.6185967280455
1	1015	353.892418711496	0.37658995043823
1	1021	354.269008661934	1.4722621999732
1	1027	355.741270861907	0.11174010577703
1	1030	355.853010967684	0.44627841620163
1	1039	356.299289383886	0.037390940841908
1	1042	356.336680324728	3.1568254442119
1	1051	359.49350576894	0.50701141028677
1	1054	360.000517179227	0.84731420271347
1	1060	360.84783138194	5.2644377250975
1	1069	366.112269107038	2.4375936066868
1	1075	368.549862713725	0.064713609290561
1	1078	368.614576323016	0.35991468310368
1	1080	368.97449100612	1.3863995390751
1	1093	370.360890545195	1.7218472733614
1	1099	372.082737818556	0.54333614068462
1	1102	372.626073959241	5.4426965118259
1	1111	378.068770471067	1.9036594150843
1	1117	379.972429886151	1.5341593091446
1	1123	381.506589195296	1.78275715382
1	1129	383.289346349116	2.6195707427233
1	1135	385.908917091839	0.74777299180621
1	1141	386.656690083645	1.0157302453734
1	1147	387.672420329018	0.47104914683702
1	1153	388.143469475855	0.41206409696608
1	1159	388.555533572821	5.7781511837977
1	1165	394.333684756619	2.6906948664678
1	1171	397.024379623087	1.3484891392725
1	1174	398.372868762359	0.51602552787993
1	1180	398.888894290239	0.58701530384653
1	1189	399.475909594086	0.11956192583082
1	1195	399.595471519917	1.1397951306129
1	1201	400.73526665053	0.74733958878893
1	1204	401.482606239319	2.3837162073098
1	1213	403.866322446629	0.94883258066588
1	1219	404.815155027295	0.39593547066794
1	1225	405.211090497963	0.049976706625604
1	1228	405.261067204589	0.13923534214719
1	1230	405.400302546736	2.7238634486112
1	1243	408.124165995347	1.2091624366705
1	1249	409.333328432017	1.5382396021929
1	1255	410.87156803421	4.5396800315682
1	1261	415.411248065778	9.2793050527475
1	1267	424.690553118525	0.48898204408584
1	1273	425.179535162611	2.1758088672287
1	1279	427.35534402984	0.6112098036286
1	1285	427.966553833469	0.041734437220321
1	1288	428.008288270689	2.8407669111703
1	1297	430.849055181859	0.77137538809046
1	1300	431.620430569949	0.96727677497928
1	1309	432.587707344928	1.7750038569674
1	1315	434.362711201895	3.556286673668
1	1321	437.918997875563	1.9830085857944
1	1327	439.902006461357	4.1216424817617
1	1333	444.023648943119	0.63914930974567
1	1339	444.662798252865	3.1994388836801
1	1345	447.862237136545	0.41069553747139
1	1348	448.272932674016	6.1063693391867
1	1357	454.379302013203	2.3262265668509
1	1363	456.705528580054	0.48543698734358
1	1366	457.190965567398	5.8889605548466
1	1375	463.079926122245	2.6250159859313
1	1381	465.704942108176	0.58590291697321
1	1387	466.290845025149	0.47984703887255
1	1390	466.770692064022	1.4604553304781
1	1399	468.2311473945	0.051995490386241
1	1402	468.283142884886	0.46505003676957
1	1404	468.748192921656	0.33374928246547
1	1410	469.081942204121	2.6219447363208
1	1423	471.703886940442	1.2456586195298
1	1429	472.949545559972	0.65043203595259
1	1435	473.599977595925	1.7675713120658
1	1441	475.367548907991	3.988078402554
1	1447	479.355627310545	0.25006517984696
1	1450	479.605692490392	1.4570476854687
1	1459	481.062740175861	0.28328406959041
1	1465	481.346024245451	2.5236253469745
1	1471	483.869649592426	1.008559866503
1	1477	484.878209458929	1.6667564812918
1	1483	486.544965940221	0.40491752739617
1	1489	486.949883467617	0.31295154076881
1	1495	487.262835008386	1.3390811817222
1	1501	488.601916190108	0.87891078098562
1	1507	489.480826971094	5.64127189683
1	1513	495.122098867924	2.8991095528552
1	1519	498.021208420779	2.7619261913337
1	1525	500.783134612113	4.6809839213148
1	1531	505.464118533428	0.17421716651692
1	1534	505.638335699945	1.6067835253342
1	1543	507.245119225279	1.7564301574365
1	1549	509.001549382716	6.5369928016458
1	1555	515.538542184362	0.69103916741745
1	1561	516.229581351779	0.55105587407662
1	1564	516.780637225856	0.21137434820932
1	1573	516.992011574065	0.033132188843163
1	1576	517.025143762908	5.3051170310409
1	1585	522.330260793949	2.216819508428
1	1591	524.547080302377	3.0756574289531
1	1597	527.62273773133	0.66181976235226
1	1603	528.284557493682	1.7657610899142
1	1609	530.050318583596	0.1321840213868
1	1612	530.182502604983	1.3296154991031
1	1621	531.512118104086	7.5880475661755
1	1627	539.100165670262	4.1831131452465
1	1633	543.283278815509	0.82545973345367
1	1639	544.108738548963	6.5178419543693
1	1645	550.626580503332	0.52715422567036
1	1648	551.153734729002	5.9644013509452
1	1657	557.118136079947	5.673280386751
1	1663	562.791416466698	3.2109175261357
1	1669	566.002333992834	1.9909272867333
1	1675	567.993261279567	4.1475229262001
1	1681	572.140784205767	0.69350660757751
1	1684	572.834290813345	3.7802033961926
1	1693	576.614494209538	1.9240238531801
1	1699	578.538518062718	0.026650489656806
1	1702	578.565168552375	0.853071624073
1	1704	579.418240176448	3.9654978092068
1	1717	583.383737985655	8.0158993097487
1	1723	591.399637295404	1.3015946847183
1	1729	592.701231980122	1.375886956922
1	1735	594.077118937044	2.0403741759096
1	1741	596.117493112954	0.91958263555159
1	1747	597.037075748506	0.29445007462616
1	1753	597.331525823132	3.4532667594845
2	272	100.36224001515	1
2	272	100.36224001515	0
2	278	102.583434906524	1
2	278	102.583434906524	0
2	284	103.055848318689	1
2	284	103.055848318689	0
2	287	103.331905695546	1
2	290	103.750369663585	0
2	293	104.089829624111	1
2	296	104.218400443471	0
2	302	104.99403374456	1
2	302	104.99403374456	0
2	308	106.682889331615	1
2	308	106.682889331615	0
2	314	107.837537953228	1
2	314	107.837537953228	0
2	320	116.74653164558	1
2	320	116.74653164558	0
2	323	116.961801861892	1
2	326	117.275444852256	0
2	329	117.430404899443	1
2	332	117.779454474966	0
2	335	117.782231990294	1
2	337	119.899717420482	2
2	340	120.459504650088	1
2	344	120.605544916722	0
2	350	121.643549127733	1
2	350	121.643549127733	0
2	356	122.899432289715	1
2	356	122.899432289715	0
2	362	123.459986306673	1
2	362	123.459986306673	0
2	368	123.806241218965	1
2	368	123.806241218965	0
2	371	124.04015203855	1
2	374	124.367825369732	0
2	380	126.176296432849	1
2	380	126.176296432849	0
2	383	126.473720971353	1
2	385	126.911482164368	2
2	388	126.929614099485	1
2	392	127.159621078355	0
2	398	132.885861948072	1
2	398	132.885861948072	0
2	404	136.326525263505	1
2	404	136.326525263505	0
2	407	136.530815026555	1
2	410	136.814076230583	0
2	416	140.170452865124	1
2	416	140.170452865124	0
2	419	140.372522415742	1
2	422	141.957247051296	0
2	428	147.870585334911	1
2	428	147.870585334911	0
2	434	149.135258527703	1
2	434	149.135258527703	0
2	440	156.659113096711	1
2	440	156.659113096711	0
2	446	158.516070090514	1
2	446	158.516070090514	0
2	452	161.204560634819	1
2	452	161.204560634819	0
2	455	161.284513232936	1
2	458	161.495999829252	0
2	461	161.949333714863	1
2	463	162.205447245485	2
2	465	163.096286169325	3
2	468	163.441784890675	2
2	472	163.769608032857	1
2	475	163.798638348088	2
2	478	163.83280235107	1
2	482	164.024152825501	0
2	488	166.132385401185	1
2	488	166.132385401185	0
2	491	167.202154152699	1
2	493	167.334748955663	2
2	496	167.384341292728	1
2	499	167.823539851827	2
2	502	167.973936056261	1
2	506	168.391984822246	0
2	512	169.489226883959	1
2	512	169.489226883959	0
2	518	170.106056564155	1
2	518	170.106056564155	0
2	524	171.587574465049	1
2	524	171.587574465049	0
2	527	171.784875081886	1
2	530	172.857726719028	0
2	536	173.500666364034	1
2	536	173.500666364034	0
2	542	178.799178221387	1
2	542	178.799178221387	0
2	548	179.566298649584	1
2	548	179.566298649584	0
2	554	181.767990469766	1
2	554	181.767990469766	0
2	557	182.050651896888	1
2	560	182.288880796856	0
2	566	184.570519517106	1
2	566	184.570519517106	0
2	572	185.253827851158	1
2	572	185.253827851158	0
2	578	185.658528728292	1
2	578	185.658528728292	0
2	584	187.424786812211	1
2	584	187.424786812211	0
2	587	187.465411729802	1
2	590	187.514912938203	0
2	596	190.996893874628	1
2	596	190.996893874628	0
2	599	191.006306955613	1
2	602	191.076064627743	0
2	608	193.271575239558	1
2	608	193.271575239558	0
2	614	193.901018561267	1
2	614	193.901018561267	0
2	620	196.558534308768	1
2	620	196.558534308768	0
2	626	203.108820664198	1
2	626	203.108820664198	0
2	629	203.680862609214	1
2	632	203.814332868845	0
2	638	205.397648544872	1
2	638	205.397648544872	0
2	644	207.190830286444	1
2	644	207.190830286444	0
2	650	208.889271909573	1
2	650	208.889271909573	0
2	653	209.394111895355	1
2	656	210.00002535881	0
2	662	215.498675209124	1
2	662	215.498675209124	0
2	668	216.683923264028	1
2	668	216.683923264028	0
2	674	220.430843023742	1
2	674	220.430843023742	0
2	680	222.835320158235	1
2	680	222.835320158235	0
2	683	223.541360424783	1
2	686	223.563729437517	0
2	692	226.903204833875	1
2	692	226.903204833875	0
2	698	227.913242329384	1
2	698	227.913242329384	0
2	704	232.17224112152	1
2	704	232.17224112152	0
2	710	233.913312774173	1
2	710	233.913312774173	0
2	716	238.182973674139	1
2	716	238.182973674139	0
2	722	240.541739541428	1
2	722	240.541739541428	0
2	728	243.125558079029	1
2	728	243.125558079029	0
2	734	244.51715700083	1
2	734	244.51715700083	0
2	740	250.768093716146	1
2	740	250.768093716146	0
2	746	252.833687737437	1
2	746	252.833687737437	0
2	752	253.936479717705	1
2	752	253.936479717705	0
2	758	255.801285478518	1
2	758	255.801285478518	0
2	761	255.840045041214	1
2	764	256.118849336333	0
2	767	256.557899472954	1
2	770	256.748371094965	0
2	776	258.716539870265	1
2	776	258.716539870265	0
2	782	259.401739119661	1
2	782	259.401739119661	0
2	788	261.326489231203	1
2	788	261.326489231203	0
2	794	262.446411371351	1
2	794	262.446411371351	0
2	800	262.737559328247	1
2	800	262.737559328247	0
2	806	263.446007592738	1
2	806	263.446007592738	0
2	812	265.13378453792	1
2	812	265.13378453792	0
2	818	266.921242694531	1
2	818	266.921242694531	0
2	824	268.629402165817	1
2	824	268.629402165817	0
2	830	270.747420936579	1
2	830	270.747420936579	0
2	836	272.859120153898	1
2	836	272.859120153898	0
2	842	273.98834115614	1
2	842	273.98834115614	0
2	848	278.525609141525	1
2	848	278.525609141525	0
2	854	279.441954909441	1
2	854	279.441954909441	0
2	857	280.586878012298	1
2	860	281.510859789696	0
2	866	285.036707326749	1
2	866	285.036707326749	0
2	872	288.318502482603	1
2	872	288.318502482603	0
2	878	290.752541473278	1
2	878	290.752541473278	0
2	884	290.963766760536	1
2	884	290.963766760536	0
2	890	296.002331020703	1
2	890	296.002331020703	0
2	896	298.507546070526	1
2	896	298.507546070526	0
2	902	312.0383271104	1
2	902	312.0383271104	0
2	905	312.362067283825	1
2	908	313.213415755275	0
2	914	316.413884918032	1
2	914	316.413884918032	0
2	917	316.768536068322	1
2	920	316.768843881644	0
2	926	318.680468916167	1
2	926	318.680468916167	0
2	929	318.944836335396	1
2	932	319.435380643972	0
2	938	322.712694108568	1
2	938	322.712694108568	0
2	944	326.006132311222	1
2	944	326.006132311222	0
2	950	327.689894234686	1
2	950	327.689894234686	0
2	956	328.735634294863	1
2	956	328.735634294863	0
2	959	328.878985063489	1
2	962	330.760557714265	0
2	968	331.269862196053	1
2	968	331.269862196053	0
2	974	332.478460339748	1
2	974	332.478460339748	0
2	980	335.039128747373	1
2	980	335.039128747373	0
2	986	339.064674219785	1
2	986	339.064674219785	0
2	992	346.484595403593	1
2	992	346.484595403593	0
2	998	350.357749878575	1
2	998	350.357749878575	0
2	1001	350.381316342412	1
2	1004	351.081646919569	0
2	1007	351.27382198345	1
2	1010	352.52395279562	0
2	1016	353.892418711496	1
2	1016	353.892418711496	0
2	1022	354.269008661934	1
2	1022	354.269008661934	0
2	1028	355.741270861907	1
2	1028	355.741270861907	0
2	1031	355.853010967684	1
2	1034	355.948260323243	0
2	1040	356.299289383886	1
2	1040	356.299289383886	0
2	1043	356.336680324728	1
2	1046	356.393048859487	0
2	1052	359.49350576894	1
2	1052	359.49350576894	0
2	1055	360.000517179227	1
2	1058	360.531521299161	0
2	1061	360.84783138194	1
2	1064	361.973793443364	0
2	1070	366.112269107038	1
2	1070	366.112269107038	0
2	1076	368.549862713725	1
2	1076	368.549862713725	0
2	1079	368.614576323016	1
2	1081	368.97449100612	2
2	1084	369.315278326859	1
2	1088	369.801019405906	0
2	1094	370.360890545195	1
2	1094	370.360890545195	0
2	1100	372.082737818556	1
2	1100	372.082737818556	0
2	1103	372.626073959241	1
2	1106	374.522304262553	0
2	1112	378.068770471067	1
2	1112	378.068770471067	0
2	1118	379.972429886151	1
2	1118	379.972429886151	0
2	1124	381.506589195296	1
2	1124	381.506589195296	0
2	1130	383.289346349116	1
2	1130	383.289346349116	0
2	1136	385.908917091839	1
2	1136	385.908917091839	0
2	1142	386.656690083645	1
2	1142	386.656690083645	0
2	1148	387.672420329018	1
2	1148	387.672420329018	0
2	1154	388.143469475855	1
2	1154	388.143469475855	0
2	1160	388.555533572821	1
2	1160	388.555533572821	0
2	1166	394.333684756619	1
2	1166	394.333684756619	0
2	1172	397.024379623087	1
2	1172	397.024379623087	0
2	1175	398.372868762359	1
2	1178	398.781618963355	0
2	1181	398.888894290239	1
2	1184	399.352187914785	0
2	1190	399.475909594086	1
2	1190	399.475909594086	0
2	1196	399.595471519917	1
2	1196	399.595471519917	0
2	1202	400.73526665053	1
2	1202	400.73526665053	0
2	1205	401.482606239319	1
2	1208	401.799601697796	0
2	1214	403.866322446629	1
2	1214	403.866322446629	0
2	1220	404.815155027295	1
2	1220	404.815155027295	0
2	1226	405.211090497963	1
2	1226	405.211090497963	0
2	1229	405.261067204589	1
2	1231	405.400302546736	2
2	1234	406.175270566403	1
2	1238	406.744039819173	0
2	1244	408.124165995347	1
2	1244	408.124165995347	0
2	1250	409.333328432017	1
2	1250	409.333328432017	0
2	1256	410.87156803421	1
2	1256	410.87156803421	0
2	1262	415.411248065778	1
2	1262	415.411248065778	0
2	1268	424.690553118525	1
2	1268	424.690553118525	0
2	1274	425.179535162611	1
2	1274	425.179535162611	0
2	1280	427.35534402984	1
2	1280	427.35534402984	0
2	1286	427.966553833469	1
2	1286	427.966553833469	0
2	1289	428.008288270689	1
2	1292	428.096729539243	0
2	1298	430.849055181859	1
2	1298	430.849055181859	0
2	1301	431.620430569949	1
2	1304	432.022977062574	0
2	1310	432.587707344928	1
2	1310	432.587707344928	0
2	1316	434.362711201895	1
2	1316	434.362711201895	0
2	1322	437.918997875563	1
2	1322	437.918997875563	0
2	1328	439.902006461357	1
2	1328	439.902006461357	0
2	1334	444.023648943119	1
2	1334	444.023648943119	0
2	1340	444.662798252865	1
2	1340	444.662798252865	0
2	1346	447.862237136545	1
2	1346	447.862237136545	0
2	1349	448.272932674016	1
2	1352	448.431765961881	0
2	1358	454.379302013203	1
2	1358	454.379302013203	0
2	1364	456.705528580054	1
2	1364	456.705528580054	0
2	1367	457.190965567398	1
2	1370	457.482860048958	0
2	1376	463.079926122245	1
2	1376	463.079926122245	0
2	1382	465.704942108176	1
2	1382	465.704942108176	0
2	1388	466.290845025149	1
2	1388	466.290845025149	0
2	1391	466.770692064022	1
2	1394	467.869392795857	0
2	1400	468.2311473945	1
2	1400	468.2311473945	0
2	1403	468.283142884886	1
2	1405	468.748192921656	2
2	1408	468.852822783474	1
2	1411	469.081942204121	2
2	1414	469.1292419688	1
2	1418	469.363580206788	0
2	1424	471.703886940442	1
2	1424	471.703886940442	0
2	1430	472.949545559972	1
2	1430	472.949545559972	0
2	1436	473.599977595925	1
2	1436	473.599977595925	0
2	1442	475.367548907991	1
2	1442	475.367548907991	0
2	1448	479.355627310545	1
2	1448	479.355627310545	0
2	1451	479.605692490392	1
2	1454	479.917357560319	0
2	1460	481.062740175861	1
2	1460	481.062740175861	0
2	1466	481.346024245451	1
2	1466	481.346024245451	0
2	1472	483.869649592426	1
2	1472	483.869649592426	0
2	1478	484.878209458929	1
2	1478	484.878209458929	0
2	1484	486.544965940221	1
2	1484	486.544965940221	0
2	1490	486.949883467617	1
2	1490	486.949883467617	0
2	1496	487.262835008386	1
2	1496	487.262835008386	0
2	1502	488.601916190108	1
2	1502	488.601916190108	0
2	1508	489.480826971094	1
2	1508	489.480826971094	0
2	1514	495.122098867924	1
2	1514	495.122098867924	0
2	1520	498.021208420779	1
2	1520	498.021208420779	0
2	1526	500.783134612113	1
2	1526	500.783134612113	0
2	1532	505.464118533428	1
2	1532	505.464118533428	0
2	1535	505.638335699945	1
2	1538	506.155776766504	0
2	1544	507.245119225279	1
2	1544	507.245119225279	0
2	1550	509.001549382716	1
2	1550	509.001549382716	0
2	1556	515.538542184362	1
2	1556	515.538542184362	0
2	1562	516.229581351779	1
2	1562	516.229581351779	0
2	1565	516.780637225856	1
2	1568	516.795040591373	0
2	1574	516.992011574065	1
2	1574	516.992011574065	0
2	1577	517.025143762908	1
2	1580	517.397582085179	0
2	1586	522.330260793949	1
2	1586	522.330260793949	0
2	1592	524.547080302377	1
2	1592	524.547080302377	0
2	1598	527.62273773133	1
2	1598	527.62273773133	0
2	1604	528.284557493682	1
2	1604	528.284557493682	0
2	1610	530.050318583596	1
2	1610	530.050318583596	0
2	1613	530.182502604983	1
2	1616	530.40944182365	0
2	1622	531.512118104086	1
2	1622	531.512118104086	0
2	1628	539.100165670262	1
2	1628	539.100165670262	0
2	1634	543.283278815509	1
2	1634	543.283278815509	0
2	1640	544.108738548963	1
2	1640	544.108738548963	0
2	1646	550.626580503332	1
2	1646	550.626580503332	0
2	1649	551.153734729002	1
2	1652	551.682024890523	0
2	1658	557.118136079947	1
2	1658	557.118136079947	0
2	1664	562.791416466698	1
2	1664	562.791416466698	0
2	1670	566.002333992834	1
2	1670	566.002333992834	0
2	1676	567.993261279567	1
2	1676	567.993261279567	0
2	1682	572.140784205767	1
2	1682	572.140784205767	0
2	1685	572.834290813345	1
2	1688	573.071500027258	0
2	1694	576.614494209538	1
2	1694	576.614494209538	0
2	1700	578.538518062718	1
2	1700	578.538518062718	0
2	1703	578.565168552375	1
2	1705	579.418240176448	2
2	1708	580.3683467281	1
2	1712	580.448513775343	0
2	1718	583.383737985655	1
2	1718	583.383737985655	0
2	1724	591.399637295404	1
2	1724	591.399637295404	0
2	1730	592.701231980122	1
2	1730	592.701231980122	0
2	1736	594.077118937044	1
2	1736	594.077118937044	0
2	1742	596.117493112954	1
2	1742	596.117493112954	0
2	1748	597.037075748506	1
2	1748	597.037075748506	0
2	1754	597.331525823132	1
2	1754	597.331525823132	0
3	272	100.36224001515	0
3	278	102.583434906524	0
3	284	103.055848318689	0
3	290	103.750369663585	0.418463968039
3	296	104.218400443471	0.12857081936
3	302	104.99403374456	0
3	308	106.682889331615	0
3	314	107.837537953228	0
3	320	116.74653164558	0
3	326	117.275444852256	0.313642990364
3	332	117.779454474966	0.349049575523
3	340	120.459504650088	2.677272659794
3	344	120.605544916722	0.70582749624
3	350	121.643549127733	0
3	356	122.899432289715	0
3	362	123.459986306673	0
3	368	123.806241218965	0
3	374	124.367825369732	0.327673331182
3	380	126.176296432849	0
3	388	126.929614099485	0.455893128132
3	392	127.159621078355	0.248138913987
3	398	132.885861948072	0
3	404	136.326525263505	0
3	410	136.814076230583	0.283261204028
3	416	140.170452865124	0
3	422	141.957247051296	1.584724635554
3	428	147.870585334911	0
3	434	149.135258527703	0
3	440	156.659113096711	0
3	446	158.516070090514	0
3	452	161.204560634819	0
3	458	161.495999829252	0.211486596316
3	468	163.441784890675	1.492451175812
3	472	163.769608032857	1.564160787372
3	478	163.83280235107	0.736516181745
3	482	164.024152825501	0.225514477413
3	488	166.132385401185	0
3	496	167.384341292728	0.182187140029
3	502	167.973936056261	0.639187100598
3	506	168.391984822246	0.568444970419
3	512	169.489226883959	0
3	518	170.106056564155	0
3	524	171.587574465049	0
3	530	172.857726719028	1.072851637142
3	536	173.500666364034	0
3	542	178.799178221387	0
3	548	179.566298649584	0
3	554	181.767990469766	0
3	560	182.288880796856	0.238228899968
3	566	184.570519517106	0
3	572	185.253827851158	0
3	578	185.658528728292	0
3	584	187.424786812211	0
3	590	187.514912938203	0.049501208401
3	596	190.996893874628	0
3	602	191.076064627743	0.06975767213
3	608	193.271575239558	0
3	614	193.901018561267	0
3	620	196.558534308768	0
3	626	203.108820664198	0
3	632	203.814332868845	0.133470259631
3	638	205.397648544872	0
3	644	207.190830286444	0
3	650	208.889271909573	0
3	656	210.00002535881	0.605913463455
3	662	215.498675209124	0
3	668	216.683923264028	0
3	674	220.430843023742	0
3	680	222.835320158235	0
3	686	223.563729437517	0.022369012734
3	692	226.903204833875	0
3	698	227.913242329384	0
3	704	232.17224112152	0
3	710	233.913312774173	0
3	716	238.182973674139	0
3	722	240.541739541428	0
3	728	243.125558079029	0
3	734	244.51715700083	0
3	740	250.768093716146	0
3	746	252.833687737437	0
3	752	253.936479717705	0
3	758	255.801285478518	0
3	764	256.118849336333	0.278804295119
3	770	256.748371094965	0.190471622011
3	776	258.716539870265	0
3	782	259.401739119661	0
3	788	261.326489231203	0
3	794	262.446411371351	0
3	800	262.737559328247	0
3	806	263.446007592738	0
3	812	265.13378453792	0
3	818	266.921242694531	0
3	824	268.629402165817	0
3	830	270.747420936579	0
3	836	272.859120153898	0
3	842	273.98834115614	0
3	848	278.525609141525	0
3	854	279.441954909441	0
3	860	281.510859789696	0.923981777398
3	866	285.036707326749	0
3	872	288.318502482603	0
3	878	290.752541473278	0
3	884	290.963766760536	0
3	890	296.002331020703	0
3	896	298.507546070526	0
3	902	312.0383271104	0
3	908	313.213415755275	0.85134847145
3	914	316.413884918032	0
3	920	316.768843881644	0.000307813322
3	926	318.680468916167	0
3	932	319.435380643972	0.490544308576
3	938	322.712694108568	0
3	944	326.006132311222	0
3	950	327.689894234686	0
3	956	328.735634294863	0
3	962	330.760557714265	1.881572650776
3	968	331.269862196053	0
3	974	332.478460339748	0
3	980	335.039128747373	0
3	986	339.064674219785	0
3	992	346.484595403593	0
3	998	350.357749878575	0
3	1004	351.081646919569	0.700330577157
3	1010	352.52395279562	1.25013081217
3	1016	353.892418711496	0
3	1022	354.269008661934	0
3	1028	355.741270861907	0
3	1034	355.948260323243	0.095249355559
3	1040	356.299289383886	0
3	1046	356.393048859487	0.056368534759
3	1052	359.49350576894	0
3	1058	360.531521299161	0.531004119934
3	1064	361.973793443364	1.125962061424
3	1070	366.112269107038	0
3	1076	368.549862713725	0
3	1084	369.315278326859	0.700702003843
3	1088	369.801019405906	0.826528399786
3	1094	370.360890545195	0
3	1100	372.082737818556	0
3	1106	374.522304262553	1.896230303312
3	1112	378.068770471067	0
3	1118	379.972429886151	0
3	1124	381.506589195296	0
3	1130	383.289346349116	0
3	1136	385.908917091839	0
3	1142	386.656690083645	0
3	1148	387.672420329018	0
3	1154	388.143469475855	0
3	1160	388.555533572821	0
3	1166	394.333684756619	0
3	1172	397.024379623087	0
3	1178	398.781618963355	0.408750200996
3	1184	399.352187914785	0.463293624546
3	1190	399.475909594086	0
3	1196	399.595471519917	0
3	1202	400.73526665053	0
3	1208	401.799601697796	0.316995458477
3	1214	403.866322446629	0
3	1220	404.815155027295	0
3	1226	405.211090497963	0
3	1234	406.175270566403	0.914203361814
3	1238	406.744039819173	1.343737272437
3	1244	408.124165995347	0
3	1250	409.333328432017	0
3	1256	410.87156803421	0
3	1262	415.411248065778	0
3	1268	424.690553118525	0
3	1274	425.179535162611	0
3	1280	427.35534402984	0
3	1286	427.966553833469	0
3	1292	428.096729539243	0.088441268554
3	1298	430.849055181859	0
3	1304	432.022977062574	0.402546492625
3	1310	432.587707344928	0
3	1316	434.362711201895	0
3	1322	437.918997875563	0
3	1328	439.902006461357	0
3	1334	444.023648943119	0
3	1340	444.662798252865	0
3	1346	447.862237136545	0
3	1352	448.431765961881	0.158833287865
3	1358	454.379302013203	0
3	1364	456.705528580054	0
3	1370	457.482860048958	0.29189448156
3	1376	463.079926122245	0
3	1382	465.704942108176	0
3	1388	466.290845025149	0
3	1394	467.869392795857	1.098700731835
3	1400	468.2311473945	0
3	1408	468.852822783474	0.569679898588
3	1414	469.1292419688	0.381049047144
3	1418	469.363580206788	0.281638002667
3	1424	471.703886940442	0
3	1430	472.949545559972	0
3	1436	473.599977595925	0
3	1442	475.367548907991	0
3	1448	479.355627310545	0
3	1454	479.917357560319	0.311665069927
3	1460	481.062740175861	0
3	1466	481.346024245451	0
3	1472	483.869649592426	0
3	1478	484.878209458929	0
3	1484	486.544965940221	0
3	1490	486.949883467617	0
3	1496	487.262835008386	0
3	1502	488.601916190108	0
3	1508	489.480826971094	0
3	1514	495.122098867924	0
3	1520	498.021208420779	0
3	1526	500.783134612113	0
3	1532	505.464118533428	0
3	1538	506.155776766504	0.517441066559
3	1544	507.245119225279	0
3	1550	509.001549382716	0
3	1556	515.538542184362	0
3	1562	516.229581351779	0
3	1568	516.795040591373	0.014403365517
3	1574	516.992011574065	0
3	1580	517.397582085179	0.372438322271
3	1586	522.330260793949	0
3	1592	524.547080302377	0
3	1598	527.62273773133	0
3	1604	528.284557493682	0
3	1610	530.050318583596	0
3	1616	530.40944182365	0.226939218667
3	1622	531.512118104086	0
3	1628	539.100165670262	0
3	1634	543.283278815509	0
3	1640	544.108738548963	0
3	1646	550.626580503332	0
3	1652	551.682024890523	0.528290161521
3	1658	557.118136079947	0
3	1664	562.791416466698	0
3	1670	566.002333992834	0
3	1676	567.993261279567	0
3	1682	572.140784205767	0
3	1688	573.071500027258	0.237209213913
3	1694	576.614494209538	0
3	1700	578.538518062718	0
3	1708	580.3683467281	1.803178175725
3	1712	580.448513775343	1.030273598895
3	1718	583.383737985655	0
3	1724	591.399637295404	0
3	1730	592.701231980122	0
3	1736	594.077118937044	0
3	1742	596.117493112954	0
3	1748	597.037075748506	0
3	1754	597.331525823132	0
4	1759	600	0.067852349995172
5	270	100.319708407086	0
5	272	100.36224001515	1
5	272	100.36224001515	1
5	276	100.455953048159	0
5	278	102.583434906524	1
5	278	102.583434906524	1
5	282	102.805136920834	0
5	284	103.055848318689	1
5	284	103.055848318689	1
5	287	103.331905695546	2
5	290	103.750369663585	1
5	290	103.750369663585	1
5	293	104.089829624111	2
5	296	104.218400443471	1
5	296	104.218400443471	1
5	300	104.414956722123	0
5	302	104.99403374456	1
5	302	104.99403374456	1
5	306	105.013625322767	0
5	308	106.682889331615	1
5	308	106.682889331615	1
5	312	107.185824834198	0
5	314	107.837537953228	1
5	314	107.837537953228	1
5	318	109.434011274255	0
5	320	116.74653164558	1
5	320	116.74653164558	1
5	323	116.961801861892	2
5	326	117.275444852256	1
5	326	117.275444852256	1
5	329	117.430404899443	2
5	332	117.779454474966	1
5	332	117.779454474966	1
5	335	117.782231990294	2
5	337	119.899717420482	3
5	340	120.459504650088	2
5	340	120.459504650088	2
5	344	120.605544916722	1
5	344	120.605544916722	1
5	348	120.873077255264	0
5	350	121.643549127733	1
5	350	121.643549127733	1
5	354	121.965439628534	0
5	356	122.899432289715	1
5	356	122.899432289715	1
5	360	123.38786432675	0
5	362	123.459986306673	1
5	362	123.459986306673	1
5	366	123.666236921634	0
5	368	123.806241218965	1
5	368	123.806241218965	1
5	371	124.04015203855	2
5	374	124.367825369732	1
5	374	124.367825369732	1
5	378	124.558603291419	0
5	380	126.176296432849	1
5	380	126.176296432849	1
5	383	126.473720971353	2
5	385	126.911482164368	3
5	388	126.929614099485	2
5	388	126.929614099485	2
5	392	127.159621078355	1
5	392	127.159621078355	1
5	396	127.702755768794	0
5	398	132.885861948072	1
5	398	132.885861948072	1
5	402	132.892694237287	0
5	404	136.326525263505	1
5	404	136.326525263505	1
5	407	136.530815026555	2
5	410	136.814076230583	1
5	410	136.814076230583	1
5	414	137.37398341346	0
5	416	140.170452865124	1
5	416	140.170452865124	1
5	419	140.372522415742	2
5	422	141.957247051296	1
5	422	141.957247051296	1
5	426	143.009907701692	0
5	428	147.870585334911	1
5	428	147.870585334911	1
5	432	148.226877131578	0
5	434	149.135258527703	1
5	434	149.135258527703	1
5	438	149.163921990915	0
5	440	156.659113096711	1
5	440	156.659113096711	1
5	444	156.959086540032	0
5	446	158.516070090514	1
5	446	158.516070090514	1
5	450	158.526165154587	0
5	452	161.204560634819	1
5	452	161.204560634819	1
5	455	161.284513232936	2
5	458	161.495999829252	1
5	458	161.495999829252	1
5	461	161.949333714863	2
5	463	162.205447245485	3
5	465	163.096286169325	4
5	468	163.441784890675	3
5	468	163.441784890675	3
5	472	163.769608032857	2
5	472	163.769608032857	2
5	475	163.798638348088	3
5	478	163.83280235107	2
5	478	163.83280235107	2
5	482	164.024152825501	1
5	482	164.024152825501	1
5	486	165.086271424002	0
5	488	166.132385401185	1
5	488	166.132385401185	1
5	491	167.202154152699	2
5	493	167.334748955663	3
5	496	167.384341292728	2
5	496	167.384341292728	2
5	499	167.823539851827	3
5	502	167.973936056261	2
5	502	167.973936056261	2
5	506	168.391984822246	1
5	506	168.391984822246	1
5	510	169.3936050835	0
5	512	169.489226883959	1
5	512	169.489226883959	1
5	516	169.844850852568	0
5	518	170.106056564155	1
5	518	170.106056564155	1
5	522	171.348847742643	0
5	524	171.587574465049	1
5	524	171.587574465049	1
5	527	171.784875081886	2
5	530	172.857726719028	1
5	530	172.857726719028	1
5	534	172.901111960198	0
5	536	173.500666364034	1
5	536	173.500666364034	1
5	540	173.663336571799	0
5	542	178.799178221387	1
5	542	178.799178221387	1
5	546	178.803878596719	0
5	548	179.566298649584	1
5	548	179.566298649584	1
5	552	180.489962475085	0
5	554	181.767990469766	1
5	554	181.767990469766	1
5	557	182.050651896888	2
5	560	182.288880796856	1
5	560	182.288880796856	1
5	564	183.2095220326	0
5	566	184.570519517106	1
5	566	184.570519517106	1
5	570	184.724278378987	0
5	572	185.253827851158	1
5	572	185.253827851158	1
5	576	185.507427912786	0
5	578	185.658528728292	1
5	578	185.658528728292	1
5	582	186.060927428193	0
5	584	187.424786812211	1
5	584	187.424786812211	1
5	587	187.465411729802	2
5	590	187.514912938203	1
5	590	187.514912938203	1
5	594	187.745778386225	0
5	596	190.996893874628	1
5	596	190.996893874628	1
5	599	191.006306955613	2
5	602	191.076064627743	1
5	602	191.076064627743	1
5	606	191.497606143817	0
5	608	193.271575239558	1
5	608	193.271575239558	1
5	612	193.879829566276	0
5	614	193.901018561267	1
5	614	193.901018561267	1
5	618	194.071191930385	0
5	620	196.558534308768	1
5	620	196.558534308768	1
5	624	196.842486385508	0
5	626	203.108820664198	1
5	626	203.108820664198	1
5	629	203.680862609214	2
5	632	203.814332868845	1
5	632	203.814332868845	1
5	636	204.066504772139	0
5	638	205.397648544872	1
5	638	205.397648544872	1
5	642	206.529515332802	0
5	644	207.190830286444	1
5	644	207.190830286444	1
5	648	207.700159651453	0
5	650	208.889271909573	1
5	650	208.889271909573	1
5	653	209.394111895355	2
5	656	210.00002535881	1
5	656	210.00002535881	1
5	660	210.569829340576	0
5	662	215.498675209124	1
5	662	215.498675209124	1
5	666	215.796864906289	0
5	668	216.683923264028	1
5	668	216.683923264028	1
5	672	218.60542655565	0
5	674	220.430843023742	1
5	674	220.430843023742	1
5	678	220.492606347423	0
5	680	222.835320158235	1
5	680	222.835320158235	1
5	683	223.541360424783	2
5	686	223.563729437517	1
5	686	223.563729437517	1
5	690	223.829090685825	0
5	692	226.903204833875	1
5	692	226.903204833875	1
5	696	227.465845842297	0
5	698	227.913242329384	1
5	698	227.913242329384	1
5	702	228.056947567419	0
5	704	232.17224112152	1
5	704	232.17224112152	1
5	708	232.360110542723	0
5	710	233.913312774173	1
5	710	233.913312774173	1
5	714	235.595498000699	0
5	716	238.182973674139	1
5	716	238.182973674139	1
5	720	238.626904379357	0
5	722	240.541739541428	1
5	722	240.541739541428	1
5	726	241.080656983496	0
5	728	243.125558079029	1
5	728	243.125558079029	1
5	732	243.506491964677	0
5	734	244.51715700083	1
5	734	244.51715700083	1
5	738	244.648185621668	0
5	740	250.768093716146	1
5	740	250.768093716146	1
5	744	251.019249115276	0
5	746	252.833687737437	1
5	746	252.833687737437	1
5	750	253.315914520184	0
5	752	253.936479717705	1
5	752	253.936479717705	1
5	756	254.258532071866	0
5	758	255.801285478518	1
5	758	255.801285478518	1
5	761	255.840045041214	2
5	764	256.118849336333	1
5	764	256.118849336333	1
5	767	256.557899472954	2
5	770	256.748371094965	1
5	770	256.748371094965	1
5	774	256.918203461256	0
5	776	258.716539870265	1
5	776	258.716539870265	1
5	780	258.95835771356	0
5	782	259.401739119661	1
5	782	259.401739119661	1
5	786	260.093228722929	0
5	788	261.326489231203	1
5	788	261.326489231203	1
5	792	262.380213033678	0
5	794	262.446411371351	1
5	794	262.446411371351	1
5	798	262.500684920598	0
5	800	262.737559328247	1
5	800	262.737559328247	1
5	804	262.786020705535	0
5	806	263.446007592738	1
5	806	263.446007592738	1
5	810	263.664521599625	0
5	812	265.13378453792	1
5	812	265.13378453792	1
5	816	265.535060530799	0
5	818	266.921242694531	1
5	818	266.921242694531	1
5	822	266.93834440371	0
5	824	268.629402165817	1
5	824	268.629402165817	1
5	828	270.365669905458	0
5	830	270.747420936579	1
5	830	270.747420936579	1
5	834	270.940985982654	0
5	836	272.859120153898	1
5	836	272.859120153898	1
5	840	272.984160901387	0
5	842	273.98834115614	1
5	842	273.98834115614	1
5	846	274.064487968767	0
5	848	278.525609141525	1
5	848	278.525609141525	1
5	852	278.576769448951	0
5	854	279.441954909441	1
5	854	279.441954909441	1
5	857	280.586878012298	2
5	860	281.510859789696	1
5	860	281.510859789696	1
5	864	281.661642746308	0
5	866	285.036707326749	1
5	866	285.036707326749	1
5	870	285.421745756522	0
5	872	288.318502482603	1
5	872	288.318502482603	1
5	876	288.615539231765	0
5	878	290.752541473278	1
5	878	290.752541473278	1
5	882	290.804982391078	0
5	884	290.963766760536	1
5	884	290.963766760536	1
5	888	291.180939588508	0
5	890	296.002331020703	1
5	890	296.002331020703	1
5	894	296.319062329564	0
5	896	298.507546070526	1
5	896	298.507546070526	1
5	900	299.427412463065	0
5	902	312.0383271104	1
5	902	312.0383271104	1
5	905	312.362067283825	2
5	908	313.213415755275	1
5	908	313.213415755275	1
5	912	313.232557211717	0
5	914	316.413884918032	1
5	914	316.413884918032	1
5	917	316.768536068322	2
5	920	316.768843881644	1
5	920	316.768843881644	1
5	924	316.860113182585	0
5	926	318.680468916167	1
5	926	318.680468916167	1
5	929	318.944836335396	2
5	932	319.435380643972	1
5	932	319.435380643972	1
5	936	320.436373891735	0
5	938	322.712694108568	1
5	938	322.712694108568	1
5	942	322.977695547636	0
5	944	326.006132311222	1
5	944	326.006132311222	1
5	948	326.081527816319	0
5	950	327.689894234686	1
5	950	327.689894234686	1
5	954	327.706787627462	0
5	956	328.735634294863	1
5	956	328.735634294863	1
5	959	328.878985063489	2
5	962	330.760557714265	1
5	962	330.760557714265	1
5	966	330.99419399747	0
5	968	331.269862196053	1
5	968	331.269862196053	1
5	972	331.542290760125	0
5	974	332.478460339748	1
5	974	332.478460339748	1
5	978	332.504416615839	0
5	980	335.039128747373	1
5	980	335.039128747373	1
5	984	335.266584669769	0
5	986	339.064674219785	1
5	986	339.064674219785	1
5	990	339.073058102781	0
5	992	346.484595403593	1
5	992	346.484595403593	1
5	996	346.615760058176	0
5	998	350.357749878575	1
5	998	350.357749878575	1
5	1001	350.381316342412	2
5	1004	351.081646919569	1
5	1004	351.081646919569	1
5	1007	351.27382198345	2
5	1010	352.52395279562	1
5	1010	352.52395279562	1
5	1014	353.217098471631	0
5	1016	353.892418711496	1
5	1016	353.892418711496	1
5	1020	354.099724982826	0
5	1022	354.269008661934	1
5	1022	354.269008661934	1
5	1026	354.605238920351	0
5	1028	355.741270861907	1
5	1028	355.741270861907	1
5	1031	355.853010967684	2
5	1034	355.948260323243	1
5	1034	355.948260323243	1
5	1038	356.047175076973	0
5	1040	356.299289383886	1
5	1040	356.299289383886	1
5	1043	356.336680324728	2
5	1046	356.393048859487	1
5	1046	356.393048859487	1
5	1050	356.704347531476	0
5	1052	359.49350576894	1
5	1052	359.49350576894	1
5	1055	360.000517179227	2
5	1058	360.531521299161	1
5	1058	360.531521299161	1
5	1061	360.84783138194	2
5	1064	361.973793443364	1
5	1064	361.973793443364	1
5	1068	362.442362802226	0
5	1070	366.112269107038	1
5	1070	366.112269107038	1
5	1074	366.5662511207	0
5	1076	368.549862713725	1
5	1076	368.549862713725	1
5	1079	368.614576323016	2
5	1081	368.97449100612	3
5	1084	369.315278326859	2
5	1084	369.315278326859	2
5	1088	369.801019405906	1
5	1088	369.801019405906	1
5	1092	369.826860858804	0
5	1094	370.360890545195	1
5	1094	370.360890545195	1
5	1098	370.961375998466	0
5	1100	372.082737818556	1
5	1100	372.082737818556	1
5	1103	372.626073959241	2
5	1106	374.522304262553	1
5	1106	374.522304262553	1
5	1110	374.677788165038	0
5	1112	378.068770471067	1
5	1112	378.068770471067	1
5	1116	378.637068718696	0
5	1118	379.972429886151	1
5	1118	379.972429886151	1
5	1122	380.971015869896	0
5	1124	381.506589195296	1
5	1124	381.506589195296	1
5	1128	382.201427727184	0
5	1130	383.289346349116	1
5	1130	383.289346349116	1
5	1134	384.958313516043	0
5	1136	385.908917091839	1
5	1136	385.908917091839	1
5	1140	386.312907118539	0
5	1142	386.656690083645	1
5	1142	386.656690083645	1
5	1146	386.776066520069	0
5	1148	387.672420329018	1
5	1148	387.672420329018	1
5	1152	387.798219635574	0
5	1154	388.143469475855	1
5	1154	388.143469475855	1
5	1158	388.266899110254	0
5	1160	388.555533572821	1
5	1160	388.555533572821	1
5	1164	388.977022960528	0
5	1166	394.333684756619	1
5	1166	394.333684756619	1
5	1170	394.634524249881	0
5	1172	397.024379623087	1
5	1172	397.024379623087	1
5	1175	398.372868762359	2
5	1178	398.781618963355	1
5	1178	398.781618963355	1
5	1181	398.888894290239	2
5	1184	399.352187914785	1
5	1184	399.352187914785	1
5	1188	399.396765059783	0
5	1190	399.475909594086	1
5	1190	399.475909594086	1
5	1194	399.504945775144	0
5	1196	399.595471519917	1
5	1196	399.595471519917	1
5	1200	399.930028381762	0
5	1202	400.73526665053	1
5	1202	400.73526665053	1
5	1205	401.482606239319	2
5	1208	401.799601697796	1
5	1208	401.799601697796	1
5	1212	403.672949004709	0
5	1214	403.866322446629	1
5	1214	403.866322446629	1
5	1218	404.347042232415	0
5	1220	404.815155027295	1
5	1220	404.815155027295	1
5	1224	405.206142887733	0
5	1226	405.211090497963	1
5	1226	405.211090497963	1
5	1229	405.261067204589	2
5	1231	405.400302546736	3
5	1234	406.175270566403	2
5	1234	406.175270566403	2
5	1238	406.744039819173	1
5	1238	406.744039819173	1
5	1242	407.069655185132	0
5	1244	408.124165995347	1
5	1244	408.124165995347	1
5	1248	408.689343768302	0
5	1250	409.333328432017	1
5	1250	409.333328432017	1
5	1254	409.80035859832	0
5	1256	410.87156803421	1
5	1256	410.87156803421	1
5	1260	411.498669669255	0
5	1262	415.411248065778	1
5	1262	415.411248065778	1
5	1266	415.728213075475	0
5	1268	424.690553118525	1
5	1268	424.690553118525	1
5	1272	424.994969575394	0
5	1274	425.179535162611	1
5	1274	425.179535162611	1
5	1278	426.363994248029	0
5	1280	427.35534402984	1
5	1280	427.35534402984	1
5	1284	427.429142046286	0
5	1286	427.966553833469	1
5	1286	427.966553833469	1
5	1289	428.008288270689	2
5	1292	428.096729539243	1
5	1292	428.096729539243	1
5	1296	429.16351118298	0
5	1298	430.849055181859	1
5	1298	430.849055181859	1
5	1301	431.620430569949	2
5	1304	432.022977062574	1
5	1304	432.022977062574	1
5	1308	432.541902100319	0
5	1310	432.587707344928	1
5	1310	432.587707344928	1
5	1314	432.783993859022	0
5	1316	434.362711201895	1
5	1316	434.362711201895	1
5	1320	434.729395038479	0
5	1322	437.918997875563	1
5	1322	437.918997875563	1
5	1326	437.919025551511	0
5	1328	439.902006461357	1
5	1328	439.902006461357	1
5	1332	440.088888108265	0
5	1334	444.023648943119	1
5	1334	444.023648943119	1
5	1338	444.300734357643	0
5	1340	444.662798252865	1
5	1340	444.662798252865	1
5	1344	445.745680093302	0
5	1346	447.862237136545	1
5	1346	447.862237136545	1
5	1349	448.272932674016	2
5	1352	448.431765961881	1
5	1352	448.431765961881	1
5	1356	448.736288268235	0
5	1358	454.379302013203	1
5	1358	454.379302013203	1
5	1362	454.709553553078	0
5	1364	456.705528580054	1
5	1364	456.705528580054	1
5	1367	457.190965567398	2
5	1370	457.482860048958	1
5	1370	457.482860048958	1
5	1374	457.613180113646	0
5	1376	463.079926122245	1
5	1376	463.079926122245	1
5	1380	464.141299449216	0
5	1382	465.704942108176	1
5	1382	465.704942108176	1
5	1386	465.893156783937	0
5	1388	466.290845025149	1
5	1388	466.290845025149	1
5	1391	466.770692064022	2
5	1394	467.869392795857	1
5	1394	467.869392795857	1
5	1398	468.188487098653	0
5	1400	468.2311473945	1
5	1400	468.2311473945	1
5	1403	468.283142884886	2
5	1405	468.748192921656	3
5	1408	468.852822783474	2
5	1408	468.852822783474	2
5	1411	469.081942204121	3
5	1414	469.1292419688	2
5	1414	469.1292419688	2
5	1418	469.363580206788	1
5	1418	469.363580206788	1
5	1422	469.883183025079	0
5	1424	471.703886940442	1
5	1424	471.703886940442	1
5	1428	471.824846762828	0
5	1430	472.949545559972	1
5	1430	472.949545559972	1
5	1434	473.052724556774	0
5	1436	473.599977595925	1
5	1436	473.599977595925	1
5	1440	474.424015682505	0
5	1442	475.367548907991	1
5	1442	475.367548907991	1
5	1446	476.054888884892	0
5	1448	479.355627310545	1
5	1448	479.355627310545	1
5	1451	479.605692490392	2
5	1454	479.917357560319	1
5	1454	479.917357560319	1
5	1458	480.079457117062	0
5	1460	481.062740175861	1
5	1460	481.062740175861	1
5	1464	481.158870896282	0
5	1466	481.346024245451	1
5	1466	481.346024245451	1
5	1470	481.955523918042	0
5	1472	483.869649592426	1
5	1472	483.869649592426	1
5	1476	484.180668051967	0
5	1478	484.878209458929	1
5	1478	484.878209458929	1
5	1482	485.795841160399	0
5	1484	486.544965940221	1
5	1484	486.544965940221	1
5	1488	486.659588102824	0
5	1490	486.949883467617	1
5	1490	486.949883467617	1
5	1494	487.040020617406	0
5	1496	487.262835008386	1
5	1496	487.262835008386	1
5	1500	487.329505320022	0
5	1502	488.601916190108	1
5	1502	488.601916190108	1
5	1506	489.242128367097	0
5	1508	489.480826971094	1
5	1508	489.480826971094	1
5	1512	489.496290116874	0
5	1514	495.122098867924	1
5	1514	495.122098867924	1
5	1518	495.809270375134	0
5	1520	498.021208420779	1
5	1520	498.021208420779	1
5	1524	498.069792259963	0
5	1526	500.783134612113	1
5	1526	500.783134612113	1
5	1530	500.905733658434	0
5	1532	505.464118533428	1
5	1532	505.464118533428	1
5	1535	505.638335699945	2
5	1538	506.155776766504	1
5	1538	506.155776766504	1
5	1542	506.813589895652	0
5	1544	507.245119225279	1
5	1544	507.245119225279	1
5	1548	507.268463097101	0
5	1550	509.001549382716	1
5	1550	509.001549382716	1
5	1554	509.118877307344	0
5	1556	515.538542184362	1
5	1556	515.538542184362	1
5	1560	515.707619541784	0
5	1562	516.229581351779	1
5	1562	516.229581351779	1
5	1565	516.780637225856	2
5	1568	516.795040591373	1
5	1568	516.795040591373	1
5	1572	516.827597023766	0
5	1574	516.992011574065	1
5	1574	516.992011574065	1
5	1577	517.025143762908	2
5	1580	517.397582085179	1
5	1580	517.397582085179	1
5	1584	517.402223597368	0
5	1586	522.330260793949	1
5	1586	522.330260793949	1
5	1590	523.22525559619	0
5	1592	524.547080302377	1
5	1592	524.547080302377	1
5	1596	526.625065850159	0
5	1598	527.62273773133	1
5	1598	527.62273773133	1
5	1602	528.230582968009	0
5	1604	528.284557493682	1
5	1604	528.284557493682	1
5	1608	528.384778591225	0
5	1610	530.050318583596	1
5	1610	530.050318583596	1
5	1613	530.182502604983	2
5	1616	530.40944182365	1
5	1616	530.40944182365	1
5	1620	530.843724689383	0
5	1622	531.512118104086	1
5	1622	531.512118104086	1
5	1626	532.286623943664	0
5	1628	539.100165670262	1
5	1628	539.100165670262	1
5	1632	539.566471597896	0
5	1634	543.283278815509	1
5	1634	543.283278815509	1
5	1638	543.406486726615	0
5	1640	544.108738548963	1
5	1640	544.108738548963	1
5	1644	544.412378193273	0
5	1646	550.626580503332	1
5	1646	550.626580503332	1
5	1649	551.153734729002	2
5	1652	551.682024890523	1
5	1652	551.682024890523	1
5	1656	552.020925891551	0
5	1658	557.118136079947	1
5	1658	557.118136079947	1
5	1662	557.746754577732	0
5	1664	562.791416466698	1
5	1664	562.791416466698	1
5	1668	563.124337710016	0
5	1670	566.002333992834	1
5	1670	566.002333992834	1
5	1674	566.618774224349	0
5	1676	567.993261279567	1
5	1676	567.993261279567	1
5	1680	568.337978548491	0
5	1682	572.140784205767	1
5	1682	572.140784205767	1
5	1685	572.834290813345	2
5	1688	573.071500027258	1
5	1688	573.071500027258	1
5	1692	573.179548135555	0
5	1694	576.614494209538	1
5	1694	576.614494209538	1
5	1698	577.356615450863	0
5	1700	578.538518062718	1
5	1700	578.538518062718	1
5	1703	578.565168552375	2
5	1705	579.418240176448	3
5	1708	580.3683467281	2
5	1708	580.3683467281	2
5	1712	580.448513775343	1
5	1712	580.448513775343	1
5	1716	581.206548240256	0
5	1718	583.383737985655	1
5	1718	583.383737985655	1
5	1722	585.484667698779	0
5	1724	591.399637295404	1
5	1724	591.399637295404	1
5	1728	592.099975143884	0
5	1730	592.701231980122	1
5	1730	592.701231980122	1
5	1734	592.703260140783	0
5	1736	594.077118937044	1
5	1736	594.077118937044	1
5	1740	594.234117886076	0
5	1742	596.117493112954	1
5	1742	596.117493112954	1
5	1746	596.381726727105	0
5	1748	597.037075748506	1
5	1748	597.037075748506	1
5	1752	597.316579583501	0
5	1754	597.331525823132	1
5	1754	597.331525823132	1
5	1758	597.508324110763	0
6	273	100.36224001515	0.09371303300894
6	279	102.583434906524	0.22170201431029
6	285	103.055848318689	0.6945213448955
6	291	103.750369663585	0.4680307798857
6	297	104.218400443471	0.19655627865205
6	303	104.99403374456	0.019591578206539
6	309	106.682889331615	0.50293550258328
6	315	107.837537953228	1.5964733210268
6	321	116.74653164558	0.52891320667612
6	327	117.275444852256	0.50400962271007
6	333	117.779454474966	2.6800501751216
6	341	120.459504650088	0.14604026663361
6	345	120.605544916722	0.26753233854163
6	351	121.643549127733	0.32189050080127
6	357	122.899432289715	0.48843203703535
6	363	123.459986306673	0.20625061496125
6	369	123.806241218965	0.56158415076666
6	375	124.367825369732	0.1907779216871
6	381	126.176296432849	0.75331766663626
6	389	126.929614099485	0.23000697887014
6	393	127.159621078355	0.54313469043914
6	399	132.885861948072	0.0068322892154315
6	405	136.326525263505	0.48755096707815
6	411	136.814076230583	0.55990718287697
6	417	140.170452865124	1.7867941861722
6	423	141.957247051296	1.0526606503961
6	429	147.870585334911	0.35629179666661
6	435	149.135258527703	0.028663463211876
6	441	156.659113096711	0.29997344332052
6	447	158.516070090514	0.010095064073083
6	453	161.204560634819	0.29143919443348
6	459	161.495999829252	1.9457850614227
6	469	163.441784890675	0.32782314218182
6	473	163.769608032857	0.06319431821266
6	479	163.83280235107	0.19135047443089
6	483	164.024152825501	1.0621185985008
6	489	166.132385401185	1.2519558915426
6	497	167.384341292728	0.5895947635326
6	503	167.973936056261	0.41804876598513
6	507	168.391984822246	1.0016202612536
6	513	169.489226883959	0.35562396860858
6	519	170.106056564155	1.2427911784884
6	525	171.587574465049	1.2701522539794
6	531	172.857726719028	0.04338524116979
6	537	173.500666364034	0.16267020776451
6	543	178.799178221387	0.0047003753320393
6	549	179.566298649584	0.92366382550092
6	555	181.767990469766	0.52089032708973
6	561	182.288880796856	0.92064123574353
6	567	184.570519517106	0.1537588618812
6	573	185.253827851158	0.25360006162829
6	579	185.658528728292	0.4023986999007
6	585	187.424786812211	0.090126125992393
6	591	187.514912938203	0.23086544802224
6	597	190.996893874628	0.079170753115274
6	603	191.076064627743	0.4215415160742
6	609	193.271575239558	0.60825432671829
6	615	193.901018561267	0.17017336911762
6	621	196.558534308768	0.28395207674013
6	627	203.108820664198	0.70551220464719
6	633	203.814332868845	0.25217190329391
6	639	205.397648544872	1.1318667879304
6	645	207.190830286444	0.50932936500941
6	651	208.889271909573	1.1107534492371
6	657	210.00002535881	0.56980398176646
6	663	215.498675209124	0.29818969716477
6	669	216.683923264028	1.9215032916218
6	675	220.430843023742	0.061763323681059
6	681	222.835320158235	0.72840927928209
6	687	223.563729437517	0.26536124830827
6	693	226.903204833875	0.56264100842186
6	699	227.913242329384	0.14370523803501
6	705	232.17224112152	0.18786942120339
6	711	233.913312774173	1.6821852265256
6	717	238.182973674139	0.44393070521837
6	723	240.541739541428	0.53891744206822
6	729	243.125558079029	0.38093388564795
6	735	244.51715700083	0.13102862083771
6	741	250.768093716146	0.25115539913047
6	747	252.833687737437	0.48222678274694
6	753	253.936479717705	0.32205235416131
6	759	255.801285478518	0.31756385781542
6	765	256.118849336333	0.62952175863193
6	771	256.748371094965	0.16983236629118
6	777	258.716539870265	0.24181784329471
6	783	259.401739119661	0.69148960326839
6	789	261.326489231203	1.0537238024752
6	795	262.446411371351	0.054273549247431
6	801	262.737559328247	0.04846137728843
6	807	263.446007592738	0.21851400688697
6	813	265.13378453792	0.40127599287928
6	819	266.921242694531	0.017101709179033
6	825	268.629402165817	1.7362677396412
6	831	270.747420936579	0.19356504607454
6	837	272.859120153898	0.12504074748885
6	843	273.98834115614	0.076146812627233
6	849	278.525609141525	0.051160307426282
6	855	279.441954909441	2.0689048802552
6	861	281.510859789696	0.15078295661167
6	867	285.036707326749	0.38503842977313
6	873	288.318502482603	0.29703674916191
6	879	290.752541473278	0.052440917800187
6	885	290.963766760536	0.2171728279719
6	891	296.002331020703	0.31673130886135
6	897	298.507546070526	0.91986639253874
6	903	312.0383271104	1.1750886448754
6	909	313.213415755275	0.019141456442385
6	915	316.413884918032	0.35495896361199
6	921	316.768843881644	0.091269300941309
6	927	318.680468916167	0.75491172780469
6	933	319.435380643972	1.000993247763
6	939	322.712694108568	0.26500143906835
6	945	326.006132311222	0.075395505096918
6	951	327.689894234686	0.01689339277595
6	957	328.735634294863	2.0249234194023
6	963	330.760557714265	0.23363628320496
6	969	331.269862196053	0.27242856407233
6	975	332.478460339748	0.025956276091484
6	981	335.039128747373	0.22745592239587
6	987	339.064674219785	0.0083838829960816
6	993	346.484595403593	0.13116465458308
6	999	350.357749878575	0.72389704099425
6	1005	351.081646919569	1.4423058760512
6	1011	352.52395279562	0.69314567601059
6	1017	353.892418711496	0.20730627132954
6	1023	354.269008661934	0.33623025841681
6	1029	355.741270861907	0.20698946133633
6	1035	355.948260323243	0.098914753729544
6	1041	356.299289383886	0.093759475601369
6	1047	356.393048859487	0.31129867198921
6	1053	359.49350576894	1.0380155302214
6	1059	360.531521299161	1.4422721442034
6	1065	361.973793443364	0.46856935886168
6	1071	366.112269107038	0.45398201366228
6	1077	368.549862713725	0.76541561313367
6	1085	369.315278326859	0.48574107904747
6	1089	369.801019405906	0.025841452897732
6	1095	370.360890545195	0.60048545327098
6	1101	372.082737818556	2.4395664439968
6	1107	374.522304262553	0.1554839024849
6	1113	378.068770471067	0.56829824762861
6	1119	379.972429886151	0.998585983745
6	1125	381.506589195296	0.69483853188776
6	1131	383.289346349116	1.6689671669269
6	1137	385.908917091839	0.40399002669966
6	1143	386.656690083645	0.11937643642393
6	1149	387.672420329018	0.12579930655645
6	1155	388.143469475855	0.1234296343994
6	1161	388.555533572821	0.4214893877072
6	1167	394.333684756619	0.30083949326219
6	1173	397.024379623087	1.7572393402683
6	1179	398.781618963355	0.57056895142969
6	1185	399.352187914785	0.044577144997619
6	1191	399.475909594086	0.029036181057984
6	1197	399.595471519917	0.33455686184495
6	1203	400.73526665053	1.0643350472657
6	1209	401.799601697796	1.8733473069126
6	1215	403.866322446629	0.4807197857856
6	1221	404.815155027295	0.3909878604378
6	1227	405.211090497963	0.96418006843995
6	1235	406.175270566403	0.56876925277032
6	1239	406.744039819173	0.3256153659588
6	1245	408.124165995347	0.56517777295529
6	1251	409.333328432017	0.46703016630263
6	1257	410.87156803421	0.62710163504549
6	1263	415.411248065778	0.31696500969705
6	1269	424.690553118525	0.30441645686859
6	1275	425.179535162611	1.1844590854185
6	1281	427.35534402984	0.073798016445622
6	1287	427.966553833469	0.13017570577361
6	1293	428.096729539243	1.0667816437375
6	1299	430.849055181859	1.1739218807147
6	1305	432.022977062574	0.51892503774459
6	1311	432.587707344928	0.19628651409377
6	1317	434.362711201895	0.36668383658399
6	1323	437.918997875563	2.7675947571215e-05
6	1329	439.902006461357	0.18688164690827
6	1335	444.023648943119	0.27708541452405
6	1341	444.662798252865	1.0828818404373
6	1347	447.862237136545	0.56952882533642
6	1353	448.431765961881	0.30452230635444
6	1359	454.379302013203	0.33025153987459
6	1365	456.705528580054	0.7773314689044
6	1371	457.482860048958	0.13032006468822
6	1377	463.079926122245	1.061373326971
6	1383	465.704942108176	0.18821467576071
6	1389	466.290845025149	1.5785477707078
6	1395	467.869392795857	0.31909430279644
6	1401	468.2311473945	0.6216753889743
6	1409	468.852822783474	0.2764191853259
6	1415	469.1292419688	0.23433823798846
6	1419	469.363580206788	0.51960281829073
6	1425	471.703886940442	0.12095982238556
6	1431	472.949545559972	0.10317899680247
6	1437	473.599977595925	0.82403808658048
6	1443	475.367548907991	0.68733997690093
6	1449	479.355627310545	0.56173024977398
6	1455	479.917357560319	0.16209955674324
6	1461	481.062740175861	0.096130720421084
6	1467	481.346024245451	0.60949967259065
6	1473	483.869649592426	0.31101845954061
6	1479	484.878209458929	0.91763170146977
6	1485	486.544965940221	0.11462216260349
6	1491	486.949883467617	0.090137149789144
6	1497	487.262835008386	0.066670311636311
6	1503	488.601916190108	0.64021217698941
6	1509	489.480826971094	0.015463145780252
6	1515	495.122098867924	0.6871715072102
6	1521	498.021208420779	0.04858383918352
6	1527	500.783134612113	0.12259904632115
6	1533	505.464118533428	0.69165823307558
6	1539	506.155776766504	0.65781312914843
6	1545	507.245119225279	0.023343871822248
6	1551	509.001549382716	0.11732792462823
6	1557	515.538542184362	0.16907735742222
6	1563	516.229581351779	0.56545923959434
6	1569	516.795040591373	0.032556432393331
6	1575	516.992011574065	0.40557051111397
6	1581	517.397582085179	0.0046415121890031
6	1587	522.330260793949	0.89499480224057
6	1593	524.547080302377	2.0779855477816
6	1599	527.62273773133	0.60784523667926
6	1605	528.284557493682	0.10022109754286
6	1611	530.050318583596	0.35912324005405
6	1617	530.40944182365	0.4342828657329
6	1623	531.512118104086	0.77450583957751
6	1629	539.100165670262	0.46630592763443
6	1635	543.283278815509	0.12320791110639
6	1641	544.108738548963	0.30363964430973
6	1647	550.626580503332	1.0554443871914
6	1653	551.682024890523	0.33890100102751
6	1659	557.118136079947	0.62861849778529
6	1665	562.791416466698	0.33292124331849
6	1671	566.002333992834	0.61644023151538
6	1677	567.993261279567	0.34471726892398
6	1683	572.140784205767	0.93071582149103
6	1689	573.071500027258	0.10804810829709
6	1695	576.614494209538	0.74212124132504
6	1701	578.538518062718	1.8298286653825
6	1709	580.3683467281	0.080167047243289
6	1713	580.448513775343	0.75803446491252
6	1719	583.383737985655	2.1009297131239
6	1725	591.399637295404	0.70033784848023
6	1731	592.701231980122	0.0020281606605478
6	1737	594.077118937044	0.15699894903166
6	1743	596.117493112954	0.2642336141509
6	1749	597.037075748506	0.27950383499548
6	1755	597.331525823132	0.17679828763149
7	268	100.319708407086	22.087344666305
7	274	100.455953048159	22.150676114184
7	280	102.805136920834	21.860167190604
7	288	103.750369663585	22.330422755546
7	294	104.218400443471	22.67922635123
7	298	104.414956722123	22.824779095856
7	304	105.013625322767	22.713314314932
7	310	107.185824834198	22.722230605886
7	316	109.434011274255	23.714276132707
7	324	117.275444852256	22.579660095693
7	330	117.779454474966	22.910962329
7	338	120.459504650088	24.62608219032
7	342	120.605544916722	24.717351850117
7	346	120.873077255264	24.883977399565
7	352	121.965439628534	24.925027794552
7	358	123.38786432675	25.033541128808
7	364	123.666236921634	25.143970701446
7	372	124.367825369732	25.453678582714
7	376	124.558603291419	25.567856101517
7	386	126.929614099485	25.68374791772
7	390	127.159621078355	25.818171538028
7	394	127.702755768794	26.133675492468
7	400	132.892694237287	25.118202522983
7	408	136.814076230583	24.754621729688
7	412	137.37398341346	25.061305911984
7	420	141.957247051296	25.510855673195
7	424	143.009907701692	26.059151888294
7	430	148.226877131578	25.382347377232
7	436	149.163921990915	25.242112047352
7	442	156.959086540032	24.17961177215
7	448	158.526165154587	23.946957143351
7	456	161.495999829252	23.687046159313
7	466	163.441784890675	24.595556829798
7	470	163.769608032857	24.746496444244
7	476	163.83280235107	24.775523560805
7	480	164.024152825501	24.863280388123
7	484	165.086271424002	25.346688891094
7	494	167.384341292728	25.746649404871
7	500	167.973936056261	26.007281427395
7	504	168.391984822246	26.190975233985
7	508	169.3936050835	26.627406199797
7	514	169.844850852568	26.766043858542
7	520	171.348847742643	27.25640648562
7	528	172.857726719028	27.753281044312
7	532	172.901111960198	27.771409564655
7	538	173.663336571799	27.743188115101
7	544	178.803878596719	26.948211026274
7	550	180.489962475085	27.208222373965
7	558	182.288880796856	27.225467874426
7	562	183.2095220326	27.591165216155
7	568	184.724278378987	27.448152036409
7	574	185.507427912786	27.468981383973
7	580	186.060927428193	27.60353839415
7	588	187.514912938203	27.437564756303
7	592	187.745778386225	27.526792643428
7	600	191.076064627743	27.088459230684
7	604	191.497606143817	27.248958581324
7	610	193.879829566276	27.227875033296
7	616	194.071191930385	27.2887132559
7	622	196.842486385508	27.048775969358
7	630	203.814332868845	26.469676886902
7	634	204.066504772139	26.56054080183
7	640	206.529515332802	26.791828742559
7	646	207.700159651453	26.886047420243
7	654	210.00002535881	27.120528565526
7	658	210.569829340576	27.317741115597
7	664	215.796864906289	26.794231032544
7	670	218.60542655565	27.328971095048
7	676	220.492606347423	27.123075984258
7	684	223.563729437517	27.076300163208
7	688	223.829090685825	27.162755073786
7	694	227.465845842297	26.975825081817
7	700	228.056947567419	26.968919206089
7	706	232.360110542723	26.550324498657
7	712	235.595498000699	26.899728186177
7	718	238.626904379357	26.744041897648
7	724	241.080656983496	26.695379684796
7	730	243.506491964677	26.585874607147
7	736	244.648185621668	26.515364939246
7	742	251.019249115276	25.942438623125
7	748	253.315914520184	25.897599659685
7	754	254.258532071866	25.928252331857
7	762	256.118849336333	25.863913491855
7	768	256.748371094965	26.045687885817
7	772	256.918203461256	26.09457440166
7	778	258.95835771356	25.982374228417
7	784	260.093228722929	26.134866922115
7	790	262.380213033678	26.308669470355
7	796	262.500684920598	26.317270971231
7	802	262.786020705535	26.307136788925
7	808	263.664521599625	26.30236010341
7	814	265.535060530799	26.268195163951
7	820	266.93834440371	26.136510958728
7	826	270.365669905458	26.447380469114
7	832	270.940985982654	26.462663876343
7	838	272.984160901387	26.310406777511
7	844	274.064487968767	26.234478796155
7	850	278.576769448951	25.827907486222
7	858	281.510859789696	26.293641114568
7	862	281.661642746308	26.333098609048
7	868	285.421745756522	26.121091916248
7	874	288.615539231765	25.934956068695
7	880	290.804982391078	25.757727260756
7	886	291.180939588508	25.799053728969
7	892	296.319062329564	25.458591077045
7	898	299.427412463065	25.501514415877
7	906	313.213415755275	24.754244071017
7	910	313.232557211717	24.75884229469
7	918	316.768843881644	24.594500161258
7	922	316.860113182585	24.616220178928
7	930	319.435380643972	24.654092696077
7	934	320.436373891735	24.889461557426
7	940	322.977695547636	24.77567046826
7	946	326.081527816319	24.562963003865
7	952	327.706787627462	24.44629817183
7	960	330.760557714265	24.832798208997
7	964	330.99419399747	24.885855893887
7	970	331.542290760125	24.926885348454
7	976	332.504416615839	24.862563877164
7	982	335.266584669769	24.725571437294
7	988	339.073058102781	24.450471896758
7	994	346.615760058176	23.956246946631
7	1002	351.081646919569	23.857705240759
7	1008	352.52395279562	24.16923153075
7	1012	353.217098471631	24.318040208191
7	1018	354.099724982826	24.315969831392
7	1024	354.605238920351	24.376123946014
7	1032	355.948260323243	24.342302429273
7	1036	356.047175076973	24.363321167931
7	1044	356.393048859487	24.365984838045
7	1048	356.704347531476	24.431991234211
7	1056	360.531521299161	24.46054928384
7	1062	361.973793443364	24.761533630027
7	1066	362.442362802226	24.858802723176
7	1072	366.5662511207	24.702987165633
7	1082	369.315278326859	24.726361171606
7	1086	369.801019405906	24.825234610644
7	1090	369.826860858804	24.830487406924
7	1096	370.961375998466	24.916420831537
7	1104	374.522304262553	25.330898301781
7	1108	374.677788165038	25.361884508313
7	1114	378.637068718696	25.246774301268
7	1120	380.971015869896	25.35422069407
7	1126	382.201427727184	25.454397503042
7	1132	384.958313516043	25.705650292128
7	1138	386.312907118539	25.720090123502
7	1144	386.776066520069	25.720155127766
7	1150	387.798219635574	25.684801675003
7	1156	388.266899110254	25.685587279143
7	1162	388.977022960528	25.747053610634
7	1168	394.634524249881	25.454174927775
7	1176	398.781618963355	25.630118492903
7	1182	399.352187914785	25.736373439272
7	1186	399.396765059783	25.744662090406
7	1192	399.504945775144	25.744958813
7	1198	399.930028381762	25.801248539671
7	1206	401.799601697796	25.94608735656
7	1210	403.672949004709	26.289753431186
7	1216	404.347042232415	26.364813294775
7	1222	405.206142887733	26.405406849324
7	1232	406.175270566403	26.579784270433
7	1236	406.744039819173	26.682451198896
7	1240	407.069655185132	26.741097969
7	1246	408.689343768302	26.773409861676
7	1252	409.80035859832	26.814789428258
7	1258	411.498669669255	26.856515710794
7	1264	415.728213075475	26.659525717348
7	1270	424.994969575394	26.149859243518
7	1276	426.363994248029	26.343698561955
7	1282	427.429142046286	26.29531596741
7	1290	428.096729539243	26.284718237568
7	1294	429.16351118298	26.467954014604
7	1302	432.022977062574	26.564495122088
7	1306	432.541902100319	26.652596464306
7	1312	432.783993859022	26.683041854256
7	1318	434.729395038479	26.647983637328
7	1324	437.919025551511	26.453896490695
7	1330	440.088888108265	26.365929818891
7	1336	444.300734357643	26.178352588601
7	1342	445.745680093302	26.336429017047
7	1350	448.431765961881	26.305679573487
7	1354	448.736288268235	26.355690158787
7	1360	454.709553553078	26.082099304748
7	1368	457.482860048958	26.093901914056
7	1372	457.613180113646	26.114949051468
7	1378	464.141299449216	25.976318485239
7	1384	465.893156783937	25.919040682157
7	1392	467.869392795857	26.146951798213
7	1396	468.188487098653	26.197286412529
7	1406	468.852822783474	26.292761462508
7	1412	469.1292419688	26.336191061447
7	1416	469.363580206788	26.372969047464
7	1420	469.883183025079	26.454386757583
7	1426	471.824846762828	26.37115769175
7	1432	473.052724556774	26.32451879062
7	1438	474.424015682505	26.422121837937
7	1444	476.054888884892	26.475987196393
7	1452	479.917357560319	26.379950565307
7	1456	480.079457117062	26.404808486645
7	1462	481.158870896282	26.365551926663
7	1468	481.955523918042	26.448434617418
7	1474	484.180668051967	26.391121851714
7	1480	485.795841160399	26.492269156132
7	1486	486.659588102824	26.468802239009
7	1492	487.040020617406	26.466634289825
7	1498	487.329505320022	26.464593258896
7	1504	489.242128367097	26.491991608146
7	1510	489.496290116874	26.481395130769
7	1516	495.809270375134	26.282811966166
7	1522	498.069792259963	26.173280152404
7	1528	500.905733658434	26.049572277006
7	1536	506.155776766504	25.916025339094
7	1540	506.813589895652	26.012181819826
7	1546	507.268463097101	25.993458287949
7	1552	509.118877307344	25.922029248981
7	1558	515.707619541784	25.623631809537
7	1566	516.795040591373	25.679132046788
7	1570	516.827597023766	25.683813728507
7	1578	517.397582085179	25.733906078884
7	1582	517.402223597368	25.734572305205
7	1588	523.22525559619	25.619222831648
7	1594	526.625065850159	25.848414463652
7	1600	528.230582968009	25.884922103306
7	1606	528.384778591225	25.896335694883
7	1614	530.40944182365	25.865191764501
7	1618	530.843724689383	25.92584139729
7	1624	532.286623943664	26.0010681735
7	1630	539.566471597896	25.73668328323
7	1636	543.406486726615	25.577486688833
7	1642	544.412378193273	25.586001904537
7	1650	551.682024890523	25.440162903279
7	1654	552.020925891551	25.485937261176
7	1660	557.746754577732	25.3370054024
7	1666	563.124337710016	25.154168821474
7	1672	566.618774224349	25.107831453106
7	1678	568.337978548491	25.092534630018
7	1686	573.071500027258	25.04768076889
7	1690	573.179548135555	25.061809773199
7	1696	577.356615450863	25.009030015389
7	1706	580.3683467281	25.194537011479
7	1710	580.448513775343	25.204868561898
7	1714	581.206548240256	25.302419574717
7	1720	585.484667698779	25.476371521541
7	1726	592.099975143884	25.310014065896
7	1732	592.703260140783	25.284594371582
7	1738	594.234117886076	25.245876934238
7	1744	596.381726727105	25.199271034287
7	1750	597.316579583501	25.2066252132
7	1756	597.508324110763	25.228125493296
8	269	100.319708407086	45
8	275	100.455953048159	46
8	281	102.805136920834	47
8	289	103.750369663585	48
8	295	104.218400443471	49
8	299	104.414956722123	50
8	305	105.013625322767	51
8	311	107.185824834198	52
8	317	109.434011274255	53
8	325	117.275444852256	54
8	331	117.779454474966	55
8	339	120.459504650088	56
8	343	120.605544916722	57
8	347	120.873077255264	58
8	353	121.965439628534	59
8	359	123.38786432675	60
8	365	123.666236921634	61
8	373	124.367825369732	62
8	377	124.558603291419	63
8	387	126.929614099485	64
8	391	127.159621078355	65
8	395	127.702755768794	66
8	401	132.892694237287	67
8	409	136.814076230583	68
8	413	137.37398341346	69
8	421	141.957247051296	70
8	425	143.009907701692	71
8	431	148.226877131578	72
8	437	149.163921990915	73
8	443	156.959086540032	74
8	449	158.526165154587	75
8	457	161.495999829252	76
8	467	163.441784890675	77
8	471	163.769608032857	78
8	477	163.83280235107	79
8	481	164.024152825501	80
8	485	165.086271424002	81
8	495	167.384341292728	82
8	501	167.973936056261	83
8	505	168.391984822246	84
8	509	169.3936050835	85
8	515	169.844850852568	86
8	521	171.348847742643	87
8	529	172.857726719028	88
8	533	172.901111960198	89
8	539	173.663336571799	90
8	545	178.803878596719	91
8	551	180.489962475085	92
8	559	182.288880796856	93
8	563	183.2095220326	94
8	569	184.724278378987	95
8	575	185.507427912786	96
8	581	186.060927428193	97
8	589	187.514912938203	98
8	593	187.745778386225	99
8	601	191.076064627743	100
8	605	191.497606143817	101
8	611	193.879829566276	102
8	617	194.071191930385	103
8	623	196.842486385508	104
8	631	203.814332868845	105
8	635	204.066504772139	106
8	641	206.529515332802	107
8	647	207.700159651453	108
8	655	210.00002535881	109
8	659	210.569829340576	110
8	665	215.796864906289	111
8	671	218.60542655565	112
8	677	220.492606347423	113
8	685	223.563729437517	114
8	689	223.829090685825	115
8	695	227.465845842297	116
8	701	228.056947567419	117
8	707	232.360110542723	118
8	713	235.595498000699	119
8	719	238.626904379357	120
8	725	241.080656983496	121
8	731	243.506491964677	122
8	737	244.648185621668	123
8	743	251.019249115276	124
8	749	253.315914520184	125
8	755	254.258532071866	126
8	763	256.118849336333	127
8	769	256.748371094965	128
8	773	256.918203461256	129
8	779	258.95835771356	130
8	785	260.093228722929	131
8	791	262.380213033678	132
8	797	262.500684920598	133
8	803	262.786020705535	134
8	809	263.664521599625	135
8	815	265.535060530799	136
8	821	266.93834440371	137
8	827	270.365669905458	138
8	833	270.940985982654	139
8	839	272.984160901387	140
8	845	274.064487968767	141
8	851	278.576769448951	142
8	859	281.510859789696	143
8	863	281.661642746308	144
8	869	285.421745756522	145
8	875	288.615539231765	146
8	881	290.804982391078	147
8	887	291.180939588508	148
8	893	296.319062329564	149
8	899	299.427412463065	150
8	907	313.213415755275	151
8	911	313.232557211717	152
8	919	316.768843881644	153
8	923	316.860113182585	154
8	931	319.435380643972	155
8	935	320.436373891735	156
8	941	322.977695547636	157
8	947	326.081527816319	158
8	953	327.706787627462	159
8	961	330.760557714265	160
8	965	330.99419399747	161
8	971	331.542290760125	162
8	977	332.504416615839	163
8	983	335.266584669769	164
8	989	339.073058102781	165
8	995	346.615760058176	166
8	1003	351.081646919569	167
8	1009	352.52395279562	168
8	1013	353.217098471631	169
8	1019	354.099724982826	170
8	1025	354.605238920351	171
8	1033	355.948260323243	172
8	1037	356.047175076973	173
8	1045	356.393048859487	174
8	1049	356.704347531476	175
8	1057	360.531521299161	176
8	1063	361.973793443364	177
8	1067	362.442362802226	178
8	1073	366.5662511207	179
8	1083	369.315278326859	180
8	1087	369.801019405906	181
8	1091	369.826860858804	182
8	1097	370.961375998466	183
8	1105	374.522304262553	184
8	1109	374.677788165038	185
8	1115	378.637068718696	186
8	1121	380.971015869896	187
8	1127	382.201427727184	188
8	1133	384.958313516043	189
8	1139	386.312907118539	190
8	1145	386.776066520069	191
8	1151	387.798219635574	192
8	1157	388.266899110254	193
8	1163	388.977022960528	194
8	1169	394.634524249881	195
8	1177	398.781618963355	196
8	1183	399.352187914785	197
8	1187	399.396765059783	198
8	1193	399.504945775144	199
8	1199	399.930028381762	200
8	1207	401.799601697796	201
8	1211	403.672949004709	202
8	1217	404.347042232415	203
8	1223	405.206142887733	204
8	1233	406.175270566403	205
8	1237	406.744039819173	206
8	1241	407.069655185132	207
8	1247	408.689343768302	208
8	1253	409.80035859832	209
8	1259	411.498669669255	210
8	1265	415.728213075475	211
8	1271	424.994969575394	212
8	1277	426.363994248029	213
8	1283	427.429142046286	214
8	1291	428.096729539243	215
8	1295	429.16351118298	216
8	1303	432.022977062574	217
8	1307	432.541902100319	218
8	1313	432.783993859022	219
8	1319	434.729395038479	220
8	1325	437.919025551511	221
8	1331	440.088888108265	222
8	1337	444.300734357643	223
8	1343	445.745680093302	224
8	1351	448.431765961881	225
8	1355	448.736288268235	226
8	1361	454.709553553078	227
8	1369	457.482860048958	228
8	1373	457.613180113646	229
8	1379	464.141299449216	230
8	1385	465.893156783937	231
8	1393	467.869392795857	232
8	1397	468.188487098653	233
8	1407	468.852822783474	234
8	1413	469.1292419688	235
8	1417	469.363580206788	236
8	1421	469.883183025079	237
8	1427	471.824846762828	238
8	1433	473.052724556774	239
8	1439	474.424015682505	240
8	1445	476.054888884892	241
8	1453	479.917357560319	242
8	1457	480.079457117062	243
8	1463	481.158870896282	244
8	1469	481.955523918042	245
8	1475	484.180668051967	246
8	1481	485.795841160399	247
8	1487	486.659588102824	248
8	1493	487.040020617406	249
8	1499	487.329505320022	250
8	1505	489.242128367097	251
8	1511	489.496290116874	252
8	1517	495.809270375134	253
8	1523	498.069792259963	254
8	1529	500.905733658434	255
8	1537	506.155776766504	256
8	1541	506.813589895652	257
8	1547	507.268463097101	258
8	1553	509.118877307344	259
8	1559	515.707619541784	260
8	1567	516.795040591373	261
8	1571	516.827597023766	262
8	1579	517.397582085179	263
8	1583	517.402223597368	264
8	1589	523.22525559619	265
8	1595	526.625065850159	266
8	1601	528.230582968009	267
8	1607	528.384778591225	268
8	1615	530.40944182365	269
8	1619	530.843724689383	270
8	1625	532.286623943664	271
8	1631	539.566471597896	272
8	1637	543.406486726615	273
8	1643	544.412378193273	274
8	1651	551.682024890523	275
8	1655	552.020925891551	276
8	1661	557.746754577732	277
8	1667	563.124337710016	278
8	1673	566.618774224349	279
8	1679	568.337978548491	280
8	1687	573.071500027258	281
8	1691	573.179548135555	282
8	1697	577.356615450863	283
8	1707	580.3683467281	284
8	1711	580.448513775343	285
8	1715	581.206548240256	286
8	1721	585.484667698779	287
8	1727	592.099975143884	288
8	1733	592.703260140783	289
8	1739	594.234117886076	290
8	1745	596.381726727105	291
8	1751	597.316579583501	292
8	1757	597.508324110763	293
9	269	100.319708407086	2.155293327038
9	275	100.455953048159	0.093713033009
9	281	102.805136920834	0.22170201431
9	289	103.750369663585	0.694521344896
9	295	104.218400443471	0.886494747925
9	299	104.414956722123	0.325127098012
9	305	105.013625322767	0.019591578207
9	311	107.185824834198	0.502935502583
9	317	109.434011274255	1.596473321027
9	325	117.275444852256	0.528913206676
9	331	117.779454474966	0.817652613074
9	339	120.459504650088	3.029099750645
9	343	120.605544916722	2.823312926428
9	347	120.873077255264	0.973359834782
9	353	121.965439628534	0.321890500801
9	359	123.38786432675	0.488432037035
9	365	123.666236921634	0.206250614961
9	373	124.367825369732	0.561584150767
9	377	124.558603291419	0.518451252869
9	387	126.929614099485	0.753317666636
9	391	127.159621078355	0.685900107002
9	395	127.702755768794	0.791273604426
9	401	132.892694237287	0.006832289215
9	409	136.814076230583	0.487550967078
9	413	137.37398341346	0.843168386905
9	421	141.957247051296	1.786794186172
9	425	143.009907701692	2.63738528595
9	431	148.226877131578	0.356291796667
9	437	149.163921990915	0.028663463212
9	443	156.959086540032	0.299973443321
9	449	158.526165154587	0.010095064073
9	457	161.495999829252	0.291439194433
9	467	163.441784890675	2.157271657739
9	471	163.769608032857	1.820274317994
9	477	163.83280235107	1.627355105585
9	481	164.024152825501	0.927866656176
9	485	165.086271424002	1.287633075914
9	495	167.384341292728	1.251955891543
9	501	167.973936056261	0.771781903562
9	505	168.391984822246	1.057235866583
9	509	169.3936050835	1.570065231673
9	515	169.844850852568	0.355623968609
9	521	171.348847742643	1.242791178488
9	529	172.857726719028	1.270152253979
9	533	172.901111960198	1.116236878312
9	539	173.663336571799	0.162670207765
9	545	178.803878596719	0.004700375332
9	551	180.489962475085	0.923663825501
9	559	182.288880796856	0.52089032709
9	563	183.2095220326	1.158870135712
9	569	184.724278378987	0.153758861881
9	575	185.507427912786	0.253600061628
9	581	186.060927428193	0.402398699901
9	589	187.514912938203	0.090126125992
9	593	187.745778386225	0.280366656423
9	601	191.076064627743	0.079170753115
9	605	191.497606143817	0.491299188204
9	611	193.879829566276	0.608254326718
9	617	194.071191930385	0.170173369118
9	623	196.842486385508	0.28395207674
9	631	203.814332868845	0.705512204647
9	635	204.066504772139	0.385642162925
9	641	206.529515332802	1.13186678793
9	647	207.700159651453	0.509329365009
9	655	210.00002535881	1.110753449237
9	659	210.569829340576	1.175717445221
9	665	215.796864906289	0.298189697165
9	671	218.60542655565	1.921503291622
9	677	220.492606347423	0.061763323681
9	685	223.563729437517	0.728409279282
9	689	223.829090685825	0.287730261042
9	695	227.465845842297	0.562641008422
9	701	228.056947567419	0.143705238035
9	707	232.360110542723	0.187869421203
9	713	235.595498000699	1.682185226526
9	719	238.626904379357	0.443930705218
9	725	241.080656983496	0.538917442068
9	731	243.506491964677	0.380933885648
9	737	244.648185621668	0.131028620838
9	743	251.019249115276	0.25115539913
9	749	253.315914520184	0.482226782747
9	755	254.258532071866	0.322052354161
9	763	256.118849336333	0.317563857815
9	769	256.748371094965	0.908326053751
9	773	256.918203461256	0.360303988302
9	779	258.95835771356	0.241817843295
9	785	260.093228722929	0.691489603268
9	791	262.380213033678	1.053723802475
9	797	262.500684920598	0.054273549247
9	803	262.786020705535	0.048461377288
9	809	263.664521599625	0.218514006887
9	815	265.535060530799	0.401275992879
9	821	266.93834440371	0.017101709179
9	827	270.365669905458	1.736267739641
9	833	270.940985982654	0.193565046075
9	839	272.984160901387	0.125040747489
9	845	274.064487968767	0.076146812627
9	851	278.576769448951	0.051160307426
9	859	281.510859789696	2.068904880255
9	863	281.661642746308	1.07476473401
9	869	285.421745756522	0.385038429773
9	875	288.615539231765	0.297036749162
9	881	290.804982391078	0.0524409178
9	887	291.180939588508	0.217172827972
9	893	296.319062329564	0.316731308861
9	899	299.427412463065	0.919866392539
9	907	313.213415755275	1.175088644875
9	911	313.232557211717	0.870489927892
9	919	316.768843881644	0.354958963612
9	923	316.860113182585	0.091577114263
9	931	319.435380643972	0.754911727805
9	935	320.436373891735	1.491537556339
9	941	322.977695547636	0.265001439068
9	947	326.081527816319	0.075395505097
9	953	327.706787627462	0.016893392776
9	961	330.760557714265	2.024923419402
9	965	330.99419399747	2.115208933981
9	971	331.542290760125	0.272428564072
9	977	332.504416615839	0.025956276091
9	983	335.266584669769	0.227455922396
9	989	339.073058102781	0.008383882996
9	995	346.615760058176	0.131164654583
9	1003	351.081646919569	0.723897040994
9	1009	352.52395279562	2.142636453208
9	1013	353.217098471631	1.943276488181
9	1019	354.099724982826	0.20730627133
9	1025	354.605238920351	0.336230258417
9	1033	355.948260323243	0.206989461336
9	1037	356.047175076973	0.194164109289
9	1045	356.393048859487	0.093759475601
9	1049	356.704347531476	0.367667206748
9	1057	360.531521299161	1.038015530221
9	1063	361.973793443364	1.973276264137
9	1067	362.442362802226	1.594531420286
9	1073	366.5662511207	0.453982013662
9	1083	369.315278326859	0.765415613134
9	1087	369.801019405906	1.18644308289
9	1091	369.826860858804	0.852369852684
9	1097	370.961375998466	0.600485453271
9	1105	374.522304262553	2.439566443997
9	1109	374.677788165038	2.051714205797
9	1115	378.637068718696	0.568298247629
9	1121	380.971015869896	0.998585983745
9	1127	382.201427727184	0.694838531888
9	1133	384.958313516043	1.668967166927
9	1139	386.312907118539	0.4039900267
9	1145	386.776066520069	0.119376436424
9	1151	387.798219635574	0.125799306556
9	1157	388.266899110254	0.123429634399
9	1163	388.977022960528	0.421489387707
9	1169	394.634524249881	0.300839493262
9	1177	398.781618963355	1.757239340268
9	1183	399.352187914785	0.979319152426
9	1187	399.396765059783	0.507870769544
9	1193	399.504945775144	0.029036181058
9	1199	399.930028381762	0.334556861845
9	1207	401.799601697796	1.064335047266
9	1211	403.672949004709	2.19034276539
9	1217	404.347042232415	0.480719785786
9	1223	405.206142887733	0.390987860438
9	1233	406.175270566403	0.96418006844
9	1237	406.744039819173	1.482972614584
9	1241	407.069655185132	1.669352638396
9	1247	408.689343768302	0.565177772955
9	1253	409.80035859832	0.467030166303
9	1259	411.498669669255	0.627101635045
9	1265	415.728213075475	0.316965009697
9	1271	424.994969575394	0.304416456869
9	1277	426.363994248029	1.184459085418
9	1283	427.429142046286	0.073798016446
9	1291	428.096729539243	0.130175705774
9	1295	429.16351118298	1.155222912291
9	1303	432.022977062574	1.173921880715
9	1307	432.541902100319	0.92147153037
9	1313	432.783993859022	0.196286514094
9	1319	434.729395038479	0.366683836584
9	1325	437.919025551511	2.7675948e-05
9	1331	440.088888108265	0.186881646908
9	1337	444.300734357643	0.277085414524
9	1343	445.745680093302	1.082881840437
9	1351	448.431765961881	0.569528825336
9	1355	448.736288268235	0.463355594219
9	1361	454.709553553078	0.330251539875
9	1369	457.482860048958	0.777331468904
9	1373	457.613180113646	0.422214546248
9	1379	464.141299449216	1.061373326971
9	1385	465.893156783937	0.188214675761
9	1393	467.869392795857	1.578547770708
9	1397	468.188487098653	1.417795034631
9	1407	468.852822783474	0.621675388974
9	1413	469.1292419688	0.846099083914
9	1417	469.363580206788	0.615387285132
9	1421	469.883183025079	0.801240820958
9	1427	471.824846762828	0.120959822386
9	1433	473.052724556774	0.103178996802
9	1439	474.424015682505	0.82403808658
9	1445	476.054888884892	0.687339976901
9	1453	479.917357560319	0.561730249774
9	1457	480.079457117062	0.47376462667
9	1463	481.158870896282	0.096130720421
9	1469	481.955523918042	0.609499672591
9	1475	484.180668051967	0.311018459541
9	1481	485.795841160399	0.91763170147
9	1487	486.659588102824	0.114622162603
9	1493	487.040020617406	0.090137149789
9	1499	487.329505320022	0.066670311636
9	1505	489.242128367097	0.640212176989
9	1511	489.496290116874	0.01546314578
9	1517	495.809270375134	0.68717150721
9	1523	498.069792259963	0.048583839184
9	1529	500.905733658434	0.122599046321
9	1537	506.155776766504	0.691658233076
9	1541	506.813589895652	1.175254195707
9	1547	507.268463097101	0.023343871822
9	1553	509.118877307344	0.117327924628
9	1559	515.707619541784	0.169077357422
9	1567	516.795040591373	0.565459239594
9	1571	516.827597023766	0.04695979791
9	1579	517.397582085179	0.405570511114
9	1583	517.402223597368	0.37707983446
9	1589	523.22525559619	0.894994802241
9	1595	526.625065850159	2.077985547782
9	1601	528.230582968009	0.607845236679
9	1607	528.384778591225	0.100221097543
9	1615	530.40944182365	0.359123240054
9	1619	530.843724689383	0.6612220844
9	1625	532.286623943664	0.774505839578
9	1631	539.566471597896	0.466305927634
9	1637	543.406486726615	0.123207911106
9	1643	544.412378193273	0.30363964431
9	1651	551.682024890523	1.055444387191
9	1655	552.020925891551	0.867191162549
9	1661	557.746754577732	0.628618497785
9	1667	563.124337710016	0.332921243318
9	1673	566.618774224349	0.616440231515
9	1679	568.337978548491	0.344717268924
9	1687	573.071500027258	0.930715821491
9	1691	573.179548135555	0.34525732221
9	1697	577.356615450863	0.742121241325
9	1707	580.3683467281	1.829828665382
9	1711	580.448513775343	1.883345222968
9	1715	581.206548240256	1.788308063808
9	1721	585.484667698779	2.100929713124
9	1727	592.099975143884	0.70033784848
9	1733	592.703260140783	0.002028160661
9	1739	594.234117886076	0.156998949032
9	1745	596.381726727105	0.264233614151
9	1751	597.316579583501	0.279503834995
9	1757	597.508324110763	0.176798287631

