version 3
run ParameterStudy-336-20251202-16:20:06-1436
attr configname ParameterStudy
attr datetime 20251202-16:20:06
attr datetimef 20251202-162006
attr experiment ParameterStudy
attr inifile omnetpp.ini
attr iterationvars $betaProducer=7.7s
attr iterationvarsd betaProducer=7.7s
attr iterationvarsf betaProducer=7.7s-
attr measurement $betaProducer=7.7s
attr network queue_sim
attr processid 1436
attr repetition 1
attr replication #1
attr resultdir results
attr runnumber 336
attr seedset 336
itervar betaProducer 7.7s
config description "Parameter study: β_producer = 1s to 10s (0.1s steps), β_service = 1s, 5 repetitions"
config *.serviceUnit.meanServiceTime 1s
config *.producer.warmupPeriod 100s
config *.queue.warmupPeriod 100s
config *.serviceUnit.warmupPeriod 100s
config *.sink.warmupPeriod 100s
config *.producer.meanInterArrivalTime 7.7s
config network queue_sim
config sim-time-limit 600s
config warmup-period 100s
config repeat 5
config **.vector-recording true
config **.scalar-recording true
config debug-on-errors true

vector 0 queue_sim.producer jobGenerated:vector ETV
attr recordingmode vector
attr title "Jobs Generated"
vector 1 queue_sim.producer interArrivalTime:vector ETV
attr recordingmode vector
attr title "Inter-arrival Time"
attr unit s
vector 2 queue_sim.queue queueLength:vector ETV
attr recordingmode vector
attr title "Queue Length"
vector 3 queue_sim.queue queueingDelay:vector ETV
attr recordingmode vector
attr title "Queueing Delay"
attr unit s
vector 4 queue_sim.queue queueUtilization:vector ETV
attr recordingmode vector
attr title "Queue Utilization"
vector 5 queue_sim.queue systemSize:vector ETV
attr recordingmode vector
attr title "System Size"
vector 6 queue_sim.serviceUnit serviceTime:vector ETV
attr recordingmode vector
attr title "Service Time"
attr unit s
vector 7 queue_sim.serviceUnit utilization:vector ETV
attr recordingmode vector
attr title "Server Utilization"
vector 8 queue_sim.sink jobCompleted:vector ETV
attr recordingmode vector
attr title "Jobs Completed"
vector 9 queue_sim.sink totalDelay:vector ETV
attr recordingmode vector
attr title "Total System Delay"
attr unit s
0	61	154.832985764578	11
0	67	157.851880647612	12
0	70	159.603129073033	13
0	79	175.087738243635	14
0	85	187.644272265115	15
0	91	199.29949738374	16
0	97	205.187970922575	17
0	103	216.744786819924	18
0	109	223.934272524784	19
0	115	232.847922469349	20
0	118	235.234386801246	21
0	124	241.434127560775	22
0	133	252.610737810384	23
0	139	254.060520554865	24
0	145	274.834077215025	25
0	151	289.299892574322	26
0	157	290.693549568122	27
0	163	292.460028494162	28
0	169	294.280314795955	29
0	175	297.272220260686	30
0	181	297.677832997489	31
0	187	307.373045066619	32
0	190	307.642326772903	33
0	192	308.986800673251	34
0	205	316.33789141821	35
0	211	319.831555388166	36
0	217	328.409372300935	37
0	223	339.261287577005	38
0	229	344.548646133048	39
0	235	355.238500882003	40
0	241	386.648467376827	41
0	247	389.072158989582	42
0	253	396.756551410601	43
0	259	404.865839120665	44
0	265	407.850297382445	45
0	271	411.789556427336	46
0	277	425.033883354508	47
0	283	426.308162858552	48
0	289	427.535986869413	49
0	292	430.804690363808	50
0	301	438.071344486021	51
0	307	441.250084446844	52
0	313	452.072216626263	53
0	319	470.371613459211	54
0	325	474.727121268025	55
0	331	476.450056571216	56
0	337	478.670424965399	57
0	343	480.305429418547	58
0	349	483.806715160889	59
0	355	492.475838734263	60
0	361	494.174195759435	61
0	367	518.524545659951	62
0	373	532.075887794773	63
0	379	547.42601068643	64
0	385	556.690990873647	65
0	391	560.355224901374	66
0	397	565.246435289628	67
0	403	569.739331681169	68
0	409	572.322512705779	69
1	61	154.832985764578	3.0188948830341
1	67	157.851880647612	1.7512484254205
1	70	159.603129073033	15.484609170602
1	79	175.087738243635	12.55653402148
1	85	187.644272265115	11.655225118625
1	91	199.29949738374	5.8884735388351
1	97	205.187970922575	11.556815897349
1	103	216.744786819924	7.18948570486
1	109	223.934272524784	8.9136499445652
1	115	232.847922469349	2.3864643318969
1	118	235.234386801246	6.1997407595286
1	124	241.434127560775	11.176610249609
1	133	252.610737810384	1.449782744481
1	139	254.060520554865	20.77355666016
1	145	274.834077215025	14.465815359297
1	151	289.299892574322	1.3936569937998
1	157	290.693549568122	1.7664789260395
1	163	292.460028494162	1.8202863017929
1	169	294.280314795955	2.991905464731
1	175	297.272220260686	0.40561273680269
1	181	297.677832997489	9.6952120691296
1	187	307.373045066619	0.26928170628436
1	190	307.642326772903	1.3444739003485
1	192	308.986800673251	7.351090744959
1	205	316.33789141821	3.4936639699565
1	211	319.831555388166	8.5778169127686
1	217	328.409372300935	10.85191527607
1	223	339.261287577005	5.2873585560435
1	229	344.548646133048	10.689854748955
1	235	355.238500882003	31.409966494824
1	241	386.648467376827	2.4236916127555
1	247	389.072158989582	7.6843924210185
1	253	396.756551410601	8.1092877100636
1	259	404.865839120665	2.9844582617796
1	265	407.850297382445	3.9392590448907
1	271	411.789556427336	13.244326927172
1	277	425.033883354508	1.2742795040439
1	283	426.308162858552	1.2278240108608
1	289	427.535986869413	3.2687034943945
1	292	430.804690363808	7.2666541222133
1	301	438.071344486021	3.1787399608231
1	307	441.250084446844	10.822132179419
1	313	452.072216626263	18.299396832948
1	319	470.371613459211	4.3555078088137
1	325	474.727121268025	1.722935303191
1	331	476.450056571216	2.220368394183
1	337	478.670424965399	1.6350044531476
1	343	480.305429418547	3.501285742342
1	349	483.806715160889	8.6691235733741
1	355	492.475838734263	1.6983570251717
1	361	494.174195759435	24.350349900516
1	367	518.524545659951	13.551342134822
1	373	532.075887794773	15.350122891657
1	379	547.42601068643	9.2649801872173
1	385	556.690990873647	3.6642340277273
1	391	560.355224901374	4.8912103882544
1	397	565.246435289628	4.4928963915406
1	403	569.739331681169	2.5831810246097
1	409	572.322512705779	31.764904448091
2	62	154.832985764578	1
2	62	154.832985764578	0
2	68	157.851880647612	1
2	68	157.851880647612	0
2	71	159.603129073033	1
2	74	160.7465277033	0
2	80	175.087738243635	1
2	80	175.087738243635	0
2	86	187.644272265115	1
2	86	187.644272265115	0
2	92	199.29949738374	1
2	92	199.29949738374	0
2	98	205.187970922575	1
2	98	205.187970922575	0
2	104	216.744786819924	1
2	104	216.744786819924	0
2	110	223.934272524784	1
2	110	223.934272524784	0
2	116	232.847922469349	1
2	116	232.847922469349	0
2	119	235.234386801246	1
2	122	237.306074663553	0
2	125	241.434127560775	1
2	128	242.316085153011	0
2	134	252.610737810384	1
2	134	252.610737810384	0
2	140	254.060520554865	1
2	140	254.060520554865	0
2	146	274.834077215025	1
2	146	274.834077215025	0
2	152	289.299892574322	1
2	152	289.299892574322	0
2	158	290.693549568122	1
2	158	290.693549568122	0
2	164	292.460028494162	1
2	164	292.460028494162	0
2	170	294.280314795955	1
2	170	294.280314795955	0
2	176	297.272220260686	1
2	176	297.272220260686	0
2	182	297.677832997489	1
2	182	297.677832997489	0
2	188	307.373045066619	1
2	188	307.373045066619	0
2	191	307.642326772903	1
2	193	308.986800673251	2
2	196	309.128436585171	1
2	200	310.043714596112	0
2	206	316.33789141821	1
2	206	316.33789141821	0
2	212	319.831555388166	1
2	212	319.831555388166	0
2	218	328.409372300935	1
2	218	328.409372300935	0
2	224	339.261287577005	1
2	224	339.261287577005	0
2	230	344.548646133048	1
2	230	344.548646133048	0
2	236	355.238500882003	1
2	236	355.238500882003	0
2	242	386.648467376827	1
2	242	386.648467376827	0
2	248	389.072158989582	1
2	248	389.072158989582	0
2	254	396.756551410601	1
2	254	396.756551410601	0
2	260	404.865839120665	1
2	260	404.865839120665	0
2	266	407.850297382445	1
2	266	407.850297382445	0
2	272	411.789556427336	1
2	272	411.789556427336	0
2	278	425.033883354508	1
2	278	425.033883354508	0
2	284	426.308162858552	1
2	284	426.308162858552	0
2	290	427.535986869413	1
2	290	427.535986869413	0
2	293	430.804690363808	1
2	296	432.000920856431	0
2	302	438.071344486021	1
2	302	438.071344486021	0
2	308	441.250084446844	1
2	308	441.250084446844	0
2	314	452.072216626263	1
2	314	452.072216626263	0
2	320	470.371613459211	1
2	320	470.371613459211	0
2	326	474.727121268025	1
2	326	474.727121268025	0
2	332	476.450056571216	1
2	332	476.450056571216	0
2	338	478.670424965399	1
2	338	478.670424965399	0
2	344	480.305429418547	1
2	344	480.305429418547	0
2	350	483.806715160889	1
2	350	483.806715160889	0
2	356	492.475838734263	1
2	356	492.475838734263	0
2	362	494.174195759435	1
2	362	494.174195759435	0
2	368	518.524545659951	1
2	368	518.524545659951	0
2	374	532.075887794773	1
2	374	532.075887794773	0
2	380	547.42601068643	1
2	380	547.42601068643	0
2	386	556.690990873647	1
2	386	556.690990873647	0
2	392	560.355224901374	1
2	392	560.355224901374	0
2	398	565.246435289628	1
2	398	565.246435289628	0
2	404	569.739331681169	1
2	404	569.739331681169	0
2	410	572.322512705779	1
2	410	572.322512705779	0
3	62	154.832985764578	0
3	68	157.851880647612	0
3	74	160.7465277033	1.143398630267
3	80	175.087738243635	0
3	86	187.644272265115	0
3	92	199.29949738374	0
3	98	205.187970922575	0
3	104	216.744786819924	0
3	110	223.934272524784	0
3	116	232.847922469349	0
3	122	237.306074663553	2.071687862307
3	128	242.316085153011	0.881957592236
3	134	252.610737810384	0
3	140	254.060520554865	0
3	146	274.834077215025	0
3	152	289.299892574322	0
3	158	290.693549568122	0
3	164	292.460028494162	0
3	170	294.280314795955	0
3	176	297.272220260686	0
3	182	297.677832997489	0
3	188	307.373045066619	0
3	196	309.128436585171	1.486109812268
3	200	310.043714596112	1.056913922861
3	206	316.33789141821	0
3	212	319.831555388166	0
3	218	328.409372300935	0
3	224	339.261287577005	0
3	230	344.548646133048	0
3	236	355.238500882003	0
3	242	386.648467376827	0
3	248	389.072158989582	0
3	254	396.756551410601	0
3	260	404.865839120665	0
3	266	407.850297382445	0
3	272	411.789556427336	0
3	278	425.033883354508	0
3	284	426.308162858552	0
3	290	427.535986869413	0
3	296	432.000920856431	1.196230492623
3	302	438.071344486021	0
3	308	441.250084446844	0
3	314	452.072216626263	0
3	320	470.371613459211	0
3	326	474.727121268025	0
3	332	476.450056571216	0
3	338	478.670424965399	0
3	344	480.305429418547	0
3	350	483.806715160889	0
3	356	492.475838734263	0
3	362	494.174195759435	0
3	368	518.524545659951	0
3	374	532.075887794773	0
3	380	547.42601068643	0
3	386	556.690990873647	0
3	392	560.355224901374	0
3	398	565.246435289628	0
3	404	569.739331681169	0
3	410	572.322512705779	0
4	415	600	0.015389324801284
5	62	154.832985764578	1
5	62	154.832985764578	1
5	66	155.211205008197	0
5	68	157.851880647612	1
5	68	157.851880647612	1
5	71	159.603129073033	2
5	74	160.7465277033	1
5	74	160.7465277033	1
5	78	161.320078994574	0
5	80	175.087738243635	1
5	80	175.087738243635	1
5	84	175.985056481557	0
5	86	187.644272265115	1
5	86	187.644272265115	1
5	90	189.641955858641	0
5	92	199.29949738374	1
5	92	199.29949738374	1
5	96	199.959719308226	0
5	98	205.187970922575	1
5	98	205.187970922575	1
5	102	205.38454196901	0
5	104	216.744786819924	1
5	104	216.744786819924	1
5	108	216.96360722412	0
5	110	223.934272524784	1
5	110	223.934272524784	1
5	114	224.21498763374	0
5	116	232.847922469349	1
5	116	232.847922469349	1
5	119	235.234386801246	2
5	122	237.306074663553	1
5	122	237.306074663553	1
5	125	241.434127560775	2
5	128	242.316085153011	1
5	128	242.316085153011	1
5	132	242.379715922097	0
5	134	252.610737810384	1
5	134	252.610737810384	1
5	138	253.853834572537	0
5	140	254.060520554865	1
5	140	254.060520554865	1
5	144	255.545104463459	0
5	146	274.834077215025	1
5	146	274.834077215025	1
5	150	276.155915588087	0
5	152	289.299892574322	1
5	152	289.299892574322	1
5	156	289.527204619452	0
5	158	290.693549568122	1
5	158	290.693549568122	1
5	162	291.195562618465	0
5	164	292.460028494162	1
5	164	292.460028494162	1
5	168	293.547623306804	0
5	170	294.280314795955	1
5	170	294.280314795955	1
5	174	295.227974476191	0
5	176	297.272220260686	1
5	176	297.272220260686	1
5	180	297.340360769836	0
5	182	297.677832997489	1
5	182	297.677832997489	1
5	186	298.567517856189	0
5	188	307.373045066619	1
5	188	307.373045066619	1
5	191	307.642326772903	2
5	193	308.986800673251	3
5	196	309.128436585171	2
5	196	309.128436585171	2
5	200	310.043714596112	1
5	200	310.043714596112	1
5	204	310.401592759131	0
5	206	316.33789141821	1
5	206	316.33789141821	1
5	210	316.390399192052	0
5	212	319.831555388166	1
5	212	319.831555388166	1
5	216	320.234718944466	0
5	218	328.409372300935	1
5	218	328.409372300935	1
5	222	328.864220139007	0
5	224	339.261287577005	1
5	224	339.261287577005	1
5	228	342.532714749765	0
5	230	344.548646133048	1
5	230	344.548646133048	1
5	234	344.706736676823	0
5	236	355.238500882003	1
5	236	355.238500882003	1
5	240	355.331579762193	0
5	242	386.648467376827	1
5	242	386.648467376827	1
5	246	387.15866025444	0
5	248	389.072158989582	1
5	248	389.072158989582	1
5	252	391.565036159233	0
5	254	396.756551410601	1
5	254	396.756551410601	1
5	258	396.793929512111	0
5	260	404.865839120665	1
5	260	404.865839120665	1
5	264	405.879716407435	0
5	266	407.850297382445	1
5	266	407.850297382445	1
5	270	409.050981132477	0
5	272	411.789556427336	1
5	272	411.789556427336	1
5	276	411.839893253232	0
5	278	425.033883354508	1
5	278	425.033883354508	1
5	282	425.469240088952	0
5	284	426.308162858552	1
5	284	426.308162858552	1
5	288	427.090710401404	0
5	290	427.535986869413	1
5	290	427.535986869413	1
5	293	430.804690363808	2
5	296	432.000920856431	1
5	296	432.000920856431	1
5	300	433.0833404942	0
5	302	438.071344486021	1
5	302	438.071344486021	1
5	306	439.535529018824	0
5	308	441.250084446844	1
5	308	441.250084446844	1
5	312	441.59004695218	0
5	314	452.072216626263	1
5	314	452.072216626263	1
5	318	452.338874834998	0
5	320	470.371613459211	1
5	320	470.371613459211	1
5	324	473.532672671305	0
5	326	474.727121268025	1
5	326	474.727121268025	1
5	330	475.609268050962	0
5	332	476.450056571216	1
5	332	476.450056571216	1
5	336	476.837026950146	0
5	338	478.670424965399	1
5	338	478.670424965399	1
5	342	479.148591245456	0
5	344	480.305429418547	1
5	344	480.305429418547	1
5	348	481.709684896349	0
5	350	483.806715160889	1
5	350	483.806715160889	1
5	354	483.849709016771	0
5	356	492.475838734263	1
5	356	492.475838734263	1
5	360	494.085686813321	0
5	362	494.174195759435	1
5	362	494.174195759435	1
5	366	495.484151364502	0
5	368	518.524545659951	1
5	368	518.524545659951	1
5	372	520.030460504111	0
5	374	532.075887794773	1
5	374	532.075887794773	1
5	378	532.642831028357	0
5	380	547.42601068643	1
5	380	547.42601068643	1
5	384	548.496221456929	0
5	386	556.690990873647	1
5	386	556.690990873647	1
5	390	556.880638476761	0
5	392	560.355224901374	1
5	392	560.355224901374	1
5	396	560.829072666797	0
5	398	565.246435289628	1
5	398	565.246435289628	1
5	402	565.513102482905	0
5	404	569.739331681169	1
5	404	569.739331681169	1
5	408	570.069552812747	0
5	410	572.322512705779	1
5	410	572.322512705779	1
5	414	572.97849701349	0
6	63	154.832985764578	0.37821924361926
6	69	157.851880647612	2.8946470556877
6	75	160.7465277033	0.5735512912744
6	81	175.087738243635	0.89731823792237
6	87	187.644272265115	1.9976835935262
6	93	199.29949738374	0.66022192448617
6	99	205.187970922575	0.1965710464353
6	105	216.744786819924	0.21882040419623
6	111	223.934272524784	0.28071510895576
6	117	232.847922469349	4.4581521942037
6	123	237.306074663553	5.0100104894577
6	129	242.316085153011	0.063630769085861
6	135	252.610737810384	1.2430967621529
6	141	254.060520554865	1.4845839085939
6	147	274.834077215025	1.3218383730619
6	153	289.299892574322	0.22731204512986
6	159	290.693549568122	0.50201305034267
6	165	292.460028494162	1.0875948126421
6	171	294.280314795955	0.94765968023616
6	177	297.272220260686	0.068140509149554
6	183	297.677832997489	0.88968485869979
6	189	307.373045066619	1.7553915185523
6	197	309.128436585171	0.9152780109407
6	201	310.043714596112	0.35787816301915
6	207	316.33789141821	0.052507773842289
6	213	319.831555388166	0.40316355630031
6	219	328.409372300935	0.45484783807162
6	225	339.261287577005	3.2714271727601
6	231	344.548646133048	0.15809054377518
6	237	355.238500882003	0.093078880190029
6	243	386.648467376827	0.51019287761258
6	249	389.072158989582	2.4928771696511
6	255	396.756551410601	0.037378101510436
6	261	404.865839120665	1.0138772867699
6	267	407.850297382445	1.2006837500322
6	273	411.789556427336	0.050336825895724
6	279	425.033883354508	0.43535673444379
6	285	426.308162858552	0.78254754285241
6	291	427.535986869413	4.464933987018
6	297	432.000920856431	1.0824196377686
6	303	438.071344486021	1.4641845328031
6	309	441.250084446844	0.33996250533601
6	315	452.072216626263	0.26665820873494
6	321	470.371613459211	3.1610592120945
6	327	474.727121268025	0.88214678293685
6	333	476.450056571216	0.38697037893011
6	339	478.670424965399	0.47816628005681
6	345	480.305429418547	1.4042554778017
6	351	483.806715160889	0.042993855882002
6	357	492.475838734263	1.6098480790581
6	363	494.174195759435	1.3099556050674
6	369	518.524545659951	1.5059148441605
6	375	532.075887794773	0.56694323358428
6	381	547.42601068643	1.0702107704989
6	387	556.690990873647	0.18964760311356
6	393	560.355224901374	0.47384776542325
6	399	565.246435289628	0.26666719327679
6	405	569.739331681169	0.33022113157785
6	411	572.322512705779	0.65598430771055
7	64	155.211205008197	7.597875299958
7	72	160.7465277033	9.1369941694059
7	76	161.320078994574	9.4600450546273
7	82	175.985056481557	9.1816150280137
7	88	189.641955858641	9.5738065473383
7	94	199.959719308226	9.4099831586466
7	100	205.38454196901	9.2571460223549
7	106	216.96360722412	8.8639600012485
7	112	224.21498763374	8.702488034583
7	120	237.306074663553	10.101062393264
7	126	242.316085153011	11.959769462242
7	130	242.379715922097	11.982882236173
7	136	253.853834572537	11.930949452258
7	142	255.545104463459	12.432934945387
7	148	276.155915588087	11.98366324931
7	154	289.527204619452	11.508730951916
7	160	291.195562618465	11.615190753066
7	166	293.547623306804	11.892623923156
7	172	295.227974476191	12.145927098913
7	178	297.340360769836	12.082555819738
7	184	298.567517856189	12.330879188626
7	194	309.128436585171	12.47746466419
7	198	310.043714596112	12.735839365187
7	202	310.401592759131	12.836450760985
7	208	316.390399192052	12.610071447036
7	214	320.234718944466	12.584587667076
7	220	328.864220139007	12.392672807892
7	226	342.532714749765	12.853223082349
7	232	344.706736676823	12.818021755697
7	238	355.331579762193	12.460942371182
7	244	387.15866025444	11.568346741606
7	250	391.565036159233	12.074809817497
7	256	396.793929512111	11.92510973838
7	262	405.879716407435	11.907958654382
7	268	409.050981132477	12.109168502474
7	274	411.839893253232	12.039389627989
7	280	425.469240088952	11.756047538533
7	286	427.090710401404	11.894642620955
7	294	432.000920856431	12.792993021172
7	298	433.0833404942	13.010952402379
7	304	439.535529018824	13.15307819511
7	310	441.59004695218	13.168868894087
7	316	452.338874834998	12.914890979139
7	322	473.532672671305	13.004410319971
7	328	475.609268050962	13.133107937994
7	334	476.837026950146	13.18044643411
7	340	479.148591245456	13.216654781477
7	346	481.709684896349	13.437901022678
7	352	483.849709016771	13.387352171925
7	358	494.085686813321	13.435829933897
7	364	495.484151364502	13.662287285398
7	370	520.030460504111	13.306986477313
7	376	532.642831028357	13.098331982818
7	382	548.496221456929	12.914863273464
7	388	556.880638476761	12.754471920351
7	394	560.829072666797	12.749166531225
7	400	565.513102482905	12.69072269201
7	406	570.069552812747	12.647214782641
7	412	572.97849701349	12.69749308946
8	65	155.211205008197	11
8	73	160.7465277033	12
8	77	161.320078994574	13
8	83	175.985056481557	14
8	89	189.641955858641	15
8	95	199.959719308226	16
8	101	205.38454196901	17
8	107	216.96360722412	18
8	113	224.21498763374	19
8	121	237.306074663553	20
8	127	242.316085153011	21
8	131	242.379715922097	22
8	137	253.853834572537	23
8	143	255.545104463459	24
8	149	276.155915588087	25
8	155	289.527204619452	26
8	161	291.195562618465	27
8	167	293.547623306804	28
8	173	295.227974476191	29
8	179	297.340360769836	30
8	185	298.567517856189	31
8	195	309.128436585171	32
8	199	310.043714596112	33
8	203	310.401592759131	34
8	209	316.390399192052	35
8	215	320.234718944466	36
8	221	328.864220139007	37
8	227	342.532714749765	38
8	233	344.706736676823	39
8	239	355.331579762193	40
8	245	387.15866025444	41
8	251	391.565036159233	42
8	257	396.793929512111	43
8	263	405.879716407435	44
8	269	409.050981132477	45
8	275	411.839893253232	46
8	281	425.469240088952	47
8	287	427.090710401404	48
8	295	432.000920856431	49
8	299	433.0833404942	50
8	305	439.535529018824	51
8	311	441.59004695218	52
8	317	452.338874834998	53
8	323	473.532672671305	54
8	329	475.609268050962	55
8	335	476.837026950146	56
8	341	479.148591245456	57
8	347	481.709684896349	58
8	353	483.849709016771	59
8	359	494.085686813321	60
8	365	495.484151364502	61
8	371	520.030460504111	62
8	377	532.642831028357	63
8	383	548.496221456929	64
8	389	556.880638476761	65
8	395	560.829072666797	66
8	401	565.513102482905	67
8	407	570.069552812747	68
8	413	572.97849701349	69
9	65	155.211205008197	0.378219243619
9	73	160.7465277033	2.894647055688
9	77	161.320078994574	1.716949921541
9	83	175.985056481557	0.897318237922
9	89	189.641955858641	1.997683593526
9	95	199.959719308226	0.660221924486
9	101	205.38454196901	0.196571046435
9	107	216.96360722412	0.218820404196
9	113	224.21498763374	0.280715108956
9	121	237.306074663553	4.458152194204
9	127	242.316085153011	7.081698351765
9	131	242.379715922097	0.945588361322
9	137	253.853834572537	1.243096762153
9	143	255.545104463459	1.484583908594
9	149	276.155915588087	1.321838373062
9	155	289.527204619452	0.22731204513
9	161	291.195562618465	0.502013050343
9	167	293.547623306804	1.087594812642
9	173	295.227974476191	0.947659680236
9	179	297.340360769836	0.06814050915
9	185	298.567517856189	0.8896848587
9	195	309.128436585171	1.755391518552
9	199	310.043714596112	2.401387823209
9	203	310.401592759131	1.41479208588
9	209	316.390399192052	0.052507773842
9	215	320.234718944466	0.4031635563
9	221	328.864220139007	0.454847838072
9	227	342.532714749765	3.27142717276
9	233	344.706736676823	0.158090543775
9	239	355.331579762193	0.09307888019
9	245	387.15866025444	0.510192877613
9	251	391.565036159233	2.492877169651
9	257	396.793929512111	0.03737810151
9	263	405.879716407435	1.01387728677
9	269	409.050981132477	1.200683750032
9	275	411.839893253232	0.050336825896
9	281	425.469240088952	0.435356734444
9	287	427.090710401404	0.782547542852
9	295	432.000920856431	4.464933987018
9	299	433.0833404942	2.278650130392
9	305	439.535529018824	1.464184532803
9	311	441.59004695218	0.339962505336
9	317	452.338874834998	0.266658208735
9	323	473.532672671305	3.161059212094
9	329	475.609268050962	0.882146782937
9	335	476.837026950146	0.38697037893
9	341	479.148591245456	0.478166280057
9	347	481.709684896349	1.404255477802
9	353	483.849709016771	0.042993855882
9	359	494.085686813321	1.609848079058
9	365	495.484151364502	1.309955605067
9	371	520.030460504111	1.50591484416
9	377	532.642831028357	0.566943233584
9	383	548.496221456929	1.070210770499
9	389	556.880638476761	0.189647603114
9	395	560.829072666797	0.473847765423
9	401	565.513102482905	0.266667193277
9	407	570.069552812747	0.330221131578
9	413	572.97849701349	0.655984307711

