version 3
run ParameterStudy-423-20251130-20:04:01-476
attr configname ParameterStudy
attr datetime 20251130-20:04:01
attr datetimef 20251130-200401
attr experiment ParameterStudy
attr inifile omnetpp.ini
attr iterationvars $betaProducer=9.4s
attr iterationvarsd betaProducer=9.4s
attr iterationvarsf betaProducer=9.4s-
attr measurement $betaProducer=9.4s
attr network queue_sim
attr processid 476
attr repetition 3
attr replication #3
attr resultdir results
attr runnumber 423
attr seedset 423
itervar betaProducer 9.4s
config description "Parameter study: β_producer = 1s to 10s (0.1s steps), β_service = 1s, 5 repetitions"
config *.serviceUnit.meanServiceTime 1s
config *.producer.warmupPeriod 100s
config *.queue.warmupPeriod 100s
config *.serviceUnit.warmupPeriod 100s
config *.sink.warmupPeriod 100s
config *.producer.meanInterArrivalTime 9.4s
config network queue_sim
config sim-time-limit 600s
config warmup-period 100s
config repeat 5
config **.vector-recording true
config **.scalar-recording true
config debug-on-errors true

vector 0 queue_sim.producer jobGenerated:vector ETV
attr recordingmode vector
attr title "Jobs Generated"
vector 1 queue_sim.producer interArrivalTime:vector ETV
attr recordingmode vector
attr title "Inter-arrival Time"
attr unit s
vector 2 queue_sim.queue queueLength:vector ETV
attr recordingmode vector
attr title "Queue Length"
vector 3 queue_sim.queue queueingDelay:vector ETV
attr recordingmode vector
attr title "Queueing Delay"
attr unit s
vector 4 queue_sim.queue queueUtilization:vector ETV
attr recordingmode vector
attr title "Queue Utilization"
vector 5 queue_sim.queue systemSize:vector ETV
attr recordingmode vector
attr title "System Size"
vector 6 queue_sim.serviceUnit serviceTime:vector ETV
attr recordingmode vector
attr title "Service Time"
attr unit s
vector 7 queue_sim.serviceUnit utilization:vector ETV
attr recordingmode vector
attr title "Server Utilization"
vector 8 queue_sim.sink jobCompleted:vector ETV
attr recordingmode vector
attr title "Jobs Completed"
vector 9 queue_sim.sink totalDelay:vector ETV
attr recordingmode vector
attr title "Total System Delay"
attr unit s
0	22	103.893718133963	10
0	24	132.741053452814	11
0	26	133.880456569944	12
0	28	143.237687689786	13
0	30	159.653055992755	14
0	32	164.724667138231	15
0	34	169.679440484163	16
0	36	172.223740544267	17
0	38	179.377226788778	18
0	40	187.758651504177	19
0	42	204.946897583899	20
0	44	208.797964530619	21
0	46	228.544937203714	22
0	48	244.409132455701	23
0	50	258.36046776049	24
0	52	275.356985293999	25
0	54	285.841237331311	26
0	56	285.975063436064	27
0	58	287.236254778649	28
0	60	295.467756464161	29
0	62	297.21724927747	30
0	64	303.517331519392	31
0	66	312.86998505789	32
0	68	351.054607504287	33
0	70	368.106963545682	34
0	72	373.244005310097	35
0	74	396.523830731407	36
0	76	397.774657487635	37
0	78	403.246625282275	38
0	80	411.858860002247	39
0	82	420.031440808872	40
0	84	424.80605602895	41
0	86	428.837042505091	42
0	88	436.781928636693	43
0	90	455.181094019351	44
0	92	466.697359938743	45
0	94	468.169978850608	46
0	96	473.010440466146	47
0	98	474.061938504596	48
0	100	489.831432855449	49
0	102	516.543489974325	50
0	104	516.759976135475	51
0	106	533.410200063975	52
0	108	541.802938605335	53
0	110	550.401812145761	54
0	112	559.298734771675	55
0	114	577.167426855653	56
0	116	584.040119710606	57
0	118	584.062606420608	58
0	120	584.519887838953	59
0	122	587.456212570556	60
0	124	593.041658131653	61
0	126	593.362300373593	62
1	22	103.893718133963	28.847335318851
1	24	132.741053452814	1.1394031171299
1	26	133.880456569944	9.3572311198419
1	28	143.237687689786	16.415368302969
1	30	159.653055992755	5.0716111454755
1	32	164.724667138231	4.954773345932
1	34	169.679440484163	2.5443000601044
1	36	172.223740544267	7.1534862445113
1	38	179.377226788778	8.3814247153991
1	40	187.758651504177	17.188246079722
1	42	204.946897583899	3.8510669467204
1	44	208.797964530619	19.746972673095
1	46	228.544937203714	15.864195251987
1	48	244.409132455701	13.951335304789
1	50	258.36046776049	16.996517533509
1	52	275.356985293999	10.484252037312
1	54	285.841237331311	0.13382610475331
1	56	285.975063436064	1.2611913425854
1	58	287.236254778649	8.2315016855125
1	60	295.467756464161	1.7494928133089
1	62	297.21724927747	6.3000822419221
1	64	303.517331519392	9.352653538498
1	66	312.86998505789	38.184622446397
1	68	351.054607504287	17.052356041395
1	70	368.106963545682	5.1370417644149
1	72	373.244005310097	23.27982542131
1	74	396.523830731407	1.2508267562281
1	76	397.774657487635	5.47196779464
1	78	403.246625282275	8.6122347199723
1	80	411.858860002247	8.1725808066248
1	82	420.031440808872	4.7746152200783
1	84	424.80605602895	4.0309864761408
1	86	428.837042505091	7.9448861316024
1	88	436.781928636693	18.399165382658
1	90	455.181094019351	11.516265919392
1	92	466.697359938743	1.4726189118646
1	94	468.169978850608	4.8404616155381
1	96	473.010440466146	1.0514980384503
1	98	474.061938504596	15.769494350853
1	100	489.831432855449	26.712057118876
1	102	516.543489974325	0.21648616115009
1	104	516.759976135475	16.6502239285
1	106	533.410200063975	8.3927385413601
1	108	541.802938605335	8.5988735404259
1	110	550.401812145761	8.896922625914
1	112	559.298734771675	17.868692083978
1	114	577.167426855653	6.8726928549525
1	116	584.040119710606	0.022486710002232
1	118	584.062606420608	0.4572814183451
1	120	584.519887838953	2.9363247316034
1	122	587.456212570556	5.585445561097
1	124	593.041658131653	0.3206422419404
1	126	593.362300373593	12.868756565022
2	23	103.893718133963	9
2	25	132.741053452814	10
2	27	133.880456569944	11
2	29	143.237687689786	12
2	31	159.653055992755	13
2	33	164.724667138231	14
2	35	169.679440484163	15
2	37	172.223740544267	16
2	39	179.377226788778	17
2	41	187.758651504177	18
2	43	204.946897583899	19
2	45	208.797964530619	20
2	47	228.544937203714	21
2	49	244.409132455701	22
2	51	258.36046776049	23
2	53	275.356985293999	24
2	55	285.841237331311	25
2	57	285.975063436064	26
2	59	287.236254778649	27
2	61	295.467756464161	28
2	63	297.21724927747	29
2	65	303.517331519392	30
2	67	312.86998505789	31
2	69	351.054607504287	32
2	71	368.106963545682	33
2	73	373.244005310097	34
2	75	396.523830731407	35
2	77	397.774657487635	36
2	79	403.246625282275	37
2	81	411.858860002247	38
2	83	420.031440808872	39
2	85	424.80605602895	40
2	87	428.837042505091	41
2	89	436.781928636693	42
2	91	455.181094019351	43
2	93	466.697359938743	44
2	95	468.169978850608	45
2	97	473.010440466146	46
2	99	474.061938504596	47
2	101	489.831432855449	48
2	103	516.543489974325	49
2	105	516.759976135475	50
2	107	533.410200063975	51
2	109	541.802938605335	52
2	111	550.401812145761	53
2	113	559.298734771675	54
2	115	577.167426855653	55
2	117	584.040119710606	56
2	119	584.062606420608	57
2	121	584.519887838953	58
2	123	587.456212570556	59
2	125	593.041658131653	60
2	127	593.362300373593	61
4	128	600	1.0050539558678
5	23	103.893718133963	10
5	25	132.741053452814	11
5	27	133.880456569944	12
5	29	143.237687689786	13
5	31	159.653055992755	14
5	33	164.724667138231	15
5	35	169.679440484163	16
5	37	172.223740544267	17
5	39	179.377226788778	18
5	41	187.758651504177	19
5	43	204.946897583899	20
5	45	208.797964530619	21
5	47	228.544937203714	22
5	49	244.409132455701	23
5	51	258.36046776049	24
5	53	275.356985293999	25
5	55	285.841237331311	26
5	57	285.975063436064	27
5	59	287.236254778649	28
5	61	295.467756464161	29
5	63	297.21724927747	30
5	65	303.517331519392	31
5	67	312.86998505789	32
5	69	351.054607504287	33
5	71	368.106963545682	34
5	73	373.244005310097	35
5	75	396.523830731407	36
5	77	397.774657487635	37
5	79	403.246625282275	38
5	81	411.858860002247	39
5	83	420.031440808872	40
5	85	424.80605602895	41
5	87	428.837042505091	42
5	89	436.781928636693	43
5	91	455.181094019351	44
5	93	466.697359938743	45
5	95	468.169978850608	46
5	97	473.010440466146	47
5	99	474.061938504596	48
5	101	489.831432855449	49
5	103	516.543489974325	50
5	105	516.759976135475	51
5	107	533.410200063975	52
5	109	541.802938605335	53
5	111	550.401812145761	54
5	113	559.298734771675	55
5	115	577.167426855653	56
5	117	584.040119710606	57
5	119	584.062606420608	58
5	121	584.519887838953	59
5	123	587.456212570556	60
5	125	593.041658131653	61
5	127	593.362300373593	62

