version 3
run ParameterStudy-334-20251130-20:04:00-476
attr configname ParameterStudy
attr datetime 20251130-20:04:00
attr datetimef 20251130-200400
attr experiment ParameterStudy
attr inifile omnetpp.ini
attr iterationvars $betaProducer=7.6s
attr iterationvarsd betaProducer=7.6s
attr iterationvarsf betaProducer=7.6s-
attr measurement $betaProducer=7.6s
attr network queue_sim
attr processid 476
attr repetition 4
attr replication #4
attr resultdir results
attr runnumber 334
attr seedset 334
itervar betaProducer 7.6s
config description "Parameter study: β_producer = 1s to 10s (0.1s steps), β_service = 1s, 5 repetitions"
config *.serviceUnit.meanServiceTime 1s
config *.producer.warmupPeriod 100s
config *.queue.warmupPeriod 100s
config *.serviceUnit.warmupPeriod 100s
config *.sink.warmupPeriod 100s
config *.producer.meanInterArrivalTime 7.6s
config network queue_sim
config sim-time-limit 600s
config warmup-period 100s
config repeat 5
config **.vector-recording true
config **.scalar-recording true
config debug-on-errors true

vector 0 queue_sim.producer jobGenerated:vector ETV
attr recordingmode vector
attr title "Jobs Generated"
vector 1 queue_sim.producer interArrivalTime:vector ETV
attr recordingmode vector
attr title "Inter-arrival Time"
attr unit s
vector 2 queue_sim.queue queueLength:vector ETV
attr recordingmode vector
attr title "Queue Length"
vector 3 queue_sim.queue queueingDelay:vector ETV
attr recordingmode vector
attr title "Queueing Delay"
attr unit s
vector 4 queue_sim.queue queueUtilization:vector ETV
attr recordingmode vector
attr title "Queue Utilization"
vector 5 queue_sim.queue systemSize:vector ETV
attr recordingmode vector
attr title "System Size"
vector 6 queue_sim.serviceUnit serviceTime:vector ETV
attr recordingmode vector
attr title "Service Time"
attr unit s
vector 7 queue_sim.serviceUnit utilization:vector ETV
attr recordingmode vector
attr title "Server Utilization"
vector 8 queue_sim.sink jobCompleted:vector ETV
attr recordingmode vector
attr title "Jobs Completed"
vector 9 queue_sim.sink totalDelay:vector ETV
attr recordingmode vector
attr title "Total System Delay"
attr unit s
0	40	103.515115378597	19
0	42	113.602357146328	20
0	44	126.758200353484	21
0	46	133.459422850567	22
0	48	140.597227475267	23
0	50	152.458870033114	24
0	52	163.366733109974	25
0	54	176.35282170074	26
0	56	176.385647434128	27
0	58	184.577958029088	28
0	60	190.197347544997	29
0	62	192.227847671943	30
0	64	192.841255928634	31
0	66	193.905273106711	32
0	68	199.585195783556	33
0	70	202.393224059857	34
0	72	212.348601975141	35
0	74	212.64914931034	36
0	76	219.778252703046	37
0	78	222.758062107747	38
0	80	228.435338919422	39
0	82	236.546862621466	40
0	84	260.659349642587	41
0	86	263.527350216605	42
0	88	266.380443788967	43
0	90	276.603680767675	44
0	92	282.959783420818	45
0	94	284.880249955577	46
0	96	285.125945076297	47
0	98	289.81820654767	48
0	100	295.593756407454	49
0	102	298.302238678913	50
0	104	298.871217856503	51
0	106	310.820138723738	52
0	108	313.495953140954	53
0	110	329.632405055484	54
0	112	337.432095235888	55
0	114	349.34768406802	56
0	116	351.21139432338	57
0	118	385.019373035576	58
0	120	389.845335538511	59
0	122	391.463860479887	60
0	124	411.565486480962	61
0	126	420.50791708555	62
0	128	425.46860979715	63
0	130	426.481032095987	64
0	132	449.731463446574	65
0	134	465.817118199328	66
0	136	470.212665814519	67
0	138	475.071302424647	68
0	140	486.092309815588	69
0	142	494.251501138625	70
0	144	494.9208185193	71
0	146	495.206428183793	72
0	148	496.971149638325	73
0	150	510.464176558215	74
0	152	512.961571121947	75
0	154	528.298071172819	76
0	156	529.527494630649	77
0	158	529.567454328802	78
0	160	550.797439675777	79
0	162	556.453720584918	80
0	164	564.602935925039	81
0	166	564.763549213263	82
0	168	565.746489336457	83
0	170	573.200462848496	84
0	172	573.654569056177	85
0	174	589.946932204717	86
0	176	590.345412002092	87
0	178	595.895684568752	88
1	40	103.515115378597	10.087241767731
1	42	113.602357146328	13.155843207156
1	44	126.758200353484	6.7012224970827
1	46	133.459422850567	7.1378046246996
1	48	140.597227475267	11.861642557847
1	50	152.458870033114	10.90786307686
1	52	163.366733109974	12.986088590766
1	54	176.35282170074	0.032825733388086
1	56	176.385647434128	8.1923105949596
1	58	184.577958029088	5.6193895159091
1	60	190.197347544997	2.030500126946
1	62	192.227847671943	0.61340825669128
1	64	192.841255928634	1.0640171780768
1	66	193.905273106711	5.6799226768446
1	68	199.585195783556	2.8080282763012
1	70	202.393224059857	9.9553779152839
1	72	212.348601975141	0.3005473351993
1	74	212.64914931034	7.1291033927057
1	76	219.778252703046	2.9798094047007
1	78	222.758062107747	5.6772768116745
1	80	228.435338919422	8.1115237020443
1	82	236.546862621466	24.112487021121
1	84	260.659349642587	2.8680005740182
1	86	263.527350216605	2.8530935723625
1	88	266.380443788967	10.223236978708
1	90	276.603680767675	6.3561026531429
1	92	282.959783420818	1.9204665347595
1	94	284.880249955577	0.24569512072003
1	96	285.125945076297	4.6922614713728
1	98	289.81820654767	5.7755498597842
1	100	295.593756407454	2.7084822714586
1	102	298.302238678913	0.56897917759022
1	104	298.871217856503	11.948920867235
1	106	310.820138723738	2.6758144172157
1	108	313.495953140954	16.13645191453
1	110	329.632405055484	7.7996901804043
1	112	337.432095235888	11.915588832132
1	114	349.34768406802	1.8637102553599
1	116	351.21139432338	33.807978712196
1	118	385.019373035576	4.8259625029348
1	120	389.845335538511	1.618524941376
1	122	391.463860479887	20.101626001075
1	124	411.565486480962	8.9424306045877
1	126	420.50791708555	4.9606927116002
1	128	425.46860979715	1.0124222988365
1	130	426.481032095987	23.250431350587
1	132	449.731463446574	16.085654752754
1	134	465.817118199328	4.395547615191
1	136	470.212665814519	4.8586366101281
1	138	475.071302424647	11.021007390941
1	140	486.092309815588	8.1591913230371
1	142	494.251501138625	0.6693173806746
1	144	494.9208185193	0.28560966449272
1	146	495.206428183793	1.7647214545317
1	148	496.971149638325	13.49302691989
1	150	510.464176558215	2.4973945637323
1	152	512.961571121947	15.336500050872
1	154	528.298071172819	1.2294234578299
1	156	529.527494630649	0.039959698152947
1	158	529.567454328802	21.229985346975
1	160	550.797439675777	5.6562809091413
1	162	556.453720584918	8.1492153401206
1	164	564.602935925039	0.16061328822443
1	166	564.763549213263	0.98294012319361
1	168	565.746489336457	7.4539735120386
1	170	573.200462848496	0.45410620768129
1	172	573.654569056177	16.29236314854
1	174	589.946932204717	0.39847979737492
1	176	590.345412002092	5.5502725666602
1	178	595.895684568752	17.426455469531
2	41	103.515115378597	18
2	43	113.602357146328	19
2	45	126.758200353484	20
2	47	133.459422850567	21
2	49	140.597227475267	22
2	51	152.458870033114	23
2	53	163.366733109974	24
2	55	176.35282170074	25
2	57	176.385647434128	26
2	59	184.577958029088	27
2	61	190.197347544997	28
2	63	192.227847671943	29
2	65	192.841255928634	30
2	67	193.905273106711	31
2	69	199.585195783556	32
2	71	202.393224059857	33
2	73	212.348601975141	34
2	75	212.64914931034	35
2	77	219.778252703046	36
2	79	222.758062107747	37
2	81	228.435338919422	38
2	83	236.546862621466	39
2	85	260.659349642587	40
2	87	263.527350216605	41
2	89	266.380443788967	42
2	91	276.603680767675	43
2	93	282.959783420818	44
2	95	284.880249955577	45
2	97	285.125945076297	46
2	99	289.81820654767	47
2	101	295.593756407454	48
2	103	298.302238678913	49
2	105	298.871217856503	50
2	107	310.820138723738	51
2	109	313.495953140954	52
2	111	329.632405055484	53
2	113	337.432095235888	54
2	115	349.34768406802	55
2	117	351.21139432338	56
2	119	385.019373035576	57
2	121	389.845335538511	58
2	123	391.463860479887	59
2	125	411.565486480962	60
2	127	420.50791708555	61
2	129	425.46860979715	62
2	131	426.481032095987	63
2	133	449.731463446574	64
2	135	465.817118199328	65
2	137	470.212665814519	66
2	139	475.071302424647	67
2	141	486.092309815588	68
2	143	494.251501138625	69
2	145	494.9208185193	70
2	147	495.206428183793	71
2	149	496.971149638325	72
2	151	510.464176558215	73
2	153	512.961571121947	74
2	155	528.298071172819	75
2	157	529.527494630649	76
2	159	529.567454328802	77
2	161	550.797439675777	78
2	163	556.453720584918	79
2	165	564.602935925039	80
2	167	564.763549213263	81
2	169	565.746489336457	82
2	171	573.200462848496	83
2	173	573.654569056177	84
2	175	589.946932204717	85
2	177	590.345412002092	86
2	179	595.895684568752	87
4	180	600	1.0067593000907
5	41	103.515115378597	19
5	43	113.602357146328	20
5	45	126.758200353484	21
5	47	133.459422850567	22
5	49	140.597227475267	23
5	51	152.458870033114	24
5	53	163.366733109974	25
5	55	176.35282170074	26
5	57	176.385647434128	27
5	59	184.577958029088	28
5	61	190.197347544997	29
5	63	192.227847671943	30
5	65	192.841255928634	31
5	67	193.905273106711	32
5	69	199.585195783556	33
5	71	202.393224059857	34
5	73	212.348601975141	35
5	75	212.64914931034	36
5	77	219.778252703046	37
5	79	222.758062107747	38
5	81	228.435338919422	39
5	83	236.546862621466	40
5	85	260.659349642587	41
5	87	263.527350216605	42
5	89	266.380443788967	43
5	91	276.603680767675	44
5	93	282.959783420818	45
5	95	284.880249955577	46
5	97	285.125945076297	47
5	99	289.81820654767	48
5	101	295.593756407454	49
5	103	298.302238678913	50
5	105	298.871217856503	51
5	107	310.820138723738	52
5	109	313.495953140954	53
5	111	329.632405055484	54
5	113	337.432095235888	55
5	115	349.34768406802	56
5	117	351.21139432338	57
5	119	385.019373035576	58
5	121	389.845335538511	59
5	123	391.463860479887	60
5	125	411.565486480962	61
5	127	420.50791708555	62
5	129	425.46860979715	63
5	131	426.481032095987	64
5	133	449.731463446574	65
5	135	465.817118199328	66
5	137	470.212665814519	67
5	139	475.071302424647	68
5	141	486.092309815588	69
5	143	494.251501138625	70
5	145	494.9208185193	71
5	147	495.206428183793	72
5	149	496.971149638325	73
5	151	510.464176558215	74
5	153	512.961571121947	75
5	155	528.298071172819	76
5	157	529.527494630649	77
5	159	529.567454328802	78
5	161	550.797439675777	79
5	163	556.453720584918	80
5	165	564.602935925039	81
5	167	564.763549213263	82
5	169	565.746489336457	83
5	171	573.200462848496	84
5	173	573.654569056177	85
5	175	589.946932204717	86
5	177	590.345412002092	87
5	179	595.895684568752	88

