version 3
run ParameterStudy-435-20251202-16:16:53-1431
attr configname ParameterStudy
attr datetime 20251202-16:16:53
attr datetimef 20251202-161653
attr experiment ParameterStudy
attr inifile omnetpp.ini
attr iterationvars $betaProducer=9.7s
attr iterationvarsd betaProducer=9.7s
attr iterationvarsf betaProducer=9.7s-
attr measurement $betaProducer=9.7s
attr network queue_sim
attr processid 1431
attr repetition 0
attr replication #0
attr resultdir results
attr runnumber 435
attr seedset 435
itervar betaProducer 9.7s
config description "Parameter study: β_producer = 1s to 10s (0.1s steps), β_service = 1s, 5 repetitions"
config *.serviceUnit.meanServiceTime 1s
config *.producer.warmupPeriod 100s
config *.queue.warmupPeriod 100s
config *.serviceUnit.warmupPeriod 100s
config *.sink.warmupPeriod 100s
config *.producer.meanInterArrivalTime 9.7s
config network queue_sim
config sim-time-limit 600s
config warmup-period 100s
config repeat 5
config **.vector-recording true
config **.scalar-recording true
config debug-on-errors true

vector 0 queue_sim.producer jobGenerated:vector ETV
attr recordingmode vector
attr title "Jobs Generated"
vector 1 queue_sim.producer interArrivalTime:vector ETV
attr recordingmode vector
attr title "Inter-arrival Time"
attr unit s
vector 2 queue_sim.queue queueLength:vector ETV
attr recordingmode vector
attr title "Queue Length"
vector 3 queue_sim.queue queueingDelay:vector ETV
attr recordingmode vector
attr title "Queueing Delay"
attr unit s
vector 4 queue_sim.queue queueUtilization:vector ETV
attr recordingmode vector
attr title "Queue Utilization"
vector 5 queue_sim.queue systemSize:vector ETV
attr recordingmode vector
attr title "System Size"
vector 6 queue_sim.serviceUnit serviceTime:vector ETV
attr recordingmode vector
attr title "Service Time"
attr unit s
vector 7 queue_sim.serviceUnit utilization:vector ETV
attr recordingmode vector
attr title "Server Utilization"
vector 8 queue_sim.sink jobCompleted:vector ETV
attr recordingmode vector
attr title "Jobs Completed"
vector 9 queue_sim.sink totalDelay:vector ETV
attr recordingmode vector
attr title "Total System Delay"
attr unit s
0	49	107.760847568994	9
0	52	107.936481145822	10
0	61	124.944042447522	11
0	67	147.283722956685	12
0	73	155.797802984217	13
0	79	168.27882330014	14
0	85	174.766522071041	15
0	91	184.78657038108	16
0	97	186.094380721953	17
0	103	187.251177734434	18
0	109	196.535460000648	19
0	115	198.815788240833	20
0	121	201.907081935474	21
0	127	216.741168479612	22
0	133	256.166277025785	23
0	139	280.988536032322	24
0	145	296.636624588322	25
0	148	296.75061530422	26
0	150	297.966987038572	27
0	163	299.924845096634	28
0	169	301.253809061861	29
0	175	313.915443508319	30
0	181	319.633391230892	31
0	187	325.628701918092	32
0	193	328.9541324358	33
0	199	365.127437804152	34
0	205	368.865461172771	35
0	211	386.645029290329	36
0	217	401.88628517839	37
0	223	407.695898271307	38
0	229	411.463530766796	39
0	235	417.738969138054	40
0	241	419.098333973967	41
0	247	425.204300702091	42
0	253	426.960916724833	43
0	259	428.005292784699	44
0	262	429.34397305524	45
0	264	431.561539743291	46
0	277	437.358925339638	47
0	283	439.901384934055	48
0	289	451.908736171953	49
0	295	470.581503968484	50
0	301	479.713067027206	51
0	307	485.853461069653	52
0	313	506.384383723204	53
0	319	509.298607122348	54
0	325	511.042101251432	55
0	331	525.054034744327	56
0	334	525.848633907266	57
0	343	536.222343084037	58
0	349	551.62420588366	59
0	355	559.711008238207	60
0	361	564.116854600625	61
0	367	569.23160129931	62
0	370	572.760704290052	63
0	376	573.336412766013	64
1	49	107.760847568994	0.17563357682794
1	52	107.936481145822	17.0075613017
1	61	124.944042447522	22.339680509163
1	67	147.283722956685	8.5140800275323
1	73	155.797802984217	12.481020315923
1	79	168.27882330014	6.487698770901
1	85	174.766522071041	10.020048310039
1	91	184.78657038108	1.3078103408726
1	97	186.094380721953	1.1567970124815
1	103	187.251177734434	9.2842822662136
1	109	196.535460000648	2.2803282401855
1	115	198.815788240833	3.091293694641
1	121	201.907081935474	14.834086544138
1	127	216.741168479612	39.425108546173
1	133	256.166277025785	24.822259006537
1	139	280.988536032322	15.648088556
1	145	296.636624588322	0.11399071589786
1	148	296.75061530422	1.2163717343524
1	150	297.966987038572	1.9578580580623
1	163	299.924845096634	1.3289639652274
1	169	301.253809061861	12.661634446458
1	175	313.915443508319	5.7179477225726
1	181	319.633391230892	5.9953106872
1	187	325.628701918092	3.3254305177076
1	193	328.9541324358	36.173305368352
1	199	365.127437804152	3.7380233686185
1	205	368.865461172771	17.779568117558
1	211	386.645029290329	15.241255888061
1	217	401.88628517839	5.8096130929169
1	223	407.695898271307	3.7676324954894
1	229	411.463530766796	6.2754383712576
1	235	417.738969138054	1.3593648359128
1	241	419.098333973967	6.1059667281243
1	247	425.204300702091	1.7566160227418
1	253	426.960916724833	1.0443760598657
1	259	428.005292784699	1.338680270541
1	262	429.34397305524	2.2175666880508
1	264	431.561539743291	5.7973855963469
1	277	437.358925339638	2.5424595944171
1	283	439.901384934055	12.007351237898
1	289	451.908736171953	18.672767796531
1	295	470.581503968484	9.1315630587217
1	301	479.713067027206	6.1403940424471
1	307	485.853461069653	20.530922653551
1	313	506.384383723204	2.9142233991444
1	319	509.298607122348	1.7434941290843
1	325	511.042101251432	14.011933492895
1	331	525.054034744327	0.79459916293869
1	334	525.848633907266	10.373709176771
1	343	536.222343084037	15.401862799623
1	349	551.62420588366	8.0868023545465
1	355	559.711008238207	4.4058463624176
1	361	564.116854600625	5.1147466986854
1	367	569.23160129931	3.5291029907416
1	370	572.760704290052	0.57570847596122
1	376	573.336412766013	32.431923561951
2	50	107.760847568994	1
2	50	107.760847568994	0
2	53	107.936481145822	1
2	56	108.167707871493	0
2	62	124.944042447522	1
2	62	124.944042447522	0
2	68	147.283722956685	1
2	68	147.283722956685	0
2	74	155.797802984217	1
2	74	155.797802984217	0
2	80	168.27882330014	1
2	80	168.27882330014	0
2	86	174.766522071041	1
2	86	174.766522071041	0
2	92	184.78657038108	1
2	92	184.78657038108	0
2	98	186.094380721953	1
2	98	186.094380721953	0
2	104	187.251177734434	1
2	104	187.251177734434	0
2	110	196.535460000648	1
2	110	196.535460000648	0
2	116	198.815788240833	1
2	116	198.815788240833	0
2	122	201.907081935474	1
2	122	201.907081935474	0
2	128	216.741168479612	1
2	128	216.741168479612	0
2	134	256.166277025785	1
2	134	256.166277025785	0
2	140	280.988536032322	1
2	140	280.988536032322	0
2	146	296.636624588322	1
2	146	296.636624588322	0
2	149	296.75061530422	1
2	151	297.966987038572	2
2	154	298.4850129379	1
2	158	298.501482793521	0
2	164	299.924845096634	1
2	164	299.924845096634	0
2	170	301.253809061861	1
2	170	301.253809061861	0
2	176	313.915443508319	1
2	176	313.915443508319	0
2	182	319.633391230892	1
2	182	319.633391230892	0
2	188	325.628701918092	1
2	188	325.628701918092	0
2	194	328.9541324358	1
2	194	328.9541324358	0
2	200	365.127437804152	1
2	200	365.127437804152	0
2	206	368.865461172771	1
2	206	368.865461172771	0
2	212	386.645029290329	1
2	212	386.645029290329	0
2	218	401.88628517839	1
2	218	401.88628517839	0
2	224	407.695898271307	1
2	224	407.695898271307	0
2	230	411.463530766796	1
2	230	411.463530766796	0
2	236	417.738969138054	1
2	236	417.738969138054	0
2	242	419.098333973967	1
2	242	419.098333973967	0
2	248	425.204300702091	1
2	248	425.204300702091	0
2	254	426.960916724833	1
2	254	426.960916724833	0
2	260	428.005292784699	1
2	260	428.005292784699	0
2	263	429.34397305524	1
2	265	431.561539743291	2
2	268	431.941670707404	1
2	272	432.026890430356	0
2	278	437.358925339638	1
2	278	437.358925339638	0
2	284	439.901384934055	1
2	284	439.901384934055	0
2	290	451.908736171953	1
2	290	451.908736171953	0
2	296	470.581503968484	1
2	296	470.581503968484	0
2	302	479.713067027206	1
2	302	479.713067027206	0
2	308	485.853461069653	1
2	308	485.853461069653	0
2	314	506.384383723204	1
2	314	506.384383723204	0
2	320	509.298607122348	1
2	320	509.298607122348	0
2	326	511.042101251432	1
2	326	511.042101251432	0
2	332	525.054034744327	1
2	332	525.054034744327	0
2	335	525.848633907266	1
2	338	526.575201432604	0
2	344	536.222343084037	1
2	344	536.222343084037	0
2	350	551.62420588366	1
2	350	551.62420588366	0
2	356	559.711008238207	1
2	356	559.711008238207	0
2	362	564.116854600625	1
2	362	564.116854600625	0
2	368	569.23160129931	1
2	368	569.23160129931	0
2	371	572.760704290052	1
2	374	573.021876532521	0
2	377	573.336412766013	1
2	380	573.995881947369	0
3	50	107.760847568994	0
3	56	108.167707871493	0.231226725671
3	62	124.944042447522	0
3	68	147.283722956685	0
3	74	155.797802984217	0
3	80	168.27882330014	0
3	86	174.766522071041	0
3	92	184.78657038108	0
3	98	186.094380721953	0
3	104	187.251177734434	0
3	110	196.535460000648	0
3	116	198.815788240833	0
3	122	201.907081935474	0
3	128	216.741168479612	0
3	134	256.166277025785	0
3	140	280.988536032322	0
3	146	296.636624588322	0
3	154	298.4850129379	1.73439763368
3	158	298.501482793521	0.534495754949
3	164	299.924845096634	0
3	170	301.253809061861	0
3	176	313.915443508319	0
3	182	319.633391230892	0
3	188	325.628701918092	0
3	194	328.9541324358	0
3	200	365.127437804152	0
3	206	368.865461172771	0
3	212	386.645029290329	0
3	218	401.88628517839	0
3	224	407.695898271307	0
3	230	411.463530766796	0
3	236	417.738969138054	0
3	242	419.098333973967	0
3	248	425.204300702091	0
3	254	426.960916724833	0
3	260	428.005292784699	0
3	268	431.941670707404	2.597697652164
3	272	432.026890430356	0.465350687065
3	278	437.358925339638	0
3	284	439.901384934055	0
3	290	451.908736171953	0
3	296	470.581503968484	0
3	302	479.713067027206	0
3	308	485.853461069653	0
3	314	506.384383723204	0
3	320	509.298607122348	0
3	326	511.042101251432	0
3	332	525.054034744327	0
3	338	526.575201432604	0.726567525338
3	344	536.222343084037	0
3	350	551.62420588366	0
3	356	559.711008238207	0
3	362	564.116854600625	0
3	368	569.23160129931	0
3	374	573.021876532521	0.261172242469
3	380	573.995881947369	0.659469181356
4	385	600	0.012624441078502
5	50	107.760847568994	1
5	50	107.760847568994	1
5	53	107.936481145822	2
5	56	108.167707871493	1
5	56	108.167707871493	1
5	60	113.89377726446	0
5	62	124.944042447522	1
5	62	124.944042447522	1
5	66	126.374468160294	0
5	68	147.283722956685	1
5	68	147.283722956685	1
5	72	147.772437798501	0
5	74	155.797802984217	1
5	74	155.797802984217	1
5	78	156.414153070911	0
5	80	168.27882330014	1
5	80	168.27882330014	1
5	84	168.441487614619	0
5	86	174.766522071041	1
5	86	174.766522071041	1
5	90	175.299018214896	0
5	92	184.78657038108	1
5	92	184.78657038108	1
5	96	185.90186889488	0
5	98	186.094380721953	1
5	98	186.094380721953	1
5	102	186.216474536858	0
5	104	187.251177734434	1
5	104	187.251177734434	1
5	108	191.496038740116	0
5	110	196.535460000648	1
5	110	196.535460000648	1
5	114	196.568735856581	0
5	116	198.815788240833	1
5	116	198.815788240833	1
5	120	199.153140344555	0
5	122	201.907081935474	1
5	122	201.907081935474	1
5	126	203.545773354269	0
5	128	216.741168479612	1
5	128	216.741168479612	1
5	132	218.016360307034	0
5	134	256.166277025785	1
5	134	256.166277025785	1
5	138	256.802109852733	0
5	140	280.988536032322	1
5	140	280.988536032322	1
5	144	282.661899283639	0
5	146	296.636624588322	1
5	146	296.636624588322	1
5	149	296.75061530422	2
5	151	297.966987038572	3
5	154	298.4850129379	2
5	154	298.4850129379	2
5	158	298.501482793521	1
5	158	298.501482793521	1
5	162	298.877087866743	0
5	164	299.924845096634	1
5	164	299.924845096634	1
5	168	300.001676420819	0
5	170	301.253809061861	1
5	170	301.253809061861	1
5	174	304.053170749945	0
5	176	313.915443508319	1
5	176	313.915443508319	1
5	180	314.51282853066	0
5	182	319.633391230892	1
5	182	319.633391230892	1
5	186	320.700633200388	0
5	188	325.628701918092	1
5	188	325.628701918092	1
5	192	325.637677218174	0
5	194	328.9541324358	1
5	194	328.9541324358	1
5	198	329.135248685592	0
5	200	365.127437804152	1
5	200	365.127437804152	1
5	204	365.386113306747	0
5	206	368.865461172771	1
5	206	368.865461172771	1
5	210	369.886358802316	0
5	212	386.645029290329	1
5	212	386.645029290329	1
5	216	388.534900490893	0
5	218	401.88628517839	1
5	218	401.88628517839	1
5	222	402.440264359332	0
5	224	407.695898271307	1
5	224	407.695898271307	1
5	228	408.126793016981	0
5	230	411.463530766796	1
5	230	411.463530766796	1
5	234	412.60464847599	0
5	236	417.738969138054	1
5	236	417.738969138054	1
5	240	418.978577144221	0
5	242	419.098333973967	1
5	242	419.098333973967	1
5	246	420.651147231492	0
5	248	425.204300702091	1
5	248	425.204300702091	1
5	252	426.144320826924	0
5	254	426.960916724833	1
5	254	426.960916724833	1
5	258	427.450022435686	0
5	260	428.005292784699	1
5	260	428.005292784699	1
5	263	429.34397305524	2
5	265	431.561539743291	3
5	268	431.941670707404	2
5	268	431.941670707404	2
5	272	432.026890430356	1
5	272	432.026890430356	1
5	276	432.703809929889	0
5	278	437.358925339638	1
5	278	437.358925339638	1
5	282	437.879405163404	0
5	284	439.901384934055	1
5	284	439.901384934055	1
5	288	441.058092126873	0
5	290	451.908736171953	1
5	290	451.908736171953	1
5	294	453.548512884182	0
5	296	470.581503968484	1
5	296	470.581503968484	1
5	300	470.757998450227	0
5	302	479.713067027206	1
5	302	479.713067027206	1
5	306	482.653968191058	0
5	308	485.853461069653	1
5	308	485.853461069653	1
5	312	487.476061353866	0
5	314	506.384383723204	1
5	314	506.384383723204	1
5	318	507.839883801701	0
5	320	509.298607122348	1
5	320	509.298607122348	1
5	324	510.647055627994	0
5	326	511.042101251432	1
5	326	511.042101251432	1
5	330	512.047649676766	0
5	332	525.054034744327	1
5	332	525.054034744327	1
5	335	525.848633907266	2
5	338	526.575201432604	1
5	338	526.575201432604	1
5	342	527.254455233924	0
5	344	536.222343084037	1
5	344	536.222343084037	1
5	348	537.146003039694	0
5	350	551.62420588366	1
5	350	551.62420588366	1
5	354	552.333477116913	0
5	356	559.711008238207	1
5	356	559.711008238207	1
5	360	560.868956718878	0
5	362	564.116854600625	1
5	362	564.116854600625	1
5	366	564.250623730684	0
5	368	569.23160129931	1
5	368	569.23160129931	1
5	371	572.760704290052	2
5	374	573.021876532521	1
5	374	573.021876532521	1
5	377	573.336412766013	2
5	380	573.995881947369	1
5	380	573.995881947369	1
5	384	574.395090150362	0
6	51	107.760847568994	0.40686030249854
6	57	108.167707871493	5.7260693929667
6	63	124.944042447522	1.4304257127718
6	69	147.283722956685	0.48871484181641
6	75	155.797802984217	0.61635008669381
6	81	168.27882330014	0.16266431447946
6	87	174.766522071041	0.53249614385507
6	93	184.78657038108	1.1152985137999
6	99	186.094380721953	0.12209381490464
6	105	187.251177734434	4.2448610056816
6	111	196.535460000648	0.033275855933401
6	117	198.815788240833	0.33735210372174
6	123	201.907081935474	1.6386914187952
6	129	216.741168479612	1.2751918274223
6	135	256.166277025785	0.63583282694799
6	141	280.988536032322	1.6733632513169
6	147	296.636624588322	1.8483883495781
6	155	298.4850129379	0.016469855620967
6	159	298.501482793521	0.37560507322177
6	165	299.924845096634	0.076831324184768
6	171	301.253809061861	2.7993616880836
6	177	313.915443508319	0.59738502234106
6	183	319.633391230892	1.0672419694962
6	189	325.628701918092	0.0089753000817579
6	195	328.9541324358	0.1811162497915
6	201	365.127437804152	0.25867550259516
6	207	368.865461172771	1.0208976295452
6	213	386.645029290329	1.889871200564
6	219	401.88628517839	0.55397918094199
6	225	407.695898271307	0.43089474567356
6	231	411.463530766796	1.1411177091941
6	237	417.738969138054	1.2396080061672
6	243	419.098333973967	1.5528132575247
6	249	425.204300702091	0.94002012483286
6	255	426.960916724833	0.48910571085338
6	261	428.005292784699	3.936377922705
6	269	431.941670707404	0.085219722951923
6	273	432.026890430356	0.6769194995326
6	279	437.358925339638	0.52047982376644
6	285	439.901384934055	1.1567071928185
6	291	451.908736171953	1.6397767122287
6	297	470.581503968484	0.17649448174278
6	303	479.713067027206	2.9409011638519
6	309	485.853461069653	1.6226002842132
6	315	506.384383723204	1.4555000784973
6	321	509.298607122348	1.3484485056463
6	327	511.042101251432	1.0055484253344
6	333	525.054034744327	1.5211666882767
6	339	526.575201432604	0.67925380131957
6	345	536.222343084037	0.92365995565742
6	351	551.62420588366	0.70927123325289
6	357	559.711008238207	1.1579484806715
6	363	564.116854600625	0.13376913005922
6	369	569.23160129931	3.7902752332106
6	375	573.021876532521	0.97400541484782
6	381	573.995881947369	0.39920820299326
7	54	108.167707871493	6.2958122176071
7	58	113.89377726446	11.006839409266
7	64	126.374468160294	11.051702987745
7	70	147.772437798501	9.7820986989095
7	76	156.414153070911	9.6356982447076
7	82	168.441487614619	9.0442445813954
7	88	175.299018214896	8.9942068248972
7	94	185.90186889488	9.0811646350947
7	100	186.216474536858	9.1313878813667
7	106	191.496038740116	11.096318093288
7	112	196.568735856581	10.826892363041
7	118	199.153140344555	10.855785410614
7	124	203.545773354269	11.4265840994
7	130	218.016360307034	11.253064112239
7	136	256.802109852733	9.8010696414849
7	142	282.661899283639	9.4964043427199
7	152	298.4850129379	9.6122431561859
7	156	298.501482793521	9.617230311664
7	160	298.877087866743	9.7308162244186
7	166	300.001676420819	9.7199495113783
7	172	304.053170749945	10.511113267015
7	178	314.51282853066	10.351488155162
7	184	320.700633200388	10.484544363311
7	190	325.637677218174	10.328342760798
7	196	329.135248685592	10.273616042713
7	202	365.386113306747	9.3251401662267
7	208	369.886358802316	9.4876883151245
7	214	388.534900490893	9.5187165933264
7	220	402.440264359332	9.3274750439276
7	226	408.126793016981	9.3030917401513
7	232	412.60464847599	9.4786929386659
7	238	418.978577144221	9.630357704895
7	244	420.651147231492	9.9612111411487
7	250	426.144320826924	10.053394348913
7	256	427.450022435686	10.13710901971
7	266	431.941670707404	10.943017520021
7	270	432.026890430356	10.960584508424
7	274	432.703809929889	11.099877288358
7	280	437.879405163404	11.087544007674
7	286	441.058092126873	11.269893882041
7	292	453.548512884182	11.321072430943
7	298	470.757998450227	10.944699889209
7	304	482.653968191058	11.284264688179
7	310	487.476061353866	11.505498634563
7	316	507.839883801701	11.330746854821
7	322	510.647055627994	11.532525159596
7	328	512.047649676766	11.697358366976
7	336	526.575201432604	11.663522154775
7	340	527.254455233924	11.777324679867
7	346	537.146003039694	11.732402118045
7	352	552.333477116913	11.538210684518
7	358	560.868956718878	11.569074732027
7	364	564.250623730684	11.523446345828
7	372	573.021876532521	12.008510657779
7	378	573.995881947369	12.157822159439
7	382	574.395090150362	12.218873025931
8	55	108.167707871493	9
8	59	113.89377726446	10
8	65	126.374468160294	11
8	71	147.772437798501	12
8	77	156.414153070911	13
8	83	168.441487614619	14
8	89	175.299018214896	15
8	95	185.90186889488	16
8	101	186.216474536858	17
8	107	191.496038740116	18
8	113	196.568735856581	19
8	119	199.153140344555	20
8	125	203.545773354269	21
8	131	218.016360307034	22
8	137	256.802109852733	23
8	143	282.661899283639	24
8	153	298.4850129379	25
8	157	298.501482793521	26
8	161	298.877087866743	27
8	167	300.001676420819	28
8	173	304.053170749945	29
8	179	314.51282853066	30
8	185	320.700633200388	31
8	191	325.637677218174	32
8	197	329.135248685592	33
8	203	365.386113306747	34
8	209	369.886358802316	35
8	215	388.534900490893	36
8	221	402.440264359332	37
8	227	408.126793016981	38
8	233	412.60464847599	39
8	239	418.978577144221	40
8	245	420.651147231492	41
8	251	426.144320826924	42
8	257	427.450022435686	43
8	267	431.941670707404	44
8	271	432.026890430356	45
8	275	432.703809929889	46
8	281	437.879405163404	47
8	287	441.058092126873	48
8	293	453.548512884182	49
8	299	470.757998450227	50
8	305	482.653968191058	51
8	311	487.476061353866	52
8	317	507.839883801701	53
8	323	510.647055627994	54
8	329	512.047649676766	55
8	337	526.575201432604	56
8	341	527.254455233924	57
8	347	537.146003039694	58
8	353	552.333477116913	59
8	359	560.868956718878	60
8	365	564.250623730684	61
8	373	573.021876532521	62
8	379	573.995881947369	63
8	383	574.395090150362	64
9	55	108.167707871493	0.406860302499
9	59	113.89377726446	5.957296118638
9	65	126.374468160294	1.430425712772
9	71	147.772437798501	0.488714841816
9	77	156.414153070911	0.616350086694
9	83	168.441487614619	0.162664314479
9	89	175.299018214896	0.532496143855
9	95	185.90186889488	1.1152985138
9	101	186.216474536858	0.122093814905
9	107	191.496038740116	4.244861005682
9	113	196.568735856581	0.033275855933
9	119	199.153140344555	0.337352103722
9	125	203.545773354269	1.638691418795
9	131	218.016360307034	1.275191827422
9	137	256.802109852733	0.635832826948
9	143	282.661899283639	1.673363251317
9	153	298.4850129379	1.848388349578
9	157	298.501482793521	1.750867489301
9	161	298.877087866743	0.910100828171
9	167	300.001676420819	0.076831324185
9	173	304.053170749945	2.799361688084
9	179	314.51282853066	0.597385022341
9	185	320.700633200388	1.067241969496
9	191	325.637677218174	0.008975300082
9	197	329.135248685592	0.181116249792
9	203	365.386113306747	0.258675502595
9	209	369.886358802316	1.020897629545
9	215	388.534900490893	1.889871200564
9	221	402.440264359332	0.553979180942
9	227	408.126793016981	0.430894745674
9	233	412.60464847599	1.141117709194
9	239	418.978577144221	1.239608006167
9	245	420.651147231492	1.552813257525
9	251	426.144320826924	0.940020124833
9	257	427.450022435686	0.489105710853
9	267	431.941670707404	3.936377922705
9	271	432.026890430356	2.682917375116
9	275	432.703809929889	1.142270186598
9	281	437.879405163404	0.520479823766
9	287	441.058092126873	1.156707192818
9	293	453.548512884182	1.639776712229
9	299	470.757998450227	0.176494481743
9	305	482.653968191058	2.940901163852
9	311	487.476061353866	1.622600284213
9	317	507.839883801701	1.455500078497
9	323	510.647055627994	1.348448505646
9	329	512.047649676766	1.005548425334
9	337	526.575201432604	1.521166688277
9	341	527.254455233924	1.405821326658
9	347	537.146003039694	0.923659955657
9	353	552.333477116913	0.709271233253
9	359	560.868956718878	1.157948480671
9	365	564.250623730684	0.133769130059
9	373	573.021876532521	3.790275233211
9	379	573.995881947369	1.235177657317
9	383	574.395090150362	1.058677384349

