version 3
run ParameterStudy-387-20251202-16:20:07-1436
attr configname ParameterStudy
attr datetime 20251202-16:20:07
attr datetimef 20251202-162007
attr experiment ParameterStudy
attr inifile omnetpp.ini
attr iterationvars $betaProducer=8.7s
attr iterationvarsd betaProducer=8.7s
attr iterationvarsf betaProducer=8.7s-
attr measurement $betaProducer=8.7s
attr network queue_sim
attr processid 1436
attr repetition 2
attr replication #2
attr resultdir results
attr runnumber 387
attr seedset 387
itervar betaProducer 8.7s
config description "Parameter study: β_producer = 1s to 10s (0.1s steps), β_service = 1s, 5 repetitions"
config *.serviceUnit.meanServiceTime 1s
config *.producer.warmupPeriod 100s
config *.queue.warmupPeriod 100s
config *.serviceUnit.warmupPeriod 100s
config *.sink.warmupPeriod 100s
config *.producer.meanInterArrivalTime 8.7s
config network queue_sim
config sim-time-limit 600s
config warmup-period 100s
config repeat 5
config **.vector-recording true
config **.scalar-recording true
config debug-on-errors true

vector 0 queue_sim.producer jobGenerated:vector ETV
attr recordingmode vector
attr title "Jobs Generated"
vector 1 queue_sim.producer interArrivalTime:vector ETV
attr recordingmode vector
attr title "Inter-arrival Time"
attr unit s
vector 2 queue_sim.queue queueLength:vector ETV
attr recordingmode vector
attr title "Queue Length"
vector 3 queue_sim.queue queueingDelay:vector ETV
attr recordingmode vector
attr title "Queueing Delay"
attr unit s
vector 4 queue_sim.queue queueUtilization:vector ETV
attr recordingmode vector
attr title "Queue Utilization"
vector 5 queue_sim.queue systemSize:vector ETV
attr recordingmode vector
attr title "System Size"
vector 6 queue_sim.serviceUnit serviceTime:vector ETV
attr recordingmode vector
attr title "Service Time"
attr unit s
vector 7 queue_sim.serviceUnit utilization:vector ETV
attr recordingmode vector
attr title "Server Utilization"
vector 8 queue_sim.sink jobCompleted:vector ETV
attr recordingmode vector
attr title "Jobs Completed"
vector 9 queue_sim.sink totalDelay:vector ETV
attr recordingmode vector
attr title "Total System Delay"
attr unit s
0	73	118.846865178367	13
0	79	124.909431952655	14
0	85	137.213329145253	15
0	88	137.995483320602	16
0	90	138.201825085932	17
0	103	151.463802943734	18
0	109	186.024331217729	19
0	115	193.632575210232	20
0	121	197.90039565162	21
0	127	200.310428604019	22
0	133	224.041211657829	23
0	139	227.591012931813	24
0	145	232.965458431078	25
0	148	233.117678587445	26
0	157	233.548426558301	27
0	163	239.482333102671	28
0	169	243.030293050966	29
0	175	249.987115649314	30
0	181	255.966176092459	31
0	187	262.773698749283	32
0	193	274.619331372524	33
0	199	291.894298124707	34
0	205	296.670637642791	35
0	211	301.578921546257	36
0	217	303.52779357953	37
0	223	313.604024300221	38
0	229	326.068846773302	39
0	235	328.556859375177	40
0	241	336.840647125273	41
0	247	347.396354501057	42
0	253	356.709685975221	43
0	259	368.166269950717	44
0	265	376.220142335262	45
0	271	380.134944092278	46
0	277	381.606643849466	47
0	280	382.599802338282	48
0	289	385.753726625597	49
0	295	387.513941921847	50
0	301	393.524905850835	51
0	307	410.011986479188	52
0	313	413.910719821361	53
0	316	415.036159941917	54
0	325	417.629920824365	55
0	331	419.693281195584	56
0	337	424.846035271	57
0	343	432.661765566253	58
0	349	433.753734989875	59
0	355	461.334262957533	60
0	358	465.774948474055	61
0	367	471.747053458378	62
0	373	473.693771417294	63
0	379	483.787133545752	64
0	382	485.712222331345	65
0	391	486.64581810824	66
0	397	492.368747894745	67
0	403	510.162652417463	68
0	409	515.658942208412	69
0	412	517.5704401808	70
0	414	518.51564963513	71
0	427	537.426823312771	72
0	433	544.217573650998	73
0	439	552.617574904382	74
0	445	559.762917023421	75
0	451	563.533919990409	76
0	457	584.792123700231	77
0	463	594.705575565395	78
1	73	118.846865178367	6.062566774288
1	79	124.909431952655	12.303897192598
1	85	137.213329145253	0.78215417534907
1	88	137.995483320602	0.20634176533038
1	90	138.201825085932	13.261977857802
1	103	151.463802943734	34.560528273995
1	109	186.024331217729	7.6082439925033
1	115	193.632575210232	4.267820441388
1	121	197.90039565162	2.410032952399
1	127	200.310428604019	23.73078305381
1	133	224.041211657829	3.5498012739836
1	139	227.591012931813	5.3744454992649
1	145	232.965458431078	0.15222015636702
1	148	233.117678587445	0.43074797085614
1	157	233.548426558301	5.93390654437
1	163	239.482333102671	3.5479599482946
1	169	243.030293050966	6.9568225983475
1	175	249.987115649314	5.9790604431452
1	181	255.966176092459	6.8075226568235
1	187	262.773698749283	11.845632623241
1	193	274.619331372524	17.274966752183
1	199	291.894298124707	4.776339518084
1	205	296.670637642791	4.908283903466
1	211	301.578921546257	1.9488720332732
1	217	303.52779357953	10.076230720691
1	223	313.604024300221	12.464822473081
1	229	326.068846773302	2.488012601875
1	235	328.556859375177	8.2837877500962
1	241	336.840647125273	10.555707375784
1	247	347.396354501057	9.3133314741637
1	253	356.709685975221	11.456583975496
1	259	368.166269950717	8.0538723845455
1	265	376.220142335262	3.9148017570159
1	271	380.134944092278	1.4716997571883
1	277	381.606643849466	0.99315848881578
1	280	382.599802338282	3.1539242873151
1	289	385.753726625597	1.7602152962499
1	295	387.513941921847	6.0109639289883
1	301	393.524905850835	16.487080628353
1	307	410.011986479188	3.8987333421729
1	313	413.910719821361	1.1254401205558
1	316	415.036159941917	2.5937608824481
1	325	417.629920824365	2.0633603712189
1	331	419.693281195584	5.1527540754159
1	337	424.846035271	7.8157302952529
1	343	432.661765566253	1.0919694236218
1	349	433.753734989875	27.580527967658
1	355	461.334262957533	4.4406855165215
1	358	465.774948474055	5.9721049843234
1	367	471.747053458378	1.9467179589158
1	373	473.693771417294	10.093362128458
1	379	483.787133545752	1.9250887855933
1	382	485.712222331345	0.93359577689518
1	391	486.64581810824	5.7229297865055
1	397	492.368747894745	17.793904522718
1	403	510.162652417463	5.4962897909488
1	409	515.658942208412	1.9114979723881
1	412	517.5704401808	0.94520945433035
1	414	518.51564963513	18.911173677641
1	427	537.426823312771	6.7907503382266
1	433	544.217573650998	8.4000012533844
1	439	552.617574904382	7.1453421190387
1	445	559.762917023421	3.7710029669883
1	451	563.533919990409	21.258203709822
1	457	584.792123700231	9.9134518651639
1	463	594.705575565395	16.190535932688
2	74	118.846865178367	1
2	74	118.846865178367	0
2	80	124.909431952655	1
2	80	124.909431952655	0
2	86	137.213329145253	1
2	86	137.213329145253	0
2	89	137.995483320602	1
2	91	138.201825085932	2
2	94	138.600106339516	1
2	98	139.330365867541	0
2	104	151.463802943734	1
2	104	151.463802943734	0
2	110	186.024331217729	1
2	110	186.024331217729	0
2	116	193.632575210232	1
2	116	193.632575210232	0
2	122	197.90039565162	1
2	122	197.90039565162	0
2	128	200.310428604019	1
2	128	200.310428604019	0
2	134	224.041211657829	1
2	134	224.041211657829	0
2	140	227.591012931813	1
2	140	227.591012931813	0
2	146	232.965458431078	1
2	146	232.965458431078	0
2	149	233.117678587445	1
2	152	233.438400981844	0
2	158	233.548426558301	1
2	158	233.548426558301	0
2	164	239.482333102671	1
2	164	239.482333102671	0
2	170	243.030293050966	1
2	170	243.030293050966	0
2	176	249.987115649314	1
2	176	249.987115649314	0
2	182	255.966176092459	1
2	182	255.966176092459	0
2	188	262.773698749283	1
2	188	262.773698749283	0
2	194	274.619331372524	1
2	194	274.619331372524	0
2	200	291.894298124707	1
2	200	291.894298124707	0
2	206	296.670637642791	1
2	206	296.670637642791	0
2	212	301.578921546257	1
2	212	301.578921546257	0
2	218	303.52779357953	1
2	218	303.52779357953	0
2	224	313.604024300221	1
2	224	313.604024300221	0
2	230	326.068846773302	1
2	230	326.068846773302	0
2	236	328.556859375177	1
2	236	328.556859375177	0
2	242	336.840647125273	1
2	242	336.840647125273	0
2	248	347.396354501057	1
2	248	347.396354501057	0
2	254	356.709685975221	1
2	254	356.709685975221	0
2	260	368.166269950717	1
2	260	368.166269950717	0
2	266	376.220142335262	1
2	266	376.220142335262	0
2	272	380.134944092278	1
2	272	380.134944092278	0
2	278	381.606643849466	1
2	278	381.606643849466	0
2	281	382.599802338282	1
2	284	382.737677211524	0
2	290	385.753726625597	1
2	290	385.753726625597	0
2	296	387.513941921847	1
2	296	387.513941921847	0
2	302	393.524905850835	1
2	302	393.524905850835	0
2	308	410.011986479188	1
2	308	410.011986479188	0
2	314	413.910719821361	1
2	314	413.910719821361	0
2	317	415.036159941917	1
2	320	415.486594720846	0
2	326	417.629920824365	1
2	326	417.629920824365	0
2	332	419.693281195584	1
2	332	419.693281195584	0
2	338	424.846035271	1
2	338	424.846035271	0
2	344	432.661765566253	1
2	344	432.661765566253	0
2	350	433.753734989875	1
2	350	433.753734989875	0
2	356	461.334262957533	1
2	356	461.334262957533	0
2	359	465.774948474055	1
2	362	466.426257233015	0
2	368	471.747053458378	1
2	368	471.747053458378	0
2	374	473.693771417294	1
2	374	473.693771417294	0
2	380	483.787133545752	1
2	380	483.787133545752	0
2	383	485.712222331345	1
2	386	485.939027069041	0
2	392	486.64581810824	1
2	392	486.64581810824	0
2	398	492.368747894745	1
2	398	492.368747894745	0
2	404	510.162652417463	1
2	404	510.162652417463	0
2	410	515.658942208412	1
2	410	515.658942208412	0
2	413	517.5704401808	1
2	415	518.51564963513	2
2	418	518.589425556417	1
2	422	520.428319253903	0
2	428	537.426823312771	1
2	428	537.426823312771	0
2	434	544.217573650998	1
2	434	544.217573650998	0
2	440	552.617574904382	1
2	440	552.617574904382	0
2	446	559.762917023421	1
2	446	559.762917023421	0
2	452	563.533919990409	1
2	452	563.533919990409	0
2	458	584.792123700231	1
2	458	584.792123700231	0
2	464	594.705575565395	1
2	464	594.705575565395	0
3	74	118.846865178367	0
3	80	124.909431952655	0
3	86	137.213329145253	0
3	94	138.600106339516	0.604623018914
3	98	139.330365867541	1.128540781609
3	104	151.463802943734	0
3	110	186.024331217729	0
3	116	193.632575210232	0
3	122	197.90039565162	0
3	128	200.310428604019	0
3	134	224.041211657829	0
3	140	227.591012931813	0
3	146	232.965458431078	0
3	152	233.438400981844	0.320722394399
3	158	233.548426558301	0
3	164	239.482333102671	0
3	170	243.030293050966	0
3	176	249.987115649314	0
3	182	255.966176092459	0
3	188	262.773698749283	0
3	194	274.619331372524	0
3	200	291.894298124707	0
3	206	296.670637642791	0
3	212	301.578921546257	0
3	218	303.52779357953	0
3	224	313.604024300221	0
3	230	326.068846773302	0
3	236	328.556859375177	0
3	242	336.840647125273	0
3	248	347.396354501057	0
3	254	356.709685975221	0
3	260	368.166269950717	0
3	266	376.220142335262	0
3	272	380.134944092278	0
3	278	381.606643849466	0
3	284	382.737677211524	0.137874873242
3	290	385.753726625597	0
3	296	387.513941921847	0
3	302	393.524905850835	0
3	308	410.011986479188	0
3	314	413.910719821361	0
3	320	415.486594720846	0.450434778929
3	326	417.629920824365	0
3	332	419.693281195584	0
3	338	424.846035271	0
3	344	432.661765566253	0
3	350	433.753734989875	0
3	356	461.334262957533	0
3	362	466.426257233015	0.65130875896
3	368	471.747053458378	0
3	374	473.693771417294	0
3	380	483.787133545752	0
3	386	485.939027069041	0.226804737696
3	392	486.64581810824	0
3	398	492.368747894745	0
3	404	510.162652417463	0
3	410	515.658942208412	0
3	418	518.589425556417	1.018985375617
3	422	520.428319253903	1.912669618773
3	428	537.426823312771	0
3	434	544.217573650998	0
3	440	552.617574904382	0
3	446	559.762917023421	0
3	452	563.533919990409	0
3	458	584.792123700231	0
3	464	594.705575565395	0
4	469	600	0.011959814326536
5	74	118.846865178367	1
5	74	118.846865178367	1
5	78	119.587126321475	0
5	80	124.909431952655	1
5	80	124.909431952655	1
5	84	125.676194357271	0
5	86	137.213329145253	1
5	86	137.213329145253	1
5	89	137.995483320602	2
5	91	138.201825085932	3
5	94	138.600106339516	2
5	94	138.600106339516	2
5	98	139.330365867541	1
5	98	139.330365867541	1
5	102	140.942701804213	0
5	104	151.463802943734	1
5	104	151.463802943734	1
5	108	152.282328895116	0
5	110	186.024331217729	1
5	110	186.024331217729	1
5	114	186.331290542201	0
5	116	193.632575210232	1
5	116	193.632575210232	1
5	120	193.68311674874	0
5	122	197.90039565162	1
5	122	197.90039565162	1
5	126	199.491656503687	0
5	128	200.310428604019	1
5	128	200.310428604019	1
5	132	200.547071852639	0
5	134	224.041211657829	1
5	134	224.041211657829	1
5	138	225.888004240163	0
5	140	227.591012931813	1
5	140	227.591012931813	1
5	144	229.519282388487	0
5	146	232.965458431078	1
5	146	232.965458431078	1
5	149	233.117678587445	2
5	152	233.438400981844	1
5	152	233.438400981844	1
5	156	233.513435448607	0
5	158	233.548426558301	1
5	158	233.548426558301	1
5	162	233.916038468837	0
5	164	239.482333102671	1
5	164	239.482333102671	1
5	168	240.737449543621	0
5	170	243.030293050966	1
5	170	243.030293050966	1
5	174	243.33648202734	0
5	176	249.987115649314	1
5	176	249.987115649314	1
5	180	250.667637780649	0
5	182	255.966176092459	1
5	182	255.966176092459	1
5	186	256.281598524958	0
5	188	262.773698749283	1
5	188	262.773698749283	1
5	192	265.839002368756	0
5	194	274.619331372524	1
5	194	274.619331372524	1
5	198	275.103455889795	0
5	200	291.894298124707	1
5	200	291.894298124707	1
5	204	291.983867250358	0
5	206	296.670637642791	1
5	206	296.670637642791	1
5	210	296.713038384499	0
5	212	301.578921546257	1
5	212	301.578921546257	1
5	216	301.772127701561	0
5	218	303.52779357953	1
5	218	303.52779357953	1
5	222	303.590161528519	0
5	224	313.604024300221	1
5	224	313.604024300221	1
5	228	314.183379878888	0
5	230	326.068846773302	1
5	230	326.068846773302	1
5	234	326.317441626566	0
5	236	328.556859375177	1
5	236	328.556859375177	1
5	240	330.373454807057	0
5	242	336.840647125273	1
5	242	336.840647125273	1
5	246	337.130508298029	0
5	248	347.396354501057	1
5	248	347.396354501057	1
5	252	348.254240625876	0
5	254	356.709685975221	1
5	254	356.709685975221	1
5	258	356.973492506528	0
5	260	368.166269950717	1
5	260	368.166269950717	1
5	264	370.147637804734	0
5	266	376.220142335262	1
5	266	376.220142335262	1
5	270	376.383048635914	0
5	272	380.134944092278	1
5	272	380.134944092278	1
5	276	380.808782380682	0
5	278	381.606643849466	1
5	278	381.606643849466	1
5	281	382.599802338282	2
5	284	382.737677211524	1
5	284	382.737677211524	1
5	288	384.818917128978	0
5	290	385.753726625597	1
5	290	385.753726625597	1
5	294	386.53655090642	0
5	296	387.513941921847	1
5	296	387.513941921847	1
5	300	389.026420356246	0
5	302	393.524905850835	1
5	302	393.524905850835	1
5	306	394.360460644491	0
5	308	410.011986479188	1
5	308	410.011986479188	1
5	312	410.254006013542	0
5	314	413.910719821361	1
5	314	413.910719821361	1
5	317	415.036159941917	2
5	320	415.486594720846	1
5	320	415.486594720846	1
5	324	415.879934205128	0
5	326	417.629920824365	1
5	326	417.629920824365	1
5	330	418.724087418011	0
5	332	419.693281195584	1
5	332	419.693281195584	1
5	336	420.484987612936	0
5	338	424.846035271	1
5	338	424.846035271	1
5	342	426.488985477371	0
5	344	432.661765566253	1
5	344	432.661765566253	1
5	348	432.928407768927	0
5	350	433.753734989875	1
5	350	433.753734989875	1
5	354	434.188145530368	0
5	356	461.334262957533	1
5	356	461.334262957533	1
5	359	465.774948474055	2
5	362	466.426257233015	1
5	362	466.426257233015	1
5	366	467.661484586571	0
5	368	471.747053458378	1
5	368	471.747053458378	1
5	372	472.685650693049	0
5	374	473.693771417294	1
5	374	473.693771417294	1
5	378	473.79672637397	0
5	380	483.787133545752	1
5	380	483.787133545752	1
5	383	485.712222331345	2
5	386	485.939027069041	1
5	386	485.939027069041	1
5	390	485.940756213791	0
5	392	486.64581810824	1
5	392	486.64581810824	1
5	396	487.790234523902	0
5	398	492.368747894745	1
5	398	492.368747894745	1
5	402	493.472750379871	0
5	404	510.162652417463	1
5	404	510.162652417463	1
5	408	511.041600978032	0
5	410	515.658942208412	1
5	410	515.658942208412	1
5	413	517.5704401808	2
5	415	518.51564963513	3
5	418	518.589425556417	2
5	418	518.589425556417	2
5	422	520.428319253903	1
5	422	520.428319253903	1
5	426	522.423689401148	0
5	428	537.426823312771	1
5	428	537.426823312771	1
5	432	537.920115184735	0
5	434	544.217573650998	1
5	434	544.217573650998	1
5	438	544.365159705555	0
5	440	552.617574904382	1
5	440	552.617574904382	1
5	444	552.964262103986	0
5	446	559.762917023421	1
5	446	559.762917023421	1
5	450	559.813663061709	0
5	452	563.533919990409	1
5	452	563.533919990409	1
5	456	566.502143271593	0
5	458	584.792123700231	1
5	458	584.792123700231	1
5	462	585.245861182699	0
5	464	594.705575565395	1
5	464	594.705575565395	1
5	468	595.016294501676	0
6	75	118.846865178367	0.74026114310786
6	81	124.909431952655	0.76676240461583
6	87	137.213329145253	1.3867771942627
6	95	138.600106339516	0.73025952802459
6	99	139.330365867541	1.6123359366725
6	105	151.463802943734	0.81852595138189
6	111	186.024331217729	0.30695932447174
6	117	193.632575210232	0.050541538508365
6	123	197.90039565162	1.5912608520672
6	129	200.310428604019	0.23664324862021
6	135	224.041211657829	1.8467925823335
6	141	227.591012931813	1.9282694566737
6	147	232.965458431078	0.47294255076636
6	153	233.438400981844	0.075034466762576
6	159	233.548426558301	0.3676119105356
6	165	239.482333102671	1.2551164409505
6	171	243.030293050966	0.30618897637442
6	177	249.987115649314	0.68052213133538
6	183	255.966176092459	0.31542243249904
6	189	262.773698749283	3.0653036194726
6	195	274.619331372524	0.48412451727127
6	201	291.894298124707	0.089569125651446
6	207	296.670637642791	0.042400741707828
6	213	301.578921546257	0.19320615530412
6	219	303.52779357953	0.062367948989378
6	225	313.604024300221	0.57935557866685
6	231	326.068846773302	0.24859485326412
6	237	328.556859375177	1.8165954318802
6	243	336.840647125273	0.28986117275636
6	249	347.396354501057	0.85788612481868
6	255	356.709685975221	0.26380653130662
6	261	368.166269950717	1.981367854017
6	267	376.220142335262	0.16290630065167
6	273	380.134944092278	0.67383828840352
6	279	381.606643849466	1.1310333620575
6	285	382.737677211524	2.0812399174536
6	291	385.753726625597	0.7828242808225
6	297	387.513941921847	1.512478434399
6	303	393.524905850835	0.83555479365605
6	309	410.011986479188	0.24201953435395
6	315	413.910719821361	1.5758748994849
6	321	415.486594720846	0.3933394842819
6	327	417.629920824365	1.094166593646
6	333	419.693281195584	0.79170641735151
6	339	424.846035271	1.6429502063711
6	345	432.661765566253	0.2666422026739
6	351	433.753734989875	0.43441054049346
6	357	461.334262957533	5.0919942754823
6	363	466.426257233015	1.2352273535559
6	369	471.747053458378	0.93859723467087
6	375	473.693771417294	0.10295495667595
6	381	483.787133545752	2.1518935232889
6	387	485.939027069041	0.0017291447500144
6	393	486.64581810824	1.1444164156616
6	399	492.368747894745	1.1040024851257
6	405	510.162652417463	0.87894856056943
6	411	515.658942208412	2.9304833480052
6	419	518.589425556417	1.8388936974864
6	423	520.428319253903	1.9953701472455
6	429	537.426823312771	0.49329187196408
6	435	544.217573650998	0.14758605455711
6	441	552.617574904382	0.34668719960428
6	447	559.762917023421	0.050746038287976
6	453	563.533919990409	2.9682232811842
6	459	584.792123700231	0.45373748246839
6	465	594.705575565395	0.31071893628064
7	76	119.587126321475	13.707026058891
7	82	125.676194357271	13.653023995779
7	92	138.600106339516	13.380493461826
7	96	139.330365867541	13.834484374492
7	100	140.942701804213	14.820188178708
7	106	152.282328895116	14.254115852058
7	112	186.331290542201	11.814150400256
7	118	193.68311674874	11.391803692691
7	124	199.491656503687	11.85776974965
7	130	200.547071852639	11.91336494015
7	136	225.888004240163	11.39445063296
7	142	229.519282388487	12.054310338409
7	150	233.438400981844	12.054533023704
7	154	233.513435448607	12.082792387908
7	160	233.916038468837	12.219151666879
7	166	240.737449543621	12.394279332599
7	172	243.33648202734	12.387727758635
7	178	250.667637780649	12.296913688274
7	184	256.281598524958	12.150620908425
7	190	265.839002368756	12.866851293267
7	196	275.103455889795	12.60952303175
7	202	291.983867250358	11.91120697343
7	208	296.713038384499	11.735649935882
7	214	301.772127701561	11.602930304039
7	220	303.590161528519	11.553990230319
7	226	314.183379878888	11.348828571272
7	232	326.317441626566	11.003006108462
7	238	330.373454807057	11.417782790405
7	244	337.130508298029	11.274916895442
7	250	348.254240625876	11.161119156725
7	256	356.973492506528	10.962404244958
7	262	370.147637804734	11.107526011449
7	268	376.383048635914	10.966793430303
7	274	380.808782380682	11.016287354698
7	282	382.737677211524	11.256279605112
7	286	384.818917128978	11.736237749288
7	292	386.53655090642	11.886608702741
7	298	389.026420356246	12.199316871655
7	304	394.360460644491	12.246187269496
7	310	410.254006013542	11.830753472307
7	318	415.486594720846	12.06104254576
7	322	415.879934205128	12.144215263
7	328	418.724087418011	12.323036240241
7	334	420.484987612936	12.459714139597
7	340	426.488985477371	12.669536495153
7	346	432.928407768927	12.54267885662
7	352	434.188145530368	12.606339203289
7	360	466.426257233015	12.826727430918
7	364	467.661484586571	13.05697690479
7	370	472.685650693049	13.116761462683
7	376	473.79672637397	13.107731811848
7	384	485.939027069041	13.223037082917
7	388	485.940756213791	13.223345865269
7	394	487.790234523902	13.407821370993
7	400	493.472750379871	13.477146558558
7	406	511.041600978032	13.185813880289
7	416	518.589425556417	13.558987946654
7	420	520.428319253903	13.864420657343
7	424	522.423689401148	14.193411028804
7	430	537.920115184735	13.876230189844
7	436	544.365159705555	13.739053306703
7	442	552.964262103986	13.588094534135
7	448	559.813663061709	13.430907045345
7	454	566.502143271593	13.796289550254
7	460	585.245861182699	13.431964015559
7	466	595.016294501676	13.263625406929
8	77	119.587126321475	13
8	83	125.676194357271	14
8	93	138.600106339516	15
8	97	139.330365867541	16
8	101	140.942701804213	17
8	107	152.282328895116	18
8	113	186.331290542201	19
8	119	193.68311674874	20
8	125	199.491656503687	21
8	131	200.547071852639	22
8	137	225.888004240163	23
8	143	229.519282388487	24
8	151	233.438400981844	25
8	155	233.513435448607	26
8	161	233.916038468837	27
8	167	240.737449543621	28
8	173	243.33648202734	29
8	179	250.667637780649	30
8	185	256.281598524958	31
8	191	265.839002368756	32
8	197	275.103455889795	33
8	203	291.983867250358	34
8	209	296.713038384499	35
8	215	301.772127701561	36
8	221	303.590161528519	37
8	227	314.183379878888	38
8	233	326.317441626566	39
8	239	330.373454807057	40
8	245	337.130508298029	41
8	251	348.254240625876	42
8	257	356.973492506528	43
8	263	370.147637804734	44
8	269	376.383048635914	45
8	275	380.808782380682	46
8	283	382.737677211524	47
8	287	384.818917128978	48
8	293	386.53655090642	49
8	299	389.026420356246	50
8	305	394.360460644491	51
8	311	410.254006013542	52
8	319	415.486594720846	53
8	323	415.879934205128	54
8	329	418.724087418011	55
8	335	420.484987612936	56
8	341	426.488985477371	57
8	347	432.928407768927	58
8	353	434.188145530368	59
8	361	466.426257233015	60
8	365	467.661484586571	61
8	371	472.685650693049	62
8	377	473.79672637397	63
8	385	485.939027069041	64
8	389	485.940756213791	65
8	395	487.790234523902	66
8	401	493.472750379871	67
8	407	511.041600978032	68
8	417	518.589425556417	69
8	421	520.428319253903	70
8	425	522.423689401148	71
8	431	537.920115184735	72
8	437	544.365159705555	73
8	443	552.964262103986	74
8	449	559.813663061709	75
8	455	566.502143271593	76
8	461	585.245861182699	77
8	467	595.016294501676	78
9	77	119.587126321475	0.740261143108
9	83	125.676194357271	0.766762404616
9	93	138.600106339516	1.386777194263
9	97	139.330365867541	1.334882546939
9	101	140.942701804213	2.740876718281
9	107	152.282328895116	0.818525951382
9	113	186.331290542201	0.306959324472
9	119	193.68311674874	0.050541538508
9	125	199.491656503687	1.591260852067
9	131	200.547071852639	0.23664324862
9	137	225.888004240163	1.846792582334
9	143	229.519282388487	1.928269456674
9	151	233.438400981844	0.472942550766
9	155	233.513435448607	0.395756861162
9	161	233.916038468837	0.367611910536
9	167	240.737449543621	1.25511644095
9	173	243.33648202734	0.306188976374
9	179	250.667637780649	0.680522131335
9	185	256.281598524958	0.315422432499
9	191	265.839002368756	3.065303619473
9	197	275.103455889795	0.484124517271
9	203	291.983867250358	0.089569125651
9	209	296.713038384499	0.042400741708
9	215	301.772127701561	0.193206155304
9	221	303.590161528519	0.062367948989
9	227	314.183379878888	0.579355578667
9	233	326.317441626566	0.248594853264
9	239	330.373454807057	1.81659543188
9	245	337.130508298029	0.289861172756
9	251	348.254240625876	0.857886124819
9	257	356.973492506528	0.263806531307
9	263	370.147637804734	1.981367854017
9	269	376.383048635914	0.162906300652
9	275	380.808782380682	0.673838288404
9	283	382.737677211524	1.131033362058
9	287	384.818917128978	2.219114790696
9	293	386.53655090642	0.782824280823
9	299	389.026420356246	1.512478434399
9	305	394.360460644491	0.835554793656
9	311	410.254006013542	0.242019534354
9	319	415.486594720846	1.575874899485
9	323	415.879934205128	0.843774263211
9	329	418.724087418011	1.094166593646
9	335	420.484987612936	0.791706417352
9	341	426.488985477371	1.642950206371
9	347	432.928407768927	0.266642202674
9	353	434.188145530368	0.434410540493
9	361	466.426257233015	5.091994275482
9	365	467.661484586571	1.886536112516
9	371	472.685650693049	0.938597234671
9	377	473.79672637397	0.102954956676
9	385	485.939027069041	2.151893523289
9	389	485.940756213791	0.228533882446
9	395	487.790234523902	1.144416415662
9	401	493.472750379871	1.104002485126
9	407	511.041600978032	0.878948560569
9	417	518.589425556417	2.930483348005
9	421	520.428319253903	2.857879073103
9	425	522.423689401148	3.908039766018
9	431	537.920115184735	0.493291871964
9	437	544.365159705555	0.147586054557
9	443	552.964262103986	0.346687199604
9	449	559.813663061709	0.050746038288
9	455	566.502143271593	2.968223281184
9	461	585.245861182699	0.453737482468
9	467	595.016294501676	0.310718936281

