version 3
run ParameterStudy-210-20251130-20:03:58-476
attr configname ParameterStudy
attr datetime 20251130-20:03:58
attr datetimef 20251130-200358
attr experiment ParameterStudy
attr inifile omnetpp.ini
attr iterationvars $betaProducer=5.2s
attr iterationvarsd betaProducer=5.2s
attr iterationvarsf betaProducer=5.2s-
attr measurement $betaProducer=5.2s
attr network queue_sim
attr processid 476
attr repetition 0
attr replication #0
attr resultdir results
attr runnumber 210
attr seedset 210
itervar betaProducer 5.2s
config description "Parameter study: β_producer = 1s to 10s (0.1s steps), β_service = 1s, 5 repetitions"
config *.serviceUnit.meanServiceTime 1s
config *.producer.warmupPeriod 100s
config *.queue.warmupPeriod 100s
config *.serviceUnit.warmupPeriod 100s
config *.sink.warmupPeriod 100s
config *.producer.meanInterArrivalTime 5.2s
config network queue_sim
config sim-time-limit 600s
config warmup-period 100s
config repeat 5
config **.vector-recording true
config **.scalar-recording true
config debug-on-errors true

vector 0 queue_sim.producer jobGenerated:vector ETV
attr recordingmode vector
attr title "Jobs Generated"
vector 1 queue_sim.producer interArrivalTime:vector ETV
attr recordingmode vector
attr title "Inter-arrival Time"
attr unit s
vector 2 queue_sim.queue queueLength:vector ETV
attr recordingmode vector
attr title "Queue Length"
vector 3 queue_sim.queue queueingDelay:vector ETV
attr recordingmode vector
attr title "Queueing Delay"
attr unit s
vector 4 queue_sim.queue queueUtilization:vector ETV
attr recordingmode vector
attr title "Queue Utilization"
vector 5 queue_sim.queue systemSize:vector ETV
attr recordingmode vector
attr title "System Size"
vector 6 queue_sim.serviceUnit serviceTime:vector ETV
attr recordingmode vector
attr title "Service Time"
attr unit s
vector 7 queue_sim.serviceUnit utilization:vector ETV
attr recordingmode vector
attr title "Server Utilization"
vector 8 queue_sim.sink jobCompleted:vector ETV
attr recordingmode vector
attr title "Jobs Completed"
vector 9 queue_sim.sink totalDelay:vector ETV
attr recordingmode vector
attr title "Total System Delay"
attr unit s
0	48	103.056358981533	23
0	50	113.645266917956	24
0	52	113.925094680565	25
0	54	122.224689479867	26
0	56	132.521816925377	27
0	58	133.20844787241	28
0	60	137.489039108832	29
0	62	144.873054729373	30
0	64	155.766913714827	31
0	66	162.935818256755	32
0	68	174.467794174294	33
0	70	177.353524181385	34
0	72	178.132075198082	35
0	74	178.987237744053	36
0	76	180.508782676538	37
0	78	183.027371227778	38
0	80	184.188051013001	39
0	82	184.343451315677	40
0	84	192.661355568109	41
0	86	195.540963601497	42
0	88	195.772289626417	43
0	90	212.509911372986	44
0	92	220.749199465664	45
0	94	221.666269076029	46
0	96	231.701307530384	47
0	98	234.019589891262	48
0	100	235.724627123251	49
0	102	238.716955406662	50
0	104	239.429122765759	51
0	106	241.490883266714	52
0	108	246.671229601211	53
0	110	251.466428751748	54
0	112	262.210350784404	55
0	114	265.225821391975	56
0	116	267.473325599776	57
0	118	271.118323974216	58
0	120	278.173802544816	59
0	122	280.821260633306	60
0	124	283.438699452667	61
0	126	286.127692809949	62
0	128	289.946105189691	63
0	130	292.684210395591	64
0	132	304.476668930305	65
0	134	307.184073213716	66
0	136	308.282992338413	67
0	138	315.576393416522	68
0	140	322.769910340408	69
0	142	327.512698096311	70
0	144	328.03180855482	71
0	146	328.114013322374	72
0	148	332.851251309572	73
0	150	335.260082991032	74
0	152	375.907745539436	75
0	154	378.381357532797	76
0	156	382.420035803169	77
0	158	382.571053099956	78
0	160	385.508068387301	79
0	162	406.536156884579	80
0	164	406.840184941046	81
0	166	425.840721862282	82
0	168	434.805565699042	83
0	170	437.671691539731	84
0	172	439.437965930555	85
0	174	450.633305448415	86
0	176	457.117081573829	87
0	178	465.787436252459	88
0	180	469.261690314708	89
0	182	469.819887532197	90
0	184	472.134850518727	91
0	186	474.52529694887	92
0	188	475.956407261284	93
0	190	485.22836510718	94
0	192	485.240205095983	95
0	194	490.864363497115	96
0	196	491.650112220279	97
0	198	493.410225509808	98
0	200	499.817256967161	99
0	202	506.349201260554	100
0	204	507.284871771001	101
0	206	518.559919616617	102
0	208	521.670848116022	103
0	210	521.989490282314	104
0	212	524.307938452638	105
0	214	538.452530990181	106
0	216	541.643302643723	107
0	218	546.126881714125	108
0	220	548.883441414453	109
0	222	557.582882004318	110
0	224	567.860306867475	111
0	226	568.001450621686	112
0	228	568.198501482414	113
0	230	568.509558680867	114
0	232	572.435089414742	115
0	234	578.620001943092	116
0	236	578.781336535549	117
0	238	584.291623289464	118
0	240	591.274825304056	119
0	242	594.909114735648	120
0	244	597.173393224694	121
1	48	103.056358981533	10.588907936423
1	50	113.645266917956	0.27982776260923
1	52	113.925094680565	8.2995947993025
1	54	122.224689479867	10.29712744551
1	56	132.521816925377	0.68663094703267
1	58	133.20844787241	4.280591236422
1	60	137.489039108832	7.3840156205407
1	62	144.873054729373	10.893858985454
1	64	155.766913714827	7.1689045419276
1	66	162.935818256755	11.531975917539
1	68	174.467794174294	2.8857300070912
1	70	177.353524181385	0.77855101669705
1	72	178.132075198082	0.85516254597099
1	74	178.987237744053	1.5215449324847
1	76	180.508782676538	2.5185885512396
1	78	183.027371227778	1.1606797852232
1	80	184.188051013001	0.15540030267622
1	82	184.343451315677	8.3179042524318
1	84	192.661355568109	2.8796080333882
1	86	195.540963601497	0.23132602491997
1	88	195.772289626417	16.737621746569
1	90	212.509911372986	8.239288092678
1	92	220.749199465664	0.91706961036531
1	94	221.666269076029	10.035038454355
1	96	231.701307530384	2.3182823608776
1	98	234.019589891262	1.7050372319886
1	100	235.724627123251	2.9923282834112
1	102	238.716955406662	0.71216735909743
1	104	239.429122765759	2.0617605009548
1	106	241.490883266714	5.1803463344971
1	108	246.671229601211	4.7951991505374
1	110	251.466428751748	10.743922032656
1	112	262.210350784404	3.0154706075713
1	114	265.225821391975	2.2475042078009
1	116	267.473325599776	3.6449983744401
1	118	271.118323974216	7.0554785706001
1	120	278.173802544816	2.6474580884895
1	122	280.821260633306	2.6174388193611
1	124	283.438699452667	2.6889933572821
1	126	286.127692809949	3.8184123797416
1	128	289.946105189691	2.7381052058996
1	130	292.684210395591	11.792458534714
1	132	304.476668930305	2.707404283411
1	134	307.184073213716	1.0989191246972
1	136	308.282992338413	7.2934010781095
1	138	315.576393416522	7.1935169238864
1	140	322.769910340408	4.7427877559029
1	142	327.512698096311	0.51911045850855
1	144	328.03180855482	0.082204767554133
1	146	328.114013322374	4.7372379871979
1	148	332.851251309572	2.4088316814599
1	150	335.260082991032	40.647662548404
1	152	375.907745539436	2.4736119933611
1	154	378.381357532797	4.0386782703717
1	156	382.420035803169	0.1510172967872
1	158	382.571053099956	2.9370152873446
1	160	385.508068387301	21.028088497278
1	162	406.536156884579	0.30402805646712
1	164	406.840184941046	19.000536921236
1	166	425.840721862282	8.9648438367597
1	168	434.805565699042	2.8661258406892
1	170	437.671691539731	1.7662743908242
1	172	439.437965930555	11.19533951786
1	174	450.633305448415	6.4837761254137
1	176	457.117081573829	8.6703546786299
1	178	465.787436252459	3.4742540622489
1	180	469.261690314708	0.55819721748882
1	182	469.819887532197	2.3149629865298
1	184	472.134850518727	2.3904464301434
1	186	474.52529694887	1.4311103124144
1	188	475.956407261284	9.2719578458965
1	190	485.22836510718	0.011839988802565
1	192	485.240205095983	5.6241584011324
1	194	490.864363497115	0.78574872316413
1	196	491.650112220279	1.7601132895285
1	198	493.410225509808	6.4070314573535
1	200	499.817256967161	6.5319442933929
1	202	506.349201260554	0.93567051044723
1	204	507.284871771001	11.275047845616
1	206	518.559919616617	3.110928499405
1	208	521.670848116022	0.31864216629201
1	210	521.989490282314	2.3184481703245
1	212	524.307938452638	14.144592537543
1	214	538.452530990181	3.1907716535418
1	216	541.643302643723	4.4835790704023
1	218	546.126881714125	2.7565597003278
1	220	548.883441414453	8.6994405898646
1	222	557.582882004318	10.277424863157
1	224	567.860306867475	0.14114375421144
1	226	568.001450621686	0.19705086072778
1	228	568.198501482414	0.31105719845322
1	230	568.509558680867	3.9255307338749
1	232	572.435089414742	6.1849125283499
1	234	578.620001943092	0.1613345924574
1	236	578.781336535549	5.5102867539149
1	238	584.291623289464	6.983202014592
1	240	591.274825304056	3.6342894315916
1	242	594.909114735648	2.264278489046
1	244	597.173393224694	7.9646320706347
2	49	103.056358981533	22
2	51	113.645266917956	23
2	53	113.925094680565	24
2	55	122.224689479867	25
2	57	132.521816925377	26
2	59	133.20844787241	27
2	61	137.489039108832	28
2	63	144.873054729373	29
2	65	155.766913714827	30
2	67	162.935818256755	31
2	69	174.467794174294	32
2	71	177.353524181385	33
2	73	178.132075198082	34
2	75	178.987237744053	35
2	77	180.508782676538	36
2	79	183.027371227778	37
2	81	184.188051013001	38
2	83	184.343451315677	39
2	85	192.661355568109	40
2	87	195.540963601497	41
2	89	195.772289626417	42
2	91	212.509911372986	43
2	93	220.749199465664	44
2	95	221.666269076029	45
2	97	231.701307530384	46
2	99	234.019589891262	47
2	101	235.724627123251	48
2	103	238.716955406662	49
2	105	239.429122765759	50
2	107	241.490883266714	51
2	109	246.671229601211	52
2	111	251.466428751748	53
2	113	262.210350784404	54
2	115	265.225821391975	55
2	117	267.473325599776	56
2	119	271.118323974216	57
2	121	278.173802544816	58
2	123	280.821260633306	59
2	125	283.438699452667	60
2	127	286.127692809949	61
2	129	289.946105189691	62
2	131	292.684210395591	63
2	133	304.476668930305	64
2	135	307.184073213716	65
2	137	308.282992338413	66
2	139	315.576393416522	67
2	141	322.769910340408	68
2	143	327.512698096311	69
2	145	328.03180855482	70
2	147	328.114013322374	71
2	149	332.851251309572	72
2	151	335.260082991032	73
2	153	375.907745539436	74
2	155	378.381357532797	75
2	157	382.420035803169	76
2	159	382.571053099956	77
2	161	385.508068387301	78
2	163	406.536156884579	79
2	165	406.840184941046	80
2	167	425.840721862282	81
2	169	434.805565699042	82
2	171	437.671691539731	83
2	173	439.437965930555	84
2	175	450.633305448415	85
2	177	457.117081573829	86
2	179	465.787436252459	87
2	181	469.261690314708	88
2	183	469.819887532197	89
2	185	472.134850518727	90
2	187	474.52529694887	91
2	189	475.956407261284	92
2	191	485.22836510718	93
2	193	485.240205095983	94
2	195	490.864363497115	95
2	197	491.650112220279	96
2	199	493.410225509808	97
2	201	499.817256967161	98
2	203	506.349201260554	99
2	205	507.284871771001	100
2	207	518.559919616617	101
2	209	521.670848116022	102
2	211	521.989490282314	103
2	213	524.307938452638	104
2	215	538.452530990181	105
2	217	541.643302643723	106
2	219	546.126881714125	107
2	221	548.883441414453	108
2	223	557.582882004318	109
2	225	567.860306867475	110
2	227	568.001450621686	111
2	229	568.198501482414	112
2	231	568.509558680867	113
2	233	572.435089414742	114
2	235	578.620001943092	115
2	237	578.781336535549	116
2	239	584.291623289464	117
2	241	591.274825304056	118
2	243	594.909114735648	119
2	245	597.173393224694	120
4	246	600	1.0237942138664
5	49	103.056358981533	23
5	51	113.645266917956	24
5	53	113.925094680565	25
5	55	122.224689479867	26
5	57	132.521816925377	27
5	59	133.20844787241	28
5	61	137.489039108832	29
5	63	144.873054729373	30
5	65	155.766913714827	31
5	67	162.935818256755	32
5	69	174.467794174294	33
5	71	177.353524181385	34
5	73	178.132075198082	35
5	75	178.987237744053	36
5	77	180.508782676538	37
5	79	183.027371227778	38
5	81	184.188051013001	39
5	83	184.343451315677	40
5	85	192.661355568109	41
5	87	195.540963601497	42
5	89	195.772289626417	43
5	91	212.509911372986	44
5	93	220.749199465664	45
5	95	221.666269076029	46
5	97	231.701307530384	47
5	99	234.019589891262	48
5	101	235.724627123251	49
5	103	238.716955406662	50
5	105	239.429122765759	51
5	107	241.490883266714	52
5	109	246.671229601211	53
5	111	251.466428751748	54
5	113	262.210350784404	55
5	115	265.225821391975	56
5	117	267.473325599776	57
5	119	271.118323974216	58
5	121	278.173802544816	59
5	123	280.821260633306	60
5	125	283.438699452667	61
5	127	286.127692809949	62
5	129	289.946105189691	63
5	131	292.684210395591	64
5	133	304.476668930305	65
5	135	307.184073213716	66
5	137	308.282992338413	67
5	139	315.576393416522	68
5	141	322.769910340408	69
5	143	327.512698096311	70
5	145	328.03180855482	71
5	147	328.114013322374	72
5	149	332.851251309572	73
5	151	335.260082991032	74
5	153	375.907745539436	75
5	155	378.381357532797	76
5	157	382.420035803169	77
5	159	382.571053099956	78
5	161	385.508068387301	79
5	163	406.536156884579	80
5	165	406.840184941046	81
5	167	425.840721862282	82
5	169	434.805565699042	83
5	171	437.671691539731	84
5	173	439.437965930555	85
5	175	450.633305448415	86
5	177	457.117081573829	87
5	179	465.787436252459	88
5	181	469.261690314708	89
5	183	469.819887532197	90
5	185	472.134850518727	91
5	187	474.52529694887	92
5	189	475.956407261284	93
5	191	485.22836510718	94
5	193	485.240205095983	95
5	195	490.864363497115	96
5	197	491.650112220279	97
5	199	493.410225509808	98
5	201	499.817256967161	99
5	203	506.349201260554	100
5	205	507.284871771001	101
5	207	518.559919616617	102
5	209	521.670848116022	103
5	211	521.989490282314	104
5	213	524.307938452638	105
5	215	538.452530990181	106
5	217	541.643302643723	107
5	219	546.126881714125	108
5	221	548.883441414453	109
5	223	557.582882004318	110
5	225	567.860306867475	111
5	227	568.001450621686	112
5	229	568.198501482414	113
5	231	568.509558680867	114
5	233	572.435089414742	115
5	235	578.620001943092	116
5	237	578.781336535549	117
5	239	584.291623289464	118
5	241	591.274825304056	119
5	243	594.909114735648	120
5	245	597.173393224694	121

