version 3
run ParameterStudy-430-20251202-16:16:53-1431
attr configname ParameterStudy
attr datetime 20251202-16:16:53
attr datetimef 20251202-161653
attr experiment ParameterStudy
attr inifile omnetpp.ini
attr iterationvars $betaProducer=9.6s
attr iterationvarsd betaProducer=9.6s
attr iterationvarsf betaProducer=9.6s-
attr measurement $betaProducer=9.6s
attr network queue_sim
attr processid 1431
attr repetition 0
attr replication #0
attr resultdir results
attr runnumber 430
attr seedset 430
itervar betaProducer 9.6s
config description "Parameter study: β_producer = 1s to 10s (0.1s steps), β_service = 1s, 5 repetitions"
config *.serviceUnit.meanServiceTime 1s
config *.producer.warmupPeriod 100s
config *.queue.warmupPeriod 100s
config *.serviceUnit.warmupPeriod 100s
config *.sink.warmupPeriod 100s
config *.producer.meanInterArrivalTime 9.6s
config network queue_sim
config sim-time-limit 600s
config warmup-period 100s
config repeat 5
config **.vector-recording true
config **.scalar-recording true
config debug-on-errors true

vector 0 queue_sim.producer jobGenerated:vector ETV
attr recordingmode vector
attr title "Jobs Generated"
vector 1 queue_sim.producer interArrivalTime:vector ETV
attr recordingmode vector
attr title "Inter-arrival Time"
attr unit s
vector 2 queue_sim.queue queueLength:vector ETV
attr recordingmode vector
attr title "Queue Length"
vector 3 queue_sim.queue queueingDelay:vector ETV
attr recordingmode vector
attr title "Queueing Delay"
attr unit s
vector 4 queue_sim.queue queueUtilization:vector ETV
attr recordingmode vector
attr title "Queue Utilization"
vector 5 queue_sim.queue systemSize:vector ETV
attr recordingmode vector
attr title "System Size"
vector 6 queue_sim.serviceUnit serviceTime:vector ETV
attr recordingmode vector
attr title "Service Time"
attr unit s
vector 7 queue_sim.serviceUnit utilization:vector ETV
attr recordingmode vector
attr title "Server Utilization"
vector 8 queue_sim.sink jobCompleted:vector ETV
attr recordingmode vector
attr title "Jobs Completed"
vector 9 queue_sim.sink totalDelay:vector ETV
attr recordingmode vector
attr title "Total System Delay"
attr unit s
0	73	115.627795238505	13
0	79	134.524573880732	14
0	85	142.4538752309	15
0	88	143.520169350235	16
0	97	175.42518372989	17
0	103	185.855784150983	18
0	109	198.054468961572	19
0	115	216.216200342752	20
0	121	219.057210264097	21
0	127	233.308595442808	22
0	133	234.265601062511	23
0	136	234.511541249394	24
0	145	242.566594220997	25
0	151	254.491073844483	26
0	157	258.226375259522	27
0	160	259.468009017155	28
0	169	265.083572399944	29
0	172	265.276133984541	30
0	174	267.648800456638	31
0	187	274.864572758889	32
0	193	283.712888621436	33
0	199	297.299363889923	34
0	205	313.903831518293	35
0	211	320.409059899192	36
0	217	325.781752387078	37
0	223	345.035696199705	38
0	229	347.722200309622	39
0	235	354.310916998683	40
0	238	355.518585302374	41
0	247	359.483081471498	42
0	253	362.585301876275	43
0	259	362.738547907308	44
0	265	376.457147324641	45
0	271	379.617045253265	46
0	274	382.977753750638	47
0	283	390.37222037509	48
0	289	395.395494374109	49
0	295	400.807103192442	50
0	301	411.744901631018	51
0	307	422.606433993347	52
0	313	428.806901294638	53
0	319	483.20219515429	54
0	325	494.060984209924	55
0	331	517.317164533048	56
0	337	521.91141445278	57
0	343	559.995262180569	58
0	349	584.159865362004	59
0	355	591.850818749167	60
1	73	115.627795238505	18.896778642227
1	79	134.524573880732	7.929301350168
1	85	142.4538752309	1.0662941193347
1	88	143.520169350235	31.905014379655
1	97	175.42518372989	10.430600421093
1	103	185.855784150983	12.198684810589
1	109	198.054468961572	18.16173138118
1	115	216.216200342752	2.8410099213446
1	121	219.057210264097	14.251385178711
1	127	233.308595442808	0.95700561970316
1	133	234.265601062511	0.24594018688328
1	136	234.511541249394	8.0550529716029
1	145	242.566594220997	11.924479623486
1	151	254.491073844483	3.7353014150387
1	157	258.226375259522	1.2416337576328
1	160	259.468009017155	5.615563382789
1	169	265.083572399944	0.19256158459732
1	172	265.276133984541	2.3726664720974
1	174	267.648800456638	7.2157723022506
1	187	274.864572758889	8.8483158625471
1	193	283.712888621436	13.586475268487
1	199	297.299363889923	16.60446762837
1	205	313.903831518293	6.5052283808992
1	211	320.409059899192	5.3726924878858
1	217	325.781752387078	19.253943812627
1	223	345.035696199705	2.6865041099169
1	229	347.722200309622	6.5887166890606
1	235	354.310916998683	1.207668303691
1	238	355.518585302374	3.9644961691245
1	247	359.483081471498	3.1022204047772
1	253	362.585301876275	0.15324603103339
1	259	362.738547907308	13.718599417333
1	265	376.457147324641	3.1598979286243
1	271	379.617045253265	3.360708497373
1	274	382.977753750638	7.3944666244519
1	283	390.37222037509	5.0232739990195
1	289	395.395494374109	5.4116088183329
1	295	400.807103192442	10.937798438576
1	301	411.744901631018	10.861532362329
1	307	422.606433993347	6.2004673012913
1	313	428.806901294638	54.395293859652
1	319	483.20219515429	10.858789055634
1	325	494.060984209924	23.256180323124
1	331	517.317164533048	4.5942499197324
1	337	521.91141445278	38.083847727789
1	343	559.995262180569	24.164603181435
1	349	584.159865362004	7.6909533871629
1	355	591.850818749167	19.495830315425
2	74	115.627795238505	1
2	74	115.627795238505	0
2	80	134.524573880732	1
2	80	134.524573880732	0
2	86	142.4538752309	1
2	86	142.4538752309	0
2	89	143.520169350235	1
2	92	143.709792495502	0
2	98	175.42518372989	1
2	98	175.42518372989	0
2	104	185.855784150983	1
2	104	185.855784150983	0
2	110	198.054468961572	1
2	110	198.054468961572	0
2	116	216.216200342752	1
2	116	216.216200342752	0
2	122	219.057210264097	1
2	122	219.057210264097	0
2	128	233.308595442808	1
2	128	233.308595442808	0
2	134	234.265601062511	1
2	134	234.265601062511	0
2	137	234.511541249394	1
2	140	235.507467912971	0
2	146	242.566594220997	1
2	146	242.566594220997	0
2	152	254.491073844483	1
2	152	254.491073844483	0
2	158	258.226375259522	1
2	158	258.226375259522	0
2	161	259.468009017155	1
2	164	259.678066003913	0
2	170	265.083572399944	1
2	170	265.083572399944	0
2	173	265.276133984541	1
2	175	267.648800456638	2
2	178	267.760579993345	1
2	182	268.886927629299	0
2	188	274.864572758889	1
2	188	274.864572758889	0
2	194	283.712888621436	1
2	194	283.712888621436	0
2	200	297.299363889923	1
2	200	297.299363889923	0
2	206	313.903831518293	1
2	206	313.903831518293	0
2	212	320.409059899192	1
2	212	320.409059899192	0
2	218	325.781752387078	1
2	218	325.781752387078	0
2	224	345.035696199705	1
2	224	345.035696199705	0
2	230	347.722200309622	1
2	230	347.722200309622	0
2	236	354.310916998683	1
2	236	354.310916998683	0
2	239	355.518585302374	1
2	242	356.489806309743	0
2	248	359.483081471498	1
2	248	359.483081471498	0
2	254	362.585301876275	1
2	254	362.585301876275	0
2	260	362.738547907308	1
2	260	362.738547907308	0
2	266	376.457147324641	1
2	266	376.457147324641	0
2	272	379.617045253265	1
2	272	379.617045253265	0
2	275	382.977753750638	1
2	278	383.456785899722	0
2	284	390.37222037509	1
2	284	390.37222037509	0
2	290	395.395494374109	1
2	290	395.395494374109	0
2	296	400.807103192442	1
2	296	400.807103192442	0
2	302	411.744901631018	1
2	302	411.744901631018	0
2	308	422.606433993347	1
2	308	422.606433993347	0
2	314	428.806901294638	1
2	314	428.806901294638	0
2	320	483.20219515429	1
2	320	483.20219515429	0
2	326	494.060984209924	1
2	326	494.060984209924	0
2	332	517.317164533048	1
2	332	517.317164533048	0
2	338	521.91141445278	1
2	338	521.91141445278	0
2	344	559.995262180569	1
2	344	559.995262180569	0
2	350	584.159865362004	1
2	350	584.159865362004	0
2	356	591.850818749167	1
2	356	591.850818749167	0
3	74	115.627795238505	0
3	80	134.524573880732	0
3	86	142.4538752309	0
3	92	143.709792495502	0.189623145267
3	98	175.42518372989	0
3	104	185.855784150983	0
3	110	198.054468961572	0
3	116	216.216200342752	0
3	122	219.057210264097	0
3	128	233.308595442808	0
3	134	234.265601062511	0
3	140	235.507467912971	0.995926663577
3	146	242.566594220997	0
3	152	254.491073844483	0
3	158	258.226375259522	0
3	164	259.678066003913	0.210056986758
3	170	265.083572399944	0
3	178	267.760579993345	2.484446008804
3	182	268.886927629299	1.238127172661
3	188	274.864572758889	0
3	194	283.712888621436	0
3	200	297.299363889923	0
3	206	313.903831518293	0
3	212	320.409059899192	0
3	218	325.781752387078	0
3	224	345.035696199705	0
3	230	347.722200309622	0
3	236	354.310916998683	0
3	242	356.489806309743	0.971221007369
3	248	359.483081471498	0
3	254	362.585301876275	0
3	260	362.738547907308	0
3	266	376.457147324641	0
3	272	379.617045253265	0
3	278	383.456785899722	0.479032149084
3	284	390.37222037509	0
3	290	395.395494374109	0
3	296	400.807103192442	0
3	302	411.744901631018	0
3	308	422.606433993347	0
3	314	428.806901294638	0
3	320	483.20219515429	0
3	326	494.060984209924	0
3	332	517.317164533048	0
3	338	521.91141445278	0
3	344	559.995262180569	0
3	350	584.159865362004	0
3	356	591.850818749167	0
4	361	600	0.012913307193626
5	74	115.627795238505	1
5	74	115.627795238505	1
5	78	116.930674750398	0
5	80	134.524573880732	1
5	80	134.524573880732	1
5	84	134.548212696641	0
5	86	142.4538752309	1
5	86	142.4538752309	1
5	89	143.520169350235	2
5	92	143.709792495502	1
5	92	143.709792495502	1
5	96	143.893530036185	0
5	98	175.42518372989	1
5	98	175.42518372989	1
5	102	177.587773510287	0
5	104	185.855784150983	1
5	104	185.855784150983	1
5	108	186.310710567063	0
5	110	198.054468961572	1
5	110	198.054468961572	1
5	114	198.19858907413	0
5	116	216.216200342752	1
5	116	216.216200342752	1
5	120	216.669615406587	0
5	122	219.057210264097	1
5	122	219.057210264097	1
5	126	219.522170645578	0
5	128	233.308595442808	1
5	128	233.308595442808	1
5	132	233.325528800017	0
5	134	234.265601062511	1
5	134	234.265601062511	1
5	137	234.511541249394	2
5	140	235.507467912971	1
5	140	235.507467912971	1
5	144	236.437284087483	0
5	146	242.566594220997	1
5	146	242.566594220997	1
5	150	242.710634239421	0
5	152	254.491073844483	1
5	152	254.491073844483	1
5	156	255.2448544871	0
5	158	258.226375259522	1
5	158	258.226375259522	1
5	161	259.468009017155	2
5	164	259.678066003913	1
5	164	259.678066003913	1
5	168	261.231201348546	0
5	170	265.083572399944	1
5	170	265.083572399944	1
5	173	265.276133984541	2
5	175	267.648800456638	3
5	178	267.760579993345	2
5	178	267.760579993345	2
5	182	268.886927629299	1
5	182	268.886927629299	1
5	186	269.128777559505	0
5	188	274.864572758889	1
5	188	274.864572758889	1
5	192	275.858092807946	0
5	194	283.712888621436	1
5	194	283.712888621436	1
5	198	283.726016461915	0
5	200	297.299363889923	1
5	200	297.299363889923	1
5	204	298.268592859997	0
5	206	313.903831518293	1
5	206	313.903831518293	1
5	210	314.440507229163	0
5	212	320.409059899192	1
5	212	320.409059899192	1
5	216	321.656347610599	0
5	218	325.781752387078	1
5	218	325.781752387078	1
5	222	326.678606119017	0
5	224	345.035696199705	1
5	224	345.035696199705	1
5	228	345.54849816177	0
5	230	347.722200309622	1
5	230	347.722200309622	1
5	234	352.47265839423	0
5	236	354.310916998683	1
5	236	354.310916998683	1
5	239	355.518585302374	2
5	242	356.489806309743	1
5	242	356.489806309743	1
5	246	357.039574319507	0
5	248	359.483081471498	1
5	248	359.483081471498	1
5	252	360.087905027026	0
5	254	362.585301876275	1
5	254	362.585301876275	1
5	258	362.694551522	0
5	260	362.738547907308	1
5	260	362.738547907308	1
5	264	362.790559397777	0
5	266	376.457147324641	1
5	266	376.457147324641	1
5	270	377.053204124357	0
5	272	379.617045253265	1
5	272	379.617045253265	1
5	275	382.977753750638	2
5	278	383.456785899722	1
5	278	383.456785899722	1
5	282	383.538058783999	0
5	284	390.37222037509	1
5	284	390.37222037509	1
5	288	392.384442304543	0
5	290	395.395494374109	1
5	290	395.395494374109	1
5	294	395.595030810149	0
5	296	400.807103192442	1
5	296	400.807103192442	1
5	300	401.110846555785	0
5	302	411.744901631018	1
5	302	411.744901631018	1
5	306	411.939945352197	0
5	308	422.606433993347	1
5	308	422.606433993347	1
5	312	423.820045369841	0
5	314	428.806901294638	1
5	314	428.806901294638	1
5	318	429.230934728343	0
5	320	483.20219515429	1
5	320	483.20219515429	1
5	324	484.816470645079	0
5	326	494.060984209924	1
5	326	494.060984209924	1
5	330	496.116054293884	0
5	332	517.317164533048	1
5	332	517.317164533048	1
5	336	517.718040182811	0
5	338	521.91141445278	1
5	338	521.91141445278	1
5	342	523.452786182255	0
5	344	559.995262180569	1
5	344	559.995262180569	1
5	348	560.608854618885	0
5	350	584.159865362004	1
5	350	584.159865362004	1
5	354	584.529992335609	0
5	356	591.850818749167	1
5	356	591.850818749167	1
5	360	592.133088819738	0
6	75	115.627795238505	1.3028795118935
6	81	134.524573880732	0.02363881590892
6	87	142.4538752309	1.2559172646023
6	93	143.709792495502	0.18373754068307
6	99	175.42518372989	2.1625897803972
6	105	185.855784150983	0.45492641608025
6	111	198.054468961572	0.14412011255833
6	117	216.216200342752	0.45341506383477
6	123	219.057210264097	0.46496038148053
6	129	233.308595442808	0.016933357209244
6	135	234.265601062511	1.2418668504602
6	141	235.507467912971	0.92981617451185
6	147	242.566594220997	0.14404001842366
6	153	254.491073844483	0.75378064261664
6	159	258.226375259522	1.4516907443908
6	165	259.678066003913	1.5531353446327
6	171	265.083572399944	2.6770075934012
6	179	267.760579993345	1.1263476359539
6	183	268.886927629299	0.24184993020591
6	189	274.864572758889	0.99352004905654
6	195	283.712888621436	0.013127840479199
6	201	297.299363889923	0.96922897007421
6	207	313.903831518293	0.53667571087044
6	213	320.409059899192	1.2472877114067
6	219	325.781752387078	0.89685373193889
6	225	345.035696199705	0.51280196206531
6	231	347.722200309622	4.7504580846081
6	237	354.310916998683	2.1788893110595
6	243	356.489806309743	0.54976800976444
6	249	359.483081471498	0.604823555528
6	255	362.585301876275	0.10924964572502
6	261	362.738547907308	0.052011490469047
6	267	376.457147324641	0.5960567997162
6	273	379.617045253265	3.8397406464575
6	279	383.456785899722	0.081272884276682
6	285	390.37222037509	2.0122219294528
6	291	395.395494374109	0.19953643604031
6	297	400.807103192442	0.30374336334264
6	303	411.744901631018	0.19504372117922
6	309	422.606433993347	1.213611376494
6	315	428.806901294638	0.42403343370532
6	321	483.20219515429	1.6142754907886
6	327	494.060984209924	2.0550700839595
6	333	517.317164533048	0.40087564976276
6	339	521.91141445278	1.5413717294746
6	345	559.995262180569	0.61359243831617
6	351	584.159865362004	0.3701269736045
6	357	591.850818749167	0.28227007057052
7	76	116.930674750398	9.4485796131732
7	82	134.548212696641	8.2289660263896
7	90	143.709792495502	8.5782908474444
7	94	143.893530036185	8.6950271593585
7	100	177.587773510287	8.2630526908166
7	106	186.310710567063	8.1203585492404
7	112	198.19858907413	7.7060174331153
7	118	216.669615406587	7.2583471662903
7	124	219.522170645578	7.3758350803202
7	130	233.325528800017	6.9467437670133
7	138	235.507467912971	7.4096985687412
7	142	236.437284087483	7.7738203281582
7	148	242.710634239421	7.6322365232208
7	154	255.2448544871	7.5527596250734
7	162	259.678066003913	7.9828540693374
7	166	261.231201348546	8.5299368102941
7	176	267.760579993345	9.3217097146355
7	180	268.886927629299	9.701554427786
7	184	269.128777559505	9.7827002381946
7	190	275.858092807946	9.9042160896264
7	196	283.726016461915	9.6341920962222
7	202	298.268592859997	9.4894129320077
7	208	314.440507229163	9.172041601124
7	214	321.656347610599	9.3540519466682
7	220	326.678606119017	9.4847825957423
7	226	345.54849816177	9.1152349689881
7	232	352.47265839423	10.283922670484
7	240	356.489806309743	10.779243685171
7	244	357.039574319507	10.916625424219
7	250	360.087905027026	10.992176062466
7	256	362.694551522	10.943298149747
7	262	362.790559397777	10.95473865207
7	268	377.053204124357	10.698440961351
7	276	383.456785899722	11.52113007439
7	280	383.538058783999	11.539879016748
7	286	392.384442304543	11.792529190135
7	292	395.595030810149	11.747262405491
7	298	401.110846555785	11.661447227703
7	304	411.939945352197	11.402238104565
7	310	423.820045369841	11.368972591025
7	316	429.230934728343	11.324444324554
7	322	484.816470645079	10.359032078889
7	328	496.116054293884	10.537325561098
7	334	517.718040182811	10.175082837172
7	340	523.452786182255	10.358070987931
7	346	560.608854618885	9.7810091951995
7	352	584.529992335609	9.4440544226661
7	358	592.133088819738	9.3704610857245
8	77	116.930674750398	13
8	83	134.548212696641	14
8	91	143.709792495502	15
8	95	143.893530036185	16
8	101	177.587773510287	17
8	107	186.310710567063	18
8	113	198.19858907413	19
8	119	216.669615406587	20
8	125	219.522170645578	21
8	131	233.325528800017	22
8	139	235.507467912971	23
8	143	236.437284087483	24
8	149	242.710634239421	25
8	155	255.2448544871	26
8	163	259.678066003913	27
8	167	261.231201348546	28
8	177	267.760579993345	29
8	181	268.886927629299	30
8	185	269.128777559505	31
8	191	275.858092807946	32
8	197	283.726016461915	33
8	203	298.268592859997	34
8	209	314.440507229163	35
8	215	321.656347610599	36
8	221	326.678606119017	37
8	227	345.54849816177	38
8	233	352.47265839423	39
8	241	356.489806309743	40
8	245	357.039574319507	41
8	251	360.087905027026	42
8	257	362.694551522	43
8	263	362.790559397777	44
8	269	377.053204124357	45
8	277	383.456785899722	46
8	281	383.538058783999	47
8	287	392.384442304543	48
8	293	395.595030810149	49
8	299	401.110846555785	50
8	305	411.939945352197	51
8	311	423.820045369841	52
8	317	429.230934728343	53
8	323	484.816470645079	54
8	329	496.116054293884	55
8	335	517.718040182811	56
8	341	523.452786182255	57
8	347	560.608854618885	58
8	353	584.529992335609	59
8	359	592.133088819738	60
9	77	116.930674750398	1.302879511893
9	83	134.548212696641	0.023638815909
9	91	143.709792495502	1.255917264602
9	95	143.893530036185	0.37336068595
9	101	177.587773510287	2.162589780397
9	107	186.310710567063	0.45492641608
9	113	198.19858907413	0.144120112558
9	119	216.669615406587	0.453415063835
9	125	219.522170645578	0.464960381481
9	131	233.325528800017	0.016933357209
9	139	235.507467912971	1.24186685046
9	143	236.437284087483	1.925742838089
9	149	242.710634239421	0.144040018424
9	155	255.2448544871	0.753780642617
9	163	259.678066003913	1.451690744391
9	167	261.231201348546	1.763192331391
9	177	267.760579993345	2.677007593401
9	181	268.886927629299	3.610793644758
9	185	269.128777559505	1.479977102867
9	191	275.858092807946	0.993520049057
9	197	283.726016461915	0.013127840479
9	203	298.268592859997	0.969228970074
9	209	314.440507229163	0.53667571087
9	215	321.656347610599	1.247287711407
9	221	326.678606119017	0.896853731939
9	227	345.54849816177	0.512801962065
9	233	352.47265839423	4.750458084608
9	241	356.489806309743	2.17888931106
9	245	357.039574319507	1.520989017133
9	251	360.087905027026	0.604823555528
9	257	362.694551522	0.109249645725
9	263	362.790559397777	0.052011490469
9	269	377.053204124357	0.596056799716
9	277	383.456785899722	3.839740646457
9	281	383.538058783999	0.560305033361
9	287	392.384442304543	2.012221929453
9	293	395.595030810149	0.19953643604
9	299	401.110846555785	0.303743363343
9	305	411.939945352197	0.195043721179
9	311	423.820045369841	1.213611376494
9	317	429.230934728343	0.424033433705
9	323	484.816470645079	1.614275490789
9	329	496.116054293884	2.05507008396
9	335	517.718040182811	0.400875649763
9	341	523.452786182255	1.541371729475
9	347	560.608854618885	0.613592438316
9	353	584.529992335609	0.370126973605
9	359	592.133088819738	0.282270070571

