version 3
run ParameterStudy-184-20251130-20:03:58-476
attr configname ParameterStudy
attr datetime 20251130-20:03:58
attr datetimef 20251130-200358
attr experiment ParameterStudy
attr inifile omnetpp.ini
attr iterationvars $betaProducer=4.6s
attr iterationvarsd betaProducer=4.6s
attr iterationvarsf betaProducer=4.6s-
attr measurement $betaProducer=4.6s
attr network queue_sim
attr processid 476
attr repetition 4
attr replication #4
attr resultdir results
attr runnumber 184
attr seedset 184
itervar betaProducer 4.6s
config description "Parameter study: β_producer = 1s to 10s (0.1s steps), β_service = 1s, 5 repetitions"
config *.serviceUnit.meanServiceTime 1s
config *.producer.warmupPeriod 100s
config *.queue.warmupPeriod 100s
config *.serviceUnit.warmupPeriod 100s
config *.sink.warmupPeriod 100s
config *.producer.meanInterArrivalTime 4.6s
config network queue_sim
config sim-time-limit 600s
config warmup-period 100s
config repeat 5
config **.vector-recording true
config **.scalar-recording true
config debug-on-errors true

vector 0 queue_sim.producer jobGenerated:vector ETV
attr recordingmode vector
attr title "Jobs Generated"
vector 1 queue_sim.producer interArrivalTime:vector ETV
attr recordingmode vector
attr title "Inter-arrival Time"
attr unit s
vector 2 queue_sim.queue queueLength:vector ETV
attr recordingmode vector
attr title "Queue Length"
vector 3 queue_sim.queue queueingDelay:vector ETV
attr recordingmode vector
attr title "Queueing Delay"
attr unit s
vector 4 queue_sim.queue queueUtilization:vector ETV
attr recordingmode vector
attr title "Queue Utilization"
vector 5 queue_sim.queue systemSize:vector ETV
attr recordingmode vector
attr title "System Size"
vector 6 queue_sim.serviceUnit serviceTime:vector ETV
attr recordingmode vector
attr title "Service Time"
attr unit s
vector 7 queue_sim.serviceUnit utilization:vector ETV
attr recordingmode vector
attr title "Server Utilization"
vector 8 queue_sim.sink jobCompleted:vector ETV
attr recordingmode vector
attr title "Jobs Completed"
vector 9 queue_sim.sink totalDelay:vector ETV
attr recordingmode vector
attr title "Total System Delay"
attr unit s
0	56	101.026616190471	27
0	58	106.539831986771	28
0	60	113.819803788237	29
0	62	135.398532838215	30
0	64	141.398623444476	31
0	66	142.407953837102	32
0	68	155.535817393507	33
0	70	157.815925000786	34
0	72	163.980890064102	35
0	74	166.899667237296	36
0	76	167.82789628467	37
0	78	181.640223399721	38
0	80	184.191851395057	39
0	82	191.381114824315	40
0	84	210.14308159073	41
0	86	213.268436745061	42
0	88	217.62150373489	43
0	90	218.852537148789	44
0	92	226.662852700687	45
0	94	230.028058016785	46
0	96	239.557779962069	47
0	98	241.257342334279	48
0	100	245.336355599943	49
0	102	247.582429651602	50
0	104	250.60826301727	51
0	106	251.610481554842	52
0	108	252.560624003456	53
0	110	257.940351182697	54
0	112	262.250505547059	55
0	114	263.307031328621	56
0	116	270.420066554522	57
0	118	272.558615782735	58
0	120	272.950647128456	59
0	122	275.50040296041	60
0	124	282.613595062308	61
0	126	288.391409502284	62
0	128	289.9363880866	63
0	130	290.432474522976	64
0	132	290.449928746159	65
0	134	291.568346829827	66
0	136	296.079533761096	67
0	138	297.067312235252	68
0	140	302.746043834368	69
0	142	307.911189291935	70
0	144	319.229838435042	71
0	146	320.373762216373	72
0	148	325.645809543857	73
0	150	327.002783627624	74
0	152	329.681075437894	75
0	154	332.422041174173	76
0	156	337.639028812833	77
0	158	340.246921365624	78
0	160	348.939176438275	79
0	162	351.636310436829	80
0	164	356.940923487261	81
0	166	358.188723706895	82
0	168	361.07601908369	83
0	170	369.86677358712	84
0	172	378.369366931726	85
0	174	384.387067114343	86
0	176	391.050638605028	87
0	178	392.150549680813	88
0	180	409.597222083592	89
0	182	410.628299766633	90
0	184	413.019145056405	91
0	186	415.160452498653	92
0	188	418.110871076166	93
0	190	418.701106664434	94
0	192	418.803126168528	95
0	194	424.357742125321	96
0	196	438.048813797543	97
0	198	442.289967428395	98
0	200	443.024147503456	99
0	202	444.508205360891	100
0	204	445.282852558926	101
0	206	449.344634909263	102
0	208	457.372011960807	103
0	210	468.234112798191	104
0	212	475.859659317825	105
0	214	482.884534935562	106
0	216	485.835773750679	107
0	218	486.691888172456	108
0	220	494.321702601087	109
0	222	496.503241965387	110
0	224	497.043880253689	111
0	226	500.791460864341	112
0	228	505.275834985424	113
0	230	508.504651829398	114
0	232	510.586632414309	115
0	234	512.753701810035	116
0	236	522.07815800135	117
0	238	534.812164974325	118
0	240	536.269596022636	119
0	242	538.060045486091	120
0	244	544.168158887109	121
0	246	544.332135477627	122
0	248	552.103157635336	123
0	250	566.59311023452	124
0	252	566.602476938313	125
0	254	567.194871462621	126
0	256	567.292544528793	127
0	258	570.901305415274	128
0	260	585.99662227409	129
0	262	587.806325019246	130
0	264	594.220715250222	131
0	266	595.479152151142	132
1	56	101.026616190471	5.5132157963004
1	58	106.539831986771	7.2799718014658
1	60	113.819803788237	21.578729049978
1	62	135.398532838215	6.0000906062611
1	64	141.398623444476	1.0093303926263
1	66	142.407953837102	13.127863556405
1	68	155.535817393507	2.2801076072787
1	70	157.815925000786	6.164965063316
1	72	163.980890064102	2.9187771731943
1	74	166.899667237296	0.92822904737375
1	76	167.82789628467	13.812327115051
1	78	181.640223399721	2.551627995336
1	80	184.191851395057	7.1892634292576
1	82	191.381114824315	18.761966766415
1	84	210.14308159073	3.125355154331
1	86	213.268436745061	4.3530669898291
1	88	217.62150373489	1.2310334138989
1	90	218.852537148789	7.8103155518977
1	92	226.662852700687	3.3652053160982
1	94	230.028058016785	9.5297219452836
1	96	239.557779962069	1.6995623722099
1	98	241.257342334279	4.0790132656644
1	100	245.336355599943	2.2460740516592
1	102	247.582429651602	3.0258333656684
1	104	250.60826301727	1.0022185375722
1	106	251.610481554842	0.95014244861449
1	108	252.560624003456	5.3797271792408
1	110	257.940351182697	4.3101543643619
1	112	262.250505547059	1.0565257815621
1	114	263.307031328621	7.1130352259011
1	116	270.420066554522	2.1385492282135
1	118	272.558615782735	0.39203134572123
1	120	272.950647128456	2.5497558319542
1	122	275.50040296041	7.1131921018979
1	124	282.613595062308	5.7778144399758
1	126	288.391409502284	1.5449785843157
1	128	289.9363880866	0.4960864363764
1	130	290.432474522976	0.017454223183331
1	132	290.449928746159	1.1184180836679
1	134	291.568346829827	4.5111869312694
1	136	296.079533761096	0.98777847415588
1	138	297.067312235252	5.6787315991163
1	140	302.746043834368	5.1651454575674
1	142	307.911189291935	11.318649143107
1	144	319.229838435042	1.1439237813311
1	146	320.373762216373	5.2720473274837
1	148	325.645809543857	1.3569740837673
1	150	327.002783627624	2.6782918102698
1	152	329.681075437894	2.7409657362786
1	154	332.422041174173	5.2169876386599
1	156	337.639028812833	2.6078925527906
1	158	340.246921365624	8.6922550726508
1	160	348.939176438275	2.6971339985544
1	162	351.636310436829	5.3046130504316
1	164	356.940923487261	1.247800219634
1	166	358.188723706895	2.8872953767953
1	168	361.07601908369	8.7907545034305
1	170	369.86677358712	8.5025933446064
1	172	378.369366931726	6.0177001826175
1	174	384.387067114343	6.6635714906847
1	176	391.050638605028	1.0999110757848
1	178	392.150549680813	17.446672402779
1	180	409.597222083592	1.031077683041
1	182	410.628299766633	2.3908452897721
1	184	413.019145056405	2.1413074422479
1	186	415.160452498653	2.9504185775132
1	188	418.110871076166	0.59023558826827
1	190	418.701106664434	0.10201950409421
1	192	418.803126168528	5.5546159567928
1	194	424.357742125321	13.691071672222
1	196	438.048813797543	4.2411536308518
1	198	442.289967428395	0.7341800750614
1	200	443.024147503456	1.4840578574354
1	202	444.508205360891	0.77464719803472
1	204	445.282852558926	4.0617823503375
1	206	449.344634909263	8.0273770515441
1	208	457.372011960807	10.862100837384
1	210	468.234112798191	7.6255465196338
1	212	475.859659317825	7.0248756177366
1	214	482.884534935562	2.9512388151172
1	216	485.835773750679	0.85611442177704
1	218	486.691888172456	7.6298144286308
1	220	494.321702601087	2.1815393643002
1	222	496.503241965387	0.54063828830214
1	224	497.043880253689	3.7475806106524
1	226	500.791460864341	4.4843741210831
1	228	505.275834985424	3.2288168439742
1	230	508.504651829398	2.0819805849111
1	232	510.586632414309	2.1670693957264
1	234	512.753701810035	9.3244561913151
1	236	522.07815800135	12.734006972975
1	238	534.812164974325	1.4574310483105
1	240	536.269596022636	1.7904494634549
1	242	538.060045486091	6.1081134010179
1	244	544.168158887109	0.16397659051751
1	246	544.332135477627	7.7710221577092
1	248	552.103157635336	14.489952599184
1	250	566.59311023452	0.0093667037927254
1	252	566.602476938313	0.5923945243083
1	254	567.194871462621	0.09767306617225
1	256	567.292544528793	3.6087608864811
1	258	570.901305415274	15.095316858816
1	260	585.99662227409	1.8097027451558
1	262	587.806325019246	6.4143902309763
1	264	594.220715250222	1.2584369009197
1	266	595.479152151142	9.6797450195827
2	57	101.026616190471	26
2	59	106.539831986771	27
2	61	113.819803788237	28
2	63	135.398532838215	29
2	65	141.398623444476	30
2	67	142.407953837102	31
2	69	155.535817393507	32
2	71	157.815925000786	33
2	73	163.980890064102	34
2	75	166.899667237296	35
2	77	167.82789628467	36
2	79	181.640223399721	37
2	81	184.191851395057	38
2	83	191.381114824315	39
2	85	210.14308159073	40
2	87	213.268436745061	41
2	89	217.62150373489	42
2	91	218.852537148789	43
2	93	226.662852700687	44
2	95	230.028058016785	45
2	97	239.557779962069	46
2	99	241.257342334279	47
2	101	245.336355599943	48
2	103	247.582429651602	49
2	105	250.60826301727	50
2	107	251.610481554842	51
2	109	252.560624003456	52
2	111	257.940351182697	53
2	113	262.250505547059	54
2	115	263.307031328621	55
2	117	270.420066554522	56
2	119	272.558615782735	57
2	121	272.950647128456	58
2	123	275.50040296041	59
2	125	282.613595062308	60
2	127	288.391409502284	61
2	129	289.9363880866	62
2	131	290.432474522976	63
2	133	290.449928746159	64
2	135	291.568346829827	65
2	137	296.079533761096	66
2	139	297.067312235252	67
2	141	302.746043834368	68
2	143	307.911189291935	69
2	145	319.229838435042	70
2	147	320.373762216373	71
2	149	325.645809543857	72
2	151	327.002783627624	73
2	153	329.681075437894	74
2	155	332.422041174173	75
2	157	337.639028812833	76
2	159	340.246921365624	77
2	161	348.939176438275	78
2	163	351.636310436829	79
2	165	356.940923487261	80
2	167	358.188723706895	81
2	169	361.07601908369	82
2	171	369.86677358712	83
2	173	378.369366931726	84
2	175	384.387067114343	85
2	177	391.050638605028	86
2	179	392.150549680813	87
2	181	409.597222083592	88
2	183	410.628299766633	89
2	185	413.019145056405	90
2	187	415.160452498653	91
2	189	418.110871076166	92
2	191	418.701106664434	93
2	193	418.803126168528	94
2	195	424.357742125321	95
2	197	438.048813797543	96
2	199	442.289967428395	97
2	201	443.024147503456	98
2	203	444.508205360891	99
2	205	445.282852558926	100
2	207	449.344634909263	101
2	209	457.372011960807	102
2	211	468.234112798191	103
2	213	475.859659317825	104
2	215	482.884534935562	105
2	217	485.835773750679	106
2	219	486.691888172456	107
2	221	494.321702601087	108
2	223	496.503241965387	109
2	225	497.043880253689	110
2	227	500.791460864341	111
2	229	505.275834985424	112
2	231	508.504651829398	113
2	233	510.586632414309	114
2	235	512.753701810035	115
2	237	522.07815800135	116
2	239	534.812164974325	117
2	241	536.269596022636	118
2	243	538.060045486091	119
2	245	544.168158887109	120
2	247	544.332135477627	121
2	249	552.103157635336	122
2	251	566.59311023452	123
2	253	566.602476938313	124
2	255	567.194871462621	125
2	257	567.292544528793	126
2	259	570.901305415274	127
2	261	585.99662227409	128
2	263	587.806325019246	129
2	265	594.220715250222	130
2	267	595.479152151142	131
4	268	600	1.0118392053241
5	57	101.026616190471	27
5	59	106.539831986771	28
5	61	113.819803788237	29
5	63	135.398532838215	30
5	65	141.398623444476	31
5	67	142.407953837102	32
5	69	155.535817393507	33
5	71	157.815925000786	34
5	73	163.980890064102	35
5	75	166.899667237296	36
5	77	167.82789628467	37
5	79	181.640223399721	38
5	81	184.191851395057	39
5	83	191.381114824315	40
5	85	210.14308159073	41
5	87	213.268436745061	42
5	89	217.62150373489	43
5	91	218.852537148789	44
5	93	226.662852700687	45
5	95	230.028058016785	46
5	97	239.557779962069	47
5	99	241.257342334279	48
5	101	245.336355599943	49
5	103	247.582429651602	50
5	105	250.60826301727	51
5	107	251.610481554842	52
5	109	252.560624003456	53
5	111	257.940351182697	54
5	113	262.250505547059	55
5	115	263.307031328621	56
5	117	270.420066554522	57
5	119	272.558615782735	58
5	121	272.950647128456	59
5	123	275.50040296041	60
5	125	282.613595062308	61
5	127	288.391409502284	62
5	129	289.9363880866	63
5	131	290.432474522976	64
5	133	290.449928746159	65
5	135	291.568346829827	66
5	137	296.079533761096	67
5	139	297.067312235252	68
5	141	302.746043834368	69
5	143	307.911189291935	70
5	145	319.229838435042	71
5	147	320.373762216373	72
5	149	325.645809543857	73
5	151	327.002783627624	74
5	153	329.681075437894	75
5	155	332.422041174173	76
5	157	337.639028812833	77
5	159	340.246921365624	78
5	161	348.939176438275	79
5	163	351.636310436829	80
5	165	356.940923487261	81
5	167	358.188723706895	82
5	169	361.07601908369	83
5	171	369.86677358712	84
5	173	378.369366931726	85
5	175	384.387067114343	86
5	177	391.050638605028	87
5	179	392.150549680813	88
5	181	409.597222083592	89
5	183	410.628299766633	90
5	185	413.019145056405	91
5	187	415.160452498653	92
5	189	418.110871076166	93
5	191	418.701106664434	94
5	193	418.803126168528	95
5	195	424.357742125321	96
5	197	438.048813797543	97
5	199	442.289967428395	98
5	201	443.024147503456	99
5	203	444.508205360891	100
5	205	445.282852558926	101
5	207	449.344634909263	102
5	209	457.372011960807	103
5	211	468.234112798191	104
5	213	475.859659317825	105
5	215	482.884534935562	106
5	217	485.835773750679	107
5	219	486.691888172456	108
5	221	494.321702601087	109
5	223	496.503241965387	110
5	225	497.043880253689	111
5	227	500.791460864341	112
5	229	505.275834985424	113
5	231	508.504651829398	114
5	233	510.586632414309	115
5	235	512.753701810035	116
5	237	522.07815800135	117
5	239	534.812164974325	118
5	241	536.269596022636	119
5	243	538.060045486091	120
5	245	544.168158887109	121
5	247	544.332135477627	122
5	249	552.103157635336	123
5	251	566.59311023452	124
5	253	566.602476938313	125
5	255	567.194871462621	126
5	257	567.292544528793	127
5	259	570.901305415274	128
5	261	585.99662227409	129
5	263	587.806325019246	130
5	265	594.220715250222	131
5	267	595.479152151142	132

