version 3
run ParameterStudy-364-20251130-20:04:00-476
attr configname ParameterStudy
attr datetime 20251130-20:04:00
attr datetimef 20251130-200400
attr experiment ParameterStudy
attr inifile omnetpp.ini
attr iterationvars $betaProducer=8.2s
attr iterationvarsd betaProducer=8.2s
attr iterationvarsf betaProducer=8.2s-
attr measurement $betaProducer=8.2s
attr network queue_sim
attr processid 476
attr repetition 4
attr replication #4
attr resultdir results
attr runnumber 364
attr seedset 364
itervar betaProducer 8.2s
config description "Parameter study: β_producer = 1s to 10s (0.1s steps), β_service = 1s, 5 repetitions"
config *.serviceUnit.meanServiceTime 1s
config *.producer.warmupPeriod 100s
config *.queue.warmupPeriod 100s
config *.serviceUnit.warmupPeriod 100s
config *.sink.warmupPeriod 100s
config *.producer.meanInterArrivalTime 8.2s
config network queue_sim
config sim-time-limit 600s
config warmup-period 100s
config repeat 5
config **.vector-recording true
config **.scalar-recording true
config debug-on-errors true

vector 0 queue_sim.producer jobGenerated:vector ETV
attr recordingmode vector
attr title "Jobs Generated"
vector 1 queue_sim.producer interArrivalTime:vector ETV
attr recordingmode vector
attr title "Inter-arrival Time"
attr unit s
vector 2 queue_sim.queue queueLength:vector ETV
attr recordingmode vector
attr title "Queue Length"
vector 3 queue_sim.queue queueingDelay:vector ETV
attr recordingmode vector
attr title "Queueing Delay"
attr unit s
vector 4 queue_sim.queue queueUtilization:vector ETV
attr recordingmode vector
attr title "Queue Utilization"
vector 5 queue_sim.queue systemSize:vector ETV
attr recordingmode vector
attr title "System Size"
vector 6 queue_sim.serviceUnit serviceTime:vector ETV
attr recordingmode vector
attr title "Service Time"
attr unit s
vector 7 queue_sim.serviceUnit utilization:vector ETV
attr recordingmode vector
attr title "Server Utilization"
vector 8 queue_sim.sink jobCompleted:vector ETV
attr recordingmode vector
attr title "Jobs Completed"
vector 9 queue_sim.sink totalDelay:vector ETV
attr recordingmode vector
attr title "Total System Delay"
attr unit s
0	36	104.308410623378	17
0	38	105.43420048217	18
0	40	106.091725687075	19
0	42	116.451765762755	20
0	44	150.084910266372	21
0	46	150.48243928842	22
0	48	165.046038121949	23
0	50	178.580597278847	24
0	52	184.674676521674	25
0	54	187.043208563424	26
0	56	193.595773434266	27
0	58	194.745105913946	28
0	60	218.592609492238	29
0	62	222.546427771032	30
0	64	223.956931229169	31
0	66	231.339117050233	32
0	68	239.815792271705	33
0	70	244.095455821018	34
0	72	248.934735612286	35
0	74	258.285656582415	36
0	76	272.725165708458	37
0	78	280.55739185393	38
0	80	282.772635639021	39
0	82	285.607724961057	40
0	84	301.327992202491	41
0	86	326.048557652419	42
0	88	341.474943939885	43
0	90	342.344397217703	44
0	92	345.267462137806	45
0	94	360.532836965392	46
0	96	381.128112483386	47
0	98	386.773897992637	48
0	100	391.903165897862	49
0	102	394.406979657353	50
0	104	394.958926711512	51
0	106	396.159947825626	52
0	108	417.53668817148	53
0	110	441.088404820852	54
0	112	443.786796574039	55
0	114	444.382236798833	56
0	116	445.41779322295	57
0	118	448.022358015898	58
0	120	451.86134584276	59
0	122	470.244136574611	60
0	124	477.784063784115	61
0	126	499.76523413172	62
0	128	500.308810658879	63
0	130	503.649936546523	64
0	132	506.229700392173	65
0	134	513.44993432565	66
0	136	524.115303648994	67
0	138	527.273576241803	68
0	140	527.50613356573	69
0	142	530.544777475377	70
0	144	532.590324993665	71
0	146	548.245316524937	72
0	148	551.681483522371	73
0	150	558.333901417373	74
0	152	558.478891475423	75
0	154	559.17786398462	76
0	156	570.056102784583	77
0	158	573.838904704437	78
0	160	577.649503387502	79
0	162	586.792199736899	80
0	164	593.326753815503	81
0	166	593.870699934682	82
0	168	596.555250285094	83
1	36	104.308410623378	1.1257898587916
1	38	105.43420048217	0.65752520490531
1	40	106.091725687075	10.36004007568
1	42	116.451765762755	33.633144503617
1	44	150.084910266372	0.39752902204781
1	46	150.48243928842	14.563598833529
1	48	165.046038121949	13.534559156898
1	50	178.580597278847	6.0940792428265
1	52	184.674676521674	2.3685320417501
1	54	187.043208563424	6.5525648708418
1	56	193.595773434266	1.1493324796801
1	58	194.745105913946	23.847503578292
1	60	218.592609492238	3.9538182787942
1	62	222.546427771032	1.4105034581371
1	64	223.956931229169	7.382185821064
1	66	231.339117050233	8.4766752214725
1	68	239.815792271705	4.279663549313
1	70	244.095455821018	4.8392797912685
1	72	248.934735612286	9.350920970129
1	74	258.285656582415	14.439509126043
1	76	272.725165708458	7.8322261454722
1	78	280.55739185393	2.2152437850912
1	80	282.772635639021	2.8350893220364
1	82	285.607724961057	15.720267241434
1	84	301.327992202491	24.720565449928
1	86	326.048557652419	15.426386287466
1	88	341.474943939885	0.86945327781764
1	90	342.344397217703	2.9230649201034
1	92	345.267462137806	15.265374827586
1	94	360.532836965392	20.595275517994
1	96	381.128112483386	5.6457855092507
1	98	386.773897992637	5.1292679052248
1	100	391.903165897862	2.5038137594912
1	102	394.406979657353	0.55194705415931
1	104	394.958926711512	1.2010211141141
1	106	396.159947825626	21.376740345854
1	108	417.53668817148	23.551716649372
1	110	441.088404820852	2.6983917531868
1	112	443.786796574039	0.59544022479382
1	114	444.382236798833	1.0355564241173
1	116	445.41779322295	2.6045647929479
1	118	448.022358015898	3.8389878268619
1	120	451.86134584276	18.382790731851
1	122	470.244136574611	7.5399272095038
1	124	477.784063784115	21.981170347605
1	126	499.76523413172	0.54357652715933
1	128	500.308810658879	3.3411258876445
1	130	503.649936546523	2.5797638456504
1	132	506.229700392173	7.2202339334767
1	134	513.44993432565	10.665369323344
1	136	524.115303648994	3.1582725928088
1	138	527.273576241803	0.2325573239268
1	140	527.50613356573	3.0386439096469
1	142	530.544777475377	2.0455475182881
1	144	532.590324993665	15.654991531272
1	146	548.245316524937	3.4361669974339
1	148	551.681483522371	6.6524178950017
1	150	558.333901417373	0.14499005804992
1	152	558.478891475423	0.69897250919665
1	154	559.17786398462	10.878238799963
1	156	570.056102784583	3.7828019198544
1	158	573.838904704437	3.8105986830647
1	160	577.649503387502	9.142696349397
1	162	586.792199736899	6.5345540786041
1	164	593.326753815503	0.54394611917917
1	166	593.870699934682	2.684550350412
1	168	596.555250285094	19.649435714812
2	37	104.308410623378	16
2	39	105.43420048217	17
2	41	106.091725687075	18
2	43	116.451765762755	19
2	45	150.084910266372	20
2	47	150.48243928842	21
2	49	165.046038121949	22
2	51	178.580597278847	23
2	53	184.674676521674	24
2	55	187.043208563424	25
2	57	193.595773434266	26
2	59	194.745105913946	27
2	61	218.592609492238	28
2	63	222.546427771032	29
2	65	223.956931229169	30
2	67	231.339117050233	31
2	69	239.815792271705	32
2	71	244.095455821018	33
2	73	248.934735612286	34
2	75	258.285656582415	35
2	77	272.725165708458	36
2	79	280.55739185393	37
2	81	282.772635639021	38
2	83	285.607724961057	39
2	85	301.327992202491	40
2	87	326.048557652419	41
2	89	341.474943939885	42
2	91	342.344397217703	43
2	93	345.267462137806	44
2	95	360.532836965392	45
2	97	381.128112483386	46
2	99	386.773897992637	47
2	101	391.903165897862	48
2	103	394.406979657353	49
2	105	394.958926711512	50
2	107	396.159947825626	51
2	109	417.53668817148	52
2	111	441.088404820852	53
2	113	443.786796574039	54
2	115	444.382236798833	55
2	117	445.41779322295	56
2	119	448.022358015898	57
2	121	451.86134584276	58
2	123	470.244136574611	59
2	125	477.784063784115	60
2	127	499.76523413172	61
2	129	500.308810658879	62
2	131	503.649936546523	63
2	133	506.229700392173	64
2	135	513.44993432565	65
2	137	524.115303648994	66
2	139	527.273576241803	67
2	141	527.50613356573	68
2	143	530.544777475377	69
2	145	532.590324993665	70
2	147	548.245316524937	71
2	149	551.681483522371	72
2	151	558.333901417373	73
2	153	558.478891475423	74
2	155	559.17786398462	75
2	157	570.056102784583	76
2	159	573.838904704437	77
2	161	577.649503387502	78
2	163	586.792199736899	79
2	165	593.326753815503	80
2	167	593.870699934682	81
2	169	596.555250285094	82
4	170	600	1.0070514018506
5	37	104.308410623378	17
5	39	105.43420048217	18
5	41	106.091725687075	19
5	43	116.451765762755	20
5	45	150.084910266372	21
5	47	150.48243928842	22
5	49	165.046038121949	23
5	51	178.580597278847	24
5	53	184.674676521674	25
5	55	187.043208563424	26
5	57	193.595773434266	27
5	59	194.745105913946	28
5	61	218.592609492238	29
5	63	222.546427771032	30
5	65	223.956931229169	31
5	67	231.339117050233	32
5	69	239.815792271705	33
5	71	244.095455821018	34
5	73	248.934735612286	35
5	75	258.285656582415	36
5	77	272.725165708458	37
5	79	280.55739185393	38
5	81	282.772635639021	39
5	83	285.607724961057	40
5	85	301.327992202491	41
5	87	326.048557652419	42
5	89	341.474943939885	43
5	91	342.344397217703	44
5	93	345.267462137806	45
5	95	360.532836965392	46
5	97	381.128112483386	47
5	99	386.773897992637	48
5	101	391.903165897862	49
5	103	394.406979657353	50
5	105	394.958926711512	51
5	107	396.159947825626	52
5	109	417.53668817148	53
5	111	441.088404820852	54
5	113	443.786796574039	55
5	115	444.382236798833	56
5	117	445.41779322295	57
5	119	448.022358015898	58
5	121	451.86134584276	59
5	123	470.244136574611	60
5	125	477.784063784115	61
5	127	499.76523413172	62
5	129	500.308810658879	63
5	131	503.649936546523	64
5	133	506.229700392173	65
5	135	513.44993432565	66
5	137	524.115303648994	67
5	139	527.273576241803	68
5	141	527.50613356573	69
5	143	530.544777475377	70
5	145	532.590324993665	71
5	147	548.245316524937	72
5	149	551.681483522371	73
5	151	558.333901417373	74
5	153	558.478891475423	75
5	155	559.17786398462	76
5	157	570.056102784583	77
5	159	573.838904704437	78
5	161	577.649503387502	79
5	163	586.792199736899	80
5	165	593.326753815503	81
5	167	593.870699934682	82
5	169	596.555250285094	83

