version 3
run ParameterStudy-383-20251202-16:20:07-1436
attr configname ParameterStudy
attr datetime 20251202-16:20:07
attr datetimef 20251202-162007
attr experiment ParameterStudy
attr inifile omnetpp.ini
attr iterationvars $betaProducer=8.6s
attr iterationvarsd betaProducer=8.6s
attr iterationvarsf betaProducer=8.6s-
attr measurement $betaProducer=8.6s
attr network queue_sim
attr processid 1436
attr repetition 3
attr replication #3
attr resultdir results
attr runnumber 383
attr seedset 383
itervar betaProducer 8.6s
config description "Parameter study: β_producer = 1s to 10s (0.1s steps), β_service = 1s, 5 repetitions"
config *.serviceUnit.meanServiceTime 1s
config *.producer.warmupPeriod 100s
config *.queue.warmupPeriod 100s
config *.serviceUnit.warmupPeriod 100s
config *.sink.warmupPeriod 100s
config *.producer.meanInterArrivalTime 8.6s
config network queue_sim
config sim-time-limit 600s
config warmup-period 100s
config repeat 5
config **.vector-recording true
config **.scalar-recording true
config debug-on-errors true

vector 0 queue_sim.producer jobGenerated:vector ETV
attr recordingmode vector
attr title "Jobs Generated"
vector 1 queue_sim.producer interArrivalTime:vector ETV
attr recordingmode vector
attr title "Inter-arrival Time"
attr unit s
vector 2 queue_sim.queue queueLength:vector ETV
attr recordingmode vector
attr title "Queue Length"
vector 3 queue_sim.queue queueingDelay:vector ETV
attr recordingmode vector
attr title "Queueing Delay"
attr unit s
vector 4 queue_sim.queue queueUtilization:vector ETV
attr recordingmode vector
attr title "Queue Utilization"
vector 5 queue_sim.queue systemSize:vector ETV
attr recordingmode vector
attr title "System Size"
vector 6 queue_sim.serviceUnit serviceTime:vector ETV
attr recordingmode vector
attr title "Service Time"
attr unit s
vector 7 queue_sim.serviceUnit utilization:vector ETV
attr recordingmode vector
attr title "Server Utilization"
vector 8 queue_sim.sink jobCompleted:vector ETV
attr recordingmode vector
attr title "Jobs Completed"
vector 9 queue_sim.sink totalDelay:vector ETV
attr recordingmode vector
attr title "Total System Delay"
attr unit s
0	73	104.065558161006	13
0	79	117.785652953547	14
0	82	118.141665200374	15
0	91	126.459285355652	16
0	97	133.111790964087	17
0	103	148.450018956982	18
0	109	162.833138980253	19
0	112	162.859095164068	20
0	121	169.867088435592	21
0	127	179.979279679655	22
0	133	184.154418355929	23
0	136	184.201122926104	24
0	145	206.057708037269	25
0	151	221.099890507217	26
0	157	223.7067473092	27
0	163	256.391253249673	28
0	166	260.267987269428	29
0	175	284.299720906158	30
0	181	285.889656417193	31
0	187	293.202571369517	32
0	193	294.074630031721	33
0	199	297.717431515424	34
0	205	309.079597915625	35
0	211	311.159843182087	36
0	217	318.996351670289	37
0	223	329.046630848916	38
0	229	348.857248056889	39
0	235	353.059745932408	40
0	241	368.395454993694	41
0	247	380.73699862862	42
0	253	396.260164004747	43
0	259	415.99817515394	44
0	265	423.220117009101	45
0	271	429.352074485933	46
0	277	437.898872067366	47
0	283	445.032731782027	48
0	289	450.295134436923	49
0	295	464.441775352319	50
0	301	467.934944286705	51
0	307	473.255944185872	52
0	313	488.978941415622	53
0	319	496.089172476022	54
0	325	505.521472223523	55
0	331	508.184063185343	56
0	337	515.568157168843	57
0	343	536.728370573884	58
0	349	540.691162901438	59
0	355	543.900861871571	60
0	361	548.592592258826	61
0	367	553.69550398283	62
0	373	561.236608291083	63
0	379	572.846084374506	64
0	385	573.834149925753	65
0	391	581.233223777392	66
1	73	104.065558161006	13.720094792541
1	79	117.785652953547	0.35601224682689
1	82	118.141665200374	8.3176201552776
1	91	126.459285355652	6.6525056084346
1	97	133.111790964087	15.338227992895
1	103	148.450018956982	14.383120023271
1	109	162.833138980253	0.025956183814947
1	112	162.859095164068	7.0079932715239
1	121	169.867088435592	10.112191244063
1	127	179.979279679655	4.175138676274
1	133	184.154418355929	0.046704570175016
1	136	184.201122926104	21.856585111165
1	145	206.057708037269	15.042182469948
1	151	221.099890507217	2.606856801983
1	157	223.7067473092	32.684505940473
1	163	256.391253249673	3.8767340197547
1	166	260.267987269428	24.03173363673
1	175	284.299720906158	1.5899355110349
1	181	285.889656417193	7.3129149523241
1	187	293.202571369517	0.87205866220373
1	193	294.074630031721	3.6428014837028
1	199	297.717431515424	11.362166400201
1	205	309.079597915625	2.0802452664618
1	211	311.159843182087	7.8365084882022
1	217	318.996351670289	10.050279178627
1	223	329.046630848916	19.810617207973
1	229	348.857248056889	4.2024978755193
1	235	353.059745932408	15.335709061286
1	241	368.395454993694	12.341543634926
1	247	380.73699862862	15.523165376127
1	253	396.260164004747	19.738011149193
1	259	415.99817515394	7.2219418551614
1	265	423.220117009101	6.131957476832
1	271	429.352074485933	8.546797581433
1	277	437.898872067366	7.1338597146609
1	283	445.032731782027	5.2624026548956
1	289	450.295134436923	14.146640915396
1	295	464.441775352319	3.4931689343865
1	301	467.934944286705	5.3209998991671
1	307	473.255944185872	15.72299722975
1	313	488.978941415622	7.1102310603995
1	319	496.089172476022	9.4322997475014
1	325	505.521472223523	2.6625909618205
1	331	508.184063185343	7.3840939834996
1	337	515.568157168843	21.160213405041
1	343	536.728370573884	3.9627923275537
1	349	540.691162901438	3.2096989701328
1	355	543.900861871571	4.6917303872547
1	361	548.592592258826	5.1029117240038
1	367	553.69550398283	7.5411043082529
1	373	561.236608291083	11.609476083423
1	379	572.846084374506	0.9880655512472
1	385	573.834149925753	7.3990738516391
1	391	581.233223777392	26.348575808139
2	74	104.065558161006	1
2	74	104.065558161006	0
2	80	117.785652953547	1
2	80	117.785652953547	0
2	83	118.141665200374	1
2	86	119.675532982501	0
2	92	126.459285355652	1
2	92	126.459285355652	0
2	98	133.111790964087	1
2	98	133.111790964087	0
2	104	148.450018956982	1
2	104	148.450018956982	0
2	110	162.833138980253	1
2	110	162.833138980253	0
2	113	162.859095164068	1
2	116	163.392558201844	0
2	122	169.867088435592	1
2	122	169.867088435592	0
2	128	179.979279679655	1
2	128	179.979279679655	0
2	134	184.154418355929	1
2	134	184.154418355929	0
2	137	184.201122926104	1
2	140	184.829051310071	0
2	146	206.057708037269	1
2	146	206.057708037269	0
2	152	221.099890507217	1
2	152	221.099890507217	0
2	158	223.7067473092	1
2	158	223.7067473092	0
2	164	256.391253249673	1
2	164	256.391253249673	0
2	167	260.267987269428	1
2	170	261.097445024299	0
2	176	284.299720906158	1
2	176	284.299720906158	0
2	182	285.889656417193	1
2	182	285.889656417193	0
2	188	293.202571369517	1
2	188	293.202571369517	0
2	194	294.074630031721	1
2	194	294.074630031721	0
2	200	297.717431515424	1
2	200	297.717431515424	0
2	206	309.079597915625	1
2	206	309.079597915625	0
2	212	311.159843182087	1
2	212	311.159843182087	0
2	218	318.996351670289	1
2	218	318.996351670289	0
2	224	329.046630848916	1
2	224	329.046630848916	0
2	230	348.857248056889	1
2	230	348.857248056889	0
2	236	353.059745932408	1
2	236	353.059745932408	0
2	242	368.395454993694	1
2	242	368.395454993694	0
2	248	380.73699862862	1
2	248	380.73699862862	0
2	254	396.260164004747	1
2	254	396.260164004747	0
2	260	415.99817515394	1
2	260	415.99817515394	0
2	266	423.220117009101	1
2	266	423.220117009101	0
2	272	429.352074485933	1
2	272	429.352074485933	0
2	278	437.898872067366	1
2	278	437.898872067366	0
2	284	445.032731782027	1
2	284	445.032731782027	0
2	290	450.295134436923	1
2	290	450.295134436923	0
2	296	464.441775352319	1
2	296	464.441775352319	0
2	302	467.934944286705	1
2	302	467.934944286705	0
2	308	473.255944185872	1
2	308	473.255944185872	0
2	314	488.978941415622	1
2	314	488.978941415622	0
2	320	496.089172476022	1
2	320	496.089172476022	0
2	326	505.521472223523	1
2	326	505.521472223523	0
2	332	508.184063185343	1
2	332	508.184063185343	0
2	338	515.568157168843	1
2	338	515.568157168843	0
2	344	536.728370573884	1
2	344	536.728370573884	0
2	350	540.691162901438	1
2	350	540.691162901438	0
2	356	543.900861871571	1
2	356	543.900861871571	0
2	362	548.592592258826	1
2	362	548.592592258826	0
2	368	553.69550398283	1
2	368	553.69550398283	0
2	374	561.236608291083	1
2	374	561.236608291083	0
2	380	572.846084374506	1
2	380	572.846084374506	0
2	386	573.834149925753	1
2	386	573.834149925753	0
2	392	581.233223777392	1
2	392	581.233223777392	0
3	74	104.065558161006	0
3	80	117.785652953547	0
3	86	119.675532982501	1.533867782127
3	92	126.459285355652	0
3	98	133.111790964087	0
3	104	148.450018956982	0
3	110	162.833138980253	0
3	116	163.392558201844	0.533463037776
3	122	169.867088435592	0
3	128	179.979279679655	0
3	134	184.154418355929	0
3	140	184.829051310071	0.627928383967
3	146	206.057708037269	0
3	152	221.099890507217	0
3	158	223.7067473092	0
3	164	256.391253249673	0
3	170	261.097445024299	0.829457754871
3	176	284.299720906158	0
3	182	285.889656417193	0
3	188	293.202571369517	0
3	194	294.074630031721	0
3	200	297.717431515424	0
3	206	309.079597915625	0
3	212	311.159843182087	0
3	218	318.996351670289	0
3	224	329.046630848916	0
3	230	348.857248056889	0
3	236	353.059745932408	0
3	242	368.395454993694	0
3	248	380.73699862862	0
3	254	396.260164004747	0
3	260	415.99817515394	0
3	266	423.220117009101	0
3	272	429.352074485933	0
3	278	437.898872067366	0
3	284	445.032731782027	0
3	290	450.295134436923	0
3	296	464.441775352319	0
3	302	467.934944286705	0
3	308	473.255944185872	0
3	314	488.978941415622	0
3	320	496.089172476022	0
3	326	505.521472223523	0
3	332	508.184063185343	0
3	338	515.568157168843	0
3	344	536.728370573884	0
3	350	540.691162901438	0
3	356	543.900861871571	0
3	362	548.592592258826	0
3	368	553.69550398283	0
3	374	561.236608291083	0
3	380	572.846084374506	0
3	386	573.834149925753	0
3	392	581.233223777392	0
4	397	600	0.007049433917482
5	74	104.065558161006	1
5	74	104.065558161006	1
5	78	108.097139730614	0
5	80	117.785652953547	1
5	80	117.785652953547	1
5	83	118.141665200374	2
5	86	119.675532982501	1
5	86	119.675532982501	1
5	90	120.125680570035	0
5	92	126.459285355652	1
5	92	126.459285355652	1
5	96	127.21555418828	0
5	98	133.111790964087	1
5	98	133.111790964087	1
5	102	134.267223432601	0
5	104	148.450018956982	1
5	104	148.450018956982	1
5	108	148.708792394412	0
5	110	162.833138980253	1
5	110	162.833138980253	1
5	113	162.859095164068	2
5	116	163.392558201844	1
5	116	163.392558201844	1
5	120	164.580553192568	0
5	122	169.867088435592	1
5	122	169.867088435592	1
5	126	171.59945752436	0
5	128	179.979279679655	1
5	128	179.979279679655	1
5	132	179.988803660718	0
5	134	184.154418355929	1
5	134	184.154418355929	1
5	137	184.201122926104	2
5	140	184.829051310071	1
5	140	184.829051310071	1
5	144	185.420022230344	0
5	146	206.057708037269	1
5	146	206.057708037269	1
5	150	207.537464392078	0
5	152	221.099890507217	1
5	152	221.099890507217	1
5	156	221.769253312224	0
5	158	223.7067473092	1
5	158	223.7067473092	1
5	162	223.921209982331	0
5	164	256.391253249673	1
5	164	256.391253249673	1
5	167	260.267987269428	2
5	170	261.097445024299	1
5	170	261.097445024299	1
5	174	264.430813149986	0
5	176	284.299720906158	1
5	176	284.299720906158	1
5	180	285.088265394986	0
5	182	285.889656417193	1
5	182	285.889656417193	1
5	186	286.31371959693	0
5	188	293.202571369517	1
5	188	293.202571369517	1
5	192	293.397693200233	0
5	194	294.074630031721	1
5	194	294.074630031721	1
5	198	296.00902898854	0
5	200	297.717431515424	1
5	200	297.717431515424	1
5	204	298.335454979283	0
5	206	309.079597915625	1
5	206	309.079597915625	1
5	210	309.11454445496	0
5	212	311.159843182087	1
5	212	311.159843182087	1
5	216	311.921498358057	0
5	218	318.996351670289	1
5	218	318.996351670289	1
5	222	319.425566740441	0
5	224	329.046630848916	1
5	224	329.046630848916	1
5	228	329.059430343986	0
5	230	348.857248056889	1
5	230	348.857248056889	1
5	234	349.086252184928	0
5	236	353.059745932408	1
5	236	353.059745932408	1
5	240	353.870839567062	0
5	242	368.395454993694	1
5	242	368.395454993694	1
5	246	369.772897056749	0
5	248	380.73699862862	1
5	248	380.73699862862	1
5	252	380.852214477412	0
5	254	396.260164004747	1
5	254	396.260164004747	1
5	258	397.98902373966	0
5	260	415.99817515394	1
5	260	415.99817515394	1
5	264	417.633410488806	0
5	266	423.220117009101	1
5	266	423.220117009101	1
5	270	423.388084877156	0
5	272	429.352074485933	1
5	272	429.352074485933	1
5	276	429.709190902761	0
5	278	437.898872067366	1
5	278	437.898872067366	1
5	282	438.881803885142	0
5	284	445.032731782027	1
5	284	445.032731782027	1
5	288	445.741059357785	0
5	290	450.295134436923	1
5	290	450.295134436923	1
5	294	453.50781226064	0
5	296	464.441775352319	1
5	296	464.441775352319	1
5	300	466.112564719642	0
5	302	467.934944286705	1
5	302	467.934944286705	1
5	306	468.458859218742	0
5	308	473.255944185872	1
5	308	473.255944185872	1
5	312	474.092674559805	0
5	314	488.978941415622	1
5	314	488.978941415622	1
5	318	489.298802829408	0
5	320	496.089172476022	1
5	320	496.089172476022	1
5	324	496.29541913755	0
5	326	505.521472223523	1
5	326	505.521472223523	1
5	330	507.582450175166	0
5	332	508.184063185343	1
5	332	508.184063185343	1
5	336	511.230481634716	0
5	338	515.568157168843	1
5	338	515.568157168843	1
5	342	516.801036344104	0
5	344	536.728370573884	1
5	344	536.728370573884	1
5	348	537.39280142895	0
5	350	540.691162901438	1
5	350	540.691162901438	1
5	354	541.704054376835	0
5	356	543.900861871571	1
5	356	543.900861871571	1
5	360	546.413950021101	0
5	362	548.592592258826	1
5	362	548.592592258826	1
5	366	550.150751581924	0
5	368	553.69550398283	1
5	368	553.69550398283	1
5	372	557.594792394478	0
5	374	561.236608291083	1
5	374	561.236608291083	1
5	378	562.174521532246	0
5	380	572.846084374506	1
5	380	572.846084374506	1
5	384	573.690381698646	0
5	386	573.834149925753	1
5	386	573.834149925753	1
5	390	575.214591057942	0
5	392	581.233223777392	1
5	392	581.233223777392	1
5	396	582.255248324416	0
6	75	104.065558161006	4.0315815696078
6	81	117.785652953547	1.8898800289541
6	87	119.675532982501	0.45014758753422
6	93	126.459285355652	0.75626883262763
6	99	133.111790964087	1.1554324685141
6	105	148.450018956982	0.25877343743045
6	111	162.833138980253	0.55941922159133
6	117	163.392558201844	1.187994990724
6	123	169.867088435592	1.7323690887684
6	129	179.979279679655	0.0095239810625139
6	135	184.154418355929	0.67463295414168
6	141	184.829051310071	0.59097092027276
6	147	206.057708037269	1.479756354809
6	153	221.099890507217	0.66936280500746
6	159	223.7067473092	0.21446267313137
6	165	256.391253249673	4.7061917746256
6	171	261.097445024299	3.3333681256869
6	177	284.299720906158	0.78854448882791
6	183	285.889656417193	0.42406317973692
6	189	293.202571369517	0.19512183071618
6	195	294.074630031721	1.9343989568187
6	201	297.717431515424	0.61802346385902
6	207	309.079597915625	0.034946539334654
6	213	311.159843182087	0.76165517597025
6	219	318.996351670289	0.4292150701523
6	225	329.046630848916	0.012799495070056
6	231	348.857248056889	0.22900412803878
6	237	353.059745932408	0.81109363465431
6	243	368.395454993694	1.3774420630549
6	249	380.73699862862	0.11521584879182
6	255	396.260164004747	1.7288597349125
6	261	415.99817515394	1.6352353348663
6	267	423.220117009101	0.16796786805529
6	273	429.352074485933	0.35711641682817
6	279	437.898872067366	0.98293181777585
6	285	445.032731782027	0.70832757575808
6	291	450.295134436923	3.2126778237168
6	297	464.441775352319	1.6707893673225
6	303	467.934944286705	0.52391493203693
6	309	473.255944185872	0.83673037393285
6	315	488.978941415622	0.31986141378583
6	321	496.089172476022	0.20624666152814
6	327	505.521472223523	2.0609779516426
6	333	508.184063185343	3.0464184493728
6	339	515.568157168843	1.2328791752614
6	345	536.728370573884	0.66443085506551
6	351	540.691162901438	1.0128914753967
6	357	543.900861871571	2.5130881495296
6	363	548.592592258826	1.5581593230978
6	369	553.69550398283	3.8992884116478
6	375	561.236608291083	0.9379132411627
6	381	572.846084374506	0.84429732414017
6	387	573.834149925753	1.3804411321895
6	393	581.233223777392	1.0220245470238
7	76	108.097139730614	10.91026461792
7	84	119.675532982501	11.433886005728
7	88	120.125680570035	11.765770265302
7	94	127.21555418828	11.704528218375
7	100	134.267223432601	11.950357277402
7	106	148.708792394412	10.963834808658
7	114	163.392558201844	10.32091409257
7	118	164.580553192568	10.96824637311
7	124	171.59945752436	11.529156286725
7	130	179.988803660718	10.997069386344
7	138	184.829051310071	11.074085180486
7	142	185.420022230344	11.357509964308
7	148	207.537464392078	10.860137431795
7	154	221.769253312224	10.465028994698
7	160	223.921209982331	10.460232568156
7	168	261.097445024299	10.77332300421
7	172	264.430813149986	11.898098734828
7	178	285.088265394986	11.312560928469
7	184	286.31371959693	11.4122532963
7	190	293.397693200233	11.203213077324
7	196	296.00902898854	11.757873673286
7	202	298.335454979283	11.873342763204
7	208	309.11454445496	11.470614479078
7	214	311.921498358057	11.611573123306
7	220	319.425566740441	11.473160496602
7	226	329.059430343986	11.141150823745
7	232	349.086252184928	10.567592201505
7	238	353.870839567062	10.653916904597
7	244	369.772897056749	10.568256238134
7	250	380.852214477412	10.291068718794
7	256	397.98902373966	10.282349613391
7	262	417.633410488806	10.190242712835
7	268	423.388084877156	10.091409648231
7	274	429.709190902761	10.026069578142
7	280	438.881803885142	10.040487869689
7	286	445.741059357785	10.044890619147
7	292	453.50781226064	10.581268587553
7	298	466.112564719642	10.653578728997
7	304	468.458859218742	10.71205784514
7	310	474.092674559805	10.761253461994
7	316	489.298802829408	10.49219321017
7	322	496.29541913755	10.385834815686
7	328	507.582450175166	10.560924705451
7	334	511.230481634716	11.081463423172
7	340	516.801036344104	11.200576998684
7	346	537.39280142895	10.895034080304
7	352	541.704054376835	10.99530635869
7	358	546.413950021101	11.360454557083
7	364	550.150751581924	11.566514746337
7	370	557.594792394478	12.111403682673
7	376	562.174521532246	12.17957535233
7	382	573.690381698646	12.08226057068
7	388	575.214591057942	12.290232031132
7	394	582.255248324416	12.317146590152
8	77	108.097139730614	13
8	85	119.675532982501	14
8	89	120.125680570035	15
8	95	127.21555418828	16
8	101	134.267223432601	17
8	107	148.708792394412	18
8	115	163.392558201844	19
8	119	164.580553192568	20
8	125	171.59945752436	21
8	131	179.988803660718	22
8	139	184.829051310071	23
8	143	185.420022230344	24
8	149	207.537464392078	25
8	155	221.769253312224	26
8	161	223.921209982331	27
8	169	261.097445024299	28
8	173	264.430813149986	29
8	179	285.088265394986	30
8	185	286.31371959693	31
8	191	293.397693200233	32
8	197	296.00902898854	33
8	203	298.335454979283	34
8	209	309.11454445496	35
8	215	311.921498358057	36
8	221	319.425566740441	37
8	227	329.059430343986	38
8	233	349.086252184928	39
8	239	353.870839567062	40
8	245	369.772897056749	41
8	251	380.852214477412	42
8	257	397.98902373966	43
8	263	417.633410488806	44
8	269	423.388084877156	45
8	275	429.709190902761	46
8	281	438.881803885142	47
8	287	445.741059357785	48
8	293	453.50781226064	49
8	299	466.112564719642	50
8	305	468.458859218742	51
8	311	474.092674559805	52
8	317	489.298802829408	53
8	323	496.29541913755	54
8	329	507.582450175166	55
8	335	511.230481634716	56
8	341	516.801036344104	57
8	347	537.39280142895	58
8	353	541.704054376835	59
8	359	546.413950021101	60
8	365	550.150751581924	61
8	371	557.594792394478	62
8	377	562.174521532246	63
8	383	573.690381698646	64
8	389	575.214591057942	65
8	395	582.255248324416	66
9	77	108.097139730614	4.031581569608
9	85	119.675532982501	1.889880028954
9	89	120.125680570035	1.984015369661
9	95	127.21555418828	0.756268832628
9	101	134.267223432601	1.155432468514
9	107	148.708792394412	0.25877343743
9	115	163.392558201844	0.559419221591
9	119	164.580553192568	1.7214580285
9	125	171.59945752436	1.732369088768
9	131	179.988803660718	0.009523981063
9	139	184.829051310071	0.674632954142
9	143	185.420022230344	1.21889930424
9	149	207.537464392078	1.479756354809
9	155	221.769253312224	0.669362805007
9	161	223.921209982331	0.214462673131
9	169	261.097445024299	4.706191774626
9	173	264.430813149986	4.162825880558
9	179	285.088265394986	0.788544488828
9	185	286.31371959693	0.424063179737
9	191	293.397693200233	0.195121830716
9	197	296.00902898854	1.934398956819
9	203	298.335454979283	0.618023463859
9	209	309.11454445496	0.034946539335
9	215	311.921498358057	0.76165517597
9	221	319.425566740441	0.429215070152
9	227	329.059430343986	0.01279949507
9	233	349.086252184928	0.229004128039
9	239	353.870839567062	0.811093634654
9	245	369.772897056749	1.377442063055
9	251	380.852214477412	0.115215848792
9	257	397.98902373966	1.728859734913
9	263	417.633410488806	1.635235334866
9	269	423.388084877156	0.167967868055
9	275	429.709190902761	0.357116416828
9	281	438.881803885142	0.982931817776
9	287	445.741059357785	0.708327575758
9	293	453.50781226064	3.212677823717
9	299	466.112564719642	1.670789367323
9	305	468.458859218742	0.523914932037
9	311	474.092674559805	0.836730373933
9	317	489.298802829408	0.319861413786
9	323	496.29541913755	0.206246661528
9	329	507.582450175166	2.060977951643
9	335	511.230481634716	3.046418449373
9	341	516.801036344104	1.232879175261
9	347	537.39280142895	0.664430855066
9	353	541.704054376835	1.012891475397
9	359	546.413950021101	2.51308814953
9	365	550.150751581924	1.558159323098
9	371	557.594792394478	3.899288411648
9	377	562.174521532246	0.937913241163
9	383	573.690381698646	0.84429732414
9	389	575.214591057942	1.380441132189
9	395	582.255248324416	1.022024547024

