version 3
run ParameterStudy-105-20251202-16:20:02-1436
attr configname ParameterStudy
attr datetime 20251202-16:20:02
attr datetimef 20251202-162002
attr experiment ParameterStudy
attr inifile omnetpp.ini
attr iterationvars $betaProducer=3.1s
attr iterationvarsd betaProducer=3.1s
attr iterationvarsf betaProducer=3.1s-
attr measurement $betaProducer=3.1s
attr network queue_sim
attr processid 1436
attr repetition 0
attr replication #0
attr resultdir results
attr runnumber 105
attr seedset 105
itervar betaProducer 3.1s
config description "Parameter study: β_producer = 1s to 10s (0.1s steps), β_service = 1s, 5 repetitions"
config *.serviceUnit.meanServiceTime 1s
config *.producer.warmupPeriod 100s
config *.queue.warmupPeriod 100s
config *.serviceUnit.warmupPeriod 100s
config *.sink.warmupPeriod 100s
config *.producer.meanInterArrivalTime 3.1s
config network queue_sim
config sim-time-limit 600s
config warmup-period 100s
config repeat 5
config **.vector-recording true
config **.scalar-recording true
config debug-on-errors true

vector 0 queue_sim.producer jobGenerated:vector ETV
attr recordingmode vector
attr title "Jobs Generated"
vector 1 queue_sim.producer interArrivalTime:vector ETV
attr recordingmode vector
attr title "Inter-arrival Time"
attr unit s
vector 2 queue_sim.queue queueLength:vector ETV
attr recordingmode vector
attr title "Queue Length"
vector 3 queue_sim.queue queueingDelay:vector ETV
attr recordingmode vector
attr title "Queueing Delay"
attr unit s
vector 4 queue_sim.queue queueUtilization:vector ETV
attr recordingmode vector
attr title "Queue Utilization"
vector 5 queue_sim.queue systemSize:vector ETV
attr recordingmode vector
attr title "System Size"
vector 6 queue_sim.serviceUnit serviceTime:vector ETV
attr recordingmode vector
attr title "Service Time"
attr unit s
vector 7 queue_sim.serviceUnit utilization:vector ETV
attr recordingmode vector
attr title "Server Utilization"
vector 8 queue_sim.sink jobCompleted:vector ETV
attr recordingmode vector
attr title "Jobs Completed"
vector 9 queue_sim.sink totalDelay:vector ETV
attr recordingmode vector
attr title "Total System Delay"
attr unit s
0	229	100.891856483334	39
0	232	103.274626979012	40
0	238	103.864306071603	41
0	247	107.355603781484	42
0	253	114.757429136967	43
0	259	117.134402950654	44
0	262	117.765599071334	45
0	264	118.06259717546	46
0	266	118.455363430765	47
0	276	121.079310625815	48
0	286	123.082713671411	49
0	295	126.415004013891	50
0	301	126.71396974112	51
0	307	135.908705474976	52
0	310	136.220805583645	53
0	319	137.96016308916	54
0	325	141.01730939369	55
0	331	145.57885096985	56
0	337	147.566026886754	57
0	340	148.582996465003	58
0	346	149.468196415383	59
0	348	149.787095222888	60
0	361	152.79309258913	61
0	367	155.102179730236	62
0	373	160.10684264523	63
0	379	161.244066896972	64
0	385	164.236613788733	65
0	391	186.46344582882	66
0	397	190.73653280881	67
0	403	193.134146449308	68
0	409	194.840481861597	69
0	412	194.901843778813	70
0	421	200.136536749006	71
0	424	200.4493973803	72
0	426	200.773167657805	73
0	439	204.375033618524	74
0	442	205.821291168708	75
0	448	206.164679402187	76
0	457	209.186432544865	77
0	460	210.482331974922	78
0	469	222.943590960439	79
0	472	224.792614707205	80
0	478	226.585750001691	81
0	484	227.76158500099	82
0	486	229.699597265807	83
0	488	229.796716096415	84
0	494	232.263529809945	85
0	500	234.249316620646	86
0	517	243.784881982131	87
0	520	244.868189972554	88
0	529	247.833874900213	89
0	535	250.081972861144	90
0	541	251.251237174095	91
0	547	253.709948432503	92
0	550	255.645032148384	93
0	559	256.47784967146	94
0	565	264.965246084554	95
0	571	266.97261956762	96
0	577	270.326874085719	97
0	580	272.322644216031	98
0	586	272.930836320209	99
0	588	273.124380306891	100
0	601	278.753808346656	101
0	607	281.563679394807	102
0	613	284.437005389456	103
0	619	287.282447453998	104
0	625	291.680951810556	105
0	628	292.401888898461	106
0	630	292.783190045072	107
0	636	293.441410872198	108
0	649	300.965037216822	109
0	655	303.214262723684	110
0	658	303.574295989032	111
0	667	305.104781506163	112
0	670	306.433560861639	113
0	679	310.99950100528	114
0	685	311.923752533222	115
0	691	312.82326588521	116
0	697	321.086544085863	117
0	703	322.562914272832	118
0	706	323.166340110693	119
0	708	323.975131285757	120
0	721	327.841789085021	121
0	727	331.772934941663	122
0	733	333.384690878753	123
0	739	339.655342468398	124
0	745	342.643198679592	125
0	751	345.085282400895	126
0	754	346.095239674519	127
0	763	346.787121180385	128
0	766	347.989021317923	129
0	775	348.622688139527	130
0	778	349.267287227604	131
0	787	356.281229974804	132
0	793	359.10963390779	133
0	799	363.792060157993	134
0	805	365.337572579892	135
0	811	367.500991203242	136
0	817	377.163625305671	137
0	820	379.959523342697	138
0	829	383.872316976129	139
0	835	385.1259174112	140
0	841	390.022285088758	141
0	847	393.626545504414	142
0	853	396.283250101311	143
0	859	396.674098424857	144
0	862	397.35753307463	145
0	864	399.789422520406	146
0	870	400.51729441152	147
0	883	405.659744567827	148
0	889	410.038901842381	149
0	895	410.883058281907	150
0	898	411.716698106269	151
0	907	415.125967269998	152
0	913	417.019001419864	153
0	919	423.183851381698	154
0	925	426.559457911907	155
0	931	428.759655678967	156
0	937	430.14278549981	157
0	943	434.600974305012	158
0	946	434.681693963138	159
0	955	437.959295722833	160
0	961	447.254148598925	161
0	967	452.458972930552	162
0	973	464.217402600386	163
0	979	468.992164942601	164
0	985	471.18080561852	165
0	988	471.675133181135	166
0	997	473.730898048873	167
0	1000	475.407807228253	168
0	1009	480.659287269464	169
0	1015	485.576147659714	170
0	1021	488.522811208907	171
0	1027	492.723809173274	172
0	1030	493.084235881893	173
0	1039	495.104331723542	174
0	1045	495.902591813172	175
0	1051	499.632217222959	176
0	1054	500.654396872824	177
0	1056	501.801509760972	178
0	1062	502.713225226011	179
0	1064	502.973513088121	180
0	1074	504.736719847256	181
0	1080	506.84946550706	182
0	1093	509.03436888574	183
0	1099	512.36712360899	184
0	1105	517.249542191198	185
0	1108	518.560062313346	186
0	1117	527.060390275245	187
0	1120	527.147859367107	188
0	1129	542.405805415511	189
0	1135	545.249537031303	190
0	1141	550.164775470221	191
0	1147	557.179184748589	192
0	1153	565.371592957285	193
0	1159	567.62087813411	194
0	1165	571.743540927151	195
0	1168	571.855726023613	196
0	1177	576.193177475077	197
0	1183	578.67573962237	198
0	1186	579.063225918378	199
0	1195	582.229913181415	200
0	1201	585.82815293523	201
0	1204	586.160295324796	202
0	1213	598.958010436362	203
1	229	100.891856483334	2.3827704956781
1	232	103.274626979012	0.58967909259079
1	238	103.864306071603	3.4912977098807
1	247	107.355603781484	7.4018253554832
1	253	114.757429136967	2.3769738136874
1	259	117.134402950654	0.63119612067983
1	262	117.765599071334	0.29699810412579
1	264	118.06259717546	0.39276625530549
1	266	118.455363430765	2.6239471950502
1	276	121.079310625815	2.0034030455959
1	286	123.082713671411	3.3322903424801
1	295	126.415004013891	0.29896572722868
1	301	126.71396974112	9.1947357338556
1	307	135.908705474976	0.3121001086687
1	310	136.220805583645	1.7393575055153
1	319	137.96016308916	3.0571463045296
1	325	141.01730939369	4.5615415761596
1	331	145.57885096985	1.9871759169043
1	337	147.566026886754	1.0169695782493
1	340	148.582996465003	0.88519995037996
1	346	149.468196415383	0.31889880750513
1	348	149.787095222888	3.005997366242
1	361	152.79309258913	2.309087141106
1	367	155.102179730236	5.0046629149938
1	373	160.10684264523	1.1372242517415
1	379	161.244066896972	2.9925468917609
1	385	164.236613788733	22.226832040087
1	391	186.46344582882	4.2730869799896
1	397	190.73653280881	2.3976136404982
1	403	193.134146449308	1.7063354122893
1	409	194.840481861597	0.061361917215777
1	412	194.901843778813	5.2346929701934
1	421	200.136536749006	0.31286063129435
1	424	200.4493973803	0.32377027750531
1	426	200.773167657805	3.6018659607186
1	439	204.375033618524	1.4462575501838
1	442	205.821291168708	0.3433882334792
1	448	206.164679402187	3.0217531426778
1	457	209.186432544865	1.2958994300572
1	460	210.482331974922	12.461258985517
1	469	222.943590960439	1.8490237467657
1	472	224.792614707205	1.793135294486
1	478	226.585750001691	1.175834999299
1	484	227.76158500099	1.9380122648169
1	486	229.699597265807	0.097118830607905
1	488	229.796716096415	2.4668137135297
1	494	232.263529809945	1.9857868107011
1	500	234.249316620646	9.5355653614849
1	517	243.784881982131	1.0833079904234
1	520	244.868189972554	2.9656849276591
1	529	247.833874900213	2.2480979609313
1	535	250.081972861144	1.1692643129506
1	541	251.251237174095	2.4587112584082
1	547	253.709948432503	1.9350837158809
1	550	255.645032148384	0.83281752307571
1	559	256.47784967146	8.4873964130939
1	565	264.965246084554	2.0073734830658
1	571	266.97261956762	3.3542545180987
1	577	270.326874085719	1.9957701303118
1	580	272.322644216031	0.6081921041777
1	586	272.930836320209	0.19354398668218
1	588	273.124380306891	5.6294280397649
1	601	278.753808346656	2.8098710481509
1	607	281.563679394807	2.8733259946491
1	613	284.437005389456	2.8454420645417
1	619	287.282447453998	4.3985043565578
1	625	291.680951810556	0.72093708790491
1	628	292.401888898461	0.38130114661087
1	630	292.783190045072	0.65822082712596
1	636	293.441410872198	7.5236263446237
1	649	300.965037216822	2.2492255068618
1	655	303.214262723684	0.36003326534834
1	658	303.574295989032	1.5304855171311
1	667	305.104781506163	1.3287793554765
1	670	306.433560861639	4.5659401436415
1	679	310.99950100528	0.92425152794182
1	685	311.923752533222	0.89951335198807
1	691	312.82326588521	8.2632782006526
1	697	321.086544085863	1.4763701869691
1	703	322.562914272832	0.60342583786116
1	706	323.166340110693	0.80879117506386
1	708	323.975131285757	3.8666577992641
1	721	327.841789085021	3.9311458566417
1	727	331.772934941663	1.6117559370897
1	733	333.384690878753	6.2706515896446
1	739	339.655342468398	2.9878562111943
1	745	342.643198679592	2.442083721303
1	751	345.085282400895	1.0099572736238
1	754	346.095239674519	0.69188150586577
1	763	346.787121180385	1.2019001375378
1	766	347.989021317923	0.6336668216044
1	775	348.622688139527	0.64459908807732
1	778	349.267287227604	7.0139427471997
1	787	356.281229974804	2.828403932986
1	793	359.10963390779	4.6824262502034
1	799	363.792060157993	1.545512421899
1	805	365.337572579892	2.1634186233498
1	811	367.500991203242	9.6626341024286
1	817	377.163625305671	2.7958980370262
1	820	379.959523342697	3.9127936334323
1	829	383.872316976129	1.2536004350714
1	835	385.1259174112	4.8963676775579
1	841	390.022285088758	3.6042604156557
1	847	393.626545504414	2.6567045968968
1	853	396.283250101311	0.39084832354574
1	859	396.674098424857	0.68343464977287
1	862	397.35753307463	2.4318894457759
1	864	399.789422520406	0.7278718911144
1	870	400.51729441152	5.1424501563067
1	883	405.659744567827	4.3791572745537
1	889	410.038901842381	0.84415643952603
1	895	410.883058281907	0.83363982436167
1	898	411.716698106269	3.4092691637289
1	907	415.125967269998	1.8930341498661
1	913	417.019001419864	6.1648499618344
1	919	423.183851381698	3.3756065302093
1	925	426.559457911907	2.20019776706
1	931	428.759655678967	1.3831298208433
1	937	430.14278549981	4.4581888052017
1	943	434.600974305012	0.08071965812632
1	946	434.681693963138	3.2776017596953
1	955	437.959295722833	9.2948528760917
1	961	447.254148598925	5.2048243316272
1	967	452.458972930552	11.758429669834
1	973	464.217402600386	4.7747623422153
1	979	468.992164942601	2.1886406759195
1	985	471.18080561852	0.49432756261461
1	988	471.675133181135	2.0557648677376
1	997	473.730898048873	1.6769091793796
1	1000	475.407807228253	5.251480041211
1	1009	480.659287269464	4.9168603902505
1	1015	485.576147659714	2.9466635491932
1	1021	488.522811208907	4.2009979643674
1	1027	492.723809173274	0.3604267086185
1	1030	493.084235881893	2.0200958416492
1	1039	495.104331723542	0.79826008962985
1	1045	495.902591813172	3.7296254097868
1	1051	499.632217222959	1.0221796498654
1	1054	500.654396872824	1.1471128881481
1	1056	501.801509760972	0.91171546503876
1	1062	502.713225226011	0.26028786211045
1	1064	502.973513088121	1.7632067591354
1	1074	504.736719847256	2.1127456598038
1	1080	506.84946550706	2.1849033786801
1	1093	509.03436888574	3.3327547232495
1	1099	512.36712360899	4.8824185822085
1	1105	517.249542191198	1.3105201221479
1	1108	518.560062313346	8.5003279618993
1	1117	527.060390275245	0.087469091861999
1	1120	527.147859367107	15.257946048404
1	1129	542.405805415511	2.8437316157925
1	1135	545.249537031303	4.9152384389178
1	1141	550.164775470221	7.0144092783677
1	1147	557.179184748589	8.192408208696
1	1153	565.371592957285	2.2492851768255
1	1159	567.62087813411	4.1226627930411
1	1165	571.743540927151	0.11218509646233
1	1168	571.855726023613	4.3374514514636
1	1177	576.193177475077	2.482562147293
1	1183	578.67573962237	0.3874862960081
1	1186	579.063225918378	3.1666872630371
1	1195	582.229913181415	3.5982397538149
1	1201	585.82815293523	0.3321423895656
1	1204	586.160295324796	12.797715111566
1	1213	598.958010436362	10.445693819557
2	230	100.891856483334	1
2	230	100.891856483334	0
2	233	103.274626979012	1
2	236	103.795171356889	0
2	239	103.864306071603	1
2	242	104.445287938368	0
2	248	107.355603781484	1
2	248	107.355603781484	0
2	254	114.757429136967	1
2	254	114.757429136967	0
2	260	117.134402950654	1
2	260	117.134402950654	0
2	263	117.765599071334	1
2	265	118.06259717546	2
2	267	118.455363430765	3
2	270	119.912009114591	2
2	274	120.10537236168	1
2	277	121.079310625815	2
2	280	121.846345492935	1
2	284	122.017395527024	0
2	287	123.082713671411	1
2	290	123.177243538128	0
2	296	126.415004013891	1
2	296	126.415004013891	0
2	302	126.71396974112	1
2	302	126.71396974112	0
2	308	135.908705474976	1
2	308	135.908705474976	0
2	311	136.220805583645	1
2	314	136.802546373971	0
2	320	137.96016308916	1
2	320	137.96016308916	0
2	326	141.01730939369	1
2	326	141.01730939369	0
2	332	145.57885096985	1
2	332	145.57885096985	0
2	338	147.566026886754	1
2	338	147.566026886754	0
2	341	148.582996465003	1
2	344	149.165217278586	0
2	347	149.468196415383	1
2	349	149.787095222888	2
2	352	149.958946520138	1
2	356	151.363633861276	0
2	362	152.79309258913	1
2	362	152.79309258913	0
2	368	155.102179730236	1
2	368	155.102179730236	0
2	374	160.10684264523	1
2	374	160.10684264523	0
2	380	161.244066896972	1
2	380	161.244066896972	0
2	386	164.236613788733	1
2	386	164.236613788733	0
2	392	186.46344582882	1
2	392	186.46344582882	0
2	398	190.73653280881	1
2	398	190.73653280881	0
2	404	193.134146449308	1
2	404	193.134146449308	0
2	410	194.840481861597	1
2	410	194.840481861597	0
2	413	194.901843778813	1
2	416	195.014044345585	0
2	422	200.136536749006	1
2	422	200.136536749006	0
2	425	200.4493973803	1
2	427	200.773167657805	2
2	430	200.776143243694	1
2	434	201.041033258281	0
2	440	204.375033618524	1
2	440	204.375033618524	0
2	443	205.821291168708	1
2	446	206.044570348525	0
2	449	206.164679402187	1
2	452	206.774658767526	0
2	458	209.186432544865	1
2	458	209.186432544865	0
2	461	210.482331974922	1
2	464	211.289661822744	0
2	470	222.943590960439	1
2	470	222.943590960439	0
2	473	224.792614707205	1
2	476	226.213046850624	0
2	479	226.585750001691	1
2	482	227.042617789903	0
2	485	227.76158500099	1
2	487	229.699597265807	2
2	489	229.796716096415	3
2	492	231.655981418728	2
2	495	232.263529809945	3
2	498	233.808308868806	2
2	501	234.249316620646	3
2	504	235.084354204606	2
2	508	235.671455402463	1
2	512	236.321842328164	0
2	518	243.784881982131	1
2	518	243.784881982131	0
2	521	244.868189972554	1
2	524	245.382054396888	0
2	530	247.833874900213	1
2	530	247.833874900213	0
2	536	250.081972861144	1
2	536	250.081972861144	0
2	542	251.251237174095	1
2	542	251.251237174095	0
2	548	253.709948432503	1
2	548	253.709948432503	0
2	551	255.645032148384	1
2	554	255.885175467383	0
2	560	256.47784967146	1
2	560	256.47784967146	0
2	566	264.965246084554	1
2	566	264.965246084554	0
2	572	266.97261956762	1
2	572	266.97261956762	0
2	578	270.326874085719	1
2	578	270.326874085719	0
2	581	272.322644216031	1
2	584	272.358638705528	0
2	587	272.930836320209	1
2	589	273.124380306891	2
2	592	273.971707685327	1
2	596	275.349172760971	0
2	602	278.753808346656	1
2	602	278.753808346656	0
2	608	281.563679394807	1
2	608	281.563679394807	0
2	614	284.437005389456	1
2	614	284.437005389456	0
2	620	287.282447453998	1
2	620	287.282447453998	0
2	626	291.680951810556	1
2	626	291.680951810556	0
2	629	292.401888898461	1
2	631	292.783190045072	2
2	634	293.195375653537	1
2	637	293.441410872198	2
2	640	295.400393907433	1
2	644	298.205141072722	0
2	650	300.965037216822	1
2	650	300.965037216822	0
2	656	303.214262723684	1
2	656	303.214262723684	0
2	659	303.574295989032	1
2	662	303.653626734854	0
2	668	305.104781506163	1
2	668	305.104781506163	0
2	671	306.433560861639	1
2	674	306.85683357879	0
2	680	310.99950100528	1
2	680	310.99950100528	0
2	686	311.923752533222	1
2	686	311.923752533222	0
2	692	312.82326588521	1
2	692	312.82326588521	0
2	698	321.086544085863	1
2	698	321.086544085863	0
2	704	322.562914272832	1
2	704	322.562914272832	0
2	707	323.166340110693	1
2	709	323.975131285757	2
2	712	325.929251856995	1
2	716	326.259372359741	0
2	722	327.841789085021	1
2	722	327.841789085021	0
2	728	331.772934941663	1
2	728	331.772934941663	0
2	734	333.384690878753	1
2	734	333.384690878753	0
2	740	339.655342468398	1
2	740	339.655342468398	0
2	746	342.643198679592	1
2	746	342.643198679592	0
2	752	345.085282400895	1
2	752	345.085282400895	0
2	755	346.095239674519	1
2	758	346.219662526987	0
2	764	346.787121180385	1
2	764	346.787121180385	0
2	767	347.989021317923	1
2	770	348.254157275323	0
2	776	348.622688139527	1
2	776	348.622688139527	0
2	779	349.267287227604	1
2	782	349.426440697402	0
2	788	356.281229974804	1
2	788	356.281229974804	0
2	794	359.10963390779	1
2	794	359.10963390779	0
2	800	363.792060157993	1
2	800	363.792060157993	0
2	806	365.337572579892	1
2	806	365.337572579892	0
2	812	367.500991203242	1
2	812	367.500991203242	0
2	818	377.163625305671	1
2	818	377.163625305671	0
2	821	379.959523342697	1
2	824	380.832833649801	0
2	830	383.872316976129	1
2	830	383.872316976129	0
2	836	385.1259174112	1
2	836	385.1259174112	0
2	842	390.022285088758	1
2	842	390.022285088758	0
2	848	393.626545504414	1
2	848	393.626545504414	0
2	854	396.283250101311	1
2	854	396.283250101311	0
2	860	396.674098424857	1
2	860	396.674098424857	0
2	863	397.35753307463	1
2	865	399.789422520406	2
2	868	400.25104686517	1
2	871	400.51729441152	2
2	874	400.59284932639	1
2	878	401.273546161076	0
2	884	405.659744567827	1
2	884	405.659744567827	0
2	890	410.038901842381	1
2	890	410.038901842381	0
2	896	410.883058281907	1
2	896	410.883058281907	0
2	899	411.716698106269	1
2	902	412.044745674673	0
2	908	415.125967269998	1
2	908	415.125967269998	0
2	914	417.019001419864	1
2	914	417.019001419864	0
2	920	423.183851381698	1
2	920	423.183851381698	0
2	926	426.559457911907	1
2	926	426.559457911907	0
2	932	428.759655678967	1
2	932	428.759655678967	0
2	938	430.14278549981	1
2	938	430.14278549981	0
2	944	434.600974305012	1
2	944	434.600974305012	0
2	947	434.681693963138	1
2	950	435.570513540117	0
2	956	437.959295722833	1
2	956	437.959295722833	0
2	962	447.254148598925	1
2	962	447.254148598925	0
2	968	452.458972930552	1
2	968	452.458972930552	0
2	974	464.217402600386	1
2	974	464.217402600386	0
2	980	468.992164942601	1
2	980	468.992164942601	0
2	986	471.18080561852	1
2	986	471.18080561852	0
2	989	471.675133181135	1
2	992	472.432075229666	0
2	998	473.730898048873	1
2	998	473.730898048873	0
2	1001	475.407807228253	1
2	1004	475.814761905066	0
2	1010	480.659287269464	1
2	1010	480.659287269464	0
2	1016	485.576147659714	1
2	1016	485.576147659714	0
2	1022	488.522811208907	1
2	1022	488.522811208907	0
2	1028	492.723809173274	1
2	1028	492.723809173274	0
2	1031	493.084235881893	1
2	1034	493.815027884808	0
2	1040	495.104331723542	1
2	1040	495.104331723542	0
2	1046	495.902591813172	1
2	1046	495.902591813172	0
2	1052	499.632217222959	1
2	1052	499.632217222959	0
2	1055	500.654396872824	1
2	1057	501.801509760972	2
2	1060	502.255111174875	1
2	1063	502.713225226011	2
2	1065	502.973513088121	3
2	1068	503.564247936921	2
2	1072	504.617097615527	1
2	1075	504.736719847256	2
2	1078	505.175250496529	1
2	1081	506.84946550706	2
2	1084	507.242689667251	1
2	1088	507.723992138091	0
2	1094	509.03436888574	1
2	1094	509.03436888574	0
2	1100	512.36712360899	1
2	1100	512.36712360899	0
2	1106	517.249542191198	1
2	1106	517.249542191198	0
2	1109	518.560062313346	1
2	1112	519.502919427226	0
2	1118	527.060390275245	1
2	1118	527.060390275245	0
2	1121	527.147859367107	1
2	1124	528.165201871081	0
2	1130	542.405805415511	1
2	1130	542.405805415511	0
2	1136	545.249537031303	1
2	1136	545.249537031303	0
2	1142	550.164775470221	1
2	1142	550.164775470221	0
2	1148	557.179184748589	1
2	1148	557.179184748589	0
2	1154	565.371592957285	1
2	1154	565.371592957285	0
2	1160	567.62087813411	1
2	1160	567.62087813411	0
2	1166	571.743540927151	1
2	1166	571.743540927151	0
2	1169	571.855726023613	1
2	1172	573.380988951135	0
2	1178	576.193177475077	1
2	1178	576.193177475077	0
2	1184	578.67573962237	1
2	1184	578.67573962237	0
2	1187	579.063225918378	1
2	1190	579.096062248394	0
2	1196	582.229913181415	1
2	1196	582.229913181415	0
2	1202	585.82815293523	1
2	1202	585.82815293523	0
2	1205	586.160295324796	1
2	1208	587.337185103552	0
2	1214	598.958010436362	1
2	1214	598.958010436362	0
3	230	100.891856483334	0
3	236	103.795171356889	0.520544377877
3	242	104.445287938368	0.580981866765
3	248	107.355603781484	0
3	254	114.757429136967	0
3	260	117.134402950654	0
3	270	119.912009114591	2.146410043257
3	274	120.10537236168	2.04277518622
3	280	121.846345492935	3.39098206217
3	284	122.017395527024	0.938084901209
3	290	123.177243538128	0.094529866717
3	296	126.415004013891	0
3	302	126.71396974112	0
3	308	135.908705474976	0
3	314	136.802546373971	0.581740790326
3	320	137.96016308916	0
3	326	141.01730939369	0
3	332	145.57885096985	0
3	338	147.566026886754	0
3	344	149.165217278586	0.582220813583
3	352	149.958946520138	0.490750104755
3	356	151.363633861276	1.576538638388
3	362	152.79309258913	0
3	368	155.102179730236	0
3	374	160.10684264523	0
3	380	161.244066896972	0
3	386	164.236613788733	0
3	392	186.46344582882	0
3	398	190.73653280881	0
3	404	193.134146449308	0
3	410	194.840481861597	0
3	416	195.014044345585	0.112200566772
3	422	200.136536749006	0
3	430	200.776143243694	0.326745863394
3	434	201.041033258281	0.267865600476
3	440	204.375033618524	0
3	446	206.044570348525	0.223279179817
3	452	206.774658767526	0.609979365339
3	458	209.186432544865	0
3	464	211.289661822744	0.807329847822
3	470	222.943590960439	0
3	476	226.213046850624	1.420432143419
3	482	227.042617789903	0.456867788212
3	492	231.655981418728	3.894396417738
3	498	233.808308868806	4.108711602999
3	504	235.084354204606	5.287638108191
3	508	235.671455402463	3.407925592518
3	512	236.321842328164	2.072525707518
3	518	243.784881982131	0
3	524	245.382054396888	0.513864424334
3	530	247.833874900213	0
3	536	250.081972861144	0
3	542	251.251237174095	0
3	548	253.709948432503	0
3	554	255.885175467383	0.240143318999
3	560	256.47784967146	0
3	566	264.965246084554	0
3	572	266.97261956762	0
3	578	270.326874085719	0
3	584	272.358638705528	0.035994489497
3	592	273.971707685327	1.040871365118
3	596	275.349172760971	2.22479245408
3	602	278.753808346656	0
3	608	281.563679394807	0
3	614	284.437005389456	0
3	620	287.282447453998	0
3	626	291.680951810556	0
3	634	293.195375653537	0.793486755076
3	640	295.400393907433	2.617203862361
3	644	298.205141072722	4.763730200524
3	650	300.965037216822	0
3	656	303.214262723684	0
3	662	303.653626734854	0.079330745822
3	668	305.104781506163	0
3	674	306.85683357879	0.423272717151
3	680	310.99950100528	0
3	686	311.923752533222	0
3	692	312.82326588521	0
3	698	321.086544085863	0
3	704	322.562914272832	0
3	712	325.929251856995	2.762911746302
3	716	326.259372359741	2.284241073984
3	722	327.841789085021	0
3	728	331.772934941663	0
3	734	333.384690878753	0
3	740	339.655342468398	0
3	746	342.643198679592	0
3	752	345.085282400895	0
3	758	346.219662526987	0.124422852468
3	764	346.787121180385	0
3	770	348.254157275323	0.2651359574
3	776	348.622688139527	0
3	782	349.426440697402	0.159153469798
3	788	356.281229974804	0
3	794	359.10963390779	0
3	800	363.792060157993	0
3	806	365.337572579892	0
3	812	367.500991203242	0
3	818	377.163625305671	0
3	824	380.832833649801	0.873310307104
3	830	383.872316976129	0
3	836	385.1259174112	0
3	842	390.022285088758	0
3	848	393.626545504414	0
3	854	396.283250101311	0
3	860	396.674098424857	0
3	868	400.25104686517	2.89351379054
3	874	400.59284932639	0.803426805984
3	878	401.273546161076	0.756251749556
3	884	405.659744567827	0
3	890	410.038901842381	0
3	896	410.883058281907	0
3	902	412.044745674673	0.328047568404
3	908	415.125967269998	0
3	914	417.019001419864	0
3	920	423.183851381698	0
3	926	426.559457911907	0
3	932	428.759655678967	0
3	938	430.14278549981	0
3	944	434.600974305012	0
3	950	435.570513540117	0.888819576979
3	956	437.959295722833	0
3	962	447.254148598925	0
3	968	452.458972930552	0
3	974	464.217402600386	0
3	980	468.992164942601	0
3	986	471.18080561852	0
3	992	472.432075229666	0.756942048531
3	998	473.730898048873	0
3	1004	475.814761905066	0.406954676813
3	1010	480.659287269464	0
3	1016	485.576147659714	0
3	1022	488.522811208907	0
3	1028	492.723809173274	0
3	1034	493.815027884808	0.730792002915
3	1040	495.104331723542	0
3	1046	495.902591813172	0
3	1052	499.632217222959	0
3	1060	502.255111174875	1.600714302051
3	1068	503.564247936921	1.762738175949
3	1072	504.617097615527	1.903872389516
3	1078	505.175250496529	2.201737408408
3	1084	507.242689667251	2.505969819995
3	1088	507.723992138091	0.874526631031
3	1094	509.03436888574	0
3	1100	512.36712360899	0
3	1106	517.249542191198	0
3	1112	519.502919427226	0.94285711388
3	1118	527.060390275245	0
3	1124	528.165201871081	1.017342503974
3	1130	542.405805415511	0
3	1136	545.249537031303	0
3	1142	550.164775470221	0
3	1148	557.179184748589	0
3	1154	565.371592957285	0
3	1160	567.62087813411	0
3	1166	571.743540927151	0
3	1172	573.380988951135	1.525262927522
3	1178	576.193177475077	0
3	1184	578.67573962237	0
3	1190	579.096062248394	0.032836330016
3	1196	582.229913181415	0
3	1202	585.82815293523	0
3	1208	587.337185103552	1.176889778756
3	1214	598.958010436362	0
4	1216	600	0.10822167147907
5	228	100.559934676215	0
5	230	100.891856483334	1
5	230	100.891856483334	1
5	233	103.274626979012	2
5	236	103.795171356889	1
5	236	103.795171356889	1
5	239	103.864306071603	2
5	242	104.445287938368	1
5	242	104.445287938368	1
5	246	105.818846932377	0
5	248	107.355603781484	1
5	248	107.355603781484	1
5	252	107.53456573061	0
5	254	114.757429136967	1
5	254	114.757429136967	1
5	258	115.356595601743	0
5	260	117.134402950654	1
5	260	117.134402950654	1
5	263	117.765599071334	2
5	265	118.06259717546	3
5	267	118.455363430765	4
5	270	119.912009114591	3
5	270	119.912009114591	3
5	274	120.10537236168	2
5	274	120.10537236168	2
5	277	121.079310625815	3
5	280	121.846345492935	2
5	280	121.846345492935	2
5	284	122.017395527024	1
5	284	122.017395527024	1
5	287	123.082713671411	2
5	290	123.177243538128	1
5	290	123.177243538128	1
5	294	123.933031552806	0
5	296	126.415004013891	1
5	296	126.415004013891	1
5	300	126.593675598458	0
5	302	126.71396974112	1
5	302	126.71396974112	1
5	306	127.100603317776	0
5	308	135.908705474976	1
5	308	135.908705474976	1
5	311	136.220805583645	2
5	314	136.802546373971	1
5	314	136.802546373971	1
5	318	137.61653707421	0
5	320	137.96016308916	1
5	320	137.96016308916	1
5	324	138.668043318303	0
5	326	141.01730939369	1
5	326	141.01730939369	1
5	330	142.065262373851	0
5	332	145.57885096985	1
5	332	145.57885096985	1
5	336	146.232575920665	0
5	338	147.566026886754	1
5	338	147.566026886754	1
5	341	148.582996465003	2
5	344	149.165217278586	1
5	344	149.165217278586	1
5	347	149.468196415383	2
5	349	149.787095222888	3
5	352	149.958946520138	2
5	352	149.958946520138	2
5	356	151.363633861276	1
5	356	151.363633861276	1
5	360	151.462754103282	0
5	362	152.79309258913	1
5	362	152.79309258913	1
5	366	152.868376484499	0
5	368	155.102179730236	1
5	368	155.102179730236	1
5	372	158.606856565366	0
5	374	160.10684264523	1
5	374	160.10684264523	1
5	378	160.965522120125	0
5	380	161.244066896972	1
5	380	161.244066896972	1
5	384	161.514954142111	0
5	386	164.236613788733	1
5	386	164.236613788733	1
5	390	167.185083213481	0
5	392	186.46344582882	1
5	392	186.46344582882	1
5	396	189.823972369118	0
5	398	190.73653280881	1
5	398	190.73653280881	1
5	402	192.271064581156	0
5	404	193.134146449308	1
5	404	193.134146449308	1
5	408	193.54721163673	0
5	410	194.840481861597	1
5	410	194.840481861597	1
5	413	194.901843778813	2
5	416	195.014044345585	1
5	416	195.014044345585	1
5	420	195.018770807674	0
5	422	200.136536749006	1
5	422	200.136536749006	1
5	425	200.4493973803	2
5	427	200.773167657805	3
5	430	200.776143243694	2
5	430	200.776143243694	2
5	434	201.041033258281	1
5	434	201.041033258281	1
5	438	201.463872913983	0
5	440	204.375033618524	1
5	440	204.375033618524	1
5	443	205.821291168708	2
5	446	206.044570348525	1
5	446	206.044570348525	1
5	449	206.164679402187	2
5	452	206.774658767526	1
5	452	206.774658767526	1
5	456	207.148558672206	0
5	458	209.186432544865	1
5	458	209.186432544865	1
5	461	210.482331974922	2
5	464	211.289661822744	1
5	464	211.289661822744	1
5	468	212.763938175233	0
5	470	222.943590960439	1
5	470	222.943590960439	1
5	473	224.792614707205	2
5	476	226.213046850624	1
5	476	226.213046850624	1
5	479	226.585750001691	2
5	482	227.042617789903	1
5	482	227.042617789903	1
5	485	227.76158500099	2
5	487	229.699597265807	3
5	489	229.796716096415	4
5	492	231.655981418728	3
5	492	231.655981418728	3
5	495	232.263529809945	4
5	498	233.808308868806	3
5	498	233.808308868806	3
5	501	234.249316620646	4
5	504	235.084354204606	3
5	504	235.084354204606	3
5	508	235.671455402463	2
5	508	235.671455402463	2
5	512	236.321842328164	1
5	512	236.321842328164	1
5	516	236.340779264834	0
5	518	243.784881982131	1
5	518	243.784881982131	1
5	521	244.868189972554	2
5	524	245.382054396888	1
5	524	245.382054396888	1
5	528	245.390298293113	0
5	530	247.833874900213	1
5	530	247.833874900213	1
5	534	249.400523078931	0
5	536	250.081972861144	1
5	536	250.081972861144	1
5	540	250.89365888502	0
5	542	251.251237174095	1
5	542	251.251237174095	1
5	546	252.989267902691	0
5	548	253.709948432503	1
5	548	253.709948432503	1
5	551	255.645032148384	2
5	554	255.885175467383	1
5	554	255.885175467383	1
5	558	255.93052197363	0
5	560	256.47784967146	1
5	560	256.47784967146	1
5	564	261.443120381095	0
5	566	264.965246084554	1
5	566	264.965246084554	1
5	570	265.612120862481	0
5	572	266.97261956762	1
5	572	266.97261956762	1
5	576	267.43236135619	0
5	578	270.326874085719	1
5	578	270.326874085719	1
5	581	272.322644216031	2
5	584	272.358638705528	1
5	584	272.358638705528	1
5	587	272.930836320209	2
5	589	273.124380306891	3
5	592	273.971707685327	2
5	592	273.971707685327	2
5	596	275.349172760971	1
5	596	275.349172760971	1
5	600	277.967361273064	0
5	602	278.753808346656	1
5	602	278.753808346656	1
5	606	278.800650788935	0
5	608	281.563679394807	1
5	608	281.563679394807	1
5	612	282.127745336761	0
5	614	284.437005389456	1
5	614	284.437005389456	1
5	618	286.964815164985	0
5	620	287.282447453998	1
5	620	287.282447453998	1
5	624	290.083057981604	0
5	626	291.680951810556	1
5	626	291.680951810556	1
5	629	292.401888898461	2
5	631	292.783190045072	3
5	634	293.195375653537	2
5	634	293.195375653537	2
5	637	293.441410872198	3
5	640	295.400393907433	2
5	640	295.400393907433	2
5	644	298.205141072722	1
5	644	298.205141072722	1
5	648	298.288348881431	0
5	650	300.965037216822	1
5	650	300.965037216822	1
5	654	302.400178402541	0
5	656	303.214262723684	1
5	656	303.214262723684	1
5	659	303.574295989032	2
5	662	303.653626734854	1
5	662	303.653626734854	1
5	666	303.732028649174	0
5	668	305.104781506163	1
5	668	305.104781506163	1
5	671	306.433560861639	2
5	674	306.85683357879	1
5	674	306.85683357879	1
5	678	307.618621963808	0
5	680	310.99950100528	1
5	680	310.99950100528	1
5	684	311.331395963528	0
5	686	311.923752533222	1
5	686	311.923752533222	1
5	690	312.380205038681	0
5	692	312.82326588521	1
5	692	312.82326588521	1
5	696	314.261817687765	0
5	698	321.086544085863	1
5	698	321.086544085863	1
5	702	321.222467293155	0
5	704	322.562914272832	1
5	704	322.562914272832	1
5	707	323.166340110693	2
5	709	323.975131285757	3
5	712	325.929251856995	2
5	712	325.929251856995	2
5	716	326.259372359741	1
5	716	326.259372359741	1
5	720	327.132175137719	0
5	722	327.841789085021	1
5	722	327.841789085021	1
5	726	328.755190038554	0
5	728	331.772934941663	1
5	728	331.772934941663	1
5	732	332.025106618373	0
5	734	333.384690878753	1
5	734	333.384690878753	1
5	738	335.310065662677	0
5	740	339.655342468398	1
5	740	339.655342468398	1
5	744	340.019693555798	0
5	746	342.643198679592	1
5	746	342.643198679592	1
5	750	343.359637690398	0
5	752	345.085282400895	1
5	752	345.085282400895	1
5	755	346.095239674519	2
5	758	346.219662526987	1
5	758	346.219662526987	1
5	762	346.468396249521	0
5	764	346.787121180385	1
5	764	346.787121180385	1
5	767	347.989021317923	2
5	770	348.254157275323	1
5	770	348.254157275323	1
5	774	348.259308841568	0
5	776	348.622688139527	1
5	776	348.622688139527	1
5	779	349.267287227604	2
5	782	349.426440697402	1
5	782	349.426440697402	1
5	786	349.793179238593	0
5	788	356.281229974804	1
5	788	356.281229974804	1
5	792	356.386343084804	0
5	794	359.10963390779	1
5	794	359.10963390779	1
5	798	359.477822506095	0
5	800	363.792060157993	1
5	800	363.792060157993	1
5	804	364.463742708099	0
5	806	365.337572579892	1
5	806	365.337572579892	1
5	810	366.676194145508	0
5	812	367.500991203242	1
5	812	367.500991203242	1
5	816	368.11805973523	0
5	818	377.163625305671	1
5	818	377.163625305671	1
5	821	379.959523342697	2
5	824	380.832833649801	1
5	824	380.832833649801	1
5	828	382.272187242315	0
5	830	383.872316976129	1
5	830	383.872316976129	1
5	834	384.127269196138	0
5	836	385.1259174112	1
5	836	385.1259174112	1
5	840	385.223791104086	0
5	842	390.022285088758	1
5	842	390.022285088758	1
5	846	391.447522203591	0
5	848	393.626545504414	1
5	848	393.626545504414	1
5	852	394.1764820701	0
5	854	396.283250101311	1
5	854	396.283250101311	1
5	858	396.589946483255	0
5	860	396.674098424857	1
5	860	396.674098424857	1
5	863	397.35753307463	2
5	865	399.789422520406	3
5	868	400.25104686517	2
5	868	400.25104686517	2
5	871	400.51729441152	3
5	874	400.59284932639	2
5	874	400.59284932639	2
5	878	401.273546161076	1
5	878	401.273546161076	1
5	882	401.871236700408	0
5	884	405.659744567827	1
5	884	405.659744567827	1
5	888	405.767364878941	0
5	890	410.038901842381	1
5	890	410.038901842381	1
5	894	410.383226323732	0
5	896	410.883058281907	1
5	896	410.883058281907	1
5	899	411.716698106269	2
5	902	412.044745674673	1
5	902	412.044745674673	1
5	906	413.742314074952	0
5	908	415.125967269998	1
5	908	415.125967269998	1
5	912	415.229517978758	0
5	914	417.019001419864	1
5	914	417.019001419864	1
5	918	419.555313376852	0
5	920	423.183851381698	1
5	920	423.183851381698	1
5	924	423.459352200298	0
5	926	426.559457911907	1
5	926	426.559457911907	1
5	930	426.752638733623	0
5	932	428.759655678967	1
5	932	428.759655678967	1
5	936	428.974742275513	0
5	938	430.14278549981	1
5	938	430.14278549981	1
5	942	430.98199320598	0
5	944	434.600974305012	1
5	944	434.600974305012	1
5	947	434.681693963138	2
5	950	435.570513540117	1
5	950	435.570513540117	1
5	954	435.871419998706	0
5	956	437.959295722833	1
5	956	437.959295722833	1
5	960	438.17215867431	0
5	962	447.254148598925	1
5	962	447.254148598925	1
5	966	447.757670322407	0
5	968	452.458972930552	1
5	968	452.458972930552	1
5	972	452.715743081868	0
5	974	464.217402600386	1
5	974	464.217402600386	1
5	978	465.040092197931	0
5	980	468.992164942601	1
5	980	468.992164942601	1
5	984	469.825326868726	0
5	986	471.18080561852	1
5	986	471.18080561852	1
5	989	471.675133181135	2
5	992	472.432075229666	1
5	992	472.432075229666	1
5	996	472.499950591126	0
5	998	473.730898048873	1
5	998	473.730898048873	1
5	1001	475.407807228253	2
5	1004	475.814761905066	1
5	1004	475.814761905066	1
5	1008	475.848445876926	0
5	1010	480.659287269464	1
5	1010	480.659287269464	1
5	1014	480.980251777802	0
5	1016	485.576147659714	1
5	1016	485.576147659714	1
5	1020	486.68456514974	0
5	1022	488.522811208907	1
5	1022	488.522811208907	1
5	1026	488.794707475025	0
5	1028	492.723809173274	1
5	1028	492.723809173274	1
5	1031	493.084235881893	2
5	1034	493.815027884808	1
5	1034	493.815027884808	1
5	1038	494.249690532151	0
5	1040	495.104331723542	1
5	1040	495.104331723542	1
5	1044	495.622901405045	0
5	1046	495.902591813172	1
5	1046	495.902591813172	1
5	1050	496.105936597603	0
5	1052	499.632217222959	1
5	1052	499.632217222959	1
5	1055	500.654396872824	2
5	1057	501.801509760972	3
5	1060	502.255111174875	2
5	1060	502.255111174875	2
5	1063	502.713225226011	3
5	1065	502.973513088121	4
5	1068	503.564247936921	3
5	1068	503.564247936921	3
5	1072	504.617097615527	2
5	1072	504.617097615527	2
5	1075	504.736719847256	3
5	1078	505.175250496529	2
5	1078	505.175250496529	2
5	1081	506.84946550706	3
5	1084	507.242689667251	2
5	1084	507.242689667251	2
5	1088	507.723992138091	1
5	1088	507.723992138091	1
5	1092	508.341416940129	0
5	1094	509.03436888574	1
5	1094	509.03436888574	1
5	1098	509.971810727877	0
5	1100	512.36712360899	1
5	1100	512.36712360899	1
5	1104	513.990848901442	0
5	1106	517.249542191198	1
5	1106	517.249542191198	1
5	1109	518.560062313346	2
5	1112	519.502919427226	1
5	1112	519.502919427226	1
5	1116	520.324661798244	0
5	1118	527.060390275245	1
5	1118	527.060390275245	1
5	1121	527.147859367107	2
5	1124	528.165201871081	1
5	1124	528.165201871081	1
5	1128	529.685369017607	0
5	1130	542.405805415511	1
5	1130	542.405805415511	1
5	1134	543.789044972548	0
5	1136	545.249537031303	1
5	1136	545.249537031303	1
5	1140	545.420214838828	0
5	1142	550.164775470221	1
5	1142	550.164775470221	1
5	1146	550.598930077497	0
5	1148	557.179184748589	1
5	1148	557.179184748589	1
5	1152	557.490431241815	0
5	1154	565.371592957285	1
5	1154	565.371592957285	1
5	1158	566.531288159392	0
5	1160	567.62087813411	1
5	1160	567.62087813411	1
5	1164	569.883098317647	0
5	1166	571.743540927151	1
5	1166	571.743540927151	1
5	1169	571.855726023613	2
5	1172	573.380988951135	1
5	1172	573.380988951135	1
5	1176	575.03128954223	0
5	1178	576.193177475077	1
5	1178	576.193177475077	1
5	1182	576.490663319721	0
5	1184	578.67573962237	1
5	1184	578.67573962237	1
5	1187	579.063225918378	2
5	1190	579.096062248394	1
5	1190	579.096062248394	1
5	1194	579.41329673534	0
5	1196	582.229913181415	1
5	1196	582.229913181415	1
5	1200	582.408678413669	0
5	1202	585.82815293523	1
5	1202	585.82815293523	1
5	1205	586.160295324796	2
5	1208	587.337185103552	1
5	1208	587.337185103552	1
5	1212	588.048541648895	0
5	1214	598.958010436362	1
5	1214	598.958010436362	1
6	231	100.891856483334	2.9033148735549
6	237	103.795171356889	0.6501165814785
6	243	104.445287938368	1.3735589940086
6	249	107.355603781484	0.17896194912555
6	255	114.757429136967	0.59916646477553
6	261	117.134402950654	2.7776061639366
6	271	119.912009114591	0.19336324708906
6	275	120.10537236168	1.7409731312549
6	281	121.846345492935	0.17105003408945
6	285	122.017395527024	1.1598480111043
6	291	123.177243538128	0.75578801467808
6	297	126.415004013891	0.17867158456729
6	303	126.71396974112	0.3866335766561
6	309	135.908705474976	0.89384089899509
6	315	136.802546373971	0.81399070023854
6	321	137.96016308916	0.70788022914322
6	327	141.01730939369	1.0479529801611
6	333	145.57885096985	0.65372495081478
6	339	147.566026886754	1.599190391832
6	345	149.165217278586	0.79372924155228
6	353	149.958946520138	1.4046873411381
6	357	151.363633861276	0.099120242005825
6	363	152.79309258913	0.075283895368832
6	369	155.102179730236	3.5046768351299
6	375	160.10684264523	0.85867947489518
6	381	161.244066896972	0.27088724513883
6	387	164.236613788733	2.9484694247478
6	393	186.46344582882	3.3605265402979
6	399	190.73653280881	1.5345317723455
6	405	193.134146449308	0.4130651874219
6	411	194.840481861597	0.17356248398811
6	417	195.014044345585	0.0047264620889614
6	423	200.136536749006	0.63960649468788
6	431	200.776143243694	0.26489001458669
6	435	201.041033258281	0.42283965570184
6	441	204.375033618524	1.669536730001
6	447	206.044570348525	0.730088419001
6	453	206.774658767526	0.37389990468009
6	459	209.186432544865	2.103229277879
6	465	211.289661822744	1.4742763524894
6	471	222.943590960439	3.2694558901846
6	477	226.213046850624	0.82957093927927
6	483	227.042617789903	4.6133636288246
6	493	231.655981418728	2.1523274500781
6	499	233.808308868806	1.2760453358001
6	505	235.084354204606	0.58710119785686
6	509	235.671455402463	0.65038692570135
6	513	236.321842328164	0.018936936670036
6	519	243.784881982131	1.5971724147571
6	525	245.382054396888	0.0082438962245231
6	531	247.833874900213	1.5666481787183
6	537	250.081972861144	0.8116860238761
6	543	251.251237174095	1.7380307285958
6	549	253.709948432503	2.1752270348796
6	555	255.885175467383	0.045346506246817
6	561	256.47784967146	4.9652707096354
6	567	264.965246084554	0.64687477792736
6	573	266.97261956762	0.45974178856985
6	579	270.326874085719	2.0317646198089
6	585	272.358638705528	1.613068979799
6	593	273.971707685327	1.3774650756439
6	597	275.349172760971	2.6181885120932
6	603	278.753808346656	0.046842442279233
6	609	281.563679394807	0.56406594195418
6	615	284.437005389456	2.5278097755293
6	621	287.282447453998	2.8006105276064
6	627	291.680951810556	1.5144238429813
6	635	293.195375653537	2.2050182538956
6	641	295.400393907433	2.8047471652891
6	645	298.205141072722	0.083207808709456
6	651	300.965037216822	1.4351411857194
6	657	303.214262723684	0.43936401117018
6	663	303.653626734854	0.078401914320274
6	669	305.104781506163	1.7520520726266
6	675	306.85683357879	0.76178838501753
6	681	310.99950100528	0.33189495824791
6	687	311.923752533222	0.45645250545871
6	693	312.82326588521	1.4385518025547
6	699	321.086544085863	0.13592320729151
6	705	322.562914272832	3.3663375841626
6	713	325.929251856995	0.33012050274574
6	717	326.259372359741	0.8728027779779
6	723	327.841789085021	0.91340095353341
6	729	331.772934941663	0.25217167670979
6	735	333.384690878753	1.9253747839241
6	741	339.655342468398	0.36435108740008
6	747	342.643198679592	0.71643901080585
6	753	345.085282400895	1.1343801260924
6	759	346.219662526987	0.24873372253352
6	765	346.787121180385	1.467036094938
6	771	348.254157275323	0.0051515662449738
6	777	348.622688139527	0.80375255787533
6	783	349.426440697402	0.36673854119061
6	789	356.281229974804	0.10511310999998
6	795	359.10963390779	0.36818859830452
6	801	363.792060157993	0.67168255010607
6	807	365.337572579892	1.3386215656161
6	813	367.500991203242	0.61706853198777
6	819	377.163625305671	3.66920834413
6	825	380.832833649801	1.4393535925142
6	831	383.872316976129	0.25495222000858
6	837	385.1259174112	0.097873692886475
6	843	390.022285088758	1.4252371148326
6	849	393.626545504414	0.54993656568627
6	855	396.283250101311	0.30669638194412
6	861	396.674098424857	3.5769484403133
6	869	400.25104686517	0.34180246121955
6	875	400.59284932639	0.68069683468569
6	879	401.273546161076	0.59769053933234
6	885	405.659744567827	0.10762031111389
6	891	410.038901842381	0.34432448135087
6	897	410.883058281907	1.1616873927656
6	903	412.044745674673	1.6975684002793
6	909	415.125967269998	0.10355070875954
6	915	417.019001419864	2.5363119569875
6	921	423.183851381698	0.27550081860039
6	927	426.559457911907	0.19318082171555
6	933	428.759655678967	0.21508659654558
6	939	430.14278549981	0.83920770617034
6	945	434.600974305012	0.96953923510453
6	951	435.570513540117	0.3009064585887
6	957	437.959295722833	0.21286295147724
6	963	447.254148598925	0.5035217234824
6	969	452.458972930552	0.25677015131559
6	975	464.217402600386	0.82268959754475
6	981	468.992164942601	0.833161926125
6	987	471.18080561852	1.2512696111459
6	993	472.432075229666	0.067875361459992
6	999	473.730898048873	2.0838638561933
6	1005	475.814761905066	0.033683971860442
6	1011	480.659287269464	0.32096450833768
6	1017	485.576147659714	1.1084174900259
6	1023	488.522811208907	0.27189626611799
6	1029	492.723809173274	1.0912187115339
6	1035	493.815027884808	0.43466264734253
6	1041	495.104331723542	0.5185696815033
6	1047	495.902591813172	0.2033447844306
6	1053	499.632217222959	2.6228939519159
6	1061	502.255111174875	1.3091367620458
6	1069	503.564247936921	1.0528496786064
6	1073	504.617097615527	0.55815288100216
6	1079	505.175250496529	2.0674391707221
6	1085	507.242689667251	0.48130247084013
6	1089	507.723992138091	0.61742480203785
6	1095	509.03436888574	0.93744184213749
6	1101	512.36712360899	1.623725292452
6	1107	517.249542191198	2.253377236028
6	1113	519.502919427226	0.8217423710183
6	1119	527.060390275245	1.1048115958357
6	1125	528.165201871081	1.5201671465256
6	1131	542.405805415511	1.3832395570373
6	1137	545.249537031303	0.1706778075255
6	1143	550.164775470221	0.43415460727588
6	1149	557.179184748589	0.31124649322648
6	1155	565.371592957285	1.1596952021074
6	1161	567.62087813411	2.2622201835371
6	1167	571.743540927151	1.6374480239838
6	1173	573.380988951135	1.6503005910952
6	1179	576.193177475077	0.29748584464355
6	1185	578.67573962237	0.42032262602379
6	1191	579.096062248394	0.31723448694603
6	1197	582.229913181415	0.17876523225358
6	1203	585.82815293523	1.5090321683215
6	1209	587.337185103552	0.71135654534302
6	1215	598.958010436362	4.3820800604892
7	226	100.559934676215	44.476126646455
7	234	103.795171356889	45.886988915867
7	240	104.445287938368	46.223813740366
7	244	105.818846932377	46.921844067115
7	250	107.53456573061	46.339626669614
7	256	115.356595601743	43.716861183418
7	268	119.912009114591	44.37244386275
7	272	120.10537236168	44.462001262813
7	278	121.846345492935	45.255543023742
7	282	122.017395527024	45.332286517499
7	288	123.177243538128	45.847042627744
7	292	123.933031552806	46.177286757404
7	298	126.593675598458	45.34790753208
7	304	127.100603317776	45.471236972817
7	312	136.802546373971	42.899828243743
7	316	137.61653707421	43.237571147175
7	322	138.668043318303	43.42019034528
7	328	142.065262373851	43.119535566577
7	334	146.232575920665	42.337766327421
7	342	149.165217278586	42.577484106818
7	350	149.958946520138	42.881420157621
7	354	151.363633861276	43.4114929631
7	358	151.462754103282	43.448525608819
7	364	152.868376484499	43.098264608336
7	370	158.606856565366	43.748609446963
7	376	160.965522120125	43.641006337592
7	382	161.514954142111	43.660267452928
7	388	167.185083213481	43.943113205774
7	394	189.823972369118	40.472684224822
7	400	192.271064581156	40.755684617971
7	406	193.54721163673	40.700381686504
7	414	195.014044345585	40.483246541884
7	418	195.018770807674	40.484688986002
7	428	200.776143243694	39.642334011712
7	432	201.041033258281	39.721860776796
7	436	201.463872913983	39.848374713348
7	444	206.044570348525	39.772761583657
7	450	206.774658767526	39.985414379402
7	454	207.148558672206	40.093739766684
7	462	211.289661822744	40.303360130222
7	466	212.763938175233	40.717007975049
7	474	226.213046850624	39.741547544067
7	480	227.042617789903	39.96172057365
7	490	231.655981418728	41.157365999883
7	496	233.808308868806	41.699043141325
7	502	235.084354204606	42.015502585527
7	506	235.671455402463	42.159952696513
7	510	236.321842328164	42.319135657248
7	514	236.340779264834	42.323757368653
7	522	245.382054396888	41.415200734125
7	526	245.390298293113	41.417168892641
7	532	249.400523078931	41.379368894215
7	538	250.89365888502	41.456627064646
7	544	252.989267902691	41.800223423738
7	552	255.885175467383	42.177240654585
7	556	255.93052197363	42.187485857453
7	562	261.443120381095	43.197129573555
7	568	265.612120862481	42.762656267822
7	574	267.43236135619	42.643507861329
7	582	272.358638705528	42.618183586962
7	590	273.971707685327	42.956031713115
7	594	275.349172760971	43.241400553353
7	598	277.967361273064	43.776012647209
7	604	278.800650788935	43.661974720584
7	610	282.127745336761	43.347007740861
7	616	286.964815164985	43.49722990047
7	622	290.083057981604	43.995108435967
7	632	293.195375653537	44.044616825388
7	638	295.400393907433	44.462296164511
7	642	298.205141072722	44.98465207306
7	646	298.288348881431	44.999998654861
7	652	302.400178402541	44.862703086564
7	660	303.653626734854	44.822207343496
7	664	303.732028649174	44.836450308228
7	672	306.85683357879	44.950836049304
7	676	307.618621963808	45.087160090531
7	682	311.331395963528	44.65607944264
7	688	312.380205038681	44.652268539084
7	694	314.261817687765	44.842673174946
7	700	321.222467293155	43.913280479826
7	710	325.929251856995	44.311966412328
7	714	326.259372359741	44.368313488312
7	718	327.132175137719	44.516741231656
7	724	328.755190038554	44.574804987229
7	730	332.025106618373	44.211763988834
7	736	335.310065662677	44.352838323478
7	742	340.019693555798	43.845661065702
7	748	343.359637690398	43.627819044646
7	756	346.219662526987	43.595069219457
7	760	346.468396249521	43.635562980372
7	768	348.254157275323	43.83306506426
7	772	348.259308841568	43.833895904036
7	780	349.426440697402	43.917505259568
7	784	349.793179238593	43.976304611666
7	790	356.386343084804	43.1922350869
7	796	359.477822506095	42.923208626725
7	802	364.463742708099	42.520305893726
7	808	366.676194145508	42.628815923292
7	814	368.11805973523	42.629472860332
7	822	380.832833649801	42.169682475597
7	826	382.272187242315	42.387428568729
7	832	384.127269196138	42.249096989414
7	838	385.223791104086	42.154243836532
7	844	391.447522203591	41.848116041461
7	850	394.1764820701	41.697908773167
7	856	396.589946483255	41.521487809012
7	866	400.25104686517	42.035366562777
7	872	400.59284932639	42.0848243961
7	876	401.273546161076	42.183068292542
7	880	401.871236700408	42.269057609365
7	886	405.767364878941	41.889717995972
7	892	410.383226323732	41.502458780923
7	900	412.044745674673	41.617037601296
7	904	413.742314074952	41.856580593906
7	910	415.229517978758	41.731603450094
7	916	419.555313376852	41.905856558584
7	922	423.459352200298	41.584569501473
7	928	426.752638733623	41.308925463487
7	934	428.974742275513	41.145083532942
7	940	430.98199320598	41.148174760493
7	948	435.570513540117	40.93728970231
7	952	435.871419998706	40.978063999901
7	958	438.17215867431	40.811477602059
7	964	447.757670322407	40.050247266603
7	970	452.715743081868	39.668340899324
7	976	465.040092197931	38.79397000278
7	982	469.825326868726	38.576182557509
7	990	472.432075229666	38.628186986822
7	994	472.499950591126	38.63700314434
7	1002	475.814761905066	38.80579154035
7	1006	475.848445876926	38.810123306091
7	1012	480.980251777802	38.46277106378
7	1018	486.68456514974	38.23970676696
7	1024	488.794707475025	38.130250595841
7	1032	493.815027884808	37.963580487611
7	1036	494.249690532151	38.018137758669
7	1042	495.622901405045	38.017431673486
7	1048	496.105936597603	38.021404052909
7	1058	502.255111174875	38.07812651001
7	1066	503.564247936921	38.239107360602
7	1070	504.617097615527	38.367967314561
7	1076	505.175250496529	38.436062686556
7	1082	507.242689667251	38.686987338796
7	1086	507.723992138091	38.745109674839
7	1090	508.341416940129	38.819509059333
7	1096	509.971810727877	38.87922431645
7	1102	513.990848901442	38.891122276446
7	1110	519.502919427226	38.912233062118
7	1114	520.324661798244	39.008708224895
7	1122	528.165201871081	38.63880846673
7	1126	529.685369017607	38.814911627015
7	1132	543.789044972548	38.062581318257
7	1138	545.420214838828	37.980041739228
7	1144	550.598930077497	37.701667859767
7	1150	557.490431241815	37.291442991655
7	1156	566.531288159392	36.901037228109
7	1162	569.883098317647	37.080963158927
7	1170	573.380988951135	37.140329704627
7	1174	575.03128954223	37.320732672137
7	1180	576.490663319721	37.277858926339
7	1188	579.096062248394	37.182725433472
7	1192	579.41329673534	37.217118510021
7	1198	582.408678413669	37.056401551039
7	1206	587.337185103552	37.002378909667
7	1210	588.048541648895	37.078586513172
8	227	100.559934676215	38
8	235	103.795171356889	39
8	241	104.445287938368	40
8	245	105.818846932377	41
8	251	107.53456573061	42
8	257	115.356595601743	43
8	269	119.912009114591	44
8	273	120.10537236168	45
8	279	121.846345492935	46
8	283	122.017395527024	47
8	289	123.177243538128	48
8	293	123.933031552806	49
8	299	126.593675598458	50
8	305	127.100603317776	51
8	313	136.802546373971	52
8	317	137.61653707421	53
8	323	138.668043318303	54
8	329	142.065262373851	55
8	335	146.232575920665	56
8	343	149.165217278586	57
8	351	149.958946520138	58
8	355	151.363633861276	59
8	359	151.462754103282	60
8	365	152.868376484499	61
8	371	158.606856565366	62
8	377	160.965522120125	63
8	383	161.514954142111	64
8	389	167.185083213481	65
8	395	189.823972369118	66
8	401	192.271064581156	67
8	407	193.54721163673	68
8	415	195.014044345585	69
8	419	195.018770807674	70
8	429	200.776143243694	71
8	433	201.041033258281	72
8	437	201.463872913983	73
8	445	206.044570348525	74
8	451	206.774658767526	75
8	455	207.148558672206	76
8	463	211.289661822744	77
8	467	212.763938175233	78
8	475	226.213046850624	79
8	481	227.042617789903	80
8	491	231.655981418728	81
8	497	233.808308868806	82
8	503	235.084354204606	83
8	507	235.671455402463	84
8	511	236.321842328164	85
8	515	236.340779264834	86
8	523	245.382054396888	87
8	527	245.390298293113	88
8	533	249.400523078931	89
8	539	250.89365888502	90
8	545	252.989267902691	91
8	553	255.885175467383	92
8	557	255.93052197363	93
8	563	261.443120381095	94
8	569	265.612120862481	95
8	575	267.43236135619	96
8	583	272.358638705528	97
8	591	273.971707685327	98
8	595	275.349172760971	99
8	599	277.967361273064	100
8	605	278.800650788935	101
8	611	282.127745336761	102
8	617	286.964815164985	103
8	623	290.083057981604	104
8	633	293.195375653537	105
8	639	295.400393907433	106
8	643	298.205141072722	107
8	647	298.288348881431	108
8	653	302.400178402541	109
8	661	303.653626734854	110
8	665	303.732028649174	111
8	673	306.85683357879	112
8	677	307.618621963808	113
8	683	311.331395963528	114
8	689	312.380205038681	115
8	695	314.261817687765	116
8	701	321.222467293155	117
8	711	325.929251856995	118
8	715	326.259372359741	119
8	719	327.132175137719	120
8	725	328.755190038554	121
8	731	332.025106618373	122
8	737	335.310065662677	123
8	743	340.019693555798	124
8	749	343.359637690398	125
8	757	346.219662526987	126
8	761	346.468396249521	127
8	769	348.254157275323	128
8	773	348.259308841568	129
8	781	349.426440697402	130
8	785	349.793179238593	131
8	791	356.386343084804	132
8	797	359.477822506095	133
8	803	364.463742708099	134
8	809	366.676194145508	135
8	815	368.11805973523	136
8	823	380.832833649801	137
8	827	382.272187242315	138
8	833	384.127269196138	139
8	839	385.223791104086	140
8	845	391.447522203591	141
8	851	394.1764820701	142
8	857	396.589946483255	143
8	867	400.25104686517	144
8	873	400.59284932639	145
8	877	401.273546161076	146
8	881	401.871236700408	147
8	887	405.767364878941	148
8	893	410.383226323732	149
8	901	412.044745674673	150
8	905	413.742314074952	151
8	911	415.229517978758	152
8	917	419.555313376852	153
8	923	423.459352200298	154
8	929	426.752638733623	155
8	935	428.974742275513	156
8	941	430.98199320598	157
8	949	435.570513540117	158
8	953	435.871419998706	159
8	959	438.17215867431	160
8	965	447.757670322407	161
8	971	452.715743081868	162
8	977	465.040092197931	163
8	983	469.825326868726	164
8	991	472.432075229666	165
8	995	472.499950591126	166
8	1003	475.814761905066	167
8	1007	475.848445876926	168
8	1013	480.980251777802	169
8	1019	486.68456514974	170
8	1025	488.794707475025	171
8	1033	493.815027884808	172
8	1037	494.249690532151	173
8	1043	495.622901405045	174
8	1049	496.105936597603	175
8	1059	502.255111174875	176
8	1067	503.564247936921	177
8	1071	504.617097615527	178
8	1077	505.175250496529	179
8	1083	507.242689667251	180
8	1087	507.723992138091	181
8	1091	508.341416940129	182
8	1097	509.971810727877	183
8	1103	513.990848901442	184
8	1111	519.502919427226	185
8	1115	520.324661798244	186
8	1123	528.165201871081	187
8	1127	529.685369017607	188
8	1133	543.789044972548	189
8	1139	545.420214838828	190
8	1145	550.598930077497	191
8	1151	557.490431241815	192
8	1157	566.531288159392	193
8	1163	569.883098317647	194
8	1171	573.380988951135	195
8	1175	575.03128954223	196
8	1181	576.490663319721	197
8	1189	579.096062248394	198
8	1193	579.41329673534	199
8	1199	582.408678413669	200
8	1207	587.337185103552	201
8	1211	588.048541648895	202
9	227	100.559934676215	1.887225636914
9	235	103.795171356889	2.903314873555
9	241	104.445287938368	1.170660959356
9	245	105.818846932377	1.954540860774
9	251	107.53456573061	0.178961949126
9	257	115.356595601743	0.599166464776
9	269	119.912009114591	2.777606163937
9	273	120.10537236168	2.339773290346
9	279	121.846345492935	3.783748317475
9	283	122.017395527024	3.562032096259
9	289	123.177243538128	2.097932912313
9	293	123.933031552806	0.850317881395
9	299	126.593675598458	0.178671584567
9	305	127.100603317776	0.386633576656
9	313	136.802546373971	0.893840898995
9	317	137.61653707421	1.395731490565
9	323	138.668043318303	0.707880229143
9	329	142.065262373851	1.047952980161
9	335	146.232575920665	0.653724950815
9	343	149.165217278586	1.599190391832
9	351	149.958946520138	1.375950055135
9	355	151.363633861276	1.895437445893
9	359	151.462754103282	1.675658880394
9	365	152.868376484499	0.075283895369
9	371	158.606856565366	3.50467683513
9	377	160.965522120125	0.858679474895
9	383	161.514954142111	0.270887245139
9	389	167.185083213481	2.948469424748
9	395	189.823972369118	3.360526540298
9	401	192.271064581156	1.534531772346
9	407	193.54721163673	0.413065187422
9	415	195.014044345585	0.173562483988
9	419	195.018770807674	0.116927028861
9	429	200.776143243694	0.639606494688
9	433	201.041033258281	0.591635877981
9	437	201.463872913983	0.690705256178
9	445	206.044570348525	1.669536730001
9	451	206.774658767526	0.953367598818
9	455	207.148558672206	0.983879270019
9	463	211.289661822744	2.103229277879
9	467	212.763938175233	2.281606200311
9	475	226.213046850624	3.269455890185
9	481	227.042617789903	2.250003082698
9	491	231.655981418728	5.070231417037
9	497	233.808308868806	6.046723867816
9	503	235.084354204606	5.384756938799
9	507	235.671455402463	5.874739306048
9	511	236.321842328164	4.058312518219
9	515	236.340779264834	2.091462644188
9	523	245.382054396888	1.597172414757
9	527	245.390298293113	0.522108320559
9	533	249.400523078931	1.566648178718
9	539	250.89365888502	0.811686023876
9	545	252.989267902691	1.738030728596
9	553	255.885175467383	2.17522703488
9	557	255.93052197363	0.285489825246
9	563	261.443120381095	4.965270709635
9	569	265.612120862481	0.646874777927
9	575	267.43236135619	0.45974178857
9	583	272.358638705528	2.031764619809
9	591	273.971707685327	1.649063469296
9	595	275.349172760971	2.418336440762
9	599	277.967361273064	4.842980966173
9	605	278.800650788935	0.046842442279
9	611	282.127745336761	0.564065941954
9	617	286.964815164985	2.527809775529
9	623	290.083057981604	2.800610527606
9	633	293.195375653537	1.514423842981
9	639	295.400393907433	2.998505008972
9	643	298.205141072722	5.42195102765
9	647	298.288348881431	4.846938009233
9	653	302.400178402541	1.435141185719
9	661	303.653626734854	0.43936401117
9	665	303.732028649174	0.157732660142
9	673	306.85683357879	1.752052072627
9	677	307.618621963808	1.185061102169
9	683	311.331395963528	0.331894958248
9	689	312.380205038681	0.456452505459
9	695	314.261817687765	1.438551802555
9	701	321.222467293155	0.135923207292
9	711	325.929251856995	3.366337584163
9	715	326.259372359741	3.093032249048
9	719	327.132175137719	3.157043851962
9	725	328.755190038554	0.913400953533
9	731	332.025106618373	0.25217167671
9	737	335.310065662677	1.925374783924
9	743	340.019693555798	0.3643510874
9	749	343.359637690398	0.716439010806
9	757	346.219662526987	1.134380126092
9	761	346.468396249521	0.373156575002
9	769	348.254157275323	1.467036094938
9	773	348.259308841568	0.270287523645
9	781	349.426440697402	0.803752557875
9	785	349.793179238593	0.525892010989
9	791	356.386343084804	0.10511311
9	797	359.477822506095	0.368188598305
9	803	364.463742708099	0.671682550106
9	809	366.676194145508	1.338621565616
9	815	368.11805973523	0.617068531988
9	823	380.832833649801	3.66920834413
9	827	382.272187242315	2.312663899618
9	833	384.127269196138	0.254952220009
9	839	385.223791104086	0.097873692886
9	845	391.447522203591	1.425237114833
9	851	394.1764820701	0.549936565686
9	857	396.589946483255	0.306696381944
9	867	400.25104686517	3.576948440313
9	873	400.59284932639	3.23531625176
9	877	401.273546161076	1.48412364067
9	881	401.871236700408	1.353942288888
9	887	405.767364878941	0.107620311114
9	893	410.383226323732	0.344324481351
9	901	412.044745674673	1.161687392766
9	905	413.742314074952	2.025615968683
9	911	415.229517978758	0.10355070876
9	917	419.555313376852	2.536311956988
9	923	423.459352200298	0.2755008186
9	929	426.752638733623	0.193180821716
9	935	428.974742275513	0.215086596546
9	941	430.98199320598	0.83920770617
9	949	435.570513540117	0.969539235105
9	953	435.871419998706	1.189726035568
9	959	438.17215867431	0.212862951477
9	965	447.757670322407	0.503521723482
9	971	452.715743081868	0.256770151316
9	977	465.040092197931	0.822689597545
9	983	469.825326868726	0.833161926125
9	991	472.432075229666	1.251269611146
9	995	472.499950591126	0.824817409991
9	1003	475.814761905066	2.083863856193
9	1007	475.848445876926	0.440638648673
9	1013	480.980251777802	0.320964508338
9	1019	486.68456514974	1.108417490026
9	1025	488.794707475025	0.271896266118
9	1033	493.815027884808	1.091218711534
9	1037	494.249690532151	1.165454650258
9	1043	495.622901405045	0.518569681503
9	1049	496.105936597603	0.203344784431
9	1059	502.255111174875	2.622893951916
9	1067	503.564247936921	2.909851064097
9	1071	504.617097615527	2.815587854555
9	1077	505.175250496529	2.462025270518
9	1083	507.242689667251	4.26917657913
9	1087	507.723992138091	2.987272290835
9	1091	508.341416940129	1.491951433069
9	1097	509.971810727877	0.937441842137
9	1103	513.990848901442	1.623725292452
9	1111	519.502919427226	2.253377236028
9	1115	520.324661798244	1.764599484898
9	1123	528.165201871081	1.104811595836
9	1127	529.685369017607	2.5375096505
9	1133	543.789044972548	1.383239557037
9	1139	545.420214838828	0.170677807525
9	1145	550.598930077497	0.434154607276
9	1151	557.490431241815	0.311246493226
9	1157	566.531288159392	1.159695202107
9	1163	569.883098317647	2.262220183537
9	1171	573.380988951135	1.637448023984
9	1175	575.03128954223	3.175563518617
9	1181	576.490663319721	0.297485844644
9	1189	579.096062248394	0.420322626024
9	1193	579.41329673534	0.350070816962
9	1199	582.408678413669	0.178765232254
9	1207	587.337185103552	1.509032168322
9	1211	588.048541648895	1.888246324099

