version 3
run ParameterStudy-429-20251202-16:16:53-1431
attr configname ParameterStudy
attr datetime 20251202-16:16:53
attr datetimef 20251202-161653
attr experiment ParameterStudy
attr inifile omnetpp.ini
attr iterationvars $betaProducer=9.5s
attr iterationvarsd betaProducer=9.5s
attr iterationvarsf betaProducer=9.5s-
attr measurement $betaProducer=9.5s
attr network queue_sim
attr processid 1431
attr repetition 4
attr replication #4
attr resultdir results
attr runnumber 429
attr seedset 429
itervar betaProducer 9.5s
config description "Parameter study: β_producer = 1s to 10s (0.1s steps), β_service = 1s, 5 repetitions"
config *.serviceUnit.meanServiceTime 1s
config *.producer.warmupPeriod 100s
config *.queue.warmupPeriod 100s
config *.serviceUnit.warmupPeriod 100s
config *.sink.warmupPeriod 100s
config *.producer.meanInterArrivalTime 9.5s
config network queue_sim
config sim-time-limit 600s
config warmup-period 100s
config repeat 5
config **.vector-recording true
config **.scalar-recording true
config debug-on-errors true

vector 0 queue_sim.producer jobGenerated:vector ETV
attr recordingmode vector
attr title "Jobs Generated"
vector 1 queue_sim.producer interArrivalTime:vector ETV
attr recordingmode vector
attr title "Inter-arrival Time"
attr unit s
vector 2 queue_sim.queue queueLength:vector ETV
attr recordingmode vector
attr title "Queue Length"
vector 3 queue_sim.queue queueingDelay:vector ETV
attr recordingmode vector
attr title "Queueing Delay"
attr unit s
vector 4 queue_sim.queue queueUtilization:vector ETV
attr recordingmode vector
attr title "Queue Utilization"
vector 5 queue_sim.queue systemSize:vector ETV
attr recordingmode vector
attr title "System Size"
vector 6 queue_sim.serviceUnit serviceTime:vector ETV
attr recordingmode vector
attr title "Service Time"
attr unit s
vector 7 queue_sim.serviceUnit utilization:vector ETV
attr recordingmode vector
attr title "Server Utilization"
vector 8 queue_sim.sink jobCompleted:vector ETV
attr recordingmode vector
attr title "Jobs Completed"
vector 9 queue_sim.sink totalDelay:vector ETV
attr recordingmode vector
attr title "Total System Delay"
attr unit s
0	61	102.455903255547	11
0	67	103.036018407582	12
0	73	121.328176482493	13
0	79	122.297955676557	14
0	85	132.611963178266	15
0	91	141.069078127467	16
0	97	150.311565841485	17
0	103	155.832520231884	18
0	109	161.565924044594	19
0	115	169.059558472282	20
0	121	184.294923858317	21
0	127	249.184071358997	22
0	133	250.400943144212	23
0	139	262.70634146685	24
0	145	265.938784669317	25
0	151	275.061562816002	26
0	157	294.72211697483	27
0	163	296.952314696385	28
0	169	307.602393814127	29
0	175	315.189414950197	30
0	181	316.570583757119	31
0	187	320.314322955122	32
0	193	349.518899127405	33
0	199	367.109964945786	34
0	205	376.634631230988	35
0	211	379.313657641812	36
0	217	389.698760178685	37
0	223	391.497795506523	38
0	229	395.858510412101	39
0	235	399.13261194052	40
0	241	414.101858624165	41
0	247	415.583851789718	42
0	250	415.599480463413	43
0	259	418.5796858226	44
0	265	420.512163435114	45
0	271	421.604516744234	46
0	277	424.991625650205	47
0	283	442.505332909515	48
0	286	443.118320252995	49
0	288	443.956768323175	50
0	301	450.275971692601	51
0	307	455.436976361054	52
0	313	456.707022864691	53
0	319	465.626025336315	54
0	325	470.481869487827	55
0	331	473.678546301792	56
0	337	482.22629488001	57
0	343	491.536930486701	58
0	349	508.048777150622	59
0	355	521.054080599266	60
0	361	526.115015046657	61
0	367	538.645091415991	62
0	373	551.529533856352	63
0	379	555.406396547393	64
0	385	564.738836971852	65
0	391	568.424011350672	66
0	397	585.519148569702	67
0	403	587.923237578759	68
0	409	593.440188657653	69
0	412	593.756914567382	70
1	61	102.455903255547	0.58011515203485
1	67	103.036018407582	18.292158074911
1	73	121.328176482493	0.96977919406405
1	79	122.297955676557	10.314007501709
1	85	132.611963178266	8.4571149492013
1	91	141.069078127467	9.2424877140185
1	97	150.311565841485	5.5209543903992
1	103	155.832520231884	5.7334038127096
1	109	161.565924044594	7.4936344276883
1	115	169.059558472282	15.235365386035
1	121	184.294923858317	64.88914750068
1	127	249.184071358997	1.2168717852148
1	133	250.400943144212	12.305398322638
1	139	262.70634146685	3.2324432024671
1	145	265.938784669317	9.1227781466847
1	151	275.061562816002	19.660554158828
1	157	294.72211697483	2.230197721555
1	163	296.952314696385	10.650079117742
1	169	307.602393814127	7.5870211360703
1	175	315.189414950197	1.3811688069217
1	181	316.570583757119	3.743739198003
1	187	320.314322955122	29.204576172283
1	193	349.518899127405	17.591065818381
1	199	367.109964945786	9.5246662852015
1	205	376.634631230988	2.6790264108238
1	211	379.313657641812	10.385102536873
1	217	389.698760178685	1.7990353278385
1	223	391.497795506523	4.360714905578
1	229	395.858510412101	3.2741015284188
1	235	399.13261194052	14.969246683645
1	241	414.101858624165	1.4819931655528
1	247	415.583851789718	0.015628673694865
1	250	415.599480463413	2.9802053591874
1	259	418.5796858226	1.9324776125139
1	265	420.512163435114	1.0923533091196
1	271	421.604516744234	3.3871089059714
1	277	424.991625650205	17.51370725931
1	283	442.505332909515	0.61298734348047
1	286	443.118320252995	0.83844807018005
1	288	443.956768323175	6.3192033694256
1	301	450.275971692601	5.1610046684528
1	307	455.436976361054	1.2700465036373
1	313	456.707022864691	8.919002471624
1	319	465.626025336315	4.8558441515117
1	325	470.481869487827	3.1966768139647
1	331	473.678546301792	8.5477485782183
1	337	482.22629488001	9.3106356066911
1	343	491.536930486701	16.511846663921
1	349	508.048777150622	13.005303448644
1	355	521.054080599266	5.0609344473913
1	361	526.115015046657	12.530076369334
1	367	538.645091415991	12.884442440361
1	373	551.529533856352	3.8768626910408
1	379	555.406396547393	9.3324404244594
1	385	564.738836971852	3.6851743788196
1	391	568.424011350672	17.095137219029
1	397	585.519148569702	2.4040890090566
1	403	587.923237578759	5.5169510788936
1	409	593.440188657653	0.31672590972869
1	412	593.756914567382	19.219053863518
2	62	102.455903255547	1
2	62	102.455903255547	0
2	68	103.036018407582	1
2	68	103.036018407582	0
2	74	121.328176482493	1
2	74	121.328176482493	0
2	80	122.297955676557	1
2	80	122.297955676557	0
2	86	132.611963178266	1
2	86	132.611963178266	0
2	92	141.069078127467	1
2	92	141.069078127467	0
2	98	150.311565841485	1
2	98	150.311565841485	0
2	104	155.832520231884	1
2	104	155.832520231884	0
2	110	161.565924044594	1
2	110	161.565924044594	0
2	116	169.059558472282	1
2	116	169.059558472282	0
2	122	184.294923858317	1
2	122	184.294923858317	0
2	128	249.184071358997	1
2	128	249.184071358997	0
2	134	250.400943144212	1
2	134	250.400943144212	0
2	140	262.70634146685	1
2	140	262.70634146685	0
2	146	265.938784669317	1
2	146	265.938784669317	0
2	152	275.061562816002	1
2	152	275.061562816002	0
2	158	294.72211697483	1
2	158	294.72211697483	0
2	164	296.952314696385	1
2	164	296.952314696385	0
2	170	307.602393814127	1
2	170	307.602393814127	0
2	176	315.189414950197	1
2	176	315.189414950197	0
2	182	316.570583757119	1
2	182	316.570583757119	0
2	188	320.314322955122	1
2	188	320.314322955122	0
2	194	349.518899127405	1
2	194	349.518899127405	0
2	200	367.109964945786	1
2	200	367.109964945786	0
2	206	376.634631230988	1
2	206	376.634631230988	0
2	212	379.313657641812	1
2	212	379.313657641812	0
2	218	389.698760178685	1
2	218	389.698760178685	0
2	224	391.497795506523	1
2	224	391.497795506523	0
2	230	395.858510412101	1
2	230	395.858510412101	0
2	236	399.13261194052	1
2	236	399.13261194052	0
2	242	414.101858624165	1
2	242	414.101858624165	0
2	248	415.583851789718	1
2	248	415.583851789718	0
2	251	415.599480463413	1
2	254	415.975582495332	0
2	260	418.5796858226	1
2	260	418.5796858226	0
2	266	420.512163435114	1
2	266	420.512163435114	0
2	272	421.604516744234	1
2	272	421.604516744234	0
2	278	424.991625650205	1
2	278	424.991625650205	0
2	284	442.505332909515	1
2	284	442.505332909515	0
2	287	443.118320252995	1
2	289	443.956768323175	2
2	292	444.066064805383	1
2	296	445.111803136082	0
2	302	450.275971692601	1
2	302	450.275971692601	0
2	308	455.436976361054	1
2	308	455.436976361054	0
2	314	456.707022864691	1
2	314	456.707022864691	0
2	320	465.626025336315	1
2	320	465.626025336315	0
2	326	470.481869487827	1
2	326	470.481869487827	0
2	332	473.678546301792	1
2	332	473.678546301792	0
2	338	482.22629488001	1
2	338	482.22629488001	0
2	344	491.536930486701	1
2	344	491.536930486701	0
2	350	508.048777150622	1
2	350	508.048777150622	0
2	356	521.054080599266	1
2	356	521.054080599266	0
2	362	526.115015046657	1
2	362	526.115015046657	0
2	368	538.645091415991	1
2	368	538.645091415991	0
2	374	551.529533856352	1
2	374	551.529533856352	0
2	380	555.406396547393	1
2	380	555.406396547393	0
2	386	564.738836971852	1
2	386	564.738836971852	0
2	392	568.424011350672	1
2	392	568.424011350672	0
2	398	585.519148569702	1
2	398	585.519148569702	0
2	404	587.923237578759	1
2	404	587.923237578759	0
2	410	593.440188657653	1
2	410	593.440188657653	0
2	413	593.756914567382	1
2	416	593.907805831293	0
3	62	102.455903255547	0
3	68	103.036018407582	0
3	74	121.328176482493	0
3	80	122.297955676557	0
3	86	132.611963178266	0
3	92	141.069078127467	0
3	98	150.311565841485	0
3	104	155.832520231884	0
3	110	161.565924044594	0
3	116	169.059558472282	0
3	122	184.294923858317	0
3	128	249.184071358997	0
3	134	250.400943144212	0
3	140	262.70634146685	0
3	146	265.938784669317	0
3	152	275.061562816002	0
3	158	294.72211697483	0
3	164	296.952314696385	0
3	170	307.602393814127	0
3	176	315.189414950197	0
3	182	316.570583757119	0
3	188	320.314322955122	0
3	194	349.518899127405	0
3	200	367.109964945786	0
3	206	376.634631230988	0
3	212	379.313657641812	0
3	218	389.698760178685	0
3	224	391.497795506523	0
3	230	395.858510412101	0
3	236	399.13261194052	0
3	242	414.101858624165	0
3	248	415.583851789718	0
3	254	415.975582495332	0.376102031919
3	260	418.5796858226	0
3	266	420.512163435114	0
3	272	421.604516744234	0
3	278	424.991625650205	0
3	284	442.505332909515	0
3	292	444.066064805383	0.947744552388
3	296	445.111803136082	1.155034812907
3	302	450.275971692601	0
3	308	455.436976361054	0
3	314	456.707022864691	0
3	320	465.626025336315	0
3	326	470.481869487827	0
3	332	473.678546301792	0
3	338	482.22629488001	0
3	344	491.536930486701	0
3	350	508.048777150622	0
3	356	521.054080599266	0
3	362	526.115015046657	0
3	368	538.645091415991	0
3	374	551.529533856352	0
3	380	555.406396547393	0
3	386	564.738836971852	0
3	392	568.424011350672	0
3	398	585.519148569702	0
3	404	587.923237578759	0
3	410	593.440188657653	0
3	416	593.907805831293	0.150891263911
4	421	600	0.005040952357834
5	62	102.455903255547	1
5	62	102.455903255547	1
5	66	102.529262980722	0
5	68	103.036018407582	1
5	68	103.036018407582	1
5	72	103.295759723581	0
5	74	121.328176482493	1
5	74	121.328176482493	1
5	78	122.257811468179	0
5	80	122.297955676557	1
5	80	122.297955676557	1
5	84	123.191153806427	0
5	86	132.611963178266	1
5	86	132.611963178266	1
5	90	134.197307915748	0
5	92	141.069078127467	1
5	92	141.069078127467	1
5	96	141.088874815932	0
5	98	150.311565841485	1
5	98	150.311565841485	1
5	102	150.596582751385	0
5	104	155.832520231884	1
5	104	155.832520231884	1
5	108	156.241990790629	0
5	110	161.565924044594	1
5	110	161.565924044594	1
5	114	162.054060035735	0
5	116	169.059558472282	1
5	116	169.059558472282	1
5	120	170.085534457954	0
5	122	184.294923858317	1
5	122	184.294923858317	1
5	126	185.638493205874	0
5	128	249.184071358997	1
5	128	249.184071358997	1
5	132	249.463477387523	0
5	134	250.400943144212	1
5	134	250.400943144212	1
5	138	251.54098309394	0
5	140	262.70634146685	1
5	140	262.70634146685	1
5	144	262.822952075547	0
5	146	265.938784669317	1
5	146	265.938784669317	1
5	150	266.280498610521	0
5	152	275.061562816002	1
5	152	275.061562816002	1
5	156	275.186190210095	0
5	158	294.72211697483	1
5	158	294.72211697483	1
5	162	295.216135893962	0
5	164	296.952314696385	1
5	164	296.952314696385	1
5	168	297.407086188954	0
5	170	307.602393814127	1
5	170	307.602393814127	1
5	174	307.999451791991	0
5	176	315.189414950197	1
5	176	315.189414950197	1
5	180	315.196593485052	0
5	182	316.570583757119	1
5	182	316.570583757119	1
5	186	316.938910589976	0
5	188	320.314322955122	1
5	188	320.314322955122	1
5	192	320.406977270941	0
5	194	349.518899127405	1
5	194	349.518899127405	1
5	198	350.19500899073	0
5	200	367.109964945786	1
5	200	367.109964945786	1
5	204	369.878997763413	0
5	206	376.634631230988	1
5	206	376.634631230988	1
5	210	377.395903428007	0
5	212	379.313657641812	1
5	212	379.313657641812	1
5	216	380.460045729701	0
5	218	389.698760178685	1
5	218	389.698760178685	1
5	222	390.010299709277	0
5	224	391.497795506523	1
5	224	391.497795506523	1
5	228	392.959416351626	0
5	230	395.858510412101	1
5	230	395.858510412101	1
5	234	395.940510798097	0
5	236	399.13261194052	1
5	236	399.13261194052	1
5	240	402.171094197284	0
5	242	414.101858624165	1
5	242	414.101858624165	1
5	246	414.129358780125	0
5	248	415.583851789718	1
5	248	415.583851789718	1
5	251	415.599480463413	2
5	254	415.975582495332	1
5	254	415.975582495332	1
5	258	415.998997440032	0
5	260	418.5796858226	1
5	260	418.5796858226	1
5	264	419.671989480538	0
5	266	420.512163435114	1
5	266	420.512163435114	1
5	270	421.034420767497	0
5	272	421.604516744234	1
5	272	421.604516744234	1
5	276	422.278091909951	0
5	278	424.991625650205	1
5	278	424.991625650205	1
5	282	425.707752201913	0
5	284	442.505332909515	1
5	284	442.505332909515	1
5	287	443.118320252995	2
5	289	443.956768323175	3
5	292	444.066064805383	2
5	292	444.066064805383	2
5	296	445.111803136082	1
5	296	445.111803136082	1
5	300	445.312436590536	0
5	302	450.275971692601	1
5	302	450.275971692601	1
5	306	451.888614652048	0
5	308	455.436976361054	1
5	308	455.436976361054	1
5	312	456.166816727177	0
5	314	456.707022864691	1
5	314	456.707022864691	1
5	318	456.949587381438	0
5	320	465.626025336315	1
5	320	465.626025336315	1
5	324	465.918193246115	0
5	326	470.481869487827	1
5	326	470.481869487827	1
5	330	470.493249199295	0
5	332	473.678546301792	1
5	332	473.678546301792	1
5	336	473.843630238527	0
5	338	482.22629488001	1
5	338	482.22629488001	1
5	342	484.462022070385	0
5	344	491.536930486701	1
5	344	491.536930486701	1
5	348	491.991099299706	0
5	350	508.048777150622	1
5	350	508.048777150622	1
5	354	508.443772928154	0
5	356	521.054080599266	1
5	356	521.054080599266	1
5	360	521.592870770538	0
5	362	526.115015046657	1
5	362	526.115015046657	1
5	366	530.166366718565	0
5	368	538.645091415991	1
5	368	538.645091415991	1
5	372	539.380621255578	0
5	374	551.529533856352	1
5	374	551.529533856352	1
5	378	552.013866536286	0
5	380	555.406396547393	1
5	380	555.406396547393	1
5	384	558.1568503928	0
5	386	564.738836971852	1
5	386	564.738836971852	1
5	390	565.382670949894	0
5	392	568.424011350672	1
5	392	568.424011350672	1
5	396	570.012671876362	0
5	398	585.519148569702	1
5	398	585.519148569702	1
5	402	587.205877636658	0
5	404	587.923237578759	1
5	404	587.923237578759	1
5	408	588.219652574802	0
5	410	593.440188657653	1
5	410	593.440188657653	1
5	413	593.756914567382	2
5	416	593.907805831293	1
5	416	593.907805831293	1
5	420	594.987628547506	0
6	63	102.455903255547	0.073359725174784
6	69	103.036018407582	0.25974131599928
6	75	121.328176482493	0.92963498568593
6	81	122.297955676557	0.89319812986952
6	87	132.611963178266	1.585344737482
6	93	141.069078127467	0.019796688465334
6	99	150.311565841485	0.28501690989955
6	105	155.832520231884	0.40947055874452
6	111	161.565924044594	0.48813599114063
6	117	169.059558472282	1.0259759856723
6	123	184.294923858317	1.3435693475569
6	129	249.184071358997	0.27940602852576
6	135	250.400943144212	1.1400399497284
6	141	262.70634146685	0.11661060869705
6	147	265.938784669317	0.34171394120406
6	153	275.061562816002	0.12462739409279
6	159	294.72211697483	0.49401891913154
6	165	296.952314696385	0.45477149256927
6	171	307.602393814127	0.39705797786427
6	177	315.189414950197	0.0071785348547589
6	183	316.570583757119	0.36832683285685
6	189	320.314322955122	0.092654315818556
6	195	349.518899127405	0.67610986332516
6	201	367.109964945786	2.7690328176269
6	207	376.634631230988	0.76127219701868
6	213	379.313657641812	1.1463880878893
6	219	389.698760178685	0.31153953059219
6	225	391.497795506523	1.4616208451032
6	231	395.858510412101	0.082000385996326
6	237	399.13261194052	3.0384822567642
6	243	414.101858624165	0.02750015596003
6	249	415.583851789718	0.39173070561437
6	255	415.975582495332	0.023414944700177
6	261	418.5796858226	1.0923036579376
6	267	420.512163435114	0.52225733238343
6	273	421.604516744234	0.67357516571684
6	279	424.991625650205	0.71612655170848
6	285	442.505332909515	1.5607318958683
6	293	444.066064805383	1.0457383306988
6	297	445.111803136082	0.20063345445436
6	303	450.275971692601	1.6126429594474
6	309	455.436976361054	0.72984036612318
6	315	456.707022864691	0.24256451674725
6	321	465.626025336315	0.29216790979972
6	327	470.481869487827	0.011379711468464
6	333	473.678546301792	0.16508393673482
6	339	482.22629488001	2.2357271903751
6	345	491.536930486701	0.45416881300537
6	351	508.048777150622	0.39499577753167
6	357	521.054080599266	0.53879017127205
6	363	526.115015046657	4.0513516719084
6	369	538.645091415991	0.73552983958686
6	375	551.529533856352	0.48433267993433
6	381	555.406396547393	2.750453845407
6	387	564.738836971852	0.64383397804167
6	393	568.424011350672	1.5886605256898
6	399	585.519148569702	1.686729066956
6	405	587.923237578759	0.29641499604256
6	411	593.440188657653	0.46761717364001
6	417	593.907805831293	1.0798227162129
7	64	102.529262980722	13.031295845122
7	70	103.295759723581	13.186052301942
7	76	122.257811468179	11.90129915937
7	82	123.191153806427	12.536181001002
7	88	134.197307915748	12.689383282241
7	94	141.088874815932	12.083594448241
7	100	150.596582751385	11.50997189814
7	106	156.241990790629	11.356162849182
7	112	162.054060035735	11.250092037255
7	118	170.085534457954	11.322072127516
7	124	185.638493205874	11.097254605763
7	130	249.463477387523	8.3700357601639
7	136	251.54098309394	8.7541290269142
7	142	262.822952075547	8.4227167564673
7	148	266.280498610521	8.441679688452
7	154	275.186190210095	8.2137748781468
7	160	295.216135893962	7.8238247407432
7	166	297.407086188954	7.9191000029984
7	172	307.999451791991	7.7756705116946
7	178	315.196593485052	7.6003997439021
7	184	316.938910589976	7.6748316802135
7	190	320.406977270941	7.6206774398844
7	196	350.19500899073	7.1655196252929
7	202	369.878997763413	7.532821566548
7	208	377.395903428007	7.5845012758951
7	214	380.460045729701	7.8247336435722
7	220	390.010299709277	7.7130077722505
7	226	392.959416351626	8.0270746193372
7	232	395.940510798097	7.9873478711502
7	238	402.171094197284	8.6191247250636
7	244	414.129358780125	8.3768821595176
7	252	415.975582495332	8.4338746202693
7	256	415.998997440032	8.4390285167338
7	262	419.671989480538	8.6254452497616
7	268	421.034420767497	8.7215755297807
7	274	422.278091909951	8.855399059467
7	280	425.707752201913	8.9522768927546
7	290	444.066064805383	8.933641133846
7	294	445.111803136082	9.1475909357442
7	298	445.312436590536	9.1885240675822
7	304	451.888614652048	9.4116740259661
7	310	456.166816727177	9.4833999649521
7	316	456.949587381438	9.5202379990468
7	322	465.918193246115	9.3996879278421
7	328	470.493249199295	9.310704446917
7	334	473.843630238527	9.2797110705579
7	340	484.462022070385	9.5378058336304
7	346	491.991099299706	9.4841585309521
7	352	508.443772928154	9.2549489439689
7	358	521.592870770538	9.124933340107
7	364	530.166366718565	9.7415371246826
7	370	539.380621255578	9.7114878087614
7	376	552.013866536286	9.5769724568171
7	382	558.1568503928	9.9643442093845
7	388	565.382670949894	9.9508716255695
7	394	570.012671876362	10.148750573334
7	400	587.205877636658	10.138844933178
7	406	588.219652574802	10.171762896093
7	414	593.907805831293	10.153078466003
7	418	594.987628547506	10.316138573809
8	65	102.529262980722	11
8	71	103.295759723581	12
8	77	122.257811468179	13
8	83	123.191153806427	14
8	89	134.197307915748	15
8	95	141.088874815932	16
8	101	150.596582751385	17
8	107	156.241990790629	18
8	113	162.054060035735	19
8	119	170.085534457954	20
8	125	185.638493205874	21
8	131	249.463477387523	22
8	137	251.54098309394	23
8	143	262.822952075547	24
8	149	266.280498610521	25
8	155	275.186190210095	26
8	161	295.216135893962	27
8	167	297.407086188954	28
8	173	307.999451791991	29
8	179	315.196593485052	30
8	185	316.938910589976	31
8	191	320.406977270941	32
8	197	350.19500899073	33
8	203	369.878997763413	34
8	209	377.395903428007	35
8	215	380.460045729701	36
8	221	390.010299709277	37
8	227	392.959416351626	38
8	233	395.940510798097	39
8	239	402.171094197284	40
8	245	414.129358780125	41
8	253	415.975582495332	42
8	257	415.998997440032	43
8	263	419.671989480538	44
8	269	421.034420767497	45
8	275	422.278091909951	46
8	281	425.707752201913	47
8	291	444.066064805383	48
8	295	445.111803136082	49
8	299	445.312436590536	50
8	305	451.888614652048	51
8	311	456.166816727177	52
8	317	456.949587381438	53
8	323	465.918193246115	54
8	329	470.493249199295	55
8	335	473.843630238527	56
8	341	484.462022070385	57
8	347	491.991099299706	58
8	353	508.443772928154	59
8	359	521.592870770538	60
8	365	530.166366718565	61
8	371	539.380621255578	62
8	377	552.013866536286	63
8	383	558.1568503928	64
8	389	565.382670949894	65
8	395	570.012671876362	66
8	401	587.205877636658	67
8	407	588.219652574802	68
8	415	593.907805831293	69
8	419	594.987628547506	70
9	65	102.529262980722	0.073359725175
9	71	103.295759723581	0.259741315999
9	77	122.257811468179	0.929634985686
9	83	123.191153806427	0.89319812987
9	89	134.197307915748	1.585344737482
9	95	141.088874815932	0.019796688465
9	101	150.596582751385	0.2850169099
9	107	156.241990790629	0.409470558745
9	113	162.054060035735	0.488135991141
9	119	170.085534457954	1.025975985672
9	125	185.638493205874	1.343569347557
9	131	249.463477387523	0.279406028526
9	137	251.54098309394	1.140039949728
9	143	262.822952075547	0.116610608697
9	149	266.280498610521	0.341713941204
9	155	275.186190210095	0.124627394093
9	161	295.216135893962	0.494018919132
9	167	297.407086188954	0.454771492569
9	173	307.999451791991	0.397057977864
9	179	315.196593485052	0.007178534855
9	185	316.938910589976	0.368326832857
9	191	320.406977270941	0.092654315819
9	197	350.19500899073	0.676109863325
9	203	369.878997763413	2.769032817627
9	209	377.395903428007	0.761272197019
9	215	380.460045729701	1.146388087889
9	221	390.010299709277	0.311539530592
9	227	392.959416351626	1.461620845103
9	233	395.940510798097	0.082000385996
9	239	402.171094197284	3.038482256764
9	245	414.129358780125	0.02750015596
9	253	415.975582495332	0.391730705614
9	257	415.998997440032	0.399516976619
9	263	419.671989480538	1.092303657938
9	269	421.034420767497	0.522257332383
9	275	422.278091909951	0.673575165717
9	281	425.707752201913	0.716126551708
9	291	444.066064805383	1.560731895868
9	295	445.111803136082	1.993482883087
9	299	445.312436590536	1.355668267361
9	305	451.888614652048	1.612642959447
9	311	456.166816727177	0.729840366123
9	317	456.949587381438	0.242564516747
9	323	465.918193246115	0.2921679098
9	329	470.493249199295	0.011379711468
9	335	473.843630238527	0.165083936735
9	341	484.462022070385	2.235727190375
9	347	491.991099299706	0.454168813005
9	353	508.443772928154	0.394995777532
9	359	521.592870770538	0.538790171272
9	365	530.166366718565	4.051351671908
9	371	539.380621255578	0.735529839587
9	377	552.013866536286	0.484332679934
9	383	558.1568503928	2.750453845407
9	389	565.382670949894	0.643833978042
9	395	570.012671876362	1.58866052569
9	401	587.205877636658	1.686729066956
9	407	588.219652574802	0.296414996043
9	415	593.907805831293	0.46761717364
9	419	594.987628547506	1.230713980124

