version 3
run ParameterStudy-201-20251202-16:20:03-1436
attr configname ParameterStudy
attr datetime 20251202-16:20:03
attr datetimef 20251202-162003
attr experiment ParameterStudy
attr inifile omnetpp.ini
attr iterationvars $betaProducer=5.0s
attr iterationvarsd betaProducer=5.0s
attr iterationvarsf betaProducer=5.0s-
attr measurement $betaProducer=5.0s
attr network queue_sim
attr processid 1436
attr repetition 1
attr replication #1
attr resultdir results
attr runnumber 201
attr seedset 201
itervar betaProducer 5.0s
config description "Parameter study: β_producer = 1s to 10s (0.1s steps), β_service = 1s, 5 repetitions"
config *.serviceUnit.meanServiceTime 1s
config *.producer.warmupPeriod 100s
config *.queue.warmupPeriod 100s
config *.serviceUnit.warmupPeriod 100s
config *.sink.warmupPeriod 100s
config *.producer.meanInterArrivalTime 5.0s
config network queue_sim
config sim-time-limit 600s
config warmup-period 100s
config repeat 5
config **.vector-recording true
config **.scalar-recording true
config debug-on-errors true

vector 0 queue_sim.producer jobGenerated:vector ETV
attr recordingmode vector
attr title "Jobs Generated"
vector 1 queue_sim.producer interArrivalTime:vector ETV
attr recordingmode vector
attr title "Inter-arrival Time"
attr unit s
vector 2 queue_sim.queue queueLength:vector ETV
attr recordingmode vector
attr title "Queue Length"
vector 3 queue_sim.queue queueingDelay:vector ETV
attr recordingmode vector
attr title "Queueing Delay"
attr unit s
vector 4 queue_sim.queue queueUtilization:vector ETV
attr recordingmode vector
attr title "Queue Utilization"
vector 5 queue_sim.queue systemSize:vector ETV
attr recordingmode vector
attr title "System Size"
vector 6 queue_sim.serviceUnit serviceTime:vector ETV
attr recordingmode vector
attr title "Service Time"
attr unit s
vector 7 queue_sim.serviceUnit utilization:vector ETV
attr recordingmode vector
attr title "Server Utilization"
vector 8 queue_sim.sink jobCompleted:vector ETV
attr recordingmode vector
attr title "Jobs Completed"
vector 9 queue_sim.sink totalDelay:vector ETV
attr recordingmode vector
attr title "Total System Delay"
attr unit s
0	133	101.543178191631	23
0	139	110.592916787569	24
0	145	113.182031670637	25
0	148	114.133133010585	26
0	157	116.406949043524	27
0	163	145.602876924834	28
0	169	147.685413962189	29
0	175	151.205238024585	30
0	181	155.080794207741	31
0	187	156.514787030104	32
0	193	164.891163819797	33
0	199	165.961106455384	34
0	202	166.379375479575	35
0	204	166.873850645624	36
0	217	171.028424007548	37
0	223	178.726467129352	38
0	229	184.434462437282	39
0	232	184.627851733437	40
0	241	186.350413000143	41
0	247	188.160501695938	42
0	253	208.789325352969	43
0	259	209.677236653333	44
0	265	226.036319540763	45
0	271	232.084274891187	46
0	277	238.250437595243	47
0	283	249.648592220411	48
0	289	251.548892164413	49
0	295	253.337721468386	50
0	301	267.800680911748	51
0	304	268.293818055695	52
0	313	274.178745519115	53
0	319	290.402529743319	54
0	325	296.654071097514	55
0	328	297.106021652133	56
0	337	309.431978165237	57
0	340	310.579182946704	58
0	346	312.394543895138	59
0	355	317.877541286489	60
0	361	324.622502645766	61
0	367	333.315662545987	62
0	373	340.216982118764	63
0	379	344.617304983427	64
0	385	351.538095040726	65
0	391	353.869267582806	66
0	397	357.243049248852	67
0	403	358.727585517648	68
0	409	367.063834855981	69
0	415	370.001306496421	70
0	421	375.975576579335	71
0	424	376.333783813328	72
0	433	386.317187789121	73
0	439	399.971378885801	74
0	445	403.417684023357	75
0	451	403.831331547758	76
0	457	409.337080442365	77
0	463	410.345348277988	78
0	469	413.312998913112	79
0	472	413.875648224198	80
0	478	414.969943557239	81
0	487	417.446999034353	82
0	493	424.23568111184	83
0	496	424.862986272811	84
0	505	428.138810978151	85
0	511	430.178135804058	86
0	514	430.749173012022	87
0	523	444.524600525222	88
0	529	452.804044277453	89
0	535	460.500881328716	90
0	538	460.566986090008	91
0	547	468.115627900772	92
0	553	470.136206698173	93
0	559	480.754988401338	94
0	565	483.825600314367	95
0	571	486.241114366895	96
0	577	489.740323683092	97
0	583	504.634880650925	98
0	586	504.69820985137	99
0	595	514.882100369034	100
0	601	517.944548727285	101
0	604	519.080113510604	102
0	613	525.515544111211	103
0	619	532.943457613768	104
0	625	534.904239162394	105
0	631	535.41684182484	106
0	637	541.948663071009	107
0	643	553.079840187957	108
0	649	554.001708431714	109
0	652	554.408757332462	110
0	661	562.034295292353	111
0	667	563.141037921892	112
0	670	563.838597077911	113
0	679	564.927173152499	114
0	685	566.104717452458	115
0	688	567.635632852976	116
0	697	572.47831592645	117
0	703	573.821582503875	118
0	706	574.755368355936	119
0	715	579.704408785021	120
0	721	581.573893287129	121
0	727	587.975531380978	122
0	730	588.031920533725	123
0	739	596.969723592011	124
1	133	101.543178191631	9.0497385959375
1	139	110.592916787569	2.5891148830679
1	145	113.182031670637	0.95110133994785
1	148	114.133133010585	2.2738160329393
1	157	116.406949043524	29.19592788131
1	163	145.602876924834	2.0825370373552
1	169	147.685413962189	3.5198240623955
1	175	151.205238024585	3.8755561831557
1	181	155.080794207741	1.4339928223629
1	187	156.514787030104	8.3763767896929
1	193	164.891163819797	1.069942635587
1	199	165.961106455384	0.41826902419133
1	202	166.379375479575	0.49447516604908
1	204	166.873850645624	4.1545733619243
1	217	171.028424007548	7.6980431218044
1	223	178.726467129352	5.7079953079296
1	229	184.434462437282	0.19338929615501
1	232	184.627851733437	1.722561266706
1	241	186.350413000143	1.810088695795
1	247	188.160501695938	20.628823657031
1	253	208.789325352969	0.8879113003642
1	259	209.677236653333	16.35908288743
1	265	226.036319540763	6.0479553504243
1	271	232.084274891187	6.166162704056
1	277	238.250437595243	11.398154625168
1	283	249.648592220411	1.9002999440022
1	289	251.548892164413	1.7888293039733
1	295	253.337721468386	14.462959443362
1	301	267.800680911748	0.49313714394741
1	304	268.293818055695	5.8849274634201
1	313	274.178745519115	16.223784224204
1	319	290.402529743319	6.2515413541947
1	325	296.654071097514	0.45195055461907
1	328	297.106021652133	12.325956513104
1	337	309.431978165237	1.1472047814669
1	340	310.579182946704	1.8153609484342
1	346	312.394543895138	5.4829973913508
1	355	317.877541286489	6.7449613592773
1	361	324.622502645766	8.6931599002208
1	367	333.315662545987	6.9013195727774
1	373	340.216982118764	4.4003228646631
1	379	344.617304983427	6.9207900572987
1	385	351.538095040726	2.3311725420801
1	391	353.869267582806	3.3737816660457
1	397	357.243049248852	1.4845362687962
1	403	358.727585517648	8.3362493383334
1	409	367.063834855981	2.9374716404396
1	415	370.001306496421	5.9742700829142
1	421	375.975576579335	0.35820723399332
1	424	376.333783813328	9.9834039757927
1	433	386.317187789121	13.65419109668
1	439	399.971378885801	3.4463051375565
1	445	403.417684023357	0.41364752440123
1	451	403.831331547758	5.5057488946066
1	457	409.337080442365	1.0082678356229
1	463	410.345348277988	2.9676506351239
1	469	413.312998913112	0.56264931108557
1	472	413.875648224198	1.0942953330409
1	478	414.969943557239	2.477055477114
1	487	417.446999034353	6.7886820774871
1	493	424.23568111184	0.62730516097102
1	496	424.862986272811	3.2758247053398
1	505	428.138810978151	2.0393248259071
1	511	430.178135804058	0.5710372079636
1	514	430.749173012022	13.7754275132
1	523	444.524600525222	8.2794437522308
1	529	452.804044277453	7.6968370512627
1	535	460.500881328716	0.066104761291676
1	538	460.566986090008	7.548641810764
1	547	468.115627900772	2.0205787974014
1	553	470.136206698173	10.618781703165
1	559	480.754988401338	3.0706119130286
1	565	483.825600314367	2.4155140525278
1	571	486.241114366895	3.4992093161973
1	577	489.740323683092	14.894556967833
1	583	504.634880650925	0.063329200444802
1	586	504.69820985137	10.183890517664
1	595	514.882100369034	3.0624483582505
1	601	517.944548727285	1.1355647833189
1	604	519.080113510604	6.4354306006072
1	613	525.515544111211	7.4279135025572
1	619	532.943457613768	1.9607815486262
1	625	534.904239162394	0.51260266244577
1	631	535.41684182484	6.5318212461686
1	637	541.948663071009	11.131177116948
1	643	553.079840187957	0.92186824375719
1	649	554.001708431714	0.40704890074847
1	652	554.408757332462	7.6255379598908
1	661	562.034295292353	1.1067426295389
1	667	563.141037921892	0.69755915601862
1	670	563.838597077911	1.0885760745881
1	679	564.927173152499	1.1775442999595
1	685	566.104717452458	1.5309154005176
1	688	567.635632852976	4.8426830734737
1	697	572.47831592645	1.3432665774252
1	703	573.821582503875	0.93378585206052
1	706	574.755368355936	4.9490404290853
1	715	579.704408785021	1.8694845021082
1	721	581.573893287129	6.4016380938492
1	727	587.975531380978	0.056389152746924
1	730	588.031920533725	8.9378030582863
1	739	596.969723592011	3.8594619717056
2	134	101.543178191631	1
2	134	101.543178191631	0
2	140	110.592916787569	1
2	140	110.592916787569	0
2	146	113.182031670637	1
2	146	113.182031670637	0
2	149	114.133133010585	1
2	152	115.166993119653	0
2	158	116.406949043524	1
2	158	116.406949043524	0
2	164	145.602876924834	1
2	164	145.602876924834	0
2	170	147.685413962189	1
2	170	147.685413962189	0
2	176	151.205238024585	1
2	176	151.205238024585	0
2	182	155.080794207741	1
2	182	155.080794207741	0
2	188	156.514787030104	1
2	188	156.514787030104	0
2	194	164.891163819797	1
2	194	164.891163819797	0
2	200	165.961106455384	1
2	200	165.961106455384	0
2	203	166.379375479575	1
2	205	166.873850645624	2
2	208	167.078242026398	1
2	212	167.508971780572	0
2	218	171.028424007548	1
2	218	171.028424007548	0
2	224	178.726467129352	1
2	224	178.726467129352	0
2	230	184.434462437282	1
2	230	184.434462437282	0
2	233	184.627851733437	1
2	236	185.371620523516	0
2	242	186.350413000143	1
2	242	186.350413000143	0
2	248	188.160501695938	1
2	248	188.160501695938	0
2	254	208.789325352969	1
2	254	208.789325352969	0
2	260	209.677236653333	1
2	260	209.677236653333	0
2	266	226.036319540763	1
2	266	226.036319540763	0
2	272	232.084274891187	1
2	272	232.084274891187	0
2	278	238.250437595243	1
2	278	238.250437595243	0
2	284	249.648592220411	1
2	284	249.648592220411	0
2	290	251.548892164413	1
2	290	251.548892164413	0
2	296	253.337721468386	1
2	296	253.337721468386	0
2	302	267.800680911748	1
2	302	267.800680911748	0
2	305	268.293818055695	1
2	308	269.134684812573	0
2	314	274.178745519115	1
2	314	274.178745519115	0
2	320	290.402529743319	1
2	320	290.402529743319	0
2	326	296.654071097514	1
2	326	296.654071097514	0
2	329	297.106021652133	1
2	332	297.294215361974	0
2	338	309.431978165237	1
2	338	309.431978165237	0
2	341	310.579182946704	1
2	344	312.374613812123	0
2	347	312.394543895138	1
2	350	312.459867679959	0
2	356	317.877541286489	1
2	356	317.877541286489	0
2	362	324.622502645766	1
2	362	324.622502645766	0
2	368	333.315662545987	1
2	368	333.315662545987	0
2	374	340.216982118764	1
2	374	340.216982118764	0
2	380	344.617304983427	1
2	380	344.617304983427	0
2	386	351.538095040726	1
2	386	351.538095040726	0
2	392	353.869267582806	1
2	392	353.869267582806	0
2	398	357.243049248852	1
2	398	357.243049248852	0
2	404	358.727585517648	1
2	404	358.727585517648	0
2	410	367.063834855981	1
2	410	367.063834855981	0
2	416	370.001306496421	1
2	416	370.001306496421	0
2	422	375.975576579335	1
2	422	375.975576579335	0
2	425	376.333783813328	1
2	428	377.7093535732	0
2	434	386.317187789121	1
2	434	386.317187789121	0
2	440	399.971378885801	1
2	440	399.971378885801	0
2	446	403.417684023357	1
2	446	403.417684023357	0
2	452	403.831331547758	1
2	452	403.831331547758	0
2	458	409.337080442365	1
2	458	409.337080442365	0
2	464	410.345348277988	1
2	464	410.345348277988	0
2	470	413.312998913112	1
2	470	413.312998913112	0
2	473	413.875648224198	1
2	476	413.985306669542	0
2	479	414.969943557239	1
2	482	415.359319259092	0
2	488	417.446999034353	1
2	488	417.446999034353	0
2	494	424.23568111184	1
2	494	424.23568111184	0
2	497	424.862986272811	1
2	500	426.470366511417	0
2	506	428.138810978151	1
2	506	428.138810978151	0
2	512	430.178135804058	1
2	512	430.178135804058	0
2	515	430.749173012022	1
2	518	431.09284412079	0
2	524	444.524600525222	1
2	524	444.524600525222	0
2	530	452.804044277453	1
2	530	452.804044277453	0
2	536	460.500881328716	1
2	536	460.500881328716	0
2	539	460.566986090008	1
2	542	462.650931420631	0
2	548	468.115627900772	1
2	548	468.115627900772	0
2	554	470.136206698173	1
2	554	470.136206698173	0
2	560	480.754988401338	1
2	560	480.754988401338	0
2	566	483.825600314367	1
2	566	483.825600314367	0
2	572	486.241114366895	1
2	572	486.241114366895	0
2	578	489.740323683092	1
2	578	489.740323683092	0
2	584	504.634880650925	1
2	584	504.634880650925	0
2	587	504.69820985137	1
2	590	505.475345144805	0
2	596	514.882100369034	1
2	596	514.882100369034	0
2	602	517.944548727285	1
2	602	517.944548727285	0
2	605	519.080113510604	1
2	608	519.214296914199	0
2	614	525.515544111211	1
2	614	525.515544111211	0
2	620	532.943457613768	1
2	620	532.943457613768	0
2	626	534.904239162394	1
2	626	534.904239162394	0
2	632	535.41684182484	1
2	632	535.41684182484	0
2	638	541.948663071009	1
2	638	541.948663071009	0
2	644	553.079840187957	1
2	644	553.079840187957	0
2	650	554.001708431714	1
2	650	554.001708431714	0
2	653	554.408757332462	1
2	656	556.250481860663	0
2	662	562.034295292353	1
2	662	562.034295292353	0
2	668	563.141037921892	1
2	668	563.141037921892	0
2	671	563.838597077911	1
2	674	563.853928624949	0
2	680	564.927173152499	1
2	680	564.927173152499	0
2	686	566.104717452458	1
2	686	566.104717452458	0
2	689	567.635632852976	1
2	692	568.453530582823	0
2	698	572.47831592645	1
2	698	572.47831592645	0
2	704	573.821582503875	1
2	704	573.821582503875	0
2	707	574.755368355936	1
2	710	575.498758287663	0
2	716	579.704408785021	1
2	716	579.704408785021	0
2	722	581.573893287129	1
2	722	581.573893287129	0
2	728	587.975531380978	1
2	728	587.975531380978	0
2	731	588.031920533725	1
2	734	588.326568839744	0
2	740	596.969723592011	1
2	740	596.969723592011	0
3	134	101.543178191631	0
3	140	110.592916787569	0
3	146	113.182031670637	0
3	152	115.166993119653	1.033860109068
3	158	116.406949043524	0
3	164	145.602876924834	0
3	170	147.685413962189	0
3	176	151.205238024585	0
3	182	155.080794207741	0
3	188	156.514787030104	0
3	194	164.891163819797	0
3	200	165.961106455384	0
3	208	167.078242026398	0.698866546823
3	212	167.508971780572	0.635121134948
3	218	171.028424007548	0
3	224	178.726467129352	0
3	230	184.434462437282	0
3	236	185.371620523516	0.743768790079
3	242	186.350413000143	0
3	248	188.160501695938	0
3	254	208.789325352969	0
3	260	209.677236653333	0
3	266	226.036319540763	0
3	272	232.084274891187	0
3	278	238.250437595243	0
3	284	249.648592220411	0
3	290	251.548892164413	0
3	296	253.337721468386	0
3	302	267.800680911748	0
3	308	269.134684812573	0.840866756878
3	314	274.178745519115	0
3	320	290.402529743319	0
3	326	296.654071097514	0
3	332	297.294215361974	0.188193709841
3	338	309.431978165237	0
3	344	312.374613812123	1.795430865419
3	350	312.459867679959	0.065323784821
3	356	317.877541286489	0
3	362	324.622502645766	0
3	368	333.315662545987	0
3	374	340.216982118764	0
3	380	344.617304983427	0
3	386	351.538095040726	0
3	392	353.869267582806	0
3	398	357.243049248852	0
3	404	358.727585517648	0
3	410	367.063834855981	0
3	416	370.001306496421	0
3	422	375.975576579335	0
3	428	377.7093535732	1.375569759872
3	434	386.317187789121	0
3	440	399.971378885801	0
3	446	403.417684023357	0
3	452	403.831331547758	0
3	458	409.337080442365	0
3	464	410.345348277988	0
3	470	413.312998913112	0
3	476	413.985306669542	0.109658445344
3	482	415.359319259092	0.389375701853
3	488	417.446999034353	0
3	494	424.23568111184	0
3	500	426.470366511417	1.607380238606
3	506	428.138810978151	0
3	512	430.178135804058	0
3	518	431.09284412079	0.343671108768
3	524	444.524600525222	0
3	530	452.804044277453	0
3	536	460.500881328716	0
3	542	462.650931420631	2.083945330623
3	548	468.115627900772	0
3	554	470.136206698173	0
3	560	480.754988401338	0
3	566	483.825600314367	0
3	572	486.241114366895	0
3	578	489.740323683092	0
3	584	504.634880650925	0
3	590	505.475345144805	0.777135293435
3	596	514.882100369034	0
3	602	517.944548727285	0
3	608	519.214296914199	0.134183403595
3	614	525.515544111211	0
3	620	532.943457613768	0
3	626	534.904239162394	0
3	632	535.41684182484	0
3	638	541.948663071009	0
3	644	553.079840187957	0
3	650	554.001708431714	0
3	656	556.250481860663	1.841724528201
3	662	562.034295292353	0
3	668	563.141037921892	0
3	674	563.853928624949	0.015331547038
3	680	564.927173152499	0
3	686	566.104717452458	0
3	692	568.453530582823	0.817897729847
3	698	572.47831592645	0
3	704	573.821582503875	0
3	710	575.498758287663	0.743389931727
3	716	579.704408785021	0
3	722	581.573893287129	0
3	728	587.975531380978	0
3	734	588.326568839744	0.294648306019
3	740	596.969723592011	0
4	745	600	0.032661903284062
5	134	101.543178191631	1
5	134	101.543178191631	1
5	138	102.930001639211	0
5	140	110.592916787569	1
5	140	110.592916787569	1
5	144	112.226797832736	0
5	146	113.182031670637	1
5	146	113.182031670637	1
5	149	114.133133010585	2
5	152	115.166993119653	1
5	152	115.166993119653	1
5	156	116.295712001753	0
5	158	116.406949043524	1
5	158	116.406949043524	1
5	162	117.115855358198	0
5	164	145.602876924834	1
5	164	145.602876924834	1
5	168	146.003926826524	0
5	170	147.685413962189	1
5	170	147.685413962189	1
5	174	148.515372645184	0
5	176	151.205238024585	1
5	176	151.205238024585	1
5	180	153.976814252555	0
5	182	155.080794207741	1
5	182	155.080794207741	1
5	186	155.447309830946	0
5	188	156.514787030104	1
5	188	156.514787030104	1
5	192	156.976033598754	0
5	194	164.891163819797	1
5	194	164.891163819797	1
5	198	165.306736998027	0
5	200	165.961106455384	1
5	200	165.961106455384	1
5	203	166.379375479575	2
5	205	166.873850645624	3
5	208	167.078242026398	2
5	208	167.078242026398	2
5	212	167.508971780572	1
5	212	167.508971780572	1
5	216	168.959618866584	0
5	218	171.028424007548	1
5	218	171.028424007548	1
5	222	171.212957360424	0
5	224	178.726467129352	1
5	224	178.726467129352	1
5	228	181.508751924071	0
5	230	184.434462437282	1
5	230	184.434462437282	1
5	233	184.627851733437	2
5	236	185.371620523516	1
5	236	185.371620523516	1
5	240	186.160802731035	0
5	242	186.350413000143	1
5	242	186.350413000143	1
5	246	187.574837094163	0
5	248	188.160501695938	1
5	248	188.160501695938	1
5	252	189.670547880229	0
5	254	208.789325352969	1
5	254	208.789325352969	1
5	258	209.232506787088	0
5	260	209.677236653333	1
5	260	209.677236653333	1
5	264	213.338643996604	0
5	266	226.036319540763	1
5	266	226.036319540763	1
5	270	226.183142875659	0
5	272	232.084274891187	1
5	272	232.084274891187	1
5	276	233.721195444448	0
5	278	238.250437595243	1
5	278	238.250437595243	1
5	282	239.156218242275	0
5	284	249.648592220411	1
5	284	249.648592220411	1
5	288	250.568820167813	0
5	290	251.548892164413	1
5	290	251.548892164413	1
5	294	251.738325442357	0
5	296	253.337721468386	1
5	296	253.337721468386	1
5	300	254.852699716307	0
5	302	267.800680911748	1
5	302	267.800680911748	1
5	305	268.293818055695	2
5	308	269.134684812573	1
5	308	269.134684812573	1
5	312	269.501395858259	0
5	314	274.178745519115	1
5	314	274.178745519115	1
5	318	276.020216153059	0
5	320	290.402529743319	1
5	320	290.402529743319	1
5	324	291.873810255664	0
5	326	296.654071097514	1
5	326	296.654071097514	1
5	329	297.106021652133	2
5	332	297.294215361974	1
5	332	297.294215361974	1
5	336	297.952530464527	0
5	338	309.431978165237	1
5	338	309.431978165237	1
5	341	310.579182946704	2
5	344	312.374613812123	1
5	344	312.374613812123	1
5	347	312.394543895138	2
5	350	312.459867679959	1
5	350	312.459867679959	1
5	354	312.834170523666	0
5	356	317.877541286489	1
5	356	317.877541286489	1
5	360	318.302087122484	0
5	362	324.622502645766	1
5	362	324.622502645766	1
5	366	324.887147757493	0
5	368	333.315662545987	1
5	368	333.315662545987	1
5	372	335.752574996868	0
5	374	340.216982118764	1
5	374	340.216982118764	1
5	378	340.771516104492	0
5	380	344.617304983427	1
5	380	344.617304983427	1
5	384	345.255433201909	0
5	386	351.538095040726	1
5	386	351.538095040726	1
5	390	351.675957738304	0
5	392	353.869267582806	1
5	392	353.869267582806	1
5	396	354.721105648231	0
5	398	357.243049248852	1
5	398	357.243049248852	1
5	402	357.37815737939	0
5	404	358.727585517648	1
5	404	358.727585517648	1
5	408	359.035529237479	0
5	410	367.063834855981	1
5	410	367.063834855981	1
5	414	367.671024817338	0
5	416	370.001306496421	1
5	416	370.001306496421	1
5	420	372.340627819915	0
5	422	375.975576579335	1
5	422	375.975576579335	1
5	425	376.333783813328	2
5	428	377.7093535732	1
5	428	377.7093535732	1
5	432	378.65712074829	0
5	434	386.317187789121	1
5	434	386.317187789121	1
5	438	386.704532995841	0
5	440	399.971378885801	1
5	440	399.971378885801	1
5	444	400.625669340867	0
5	446	403.417684023357	1
5	446	403.417684023357	1
5	450	403.58101217811	0
5	452	403.831331547758	1
5	452	403.831331547758	1
5	456	404.608879315257	0
5	458	409.337080442365	1
5	458	409.337080442365	1
5	462	409.963151894768	0
5	464	410.345348277988	1
5	464	410.345348277988	1
5	468	410.644692854687	0
5	470	413.312998913112	1
5	470	413.312998913112	1
5	473	413.875648224198	2
5	476	413.985306669542	1
5	476	413.985306669542	1
5	479	414.969943557239	2
5	482	415.359319259092	1
5	482	415.359319259092	1
5	486	415.832654558006	0
5	488	417.446999034353	1
5	488	417.446999034353	1
5	492	417.577278782882	0
5	494	424.23568111184	1
5	494	424.23568111184	1
5	497	424.862986272811	2
5	500	426.470366511417	1
5	500	426.470366511417	1
5	504	427.153965880661	0
5	506	428.138810978151	1
5	506	428.138810978151	1
5	510	428.205645848763	0
5	512	430.178135804058	1
5	512	430.178135804058	1
5	515	430.749173012022	2
5	518	431.09284412079	1
5	518	431.09284412079	1
5	522	432.319795653168	0
5	524	444.524600525222	1
5	524	444.524600525222	1
5	528	444.807692540333	0
5	530	452.804044277453	1
5	530	452.804044277453	1
5	534	453.041455607425	0
5	536	460.500881328716	1
5	536	460.500881328716	1
5	539	460.566986090008	2
5	542	462.650931420631	1
5	542	462.650931420631	1
5	546	463.036060292009	0
5	548	468.115627900772	1
5	548	468.115627900772	1
5	552	469.355501909427	0
5	554	470.136206698173	1
5	554	470.136206698173	1
5	558	470.194888405475	0
5	560	480.754988401338	1
5	560	480.754988401338	1
5	564	482.654803368099	0
5	566	483.825600314367	1
5	566	483.825600314367	1
5	570	483.934149610015	0
5	572	486.241114366895	1
5	572	486.241114366895	1
5	576	489.515227366873	0
5	578	489.740323683092	1
5	578	489.740323683092	1
5	582	491.639237401782	0
5	584	504.634880650925	1
5	584	504.634880650925	1
5	587	504.69820985137	2
5	590	505.475345144805	1
5	590	505.475345144805	1
5	594	511.428449207405	0
5	596	514.882100369034	1
5	596	514.882100369034	1
5	600	515.212406665863	0
5	602	517.944548727285	1
5	602	517.944548727285	1
5	605	519.080113510604	2
5	608	519.214296914199	1
5	608	519.214296914199	1
5	612	519.694741444778	0
5	614	525.515544111211	1
5	614	525.515544111211	1
5	618	526.59371739945	0
5	620	532.943457613768	1
5	620	532.943457613768	1
5	624	533.190219355725	0
5	626	534.904239162394	1
5	626	534.904239162394	1
5	630	535.388707344593	0
5	632	535.41684182484	1
5	632	535.41684182484	1
5	636	536.771882650454	0
5	638	541.948663071009	1
5	638	541.948663071009	1
5	642	542.308068283767	0
5	644	553.079840187957	1
5	644	553.079840187957	1
5	648	553.279695666167	0
5	650	554.001708431714	1
5	650	554.001708431714	1
5	653	554.408757332462	2
5	656	556.250481860663	1
5	656	556.250481860663	1
5	660	557.532294283328	0
5	662	562.034295292353	1
5	662	562.034295292353	1
5	666	562.44457014642	0
5	668	563.141037921892	1
5	668	563.141037921892	1
5	671	563.838597077911	2
5	674	563.853928624949	1
5	674	563.853928624949	1
5	678	564.056860767235	0
5	680	564.927173152499	1
5	680	564.927173152499	1
5	684	565.608661568216	0
5	686	566.104717452458	1
5	686	566.104717452458	1
5	689	567.635632852976	2
5	692	568.453530582823	1
5	692	568.453530582823	1
5	696	568.744576793445	0
5	698	572.47831592645	1
5	698	572.47831592645	1
5	702	572.669476661217	0
5	704	573.821582503875	1
5	704	573.821582503875	1
5	707	574.755368355936	2
5	710	575.498758287663	1
5	710	575.498758287663	1
5	714	576.411911668696	0
5	716	579.704408785021	1
5	716	579.704408785021	1
5	720	580.011846090793	0
5	722	581.573893287129	1
5	722	581.573893287129	1
5	726	581.831407821099	0
5	728	587.975531380978	1
5	728	587.975531380978	1
5	731	588.031920533725	2
5	734	588.326568839744	1
5	734	588.326568839744	1
5	738	588.993533122484	0
5	740	596.969723592011	1
5	740	596.969723592011	1
5	744	598.08452753403	0
6	135	101.543178191631	1.3868234475803
6	141	110.592916787569	1.6338810451669
6	147	113.182031670637	1.9849614490159
6	153	115.166993119653	1.1287188821003
6	159	116.406949043524	0.7089063146736
6	165	145.602876924834	0.40104990168985
6	171	147.685413962189	0.82995868299531
6	177	151.205238024585	2.7715762279702
6	183	155.080794207741	0.3665156232052
6	189	156.514787030104	0.4612465686501
6	195	164.891163819797	0.41557317822999
6	201	165.961106455384	1.1171355710136
6	209	167.078242026398	0.43072975417429
6	213	167.508971780572	1.4506470860122
6	219	171.028424007548	0.18453335287625
6	225	178.726467129352	2.7822847947194
6	231	184.434462437282	0.93715808623399
6	237	185.371620523516	0.78918220751865
6	243	186.350413000143	1.2244240940202
6	249	188.160501695938	1.510046184291
6	255	208.789325352969	0.44318143411875
6	261	209.677236653333	3.6614073432712
6	267	226.036319540763	0.14682333489646
6	273	232.084274891187	1.6369205532608
6	279	238.250437595243	0.90578064703246
6	285	249.648592220411	0.92022794740169
6	291	251.548892164413	0.18943327794386
6	297	253.337721468386	1.5149782479213
6	303	267.800680911748	1.3340039008248
6	309	269.134684812573	0.36671104568564
6	315	274.178745519115	1.841470633944
6	321	290.402529743319	1.471280512345
6	327	296.654071097514	0.64014426446015
6	333	297.294215361974	0.65831510255283
6	339	309.431978165237	2.9426356468862
6	345	312.374613812123	0.085253867836098
6	351	312.459867679959	0.37430284370696
6	357	317.877541286489	0.4245458359951
6	363	324.622502645766	0.2646451117274
6	369	333.315662545987	2.4369124508812
6	375	340.216982118764	0.55453398572751
6	381	344.617304983427	0.63812821848204
6	387	351.538095040726	0.13786269757838
6	393	353.869267582806	0.85183806542494
6	399	357.243049248852	0.13510813053823
6	405	358.727585517648	0.30794371983089
6	411	367.063834855981	0.60718996135653
6	417	370.001306496421	2.3393213234944
6	423	375.975576579335	1.733776993865
6	429	377.7093535732	0.94776717509042
6	435	386.317187789121	0.38734520672049
6	441	399.971378885801	0.65429045506637
6	447	403.417684023357	0.1633281547535
6	453	403.831331547758	0.77754776749862
6	459	409.337080442365	0.62607145240265
6	465	410.345348277988	0.2993445766987
6	471	413.312998913112	0.67230775642969
6	477	413.985306669542	1.37401258955
6	483	415.359319259092	0.47333529891416
6	489	417.446999034353	0.13027974852934
6	495	424.23568111184	2.2346853995765
6	501	426.470366511417	0.68359936924422
6	507	428.138810978151	0.066834870611934
6	513	430.178135804058	0.91470831673241
6	519	431.09284412079	1.2269515323777
6	525	444.524600525222	0.28309201511114
6	531	452.804044277453	0.23741132997232
6	537	460.500881328716	2.1500500919147
6	543	462.650931420631	0.38512887137845
6	549	468.115627900772	1.2398740086545
6	555	470.136206698173	0.058681707301587
6	561	480.754988401338	1.8998149667607
6	567	483.825600314367	0.10854929564779
6	573	486.241114366895	3.2741129999781
6	579	489.740323683092	1.8989137186897
6	585	504.634880650925	0.84046449387978
6	591	505.475345144805	5.9531040626
6	597	514.882100369034	0.33030629682937
6	603	517.944548727285	1.2697481869137
6	609	519.214296914199	0.48044453057882
6	615	525.515544111211	1.0781732882389
6	621	532.943457613768	0.24676174195732
6	627	534.904239162394	0.48446818219877
6	633	535.41684182484	1.3550408256145
6	639	541.948663071009	0.35940521275808
6	645	553.079840187957	0.19985547820952
6	651	554.001708431714	2.2487734289487
6	657	556.250481860663	1.2818124226648
6	663	562.034295292353	0.41027485406718
6	669	563.141037921892	0.71289070305733
6	675	563.853928624949	0.2029321422861
6	681	564.927173152499	0.6814884157174
6	687	566.104717452458	2.3488131303645
6	693	568.453530582823	0.29104621062241
6	699	572.47831592645	0.19116073476724
6	705	573.821582503875	1.6771757837877
6	711	575.498758287663	0.91315338103284
6	717	579.704408785021	0.30743730577212
6	723	581.573893287129	0.25751453397037
6	729	587.975531380978	0.35103745876635
6	735	588.326568839744	0.66696428274012
6	741	596.969723592011	1.1148039420192
7	136	102.930001639211	22.8032344489
7	142	112.226797832736	22.370103328289
7	150	115.166993119653	23.522548737626
7	154	116.295712001753	24.264807775461
7	160	117.115855358198	24.700188710169
7	166	146.003926826524	20.08773861236
7	172	148.515372645184	20.306884957788
7	178	153.976814252555	21.386610870936
7	184	155.447309830946	21.420079739607
7	190	156.976033598754	21.50531104245
7	196	165.306736998027	20.672936920986
7	206	167.078242026398	21.122375127206
7	210	167.508971780572	21.325199725854
7	214	168.959618866584	22.00068284144
7	220	171.212957360424	21.818911258672
7	226	181.508751924071	22.114133670716
7	234	185.371620523516	22.158864444712
7	238	186.160802731035	22.488852488877
7	244	187.574837094163	22.972085744465
7	250	189.670547880229	23.51440384132
7	256	209.232506787088	21.527763884489
7	262	213.338643996604	22.82966014107
7	268	226.183142875659	21.598121808637
7	274	233.721195444448	21.601905281265
7	280	239.156218242275	21.489724284366
7	286	250.568820167813	20.87819219548
7	292	251.738325442357	20.856448076497
7	298	254.852699716307	21.196028703082
7	306	269.134684812573	20.566897693555
7	310	269.501395858259	20.674982462155
7	316	276.020216153059	20.853848230807
7	322	291.873810255664	20.2252190505
7	330	297.294215361974	20.071787023186
7	334	297.952530464527	20.248385455294
7	342	312.374613812123	20.255555250467
7	348	312.459867679959	20.277313316243
7	352	312.834170523666	20.37270068484
7	358	318.302087122484	20.1561088137
7	364	324.887147757493	19.829026969235
7	370	335.752574996868	19.913137702642
7	376	340.771516104492	19.782582580743
7	382	345.255433201909	19.710489179675
7	388	351.675957738304	19.389837718683
7	394	354.721105648231	19.463526265328
7	400	357.37815737939	19.356623304655
7	406	359.035529237479	19.353039395417
7	412	367.671024817338	19.063639135843
7	418	372.340627819915	19.452832511406
7	426	377.7093535732	19.63535586132
7	430	378.65712074829	19.836506104057
7	436	386.704532995841	19.523869423639
7	442	400.625669340867	19.00876163471
7	448	403.58101217811	18.910034016551
7	454	404.608879315257	19.054167715051
7	460	409.963151894768	18.958027214863
7	466	410.644692854687	18.999459104523
7	474	413.985306669542	19.008543774977
7	480	415.359319259092	19.276464284616
7	484	415.832654558006	19.36835052416
7	490	417.577278782882	19.318629143898
7	498	426.470366511417	19.439777716561
7	502	427.153965880661	19.568702932146
7	508	428.205645848763	19.5362500069
7	516	431.09284412079	19.617591659608
7	520	432.319795653168	19.845722131729
7	526	444.807692540333	19.352200698079
7	532	453.041455607425	19.052889673228
7	540	462.650931420631	19.121876299078
7	544	463.036060292009	19.18914643886
7	550	469.355501909427	19.194947394098
7	556	470.194888405475	19.173161089828
7	562	482.654803368099	19.071816485514
7	568	483.934149610015	19.043828117275
7	574	489.515227366873	19.495553011875
7	580	491.639237401782	19.79756841329
7	588	505.475345144805	19.421932208574
7	592	511.428449207405	20.359873035817
7	598	515.212406665863	20.274451444305
7	606	519.214296914199	20.362736164966
7	610	519.694741444778	20.436358783762
7	616	526.59371739945	20.373364072792
7	622	533.190219355725	20.167589927311
7	628	535.388707344593	20.175264004004
7	634	536.771882650454	20.375718161681
7	640	542.308068283767	20.233984631656
7	646	553.279695666167	19.868863349235
7	654	556.250481860663	20.167022547951
7	658	557.532294283328	20.350565103755
7	664	562.44457014642	20.245772369536
7	672	563.853928624949	20.321599666628
7	676	564.056860767235	20.350265763254
7	682	565.608661568216	20.414920506621
7	690	568.453530582823	20.725945997254
7	694	568.744576793445	20.766513264108
7	700	572.669476661217	20.657566630438
7	708	575.498758287663	20.847439333186
7	712	576.411911668696	20.972833043703
7	718	580.011846090793	20.895667217992
7	724	581.831407821099	20.874579489078
7	732	588.326568839744	20.703789974506
7	736	588.993533122484	20.793583387964
7	742	598.08452753403	20.663912827025
8	137	102.930001639211	23
8	143	112.226797832736	24
8	151	115.166993119653	25
8	155	116.295712001753	26
8	161	117.115855358198	27
8	167	146.003926826524	28
8	173	148.515372645184	29
8	179	153.976814252555	30
8	185	155.447309830946	31
8	191	156.976033598754	32
8	197	165.306736998027	33
8	207	167.078242026398	34
8	211	167.508971780572	35
8	215	168.959618866584	36
8	221	171.212957360424	37
8	227	181.508751924071	38
8	235	185.371620523516	39
8	239	186.160802731035	40
8	245	187.574837094163	41
8	251	189.670547880229	42
8	257	209.232506787088	43
8	263	213.338643996604	44
8	269	226.183142875659	45
8	275	233.721195444448	46
8	281	239.156218242275	47
8	287	250.568820167813	48
8	293	251.738325442357	49
8	299	254.852699716307	50
8	307	269.134684812573	51
8	311	269.501395858259	52
8	317	276.020216153059	53
8	323	291.873810255664	54
8	331	297.294215361974	55
8	335	297.952530464527	56
8	343	312.374613812123	57
8	349	312.459867679959	58
8	353	312.834170523666	59
8	359	318.302087122484	60
8	365	324.887147757493	61
8	371	335.752574996868	62
8	377	340.771516104492	63
8	383	345.255433201909	64
8	389	351.675957738304	65
8	395	354.721105648231	66
8	401	357.37815737939	67
8	407	359.035529237479	68
8	413	367.671024817338	69
8	419	372.340627819915	70
8	427	377.7093535732	71
8	431	378.65712074829	72
8	437	386.704532995841	73
8	443	400.625669340867	74
8	449	403.58101217811	75
8	455	404.608879315257	76
8	461	409.963151894768	77
8	467	410.644692854687	78
8	475	413.985306669542	79
8	481	415.359319259092	80
8	485	415.832654558006	81
8	491	417.577278782882	82
8	499	426.470366511417	83
8	503	427.153965880661	84
8	509	428.205645848763	85
8	517	431.09284412079	86
8	521	432.319795653168	87
8	527	444.807692540333	88
8	533	453.041455607425	89
8	541	462.650931420631	90
8	545	463.036060292009	91
8	551	469.355501909427	92
8	557	470.194888405475	93
8	563	482.654803368099	94
8	569	483.934149610015	95
8	575	489.515227366873	96
8	581	491.639237401782	97
8	589	505.475345144805	98
8	593	511.428449207405	99
8	599	515.212406665863	100
8	607	519.214296914199	101
8	611	519.694741444778	102
8	617	526.59371739945	103
8	623	533.190219355725	104
8	629	535.388707344593	105
8	635	536.771882650454	106
8	641	542.308068283767	107
8	647	553.279695666167	108
8	655	556.250481860663	109
8	659	557.532294283328	110
8	665	562.44457014642	111
8	673	563.853928624949	112
8	677	564.056860767235	113
8	683	565.608661568216	114
8	691	568.453530582823	115
8	695	568.744576793445	116
8	701	572.669476661217	117
8	709	575.498758287663	118
8	713	576.411911668696	119
8	719	580.011846090793	120
8	725	581.831407821099	121
8	733	588.326568839744	122
8	737	588.993533122484	123
8	743	598.08452753403	124
9	137	102.930001639211	1.38682344758
9	143	112.226797832736	1.633881045167
9	151	115.166993119653	1.984961449016
9	155	116.295712001753	2.162578991168
9	161	117.115855358198	0.708906314674
9	167	146.003926826524	0.40104990169
9	173	148.515372645184	0.829958682995
9	179	153.976814252555	2.77157622797
9	185	155.447309830946	0.366515623205
9	191	156.976033598754	0.46124656865
9	197	165.306736998027	0.41557317823
9	207	167.078242026398	1.117135571014
9	211	167.508971780572	1.129596300997
9	215	168.959618866584	2.08576822096
9	221	171.212957360424	0.184533352876
9	227	181.508751924071	2.782284794719
9	235	185.371620523516	0.937158086234
9	239	186.160802731035	1.532950997598
9	245	187.574837094163	1.22442409402
9	251	189.670547880229	1.510046184291
9	257	209.232506787088	0.443181434119
9	263	213.338643996604	3.661407343271
9	269	226.183142875659	0.146823334896
9	275	233.721195444448	1.636920553261
9	281	239.156218242275	0.905780647032
9	287	250.568820167813	0.920227947402
9	293	251.738325442357	0.189433277944
9	299	254.852699716307	1.514978247921
9	307	269.134684812573	1.334003900825
9	311	269.501395858259	1.207577802564
9	317	276.020216153059	1.841470633944
9	323	291.873810255664	1.471280512345
9	331	297.294215361974	0.64014426446
9	335	297.952530464527	0.846508812394
9	343	312.374613812123	2.942635646886
9	349	312.459867679959	1.880684733255
9	353	312.834170523666	0.439626628528
9	359	318.302087122484	0.424545835995
9	365	324.887147757493	0.264645111727
9	371	335.752574996868	2.436912450881
9	377	340.771516104492	0.554533985728
9	383	345.255433201909	0.638128218482
9	389	351.675957738304	0.137862697578
9	395	354.721105648231	0.851838065425
9	401	357.37815737939	0.135108130538
9	407	359.035529237479	0.307943719831
9	413	367.671024817338	0.607189961357
9	419	372.340627819915	2.339321323494
9	427	377.7093535732	1.733776993865
9	431	378.65712074829	2.323336934962
9	437	386.704532995841	0.38734520672
9	443	400.625669340867	0.654290455066
9	449	403.58101217811	0.163328154753
9	455	404.608879315257	0.777547767499
9	461	409.963151894768	0.626071452403
9	467	410.644692854687	0.299344576699
9	475	413.985306669542	0.67230775643
9	481	415.359319259092	1.483671034894
9	485	415.832654558006	0.862711000767
9	491	417.577278782882	0.130279748529
9	499	426.470366511417	2.234685399577
9	503	427.153965880661	2.29097960785
9	509	428.205645848763	0.066834870612
9	517	431.09284412079	0.914708316732
9	521	432.319795653168	1.570622641146
9	527	444.807692540333	0.283092015111
9	533	453.041455607425	0.237411329972
9	541	462.650931420631	2.150050091915
9	545	463.036060292009	2.469074202001
9	551	469.355501909427	1.239874008655
9	557	470.194888405475	0.058681707302
9	563	482.654803368099	1.899814966761
9	569	483.934149610015	0.108549295648
9	575	489.515227366873	3.274112999978
9	581	491.639237401782	1.89891371869
9	589	505.475345144805	0.84046449388
9	593	511.428449207405	6.730239356035
9	599	515.212406665863	0.330306296829
9	607	519.214296914199	1.269748186914
9	611	519.694741444778	0.614627934174
9	617	526.59371739945	1.078173288239
9	623	533.190219355725	0.246761741957
9	629	535.388707344593	0.484468182199
9	635	536.771882650454	1.355040825614
9	641	542.308068283767	0.359405212758
9	647	553.279695666167	0.19985547821
9	655	556.250481860663	2.248773428949
9	659	557.532294283328	3.123536950866
9	665	562.44457014642	0.410274854067
9	673	563.853928624949	0.712890703057
9	677	564.056860767235	0.218263689324
9	683	565.608661568216	0.681488415717
9	691	568.453530582823	2.348813130365
9	695	568.744576793445	1.108943940469
9	701	572.669476661217	0.191160734767
9	709	575.498758287663	1.677175783788
9	713	576.411911668696	1.65654331276
9	719	580.011846090793	0.307437305772
9	725	581.831407821099	0.25751453397
9	733	588.326568839744	0.351037458766
9	737	588.993533122484	0.961612588759
9	743	598.08452753403	1.114803942019

