version 3
run ParameterStudy-244-20251202-16:20:04-1436
attr configname ParameterStudy
attr datetime 20251202-16:20:04
attr datetimef 20251202-162004
attr experiment ParameterStudy
attr inifile omnetpp.ini
attr iterationvars $betaProducer=5.8s
attr iterationvarsd betaProducer=5.8s
attr iterationvarsf betaProducer=5.8s-
attr measurement $betaProducer=5.8s
attr network queue_sim
attr processid 1436
attr repetition 4
attr replication #4
attr resultdir results
attr runnumber 244
attr seedset 244
itervar betaProducer 5.8s
config description "Parameter study: β_producer = 1s to 10s (0.1s steps), β_service = 1s, 5 repetitions"
config *.serviceUnit.meanServiceTime 1s
config *.producer.warmupPeriod 100s
config *.queue.warmupPeriod 100s
config *.serviceUnit.warmupPeriod 100s
config *.sink.warmupPeriod 100s
config *.producer.meanInterArrivalTime 5.8s
config network queue_sim
config sim-time-limit 600s
config warmup-period 100s
config repeat 5
config **.vector-recording true
config **.scalar-recording true
config debug-on-errors true

vector 0 queue_sim.producer jobGenerated:vector ETV
attr recordingmode vector
attr title "Jobs Generated"
vector 1 queue_sim.producer interArrivalTime:vector ETV
attr recordingmode vector
attr title "Inter-arrival Time"
attr unit s
vector 2 queue_sim.queue queueLength:vector ETV
attr recordingmode vector
attr title "Queue Length"
vector 3 queue_sim.queue queueingDelay:vector ETV
attr recordingmode vector
attr title "Queueing Delay"
attr unit s
vector 4 queue_sim.queue queueUtilization:vector ETV
attr recordingmode vector
attr title "Queue Utilization"
vector 5 queue_sim.queue systemSize:vector ETV
attr recordingmode vector
attr title "System Size"
vector 6 queue_sim.serviceUnit serviceTime:vector ETV
attr recordingmode vector
attr title "Service Time"
attr unit s
vector 7 queue_sim.serviceUnit utilization:vector ETV
attr recordingmode vector
attr title "Server Utilization"
vector 8 queue_sim.sink jobCompleted:vector ETV
attr recordingmode vector
attr title "Jobs Completed"
vector 9 queue_sim.sink totalDelay:vector ETV
attr recordingmode vector
attr title "Total System Delay"
attr unit s
0	127	125.883055223293	22
0	130	126.149638874343	23
0	136	127.450158114589	24
0	145	137.430911301824	25
0	151	142.736804510621	26
0	157	148.882889303915	27
0	163	162.264385963477	28
0	169	171.489608297608	29
0	175	187.751945410681	30
0	181	196.082813889782	31
0	187	209.306340922403	32
0	190	209.658273524559	33
0	199	215.564626159143	34
0	205	218.758894386	35
0	208	218.836743616425	36
0	217	226.991977514193	37
0	223	236.234335914625	38
0	229	238.642965194031	39
0	235	240.270661026813	40
0	238	241.057325517315	41
0	247	244.518646456063	42
0	253	249.014078791467	43
0	259	253.77873577668	44
0	262	253.900896709364	45
0	271	268.683622332461	46
0	277	269.154480451358	47
0	283	270.022652436633	48
0	289	276.54126673047	49
0	292	277.341534797675	50
0	301	279.109623785012	51
0	304	279.430526324871	52
0	306	281.14269596559	53
0	319	290.18700634748	54
0	325	302.184941185638	55
0	328	303.48167478593	56
0	337	308.268989551995	57
0	343	313.881072324478	58
0	349	316.135969414674	59
0	355	318.20675227804	60
0	361	324.74785164991	61
0	367	329.804239306256	62
0	370	329.98248434538	63
0	379	345.466309643833	64
0	385	357.05566295805	65
0	391	359.576926212277	66
0	397	361.766870930874	67
0	403	365.547486325267	68
0	409	371.592340404855	69
0	415	372.918948085869	70
0	421	374.971583955017	71
0	424	374.98502647303	72
0	433	378.531581151489	73
0	439	405.376276158728	74
0	445	409.499409070227	75
0	451	409.725708523376	76
0	454	410.105453498743	77
0	456	411.441846514082	78
0	469	425.333959764653	79
0	475	447.399444998048	80
0	478	447.628887917987	81
0	487	456.442159109108	82
0	493	468.516307390259	83
0	499	474.94253636574	84
0	505	478.287890622003	85
0	511	479.368844713462	86
0	517	490.731658270578	87
0	523	493.124689361225	88
0	529	493.573216859011	89
0	535	496.17390983543	90
0	541	498.399701457482	91
0	547	509.105485408625	92
0	553	512.202262259398	93
0	559	515.779150520809	94
0	565	522.632105210438	95
0	571	523.511509808042	96
0	574	525.344082018602	97
0	580	527.369224016487	98
0	582	529.518324386086	99
0	595	539.582312036564	100
0	598	540.772996148448	101
0	607	542.675060690119	102
0	613	547.847064792926	103
0	619	553.245396857113	104
0	625	556.145633515945	105
0	628	558.062894044835	106
0	637	566.623469342007	107
0	643	571.869633231414	108
0	649	586.470703598497	109
0	655	588.37541584776	110
0	661	589.503662514222	111
0	667	591.93214894507	112
0	673	593.096553471113	113
1	127	125.883055223293	0.26658365105014
1	130	126.149638874343	1.3005192402456
1	136	127.450158114589	9.9807531872351
1	145	137.430911301824	5.3058932087975
1	151	142.736804510621	6.1460847932941
1	157	148.882889303915	13.381496659562
1	163	162.264385963477	9.2252223341314
1	169	171.489608297608	16.262337113073
1	175	187.751945410681	8.3308684791006
1	181	196.082813889782	13.223527032621
1	187	209.306340922403	0.35193260215595
1	190	209.658273524559	5.906352634584
1	199	215.564626159143	3.1942682268571
1	205	218.758894386	0.077849230424693
1	208	218.836743616425	8.1552338977678
1	217	226.991977514193	9.2423584004321
1	223	236.234335914625	2.408629279406
1	229	238.642965194031	1.6276958327819
1	235	240.270661026813	0.7866644905023
1	238	241.057325517315	3.4613209387478
1	247	244.518646456063	4.4954323354037
1	253	249.014078791467	4.7646569852132
1	259	253.77873577668	0.12216093268353
1	262	253.900896709364	14.782725623097
1	271	268.683622332461	0.47085811889704
1	277	269.154480451358	0.86817198527472
1	283	270.022652436633	6.5186142938368
1	289	276.54126673047	0.80026806720536
1	292	277.341534797675	1.7680889873368
1	301	279.109623785012	0.32090253985938
1	304	279.430526324871	1.7121696407195
1	306	281.14269596559	9.0443103818898
1	319	290.18700634748	11.997934838158
1	325	302.184941185638	1.2967336002919
1	328	303.48167478593	4.7873147660649
1	337	308.268989551995	5.6120827724826
1	343	313.881072324478	2.2548970901964
1	349	316.135969414674	2.0707828633656
1	355	318.20675227804	6.5410993718704
1	361	324.74785164991	5.0563876563461
1	367	329.804239306256	0.17824503912368
1	370	329.98248434538	15.483825298453
1	379	345.466309643833	11.589353314217
1	385	357.05566295805	2.5212632542267
1	391	359.576926212277	2.1899447185972
1	397	361.766870930874	3.7806153943931
1	403	365.547486325267	6.0448540795881
1	409	371.592340404855	1.3266076810142
1	415	372.918948085869	2.0526358691482
1	421	374.971583955017	0.013442518013181
1	424	374.98502647303	3.5465546784594
1	433	378.531581151489	26.844695007239
1	439	405.376276158728	4.1231329114993
1	445	409.499409070227	0.22629945314939
1	451	409.725708523376	0.37974497536746
1	454	410.105453498743	1.3363930153389
1	456	411.441846514082	13.892113250571
1	469	425.333959764653	22.065485233395
1	475	447.399444998048	0.2294429199388
1	478	447.628887917987	8.8132711911208
1	487	456.442159109108	12.074148281151
1	493	468.516307390259	6.4262289754807
1	499	474.94253636574	3.3453542562629
1	505	478.287890622003	1.0809540914589
1	511	479.368844713462	11.362813557116
1	517	490.731658270578	2.3930310906471
1	523	493.124689361225	0.44852749778617
1	529	493.573216859011	2.6006929764188
1	535	496.17390983543	2.2257916220519
1	541	498.399701457482	10.705783951143
1	547	509.105485408625	3.0967768507727
1	553	512.202262259398	3.5768882614114
1	559	515.779150520809	6.852954689629
1	565	522.632105210438	0.87940459760432
1	571	523.511509808042	1.8325722105601
1	574	525.344082018602	2.0251419978851
1	580	527.369224016487	2.1491003695989
1	582	529.518324386086	10.063987650478
1	595	539.582312036564	1.1906841118835
1	598	540.772996148448	1.9020645416714
1	607	542.675060690119	5.1720041028067
1	613	547.847064792926	5.3983320641865
1	619	553.245396857113	2.9002366588319
1	625	556.145633515945	1.9172605288896
1	628	558.062894044835	8.560575297172
1	637	566.623469342007	5.2461638894069
1	643	571.869633231414	14.601070367083
1	649	586.470703598497	1.9047122492632
1	655	588.37541584776	1.1282466664616
1	661	589.503662514222	2.428486430848
1	667	591.93214894507	1.1644045260431
1	673	593.096553471113	13.572717157157
2	128	125.883055223293	1
2	128	125.883055223293	0
2	131	126.149638874343	1
2	134	127.122660034151	0
2	137	127.450158114589	1
2	140	127.611952983696	0
2	146	137.430911301824	1
2	146	137.430911301824	0
2	152	142.736804510621	1
2	152	142.736804510621	0
2	158	148.882889303915	1
2	158	148.882889303915	0
2	164	162.264385963477	1
2	164	162.264385963477	0
2	170	171.489608297608	1
2	170	171.489608297608	0
2	176	187.751945410681	1
2	176	187.751945410681	0
2	182	196.082813889782	1
2	182	196.082813889782	0
2	188	209.306340922403	1
2	188	209.306340922403	0
2	191	209.658273524559	1
2	194	211.333979152376	0
2	200	215.564626159143	1
2	200	215.564626159143	0
2	206	218.758894386	1
2	206	218.758894386	0
2	209	218.836743616425	1
2	212	219.157843851998	0
2	218	226.991977514193	1
2	218	226.991977514193	0
2	224	236.234335914625	1
2	224	236.234335914625	0
2	230	238.642965194031	1
2	230	238.642965194031	0
2	236	240.270661026813	1
2	236	240.270661026813	0
2	239	241.057325517315	1
2	242	242.352073364274	0
2	248	244.518646456063	1
2	248	244.518646456063	0
2	254	249.014078791467	1
2	254	249.014078791467	0
2	260	253.77873577668	1
2	260	253.77873577668	0
2	263	253.900896709364	1
2	266	254.340627416569	0
2	272	268.683622332461	1
2	272	268.683622332461	0
2	278	269.154480451358	1
2	278	269.154480451358	0
2	284	270.022652436633	1
2	284	270.022652436633	0
2	290	276.54126673047	1
2	290	276.54126673047	0
2	293	277.341534797675	1
2	296	278.750568723457	0
2	302	279.109623785012	1
2	302	279.109623785012	0
2	305	279.430526324871	1
2	307	281.14269596559	2
2	310	281.884393075101	1
2	314	282.084019788178	0
2	320	290.18700634748	1
2	320	290.18700634748	0
2	326	302.184941185638	1
2	326	302.184941185638	0
2	329	303.48167478593	1
2	332	304.244387360828	0
2	338	308.268989551995	1
2	338	308.268989551995	0
2	344	313.881072324478	1
2	344	313.881072324478	0
2	350	316.135969414674	1
2	350	316.135969414674	0
2	356	318.20675227804	1
2	356	318.20675227804	0
2	362	324.74785164991	1
2	362	324.74785164991	0
2	368	329.804239306256	1
2	368	329.804239306256	0
2	371	329.98248434538	1
2	374	332.240700412396	0
2	380	345.466309643833	1
2	380	345.466309643833	0
2	386	357.05566295805	1
2	386	357.05566295805	0
2	392	359.576926212277	1
2	392	359.576926212277	0
2	398	361.766870930874	1
2	398	361.766870930874	0
2	404	365.547486325267	1
2	404	365.547486325267	0
2	410	371.592340404855	1
2	410	371.592340404855	0
2	416	372.918948085869	1
2	416	372.918948085869	0
2	422	374.971583955017	1
2	422	374.971583955017	0
2	425	374.98502647303	1
2	428	376.863973836223	0
2	434	378.531581151489	1
2	434	378.531581151489	0
2	440	405.376276158728	1
2	440	405.376276158728	0
2	446	409.499409070227	1
2	446	409.499409070227	0
2	452	409.725708523376	1
2	452	409.725708523376	0
2	455	410.105453498743	1
2	457	411.441846514082	2
2	460	411.600930678565	1
2	464	413.847885035169	0
2	470	425.333959764653	1
2	470	425.333959764653	0
2	476	447.399444998048	1
2	476	447.399444998048	0
2	479	447.628887917987	1
2	482	448.582228161353	0
2	488	456.442159109108	1
2	488	456.442159109108	0
2	494	468.516307390259	1
2	494	468.516307390259	0
2	500	474.94253636574	1
2	500	474.94253636574	0
2	506	478.287890622003	1
2	506	478.287890622003	0
2	512	479.368844713462	1
2	512	479.368844713462	0
2	518	490.731658270578	1
2	518	490.731658270578	0
2	524	493.124689361225	1
2	524	493.124689361225	0
2	530	493.573216859011	1
2	530	493.573216859011	0
2	536	496.17390983543	1
2	536	496.17390983543	0
2	542	498.399701457482	1
2	542	498.399701457482	0
2	548	509.105485408625	1
2	548	509.105485408625	0
2	554	512.202262259398	1
2	554	512.202262259398	0
2	560	515.779150520809	1
2	560	515.779150520809	0
2	566	522.632105210438	1
2	566	522.632105210438	0
2	572	523.511509808042	1
2	572	523.511509808042	0
2	575	525.344082018602	1
2	578	526.631507969147	0
2	581	527.369224016487	1
2	583	529.518324386086	2
2	586	530.152645803456	1
2	590	532.163331733743	0
2	596	539.582312036564	1
2	596	539.582312036564	0
2	599	540.772996148448	1
2	602	541.946488668364	0
2	608	542.675060690119	1
2	608	542.675060690119	0
2	614	547.847064792926	1
2	614	547.847064792926	0
2	620	553.245396857113	1
2	620	553.245396857113	0
2	626	556.145633515945	1
2	626	556.145633515945	0
2	629	558.062894044835	1
2	632	559.795969752154	0
2	638	566.623469342007	1
2	638	566.623469342007	0
2	644	571.869633231414	1
2	644	571.869633231414	0
2	650	586.470703598497	1
2	650	586.470703598497	0
2	656	588.37541584776	1
2	656	588.37541584776	0
2	662	589.503662514222	1
2	662	589.503662514222	0
2	668	591.93214894507	1
2	668	591.93214894507	0
2	674	593.096553471113	1
2	674	593.096553471113	0
3	128	125.883055223293	0
3	134	127.122660034151	0.973021159808
3	140	127.611952983696	0.161794869107
3	146	137.430911301824	0
3	152	142.736804510621	0
3	158	148.882889303915	0
3	164	162.264385963477	0
3	170	171.489608297608	0
3	176	187.751945410681	0
3	182	196.082813889782	0
3	188	209.306340922403	0
3	194	211.333979152376	1.675705627817
3	200	215.564626159143	0
3	206	218.758894386	0
3	212	219.157843851998	0.321100235573
3	218	226.991977514193	0
3	224	236.234335914625	0
3	230	238.642965194031	0
3	236	240.270661026813	0
3	242	242.352073364274	1.294747846959
3	248	244.518646456063	0
3	254	249.014078791467	0
3	260	253.77873577668	0
3	266	254.340627416569	0.439730707205
3	272	268.683622332461	0
3	278	269.154480451358	0
3	284	270.022652436633	0
3	290	276.54126673047	0
3	296	278.750568723457	1.409033925782
3	302	279.109623785012	0
3	310	281.884393075101	2.45386675023
3	314	282.084019788178	0.941323822588
3	320	290.18700634748	0
3	326	302.184941185638	0
3	332	304.244387360828	0.762712574898
3	338	308.268989551995	0
3	344	313.881072324478	0
3	350	316.135969414674	0
3	356	318.20675227804	0
3	362	324.74785164991	0
3	368	329.804239306256	0
3	374	332.240700412396	2.258216067016
3	380	345.466309643833	0
3	386	357.05566295805	0
3	392	359.576926212277	0
3	398	361.766870930874	0
3	404	365.547486325267	0
3	410	371.592340404855	0
3	416	372.918948085869	0
3	422	374.971583955017	0
3	428	376.863973836223	1.878947363193
3	434	378.531581151489	0
3	440	405.376276158728	0
3	446	409.499409070227	0
3	452	409.725708523376	0
3	460	411.600930678565	1.495477179822
3	464	413.847885035169	2.406038521087
3	470	425.333959764653	0
3	476	447.399444998048	0
3	482	448.582228161353	0.953340243366
3	488	456.442159109108	0
3	494	468.516307390259	0
3	500	474.94253636574	0
3	506	478.287890622003	0
3	512	479.368844713462	0
3	518	490.731658270578	0
3	524	493.124689361225	0
3	530	493.573216859011	0
3	536	496.17390983543	0
3	542	498.399701457482	0
3	548	509.105485408625	0
3	554	512.202262259398	0
3	560	515.779150520809	0
3	566	522.632105210438	0
3	572	523.511509808042	0
3	578	526.631507969147	1.287425950545
3	586	530.152645803456	2.783421786969
3	590	532.163331733743	2.645007347657
3	596	539.582312036564	0
3	602	541.946488668364	1.173492519916
3	608	542.675060690119	0
3	614	547.847064792926	0
3	620	553.245396857113	0
3	626	556.145633515945	0
3	632	559.795969752154	1.733075707319
3	638	566.623469342007	0
3	644	571.869633231414	0
3	650	586.470703598497	0
3	656	588.37541584776	0
3	662	589.503662514222	0
3	668	591.93214894507	0
3	674	593.096553471113	0
4	679	600	0.055024755030986
5	126	101.745380220322	0
5	128	125.883055223293	1
5	128	125.883055223293	1
5	131	126.149638874343	2
5	134	127.122660034151	1
5	134	127.122660034151	1
5	137	127.450158114589	2
5	140	127.611952983696	1
5	140	127.611952983696	1
5	144	127.968117775569	0
5	146	137.430911301824	1
5	146	137.430911301824	1
5	150	139.308058826602	0
5	152	142.736804510621	1
5	152	142.736804510621	1
5	156	143.408022296699	0
5	158	148.882889303915	1
5	158	148.882889303915	1
5	162	149.137275866135	0
5	164	162.264385963477	1
5	164	162.264385963477	1
5	168	162.538388234224	0
5	170	171.489608297608	1
5	170	171.489608297608	1
5	174	174.779021708385	0
5	176	187.751945410681	1
5	176	187.751945410681	1
5	180	187.994219901071	0
5	182	196.082813889782	1
5	182	196.082813889782	1
5	186	197.449220801503	0
5	188	209.306340922403	1
5	188	209.306340922403	1
5	191	209.658273524559	2
5	194	211.333979152376	1
5	194	211.333979152376	1
5	198	211.414128037779	0
5	200	215.564626159143	1
5	200	215.564626159143	1
5	204	218.724715575402	0
5	206	218.758894386	1
5	206	218.758894386	1
5	209	218.836743616425	2
5	212	219.157843851998	1
5	212	219.157843851998	1
5	216	219.192428461533	0
5	218	226.991977514193	1
5	218	226.991977514193	1
5	222	227.812305602609	0
5	224	236.234335914625	1
5	224	236.234335914625	1
5	228	237.073007932754	0
5	230	238.642965194031	1
5	230	238.642965194031	1
5	234	239.24331028985	0
5	236	240.270661026813	1
5	236	240.270661026813	1
5	239	241.057325517315	2
5	242	242.352073364274	1
5	242	242.352073364274	1
5	246	244.245746349222	0
5	248	244.518646456063	1
5	248	244.518646456063	1
5	252	245.34425757867	0
5	254	249.014078791467	1
5	254	249.014078791467	1
5	258	250.039757585643	0
5	260	253.77873577668	1
5	260	253.77873577668	1
5	263	253.900896709364	2
5	266	254.340627416569	1
5	266	254.340627416569	1
5	270	256.565192119901	0
5	272	268.683622332461	1
5	272	268.683622332461	1
5	276	268.764607718149	0
5	278	269.154480451358	1
5	278	269.154480451358	1
5	282	269.185840284794	0
5	284	270.022652436633	1
5	284	270.022652436633	1
5	288	273.116512999634	0
5	290	276.54126673047	1
5	290	276.54126673047	1
5	293	277.341534797675	2
5	296	278.750568723457	1
5	296	278.750568723457	1
5	300	278.987553866171	0
5	302	279.109623785012	1
5	302	279.109623785012	1
5	305	279.430526324871	2
5	307	281.14269596559	3
5	310	281.884393075101	2
5	310	281.884393075101	2
5	314	282.084019788178	1
5	314	282.084019788178	1
5	318	282.481995458176	0
5	320	290.18700634748	1
5	320	290.18700634748	1
5	324	290.756185291484	0
5	326	302.184941185638	1
5	326	302.184941185638	1
5	329	303.48167478593	2
5	332	304.244387360828	1
5	332	304.244387360828	1
5	336	307.282918349994	0
5	338	308.268989551995	1
5	338	308.268989551995	1
5	342	309.988235172015	0
5	344	313.881072324478	1
5	344	313.881072324478	1
5	348	314.902406581659	0
5	350	316.135969414674	1
5	350	316.135969414674	1
5	354	317.301047681898	0
5	356	318.20675227804	1
5	356	318.20675227804	1
5	360	318.236102821233	0
5	362	324.74785164991	1
5	362	324.74785164991	1
5	366	325.161747320714	0
5	368	329.804239306256	1
5	368	329.804239306256	1
5	371	329.98248434538	2
5	374	332.240700412396	1
5	374	332.240700412396	1
5	378	332.612852151478	0
5	380	345.466309643833	1
5	380	345.466309643833	1
5	384	345.768093309764	0
5	386	357.05566295805	1
5	386	357.05566295805	1
5	390	358.03521238672	0
5	392	359.576926212277	1
5	392	359.576926212277	1
5	396	359.858900692419	0
5	398	361.766870930874	1
5	398	361.766870930874	1
5	402	361.904971326575	0
5	404	365.547486325267	1
5	404	365.547486325267	1
5	408	366.543375125177	0
5	410	371.592340404855	1
5	410	371.592340404855	1
5	414	372.487548968015	0
5	416	372.918948085869	1
5	416	372.918948085869	1
5	420	373.742900435293	0
5	422	374.971583955017	1
5	422	374.971583955017	1
5	425	374.98502647303	2
5	428	376.863973836223	1
5	428	376.863973836223	1
5	432	377.994275079986	0
5	434	378.531581151489	1
5	434	378.531581151489	1
5	438	378.672029786394	0
5	440	405.376276158728	1
5	440	405.376276158728	1
5	444	405.688598275043	0
5	446	409.499409070227	1
5	446	409.499409070227	1
5	450	409.526004767244	0
5	452	409.725708523376	1
5	452	409.725708523376	1
5	455	410.105453498743	2
5	457	411.441846514082	3
5	460	411.600930678565	2
5	460	411.600930678565	2
5	464	413.847885035169	1
5	464	413.847885035169	1
5	468	415.738948565636	0
5	470	425.333959764653	1
5	470	425.333959764653	1
5	474	426.088477940642	0
5	476	447.399444998048	1
5	476	447.399444998048	1
5	479	447.628887917987	2
5	482	448.582228161353	1
5	482	448.582228161353	1
5	486	448.586364542578	0
5	488	456.442159109108	1
5	488	456.442159109108	1
5	492	456.949340784845	0
5	494	468.516307390259	1
5	494	468.516307390259	1
5	498	469.72082332702	0
5	500	474.94253636574	1
5	500	474.94253636574	1
5	504	475.634419035914	0
5	506	478.287890622003	1
5	506	478.287890622003	1
5	510	479.246055314177	0
5	512	479.368844713462	1
5	512	479.368844713462	1
5	516	481.887188903964	0
5	518	490.731658270578	1
5	518	490.731658270578	1
5	522	492.471189905758	0
5	524	493.124689361225	1
5	524	493.124689361225	1
5	528	493.380203860716	0
5	530	493.573216859011	1
5	530	493.573216859011	1
5	534	494.005183366844	0
5	536	496.17390983543	1
5	536	496.17390983543	1
5	540	496.732765480538	0
5	542	498.399701457482	1
5	542	498.399701457482	1
5	546	499.856407968422	0
5	548	509.105485408625	1
5	548	509.105485408625	1
5	552	511.44907377466	0
5	554	512.202262259398	1
5	554	512.202262259398	1
5	558	512.211514572296	0
5	560	515.779150520809	1
5	560	515.779150520809	1
5	564	516.081208602575	0
5	566	522.632105210438	1
5	566	522.632105210438	1
5	570	522.698029137826	0
5	572	523.511509808042	1
5	572	523.511509808042	1
5	575	525.344082018602	2
5	578	526.631507969147	1
5	578	526.631507969147	1
5	581	527.369224016487	2
5	583	529.518324386086	3
5	586	530.152645803456	2
5	586	530.152645803456	2
5	590	532.163331733743	1
5	590	532.163331733743	1
5	594	532.493623553264	0
5	596	539.582312036564	1
5	596	539.582312036564	1
5	599	540.772996148448	2
5	602	541.946488668364	1
5	602	541.946488668364	1
5	606	542.141948823542	0
5	608	542.675060690119	1
5	608	542.675060690119	1
5	612	544.571420189188	0
5	614	547.847064792926	1
5	614	547.847064792926	1
5	618	547.975754571665	0
5	620	553.245396857113	1
5	620	553.245396857113	1
5	624	554.121867521129	0
5	626	556.145633515945	1
5	626	556.145633515945	1
5	629	558.062894044835	2
5	632	559.795969752154	1
5	632	559.795969752154	1
5	636	560.395760733037	0
5	638	566.623469342007	1
5	638	566.623469342007	1
5	642	567.492138637957	0
5	644	571.869633231414	1
5	644	571.869633231414	1
5	648	572.369268547897	0
5	650	586.470703598497	1
5	650	586.470703598497	1
5	654	588.017218235401	0
5	656	588.37541584776	1
5	656	588.37541584776	1
5	660	588.433298602411	0
5	662	589.503662514222	1
5	662	589.503662514222	1
5	666	590.017183005079	0
5	668	591.93214894507	1
5	668	591.93214894507	1
5	672	592.308107439339	0
5	674	593.096553471113	1
5	674	593.096553471113	1
5	678	593.638215480027	0
6	129	125.883055223293	1.2396048108577
6	135	127.122660034151	0.48929294954526
6	141	127.611952983696	0.35616479187263
6	147	137.430911301824	1.8771475247785
6	153	142.736804510621	0.67121778607808
6	159	148.882889303915	0.25438656222007
6	165	162.264385963477	0.27400227074674
6	171	171.489608297608	3.2894134107767
6	177	187.751945410681	0.24227449039029
6	183	196.082813889782	1.3664069117211
6	189	209.306340922403	2.027638229973
6	195	211.333979152376	0.080148885403072
6	201	215.564626159143	3.1600894162594
6	207	218.758894386	0.39894946599806
6	213	219.157843851998	0.034584609535086
6	219	226.991977514193	0.82032808841648
6	225	236.234335914625	0.83867201812937
6	231	238.642965194031	0.60034509581939
6	237	240.270661026813	2.081412337461
6	243	242.352073364274	1.8936729849485
6	249	244.518646456063	0.82561112260704
6	255	249.014078791467	1.0256787941759
6	261	253.77873577668	0.5618916398894
6	267	254.340627416569	2.2245647033317
6	273	268.683622332461	0.080985385688356
6	279	269.154480451358	0.031359833436499
6	285	270.022652436633	3.0938605630009
6	291	276.54126673047	2.2093019929872
6	297	278.750568723457	0.23698514271444
6	303	279.109623785012	2.7747692900894
6	311	281.884393075101	0.1996267130774
6	315	282.084019788178	0.39797566999818
6	321	290.18700634748	0.56917894400371
6	327	302.184941185638	2.0594461751901
6	333	304.244387360828	3.0385309891657
6	339	308.268989551995	1.7192456200202
6	345	313.881072324478	1.0213342571807
6	351	316.135969414674	1.165078267224
6	357	318.20675227804	0.029350543192851
6	363	324.74785164991	0.41389567080393
6	369	329.804239306256	2.4364611061402
6	375	332.240700412396	0.37215173908236
6	381	345.466309643833	0.30178366593104
6	387	357.05566295805	0.97954942866961
6	393	359.576926212277	0.28197448014204
6	399	361.766870930874	0.13810039570089
6	405	365.547486325267	0.99588879990976
6	411	371.592340404855	0.89520856315999
6	417	372.918948085869	0.82395234942356
6	423	374.971583955017	1.8923898812063
6	429	376.863973836223	1.1303012437633
6	435	378.531581151489	0.14044863490473
6	441	405.376276158728	0.31232211631466
6	447	409.499409070227	0.026595697017305
6	453	409.725708523376	1.8752221551895
6	461	411.600930678565	2.2469543566042
6	465	413.847885035169	1.8910635304668
6	471	425.333959764653	0.75451817598947
6	477	447.399444998048	1.1827831633047
6	483	448.582228161353	0.0041363812248616
6	489	456.442159109108	0.50718167573744
6	495	468.516307390259	1.2045159367606
6	501	474.94253636574	0.6918826701736
6	507	478.287890622003	0.95816469217408
6	513	479.368844713462	2.5183441905017
6	519	490.731658270578	1.7395316351797
6	525	493.124689361225	0.25551449949053
6	531	493.573216859011	0.43196650783264
6	537	496.17390983543	0.55885564510831
6	543	498.399701457482	1.4567065109402
6	549	509.105485408625	2.3435883660346
6	555	512.202262259398	0.0092523128978629
6	561	515.779150520809	0.30205808176572
6	567	522.632105210438	0.06592392738809
6	573	523.511509808042	3.1199981611045
6	579	526.631507969147	3.5211378343088
6	587	530.152645803456	2.0106859302868
6	591	532.163331733743	0.33029181952071
6	597	539.582312036564	2.3641766317997
6	603	541.946488668364	0.19546015517837
6	609	542.675060690119	1.8963594990691
6	615	547.847064792926	0.128689778739
6	621	553.245396857113	0.87647066401602
6	627	556.145633515945	3.6503362362087
6	633	559.795969752154	0.5997909808835
6	639	566.623469342007	0.86866929594951
6	645	571.869633231414	0.49963531648269
6	651	586.470703598497	1.5465146369039
6	657	588.37541584776	0.057882754650965
6	663	589.503662514222	0.51352049085687
6	669	591.93214894507	0.37595849426864
6	675	593.096553471113	0.54166200891436
7	124	101.745380220322	20.137362086698
7	132	127.122660034151	17.092499815906
7	138	127.611952983696	17.410385831722
7	142	127.968117775569	17.640251779994
7	148	139.308058826602	17.551781213851
7	154	143.408022296699	17.518032172991
7	160	149.137275866135	17.015632007107
7	166	162.538388234224	15.781288713525
7	172	174.779021708385	16.558088862985
7	178	187.994219901071	15.522998650744
7	184	197.449220801503	15.471697992241
7	192	211.333979152376	15.414646282189
7	196	211.414128037779	15.446713305736
7	202	218.724715575402	16.375206417735
7	210	219.157843851998	16.524881104658
7	214	219.192428461533	16.538051971978
7	220	227.812305602609	16.272380777661
7	226	237.073007932754	15.990499371783
7	232	239.24331028985	16.096376067242
7	240	242.352073364274	16.748738607415
7	244	244.245746349222	17.394197809954
7	250	245.34425757867	17.652827831563
7	256	250.039757585643	17.73153142015
7	264	254.340627416569	17.652614242206
7	268	256.565192119901	18.366612451608
7	274	268.764607718149	17.563071383854
7	280	269.185840284794	17.547237882771
7	286	273.116512999634	18.427498122231
7	294	278.750568723457	18.847617975488
7	298	278.987553866171	18.916552623537
7	308	281.884393075101	19.706517315239
7	312	282.084019788178	19.76333983231
7	316	282.481995458176	19.876381509663
7	322	290.756185291484	19.506507832506
7	330	304.244387360828	19.318622355673
7	334	307.282918349994	20.116430667106
7	340	309.988235172015	20.495487774399
7	346	314.902406581659	20.499981502109
7	352	317.301047681898	20.71219551473
7	358	318.236102821233	20.660560925197
7	364	325.161747320714	20.347799249246
7	372	332.240700412396	20.647596938349
7	376	332.612852151478	20.736382247181
7	382	345.768093309764	20.034716167189
7	388	358.03521238672	19.621870444435
7	394	359.858900692419	19.600787937829
7	400	361.904971326575	19.52813196701
7	406	366.543375125177	19.552711645998
7	412	372.487548968015	19.481021032766
7	418	373.742900435293	19.63604660392
7	426	376.863973836223	19.975568166736
7	430	377.994275079986	20.214862041791
7	436	378.672029786394	20.215770864136
7	442	405.688598275043	18.946500422079
7	448	409.526004767244	18.775459137259
7	458	411.600930678565	19.136402268785
7	462	413.847885035169	19.57544477639
7	466	415.738948565636	19.941270359637
7	472	426.088477940642	19.633984543329
7	480	448.582228161353	18.91312756879
7	484	448.586364542578	18.91387526476
7	490	456.949340784845	18.678711074064
7	496	469.72082332702	18.427278238108
7	502	475.634419035914	18.343635833551
7	508	479.246055314177	18.405328419725
7	514	481.887188903964	18.827052617025
7	520	492.471189905758	18.7756539144
7	526	493.380203860716	18.79284981821
7	532	494.005183366844	18.856516163917
7	538	496.732765480538	18.865480477537
7	544	499.856407968422	19.03901358292
7	550	511.44907377466	19.065694469749
7	556	512.211514572296	19.03912101011
7	562	516.081208602575	18.954890536275
7	568	522.698029137826	18.727553317497
7	576	526.631507969147	19.180119064071
7	584	530.152645803456	19.716903974569
7	588	532.163331733743	20.020239589769
7	592	532.493623553264	20.069848936101
7	600	541.946488668364	20.156019968266
7	604	542.141948823542	20.18480637146
7	610	544.571420189188	20.442986539559
7	616	547.975754571665	20.339467754996
7	622	554.121867521129	20.272042876206
7	630	559.795969752154	20.718648413613
7	634	560.395760733037	20.803503159073
7	640	567.492138637957	20.69643103167
7	646	572.369268547897	20.607370255758
7	652	588.017218235401	20.321984685303
7	658	588.433298602411	20.31745179536
7	664	590.017183005079	20.349945008503
7	670	592.308107439339	20.334709125834
7	676	593.638215480027	20.380391563505
8	125	101.745380220322	21
8	133	127.122660034151	22
8	139	127.611952983696	23
8	143	127.968117775569	24
8	149	139.308058826602	25
8	155	143.408022296699	26
8	161	149.137275866135	27
8	167	162.538388234224	28
8	173	174.779021708385	29
8	179	187.994219901071	30
8	185	197.449220801503	31
8	193	211.333979152376	32
8	197	211.414128037779	33
8	203	218.724715575402	34
8	211	219.157843851998	35
8	215	219.192428461533	36
8	221	227.812305602609	37
8	227	237.073007932754	38
8	233	239.24331028985	39
8	241	242.352073364274	40
8	245	244.245746349222	41
8	251	245.34425757867	42
8	257	250.039757585643	43
8	265	254.340627416569	44
8	269	256.565192119901	45
8	275	268.764607718149	46
8	281	269.185840284794	47
8	287	273.116512999634	48
8	295	278.750568723457	49
8	299	278.987553866171	50
8	309	281.884393075101	51
8	313	282.084019788178	52
8	317	282.481995458176	53
8	323	290.756185291484	54
8	331	304.244387360828	55
8	335	307.282918349994	56
8	341	309.988235172015	57
8	347	314.902406581659	58
8	353	317.301047681898	59
8	359	318.236102821233	60
8	365	325.161747320714	61
8	373	332.240700412396	62
8	377	332.612852151478	63
8	383	345.768093309764	64
8	389	358.03521238672	65
8	395	359.858900692419	66
8	401	361.904971326575	67
8	407	366.543375125177	68
8	413	372.487548968015	69
8	419	373.742900435293	70
8	427	376.863973836223	71
8	431	377.994275079986	72
8	437	378.672029786394	73
8	443	405.688598275043	74
8	449	409.526004767244	75
8	459	411.600930678565	76
8	463	413.847885035169	77
8	467	415.738948565636	78
8	473	426.088477940642	79
8	481	448.582228161353	80
8	485	448.586364542578	81
8	491	456.949340784845	82
8	497	469.72082332702	83
8	503	475.634419035914	84
8	509	479.246055314177	85
8	515	481.887188903964	86
8	521	492.471189905758	87
8	527	493.380203860716	88
8	533	494.005183366844	89
8	539	496.732765480538	90
8	545	499.856407968422	91
8	551	511.44907377466	92
8	557	512.211514572296	93
8	563	516.081208602575	94
8	569	522.698029137826	95
8	577	526.631507969147	96
8	585	530.152645803456	97
8	589	532.163331733743	98
8	593	532.493623553264	99
8	601	541.946488668364	100
8	605	542.141948823542	101
8	611	544.571420189188	102
8	617	547.975754571665	103
8	623	554.121867521129	104
8	631	559.795969752154	105
8	635	560.395760733037	106
8	641	567.492138637957	107
8	647	572.369268547897	108
8	653	588.017218235401	109
8	659	588.433298602411	110
8	665	590.017183005079	111
8	671	592.308107439339	112
8	677	593.638215480027	113
9	125	101.745380220322	2.819932385501
9	133	127.122660034151	1.239604810858
9	139	127.611952983696	1.462314109353
9	143	127.968117775569	0.51795966098
9	149	139.308058826602	1.877147524778
9	155	143.408022296699	0.671217786078
9	161	149.137275866135	0.25438656222
9	167	162.538388234224	0.274002270747
9	173	174.779021708385	3.289413410777
9	179	187.994219901071	0.24227449039
9	185	197.449220801503	1.366406911721
9	193	211.333979152376	2.027638229973
9	197	211.414128037779	1.75585451322
9	203	218.724715575402	3.160089416259
9	211	219.157843851998	0.398949465998
9	215	219.192428461533	0.355684845108
9	221	227.812305602609	0.820328088416
9	227	237.073007932754	0.838672018129
9	233	239.24331028985	0.600345095819
9	241	242.352073364274	2.081412337461
9	245	244.245746349222	3.188420831907
9	251	245.34425757867	0.825611122607
9	257	250.039757585643	1.025678794176
9	265	254.340627416569	0.561891639889
9	269	256.565192119901	2.664295410537
9	275	268.764607718149	0.080985385688
9	281	269.185840284794	0.031359833436
9	287	273.116512999634	3.093860563001
9	295	278.750568723457	2.209301992987
9	299	278.987553866171	1.646019068496
9	309	281.884393075101	2.774769290089
9	313	282.084019788178	2.653493463307
9	317	282.481995458176	1.339299492586
9	323	290.756185291484	0.569178944004
9	331	304.244387360828	2.05944617519
9	335	307.282918349994	3.801243564064
9	341	309.988235172015	1.71924562002
9	347	314.902406581659	1.021334257181
9	353	317.301047681898	1.165078267224
9	359	318.236102821233	0.029350543193
9	365	325.161747320714	0.413895670804
9	373	332.240700412396	2.43646110614
9	377	332.612852151478	2.630367806098
9	383	345.768093309764	0.301783665931
9	389	358.03521238672	0.97954942867
9	395	359.858900692419	0.281974480142
9	401	361.904971326575	0.138100395701
9	407	366.543375125177	0.99588879991
9	413	372.487548968015	0.89520856316
9	419	373.742900435293	0.823952349424
9	427	376.863973836223	1.892389881206
9	431	377.994275079986	3.009248606956
9	437	378.672029786394	0.140448634905
9	443	405.688598275043	0.312322116315
9	449	409.526004767244	0.026595697017
9	459	411.600930678565	1.875222155189
9	463	413.847885035169	3.742431536426
9	467	415.738948565636	4.297102051554
9	473	426.088477940642	0.754518175989
9	481	448.582228161353	1.182783163305
9	485	448.586364542578	0.957476624591
9	491	456.949340784845	0.507181675737
9	497	469.72082332702	1.204515936761
9	503	475.634419035914	0.691882670174
9	509	479.246055314177	0.958164692174
9	515	481.887188903964	2.518344190502
9	521	492.471189905758	1.73953163518
9	527	493.380203860716	0.255514499491
9	533	494.005183366844	0.431966507833
9	539	496.732765480538	0.558855645108
9	545	499.856407968422	1.45670651094
9	551	511.44907377466	2.343588366035
9	557	512.211514572296	0.009252312898
9	563	516.081208602575	0.302058081766
9	569	522.698029137826	0.065923927388
9	577	526.631507969147	3.119998161105
9	585	530.152645803456	4.808563784854
9	589	532.163331733743	4.794107717256
9	593	532.493623553264	2.975299167178
9	601	541.946488668364	2.3641766318
9	605	542.141948823542	1.368952675094
9	611	544.571420189188	1.896359499069
9	617	547.975754571665	0.128689778739
9	623	554.121867521129	0.876470664016
9	631	559.795969752154	3.650336236209
9	635	560.395760733037	2.332866688202
9	641	567.492138637957	0.86866929595
9	647	572.369268547897	0.499635316483
9	653	588.017218235401	1.546514636904
9	659	588.433298602411	0.057882754651
9	665	590.017183005079	0.513520490857
9	671	592.308107439339	0.375958494269
9	677	593.638215480027	0.541662008914

