version 3
run ParameterStudy-286-20251202-16:20:05-1436
attr configname ParameterStudy
attr datetime 20251202-16:20:05
attr datetimef 20251202-162005
attr experiment ParameterStudy
attr inifile omnetpp.ini
attr iterationvars $betaProducer=6.7s
attr iterationvarsd betaProducer=6.7s
attr iterationvarsf betaProducer=6.7s-
attr measurement $betaProducer=6.7s
attr network queue_sim
attr processid 1436
attr repetition 1
attr replication #1
attr resultdir results
attr runnumber 286
attr seedset 286
itervar betaProducer 6.7s
config description "Parameter study: β_producer = 1s to 10s (0.1s steps), β_service = 1s, 5 repetitions"
config *.serviceUnit.meanServiceTime 1s
config *.producer.warmupPeriod 100s
config *.queue.warmupPeriod 100s
config *.serviceUnit.warmupPeriod 100s
config *.sink.warmupPeriod 100s
config *.producer.meanInterArrivalTime 6.7s
config network queue_sim
config sim-time-limit 600s
config warmup-period 100s
config repeat 5
config **.vector-recording true
config **.scalar-recording true
config debug-on-errors true

vector 0 queue_sim.producer jobGenerated:vector ETV
attr recordingmode vector
attr title "Jobs Generated"
vector 1 queue_sim.producer interArrivalTime:vector ETV
attr recordingmode vector
attr title "Inter-arrival Time"
attr unit s
vector 2 queue_sim.queue queueLength:vector ETV
attr recordingmode vector
attr title "Queue Length"
vector 3 queue_sim.queue queueingDelay:vector ETV
attr recordingmode vector
attr title "Queueing Delay"
attr unit s
vector 4 queue_sim.queue queueUtilization:vector ETV
attr recordingmode vector
attr title "Queue Utilization"
vector 5 queue_sim.queue systemSize:vector ETV
attr recordingmode vector
attr title "System Size"
vector 6 queue_sim.serviceUnit serviceTime:vector ETV
attr recordingmode vector
attr title "Service Time"
attr unit s
vector 7 queue_sim.serviceUnit utilization:vector ETV
attr recordingmode vector
attr title "Server Utilization"
vector 8 queue_sim.sink jobCompleted:vector ETV
attr recordingmode vector
attr title "Jobs Completed"
vector 9 queue_sim.sink totalDelay:vector ETV
attr recordingmode vector
attr title "Total System Delay"
attr unit s
0	109	109.691487738221	19
0	115	109.800072541926	20
0	118	109.879362165834	21
0	127	113.701152813913	22
0	133	118.707857330993	23
0	139	130.709181691136	24
0	145	133.49435717043	25
0	151	137.745903024149	26
0	157	145.371233399951	27
0	163	146.09368931782	28
0	169	158.914286412691	29
0	172	164.270368867683	30
0	181	173.12376985003	31
0	187	210.474453023966	32
0	193	215.579791876508	33
0	196	216.705568905123	34
0	205	217.633369215884	35
0	211	220.772745163066	36
0	217	222.793193612007	37
0	223	233.95315222144	38
0	229	244.389255243537	39
0	235	255.147089384355	40
0	241	271.173798123792	41
0	244	271.468972120286	42
0	246	272.579289379356	43
0	248	272.737328174926	44
0	265	280.778602219216	45
0	271	286.616004173112	46
0	277	291.86995069494	47
0	283	292.783946643318	48
0	286	293.056752961006	49
0	295	301.590129973363	50
0	301	305.05945934939	51
0	307	308.328961316268	52
0	313	309.981913610153	53
0	319	311.97853427027	54
0	325	315.230855453239	55
0	331	320.003842085094	56
0	337	354.697132044653	57
0	343	366.51014091603	58
0	349	372.529953121452	59
0	352	373.903416173168	60
0	361	376.681017765929	61
0	367	384.002826678083	62
0	373	391.589687028995	63
0	379	405.117860838356	64
0	385	414.365722511064	65
0	391	420.35119893727	66
0	397	428.578650816567	67
0	403	443.272826433393	68
0	409	455.591236079249	69
0	415	456.125379024115	70
0	421	458.316293202755	71
0	424	460.127432537338	72
0	433	482.303728809581	73
0	439	483.374388584904	74
0	442	484.079380183547	75
0	451	495.641939539006	76
0	457	510.309833567956	77
0	463	513.710830842426	78
0	466	514.579262613234	79
0	475	516.978285988331	80
0	478	517.27180204022	81
0	487	548.263246971927	82
0	493	555.581533294676	83
0	499	557.1774899656	84
0	505	574.579434216931	85
0	508	575.507371517444	86
0	517	578.727903613092	87
0	523	583.361093475729	88
1	109	109.691487738221	0.10858480370519
1	115	109.800072541926	0.079289623908373
1	118	109.879362165834	3.8217906480791
1	127	113.701152813913	5.0067045170801
1	133	118.707857330993	12.001324360143
1	139	130.709181691136	2.7851754792935
1	145	133.49435717043	4.2515458537193
1	151	137.745903024149	7.6253303758019
1	157	145.371233399951	0.72245591786899
1	163	146.09368931782	12.820597094871
1	169	158.914286412691	5.3560824549918
1	172	164.270368867683	8.8534009823474
1	181	173.12376985003	37.350683173936
1	187	210.474453023966	5.1053388525419
1	193	215.579791876508	1.1257770286152
1	196	216.705568905123	0.92780031076107
1	205	217.633369215884	3.1393759471819
1	211	220.772745163066	2.0204484489411
1	217	222.793193612007	11.159958609433
1	223	233.95315222144	10.436103022097
1	229	244.389255243537	10.757834140818
1	235	255.147089384355	16.026708739437
1	241	271.173798123792	0.295173996494
1	244	271.468972120286	1.1103172590696
1	246	272.579289379356	0.15803879557011
1	248	272.737328174926	8.0412740442904
1	265	280.778602219216	5.8374019538962
1	271	286.616004173112	5.2539465218285
1	277	291.86995069494	0.9139959483777
1	283	292.783946643318	0.2728063176878
1	286	293.056752961006	8.5333770123569
1	295	301.590129973363	3.4693293760268
1	301	305.05945934939	3.2695019668784
1	307	308.328961316268	1.6529522938851
1	313	309.981913610153	1.9966206601173
1	319	311.97853427027	3.2523211829689
1	325	315.230855453239	4.7729866318547
1	331	320.003842085094	34.693289959559
1	337	354.697132044653	11.813008871377
1	343	366.51014091603	6.0198122054217
1	349	372.529953121452	1.3734630517162
1	352	373.903416173168	2.7776015927611
1	361	376.681017765929	7.3218089121544
1	367	384.002826678083	7.5868603509122
1	373	391.589687028995	13.528173809361
1	379	405.117860838356	9.2478616727081
1	385	414.365722511064	5.9854764262064
1	391	420.35119893727	8.2274518792973
1	397	428.578650816567	14.694175616826
1	403	443.272826433393	12.318409645856
1	409	455.591236079249	0.53414294486611
1	415	456.125379024115	2.1909141786401
1	421	458.316293202755	1.8111393345835
1	424	460.127432537338	22.176296272243
1	433	482.303728809581	1.0706597753232
1	439	483.374388584904	0.70499159864286
1	442	484.079380183547	11.562559355459
1	451	495.641939539006	14.66789402895
1	457	510.309833567956	3.4009972744699
1	463	513.710830842426	0.86843177080769
1	466	514.579262613234	2.3990233750968
1	475	516.978285988331	0.29351605188878
1	478	517.27180204022	30.991444931707
1	487	548.263246971927	7.3182863227491
1	493	555.581533294676	1.5959566709241
1	499	557.1774899656	17.401944251331
1	505	574.579434216931	0.92793730051255
1	508	575.507371517444	3.2205320956478
1	517	578.727903613092	4.6331898626373
1	523	583.361093475729	28.823144452782
2	110	109.691487738221	1
2	110	109.691487738221	0
2	116	109.800072541926	1
2	116	109.800072541926	0
2	119	109.879362165834	1
2	122	110.119709466991	0
2	128	113.701152813913	1
2	128	113.701152813913	0
2	134	118.707857330993	1
2	134	118.707857330993	0
2	140	130.709181691136	1
2	140	130.709181691136	0
2	146	133.49435717043	1
2	146	133.49435717043	0
2	152	137.745903024149	1
2	152	137.745903024149	0
2	158	145.371233399951	1
2	158	145.371233399951	0
2	164	146.09368931782	1
2	164	146.09368931782	0
2	170	158.914286412691	1
2	170	158.914286412691	0
2	173	164.270368867683	1
2	176	165.337696678345	0
2	182	173.12376985003	1
2	182	173.12376985003	0
2	188	210.474453023966	1
2	188	210.474453023966	0
2	194	215.579791876508	1
2	194	215.579791876508	0
2	197	216.705568905123	1
2	200	216.754619427208	0
2	206	217.633369215884	1
2	206	217.633369215884	0
2	212	220.772745163066	1
2	212	220.772745163066	0
2	218	222.793193612007	1
2	218	222.793193612007	0
2	224	233.95315222144	1
2	224	233.95315222144	0
2	230	244.389255243537	1
2	230	244.389255243537	0
2	236	255.147089384355	1
2	236	255.147089384355	0
2	242	271.173798123792	1
2	242	271.173798123792	0
2	245	271.468972120286	1
2	247	272.579289379356	2
2	249	272.737328174926	3
2	252	272.834756123867	2
2	256	272.95971092219	1
2	260	273.38074163271	0
2	266	280.778602219216	1
2	266	280.778602219216	0
2	272	286.616004173112	1
2	272	286.616004173112	0
2	278	291.86995069494	1
2	278	291.86995069494	0
2	284	292.783946643318	1
2	284	292.783946643318	0
2	287	293.056752961006	1
2	290	293.681739111848	0
2	296	301.590129973363	1
2	296	301.590129973363	0
2	302	305.05945934939	1
2	302	305.05945934939	0
2	308	308.328961316268	1
2	308	308.328961316268	0
2	314	309.981913610153	1
2	314	309.981913610153	0
2	320	311.97853427027	1
2	320	311.97853427027	0
2	326	315.230855453239	1
2	326	315.230855453239	0
2	332	320.003842085094	1
2	332	320.003842085094	0
2	338	354.697132044653	1
2	338	354.697132044653	0
2	344	366.51014091603	1
2	344	366.51014091603	0
2	350	372.529953121452	1
2	350	372.529953121452	0
2	353	373.903416173168	1
2	356	375.223770366258	0
2	362	376.681017765929	1
2	362	376.681017765929	0
2	368	384.002826678083	1
2	368	384.002826678083	0
2	374	391.589687028995	1
2	374	391.589687028995	0
2	380	405.117860838356	1
2	380	405.117860838356	0
2	386	414.365722511064	1
2	386	414.365722511064	0
2	392	420.35119893727	1
2	392	420.35119893727	0
2	398	428.578650816567	1
2	398	428.578650816567	0
2	404	443.272826433393	1
2	404	443.272826433393	0
2	410	455.591236079249	1
2	410	455.591236079249	0
2	416	456.125379024115	1
2	416	456.125379024115	0
2	422	458.316293202755	1
2	422	458.316293202755	0
2	425	460.127432537338	1
2	428	460.45640057533	0
2	434	482.303728809581	1
2	434	482.303728809581	0
2	440	483.374388584904	1
2	440	483.374388584904	0
2	443	484.079380183547	1
2	446	485.080646251094	0
2	452	495.641939539006	1
2	452	495.641939539006	0
2	458	510.309833567956	1
2	458	510.309833567956	0
2	464	513.710830842426	1
2	464	513.710830842426	0
2	467	514.579262613234	1
2	470	515.714007357187	0
2	476	516.978285988331	1
2	476	516.978285988331	0
2	479	517.27180204022	1
2	482	518.233679949763	0
2	488	548.263246971927	1
2	488	548.263246971927	0
2	494	555.581533294676	1
2	494	555.581533294676	0
2	500	557.1774899656	1
2	500	557.1774899656	0
2	506	574.579434216931	1
2	506	574.579434216931	0
2	509	575.507371517444	1
2	512	576.033095063836	0
2	518	578.727903613092	1
2	518	578.727903613092	0
2	524	583.361093475729	1
2	524	583.361093475729	0
3	110	109.691487738221	0
3	116	109.800072541926	0
3	122	110.119709466991	0.240347301157
3	128	113.701152813913	0
3	134	118.707857330993	0
3	140	130.709181691136	0
3	146	133.49435717043	0
3	152	137.745903024149	0
3	158	145.371233399951	0
3	164	146.09368931782	0
3	170	158.914286412691	0
3	176	165.337696678345	1.067327810662
3	182	173.12376985003	0
3	188	210.474453023966	0
3	194	215.579791876508	0
3	200	216.754619427208	0.049050522085
3	206	217.633369215884	0
3	212	220.772745163066	0
3	218	222.793193612007	0
3	224	233.95315222144	0
3	230	244.389255243537	0
3	236	255.147089384355	0
3	242	271.173798123792	0
3	252	272.834756123867	1.365784003581
3	256	272.95971092219	0.380421542834
3	260	273.38074163271	0.643413457784
3	266	280.778602219216	0
3	272	286.616004173112	0
3	278	291.86995069494	0
3	284	292.783946643318	0
3	290	293.681739111848	0.624986150842
3	296	301.590129973363	0
3	302	305.05945934939	0
3	308	308.328961316268	0
3	314	309.981913610153	0
3	320	311.97853427027	0
3	326	315.230855453239	0
3	332	320.003842085094	0
3	338	354.697132044653	0
3	344	366.51014091603	0
3	350	372.529953121452	0
3	356	375.223770366258	1.32035419309
3	362	376.681017765929	0
3	368	384.002826678083	0
3	374	391.589687028995	0
3	380	405.117860838356	0
3	386	414.365722511064	0
3	392	420.35119893727	0
3	398	428.578650816567	0
3	404	443.272826433393	0
3	410	455.591236079249	0
3	416	456.125379024115	0
3	422	458.316293202755	0
3	428	460.45640057533	0.328968037992
3	434	482.303728809581	0
3	440	483.374388584904	0
3	446	485.080646251094	1.001266067547
3	452	495.641939539006	0
3	458	510.309833567956	0
3	464	513.710830842426	0
3	470	515.714007357187	1.134744743953
3	476	516.978285988331	0
3	482	518.233679949763	0.961877909543
3	488	548.263246971927	0
3	494	555.581533294676	0
3	500	557.1774899656	0
3	506	574.579434216931	0
3	512	576.033095063836	0.525723546392
3	518	578.727903613092	0
3	524	583.361093475729	0
4	529	600	0.018332831591374
5	110	109.691487738221	1
5	110	109.691487738221	1
5	114	109.707554264777	0
5	116	109.800072541926	1
5	116	109.800072541926	1
5	119	109.879362165834	2
5	122	110.119709466991	1
5	122	110.119709466991	1
5	126	111.663001398313	0
5	128	113.701152813913	1
5	128	113.701152813913	1
5	132	114.30057811794	0
5	134	118.707857330993	1
5	134	118.707857330993	1
5	138	120.247937489212	0
5	140	130.709181691136	1
5	140	130.709181691136	1
5	144	130.877734309294	0
5	146	133.49435717043	1
5	146	133.49435717043	1
5	150	135.239389678892	0
5	152	137.745903024149	1
5	152	137.745903024149	1
5	156	140.065858408752	0
5	158	145.371233399951	1
5	158	145.371233399951	1
5	162	145.684540781027	0
5	164	146.09368931782	1
5	164	146.09368931782	1
5	168	146.292465059117	0
5	170	158.914286412691	1
5	170	158.914286412691	1
5	173	164.270368867683	2
5	176	165.337696678345	1
5	176	165.337696678345	1
5	180	167.188757852503	0
5	182	173.12376985003	1
5	182	173.12376985003	1
5	186	173.238739814041	0
5	188	210.474453023966	1
5	188	210.474453023966	1
5	192	210.592705593492	0
5	194	215.579791876508	1
5	194	215.579791876508	1
5	197	216.705568905123	2
5	200	216.754619427208	1
5	200	216.754619427208	1
5	204	217.42337675137	0
5	206	217.633369215884	1
5	206	217.633369215884	1
5	210	217.882414701088	0
5	212	220.772745163066	1
5	212	220.772745163066	1
5	216	221.423644064224	0
5	218	222.793193612007	1
5	218	222.793193612007	1
5	222	223.187331154367	0
5	224	233.95315222144	1
5	224	233.95315222144	1
5	228	234.270700918922	0
5	230	244.389255243537	1
5	230	244.389255243537	1
5	234	245.295660946225	0
5	236	255.147089384355	1
5	236	255.147089384355	1
5	240	255.896560536721	0
5	242	271.173798123792	1
5	242	271.173798123792	1
5	245	271.468972120286	2
5	247	272.579289379356	3
5	249	272.737328174926	4
5	252	272.834756123867	3
5	252	272.834756123867	3
5	256	272.95971092219	2
5	256	272.95971092219	2
5	260	273.38074163271	1
5	260	273.38074163271	1
5	264	273.872895669387	0
5	266	280.778602219216	1
5	266	280.778602219216	1
5	270	281.253747075408	0
5	272	286.616004173112	1
5	272	286.616004173112	1
5	276	286.968494054356	0
5	278	291.86995069494	1
5	278	291.86995069494	1
5	282	292.160502051223	0
5	284	292.783946643318	1
5	284	292.783946643318	1
5	287	293.056752961006	2
5	290	293.681739111848	1
5	290	293.681739111848	1
5	294	295.460473231731	0
5	296	301.590129973363	1
5	296	301.590129973363	1
5	300	302.554399462761	0
5	302	305.05945934939	1
5	302	305.05945934939	1
5	306	305.52778197931	0
5	308	308.328961316268	1
5	308	308.328961316268	1
5	312	308.948756884485	0
5	314	309.981913610153	1
5	314	309.981913610153	1
5	318	310.700569392261	0
5	320	311.97853427027	1
5	320	311.97853427027	1
5	324	313.988619069155	0
5	326	315.230855453239	1
5	326	315.230855453239	1
5	330	315.320787309138	0
5	332	320.003842085094	1
5	332	320.003842085094	1
5	336	320.025489938283	0
5	338	354.697132044653	1
5	338	354.697132044653	1
5	342	354.858517070132	0
5	344	366.51014091603	1
5	344	366.51014091603	1
5	348	367.950815907047	0
5	350	372.529953121452	1
5	350	372.529953121452	1
5	353	373.903416173168	2
5	356	375.223770366258	1
5	356	375.223770366258	1
5	360	375.564539899843	0
5	362	376.681017765929	1
5	362	376.681017765929	1
5	366	378.651235478742	0
5	368	384.002826678083	1
5	368	384.002826678083	1
5	372	386.358386763858	0
5	374	391.589687028995	1
5	374	391.589687028995	1
5	378	391.918406403774	0
5	380	405.117860838356	1
5	380	405.117860838356	1
5	384	405.525326366193	0
5	386	414.365722511064	1
5	386	414.365722511064	1
5	390	414.860594196382	0
5	392	420.35119893727	1
5	392	420.35119893727	1
5	396	420.63819814948	0
5	398	428.578650816567	1
5	398	428.578650816567	1
5	402	428.763855608583	0
5	404	443.272826433393	1
5	404	443.272826433393	1
5	408	444.139235372692	0
5	410	455.591236079249	1
5	410	455.591236079249	1
5	414	455.648080823129	0
5	416	456.125379024115	1
5	416	456.125379024115	1
5	420	456.365590666382	0
5	422	458.316293202755	1
5	422	458.316293202755	1
5	425	460.127432537338	2
5	428	460.45640057533	1
5	428	460.45640057533	1
5	432	460.658756557549	0
5	434	482.303728809581	1
5	434	482.303728809581	1
5	438	482.958051386437	0
5	440	483.374388584904	1
5	440	483.374388584904	1
5	443	484.079380183547	2
5	446	485.080646251094	1
5	446	485.080646251094	1
5	450	485.565196828592	0
5	452	495.641939539006	1
5	452	495.641939539006	1
5	456	495.87694809199	0
5	458	510.309833567956	1
5	458	510.309833567956	1
5	462	511.174117600788	0
5	464	513.710830842426	1
5	464	513.710830842426	1
5	467	514.579262613234	2
5	470	515.714007357187	1
5	470	515.714007357187	1
5	474	516.404243037473	0
5	476	516.978285988331	1
5	476	516.978285988331	1
5	479	517.27180204022	2
5	482	518.233679949763	1
5	482	518.233679949763	1
5	486	519.266257739876	0
5	488	548.263246971927	1
5	488	548.263246971927	1
5	492	548.572194887753	0
5	494	555.581533294676	1
5	494	555.581533294676	1
5	498	555.694137502452	0
5	500	557.1774899656	1
5	500	557.1774899656	1
5	504	557.673565519273	0
5	506	574.579434216931	1
5	506	574.579434216931	1
5	509	575.507371517444	2
5	512	576.033095063836	1
5	512	576.033095063836	1
5	516	576.074118871136	0
5	518	578.727903613092	1
5	518	578.727903613092	1
5	522	578.885460422013	0
5	524	583.361093475729	1
5	524	583.361093475729	1
5	528	586.362048202244	0
6	111	109.691487738221	0.016066526555883
6	117	109.800072541926	0.319636925065
6	123	110.119709466991	1.5432919313219
6	129	113.701152813913	0.59942530402674
6	135	118.707857330993	1.5400801582191
6	141	130.709181691136	0.16855261815762
6	147	133.49435717043	1.745032508462
6	153	137.745903024149	2.3199553846034
6	159	145.371233399951	0.31330738107597
6	165	146.09368931782	0.19877574129723
6	171	158.914286412691	6.4234102656536
6	177	165.337696678345	1.8510611741583
6	183	173.12376985003	0.11496996401136
6	189	210.474453023966	0.11825256952605
6	195	215.579791876508	1.1748275507002
6	201	216.754619427208	0.66875732416156
6	207	217.633369215884	0.24904548520433
6	213	220.772745163066	0.65089890115818
6	219	222.793193612007	0.39413754235974
6	225	233.95315222144	0.317548697482
6	231	244.389255243537	0.90640570268788
6	237	255.147089384355	0.74947115236594
6	243	271.173798123792	1.6609580000749
6	253	272.834756123867	0.12495479832296
6	257	272.95971092219	0.42103071051994
6	261	273.38074163271	0.49215403667676
6	267	280.778602219216	0.47514485619226
6	273	286.616004173112	0.35248988124359
6	279	291.86995069494	0.29055135628283
6	285	292.783946643318	0.89779246853026
6	291	293.681739111848	1.7787341198827
6	297	301.590129973363	0.96426948939821
6	303	305.05945934939	0.46832262992023
6	309	308.328961316268	0.61979556821709
6	315	309.981913610153	0.71865578210804
6	321	311.97853427027	2.0100847988851
6	327	315.230855453239	0.08993185589856
6	333	320.003842085094	0.021647853188879
6	339	354.697132044653	0.16138502547896
6	345	366.51014091603	1.4406749910172
6	351	372.529953121452	2.6938172448058
6	357	375.223770366258	0.34076953358545
6	363	376.681017765929	1.9702177128133
6	369	384.002826678083	2.3555600857747
6	375	391.589687028995	0.32871937477893
6	381	405.117860838356	0.40746552783687
6	387	414.365722511064	0.49487168531789
6	393	420.35119893727	0.2869992122104
6	399	428.578650816567	0.18520479201568
6	405	443.272826433393	0.86640893929949
6	411	455.591236079249	0.056844743880194
6	417	456.125379024115	0.2402116422674
6	423	458.316293202755	2.1401073725753
6	429	460.45640057533	0.20235598221933
6	435	482.303728809581	0.6543225768564
6	441	483.374388584904	1.7062576661901
6	447	485.080646251094	0.4845505774983
6	453	495.641939539006	0.23500855298374
6	459	510.309833567956	0.86428403283175
6	465	513.710830842426	2.0031765147605
6	471	515.714007357187	0.69023568028616
6	477	516.978285988331	1.2553939614322
6	483	518.233679949763	1.0325777901133
6	489	548.263246971927	0.30894791582633
6	495	555.581533294676	0.11260420777586
6	501	557.1774899656	0.49607555367344
6	507	574.579434216931	1.4536608469046
6	513	576.033095063836	0.041023807300489
6	519	578.727903613092	0.15755680892114
6	525	583.361093475729	3.0009547265152
7	112	109.707554264777	20.254200585172
7	120	110.119709466991	20.46865645763
7	124	111.663001398313	21.567857439505
7	130	114.30057811794	21.594590915209
7	136	120.247937489212	21.80729496409
7	142	130.877734309294	20.164908243518
7	148	135.239389678892	20.804890949252
7	154	140.065858408752	21.744316047991
7	160	145.684540781027	21.120751827097
7	166	146.292465059117	21.168859269402
7	174	165.337696678345	22.615445277734
7	178	167.188757852503	23.472222650602
7	184	173.238739814041	22.718871942946
7	190	210.592705593492	18.74525516551
7	198	216.754619427208	18.754371962902
7	202	217.42337675137	19.004269695234
7	208	217.882414701088	19.078533914977
7	214	221.423644064224	19.067371717733
7	220	223.187331154367	19.093291096152
7	226	234.270700918922	18.325533391978
7	232	245.295660946225	17.871396933033
7	238	255.896560536721	17.423927967634
7	250	272.834756123867	16.950989322874
7	254	272.95971092219	16.98900728657
7	258	273.38074163271	17.116851614719
7	262	273.872895669387	17.265793977017
7	268	281.253747075408	16.98163145487
7	274	286.968494054356	16.766288167331
7	280	292.160502051223	16.567782324799
7	288	293.681739111848	16.787665667098
7	292	295.460473231731	17.288621401224
7	298	302.554399462761	17.201968369692
7	304	305.52778197931	17.187842750802
7	310	308.948756884485	17.198136943694
7	316	310.700569392261	17.332470996844
7	322	313.988619069155	17.791145119029
7	328	315.320787309138	17.74450178474
7	334	320.025489938283	17.490403841178
7	340	354.858517070132	15.819018823014
7	346	367.950815907047	15.647692058918
7	354	375.223770366258	16.062316038077
7	358	375.564539899843	16.138477129914
7	364	378.651235478742	16.527244395094
7	370	386.358386763858	16.807238409472
7	376	391.918406403774	16.65267399713
7	382	405.525326366193	16.194391770664
7	388	414.860594196382	15.949268909113
7	394	420.63819814948	15.798429926452
7	400	428.763855608583	15.542223277184
7	406	444.139235372692	15.199252696782
7	412	455.648080823129	14.827822676588
7	418	456.365590666382	14.857145780205
7	426	460.45640057533	15.189930768945
7	430	460.658756557549	15.227185731794
7	436	482.958051386437	14.659593483202
7	444	485.080646251094	14.947193885015
7	448	485.565196828592	15.032068967888
7	454	495.87694809199	14.766869907156
7	460	511.174117600788	14.494041326836
7	468	515.714007357187	14.75487640172
7	472	516.404243037473	14.86881664654
7	480	518.233679949763	15.058572422617
7	484	519.266257739876	15.227481205481
7	490	548.572194887753	14.470314109852
7	496	555.694137502452	14.305121929956
7	502	557.673565519273	14.343301247664
7	510	576.033095063836	14.138503677275
7	514	576.074118871136	14.144618108325
7	520	578.885460422013	14.1031424221
7	526	586.362048202244	14.435108126484
8	113	109.707554264777	19
8	121	110.119709466991	20
8	125	111.663001398313	21
8	131	114.30057811794	22
8	137	120.247937489212	23
8	143	130.877734309294	24
8	149	135.239389678892	25
8	155	140.065858408752	26
8	161	145.684540781027	27
8	167	146.292465059117	28
8	175	165.337696678345	29
8	179	167.188757852503	30
8	185	173.238739814041	31
8	191	210.592705593492	32
8	199	216.754619427208	33
8	203	217.42337675137	34
8	209	217.882414701088	35
8	215	221.423644064224	36
8	221	223.187331154367	37
8	227	234.270700918922	38
8	233	245.295660946225	39
8	239	255.896560536721	40
8	251	272.834756123867	41
8	255	272.95971092219	42
8	259	273.38074163271	43
8	263	273.872895669387	44
8	269	281.253747075408	45
8	275	286.968494054356	46
8	281	292.160502051223	47
8	289	293.681739111848	48
8	293	295.460473231731	49
8	299	302.554399462761	50
8	305	305.52778197931	51
8	311	308.948756884485	52
8	317	310.700569392261	53
8	323	313.988619069155	54
8	329	315.320787309138	55
8	335	320.025489938283	56
8	341	354.858517070132	57
8	347	367.950815907047	58
8	355	375.223770366258	59
8	359	375.564539899843	60
8	365	378.651235478742	61
8	371	386.358386763858	62
8	377	391.918406403774	63
8	383	405.525326366193	64
8	389	414.860594196382	65
8	395	420.63819814948	66
8	401	428.763855608583	67
8	407	444.139235372692	68
8	413	455.648080823129	69
8	419	456.365590666382	70
8	427	460.45640057533	71
8	431	460.658756557549	72
8	437	482.958051386437	73
8	445	485.080646251094	74
8	449	485.565196828592	75
8	455	495.87694809199	76
8	461	511.174117600788	77
8	469	515.714007357187	78
8	473	516.404243037473	79
8	481	518.233679949763	80
8	485	519.266257739876	81
8	491	548.572194887753	82
8	497	555.694137502452	83
8	503	557.673565519273	84
8	511	576.033095063836	85
8	515	576.074118871136	86
8	521	578.885460422013	87
8	527	586.362048202244	88
9	113	109.707554264777	0.016066526556
9	121	110.119709466991	0.319636925065
9	125	111.663001398313	1.783639232479
9	131	114.30057811794	0.599425304027
9	137	120.247937489212	1.540080158219
9	143	130.877734309294	0.168552618158
9	149	135.239389678892	1.745032508462
9	155	140.065858408752	2.319955384603
9	161	145.684540781027	0.313307381076
9	167	146.292465059117	0.198775741297
9	175	165.337696678345	6.423410265654
9	179	167.188757852503	2.91838898482
9	185	173.238739814041	0.114969964011
9	191	210.592705593492	0.118252569526
9	199	216.754619427208	1.1748275507
9	203	217.42337675137	0.717807846247
9	209	217.882414701088	0.249045485204
9	215	221.423644064224	0.650898901158
9	221	223.187331154367	0.39413754236
9	227	234.270700918922	0.317548697482
9	233	245.295660946225	0.906405702688
9	239	255.896560536721	0.749471152366
9	251	272.834756123867	1.660958000075
9	255	272.95971092219	1.490738801904
9	259	273.38074163271	0.801452253354
9	263	273.872895669387	1.135567494461
9	269	281.253747075408	0.475144856192
9	275	286.968494054356	0.352489881244
9	281	292.160502051223	0.290551356283
9	289	293.681739111848	0.89779246853
9	293	295.460473231731	2.403720270725
9	299	302.554399462761	0.964269489398
9	305	305.52778197931	0.46832262992
9	311	308.948756884485	0.619795568217
9	317	310.700569392261	0.718655782108
9	323	313.988619069155	2.010084798885
9	329	315.320787309138	0.089931855899
9	335	320.025489938283	0.021647853189
9	341	354.858517070132	0.161385025479
9	347	367.950815907047	1.440674991017
9	355	375.223770366258	2.693817244806
9	359	375.564539899843	1.661123726675
9	365	378.651235478742	1.970217712813
9	371	386.358386763858	2.355560085775
9	377	391.918406403774	0.328719374779
9	383	405.525326366193	0.407465527837
9	389	414.860594196382	0.494871685318
9	395	420.63819814948	0.28699921221
9	401	428.763855608583	0.185204792016
9	407	444.139235372692	0.866408939299
9	413	455.648080823129	0.05684474388
9	419	456.365590666382	0.240211642267
9	427	460.45640057533	2.140107372575
9	431	460.658756557549	0.531324020211
9	437	482.958051386437	0.654322576856
9	445	485.080646251094	1.70625766619
9	449	485.565196828592	1.485816645045
9	455	495.87694809199	0.235008552984
9	461	511.174117600788	0.864284032832
9	469	515.714007357187	2.003176514761
9	473	516.404243037473	1.824980424239
9	481	518.233679949763	1.255393961432
9	485	519.266257739876	1.994455699656
9	491	548.572194887753	0.308947915826
9	497	555.694137502452	0.112604207776
9	503	557.673565519273	0.496075553673
9	511	576.033095063836	1.453660846905
9	515	576.074118871136	0.566747353692
9	521	578.885460422013	0.157556808921
9	527	586.362048202244	3.000954726515

