version 3
run ParameterStudy-366-20251202-16:20:06-1436
attr configname ParameterStudy
attr datetime 20251202-16:20:06
attr datetimef 20251202-162006
attr experiment ParameterStudy
attr inifile omnetpp.ini
attr iterationvars $betaProducer=8.3s
attr iterationvarsd betaProducer=8.3s
attr iterationvarsf betaProducer=8.3s-
attr measurement $betaProducer=8.3s
attr network queue_sim
attr processid 1436
attr repetition 1
attr replication #1
attr resultdir results
attr runnumber 366
attr seedset 366
itervar betaProducer 8.3s
config description "Parameter study: β_producer = 1s to 10s (0.1s steps), β_service = 1s, 5 repetitions"
config *.serviceUnit.meanServiceTime 1s
config *.producer.warmupPeriod 100s
config *.queue.warmupPeriod 100s
config *.serviceUnit.warmupPeriod 100s
config *.sink.warmupPeriod 100s
config *.producer.meanInterArrivalTime 8.3s
config network queue_sim
config sim-time-limit 600s
config warmup-period 100s
config repeat 5
config **.vector-recording true
config **.scalar-recording true
config debug-on-errors true

vector 0 queue_sim.producer jobGenerated:vector ETV
attr recordingmode vector
attr title "Jobs Generated"
vector 1 queue_sim.producer interArrivalTime:vector ETV
attr recordingmode vector
attr title "Inter-arrival Time"
attr unit s
vector 2 queue_sim.queue queueLength:vector ETV
attr recordingmode vector
attr title "Queue Length"
vector 3 queue_sim.queue queueingDelay:vector ETV
attr recordingmode vector
attr title "Queueing Delay"
attr unit s
vector 4 queue_sim.queue queueUtilization:vector ETV
attr recordingmode vector
attr title "Queue Utilization"
vector 5 queue_sim.queue systemSize:vector ETV
attr recordingmode vector
attr title "System Size"
vector 6 queue_sim.serviceUnit serviceTime:vector ETV
attr recordingmode vector
attr title "Service Time"
attr unit s
vector 7 queue_sim.serviceUnit utilization:vector ETV
attr recordingmode vector
attr title "Server Utilization"
vector 8 queue_sim.sink jobCompleted:vector ETV
attr recordingmode vector
attr title "Jobs Completed"
vector 9 queue_sim.sink totalDelay:vector ETV
attr recordingmode vector
attr title "Total System Delay"
attr unit s
0	67	101.773397451974	12
0	73	103.713307084144	13
0	79	106.55961526073	14
0	85	164.404333683774	15
0	91	165.324813572783	16
0	97	177.16548760528	17
0	103	188.028134080095	18
0	109	196.100193555214	19
0	115	201.50665087752	20
0	121	218.448353605407	21
0	127	221.347726112673	22
0	133	257.504419075671	23
0	136	258.296010434583	24
0	138	258.986231901783	25
0	151	275.80164085822	26
0	157	281.759360423375	27
0	163	283.089498627295	28
0	169	297.121152833844	29
0	175	302.21914967859	30
0	181	302.692603938615	31
0	187	315.194685930447	32
0	190	315.215544064004	33
0	199	321.419304105155	34
0	202	322.575339092884	35
0	211	330.108370399798	36
0	217	337.433421673193	37
0	223	341.995988405993	38
0	229	354.876147343083	39
0	235	364.666346873213	40
0	241	368.696359583882	41
0	247	370.529711410986	42
0	253	372.15637525522	43
0	259	383.771623705707	44
0	265	385.439295456311	45
0	271	386.796828517592	46
0	277	388.109042041373	47
0	283	399.815005028832	48
0	289	407.357952723924	49
0	295	408.102568179473	50
0	301	417.919725616929	51
0	307	432.569209321104	52
0	313	452.092205422378	53
0	319	460.853467720991	54
0	325	464.806011321314	55
0	331	484.197498308242	56
0	337	485.418498847621	57
0	343	493.070579111344	58
0	349	499.728218922054	59
0	355	531.894354508005	60
0	361	537.26427388306	61
0	367	541.389589849886	62
0	373	542.633952438135	63
0	379	554.152105256755	64
0	385	557.432493120093	65
0	391	568.91009938195	66
0	397	575.391293905378	67
0	403	589.246974095073	68
0	409	594.750583789414	69
0	412	595.506312687348	70
1	67	101.773397451974	1.9399096321699
1	73	103.713307084144	2.8463081765858
1	79	106.55961526073	57.844718423044
1	85	164.404333683774	0.92047988900903
1	91	165.324813572783	11.840674032497
1	97	177.16548760528	10.862646474815
1	103	188.028134080095	8.0720594751187
1	109	196.100193555214	5.4064573223058
1	115	201.50665087752	16.941702727887
1	121	218.448353605407	2.8993725072657
1	127	221.347726112673	36.156692962998
1	133	257.504419075671	0.79159135891209
1	136	258.296010434583	0.69022146720009
1	138	258.986231901783	16.815408956437
1	151	275.80164085822	5.9577195651547
1	157	281.759360423375	1.3301382039204
1	163	283.089498627295	14.031654206549
1	169	297.121152833844	5.0979968447461
1	175	302.21914967859	0.4734542600251
1	181	302.692603938615	12.502081991832
1	187	315.194685930447	0.02085813355659
1	190	315.215544064004	6.2037600411513
1	199	321.419304105155	1.1560349877292
1	202	322.575339092884	7.5330313069145
1	211	330.108370399798	7.3250512733953
1	217	337.433421673193	4.5625667327999
1	223	341.995988405993	12.88015893709
1	229	354.876147343083	9.7901995301303
1	235	364.666346873213	4.030012710669
1	241	368.696359583882	1.8333518271043
1	247	370.529711410986	1.6266638442344
1	253	372.15637525522	11.615248450487
1	259	383.771623705707	1.667671750604
1	265	385.439295456311	1.3575330612815
1	271	386.796828517592	1.312213523781
1	277	388.109042041373	11.705962987459
1	283	399.815005028832	7.5429476950922
1	289	407.357952723924	0.74461545554871
1	295	408.102568179473	9.8171574374558
1	301	417.919725616929	14.649483704175
1	307	432.569209321104	19.522996101274
1	313	452.092205422378	8.7612622986127
1	319	460.853467720991	3.9525436003229
1	325	464.806011321314	19.391486986928
1	331	484.197498308242	1.2210005393791
1	337	485.418498847621	7.6520802637231
1	343	493.070579111344	6.6576398107096
1	349	499.728218922054	32.166135585951
1	355	531.894354508005	5.3699193750547
1	361	537.26427388306	4.1253159668259
1	367	541.389589849886	1.2443625882491
1	373	542.633952438135	11.51815281862
1	379	554.152105256755	3.280387863338
1	385	557.432493120093	11.477606261857
1	391	568.91009938195	6.4811945234284
1	397	575.391293905378	13.855680189695
1	403	589.246974095073	5.5036096943407
1	409	594.750583789414	0.75572889793364
1	412	595.506312687348	6.7338587236506
2	68	101.773397451974	1
2	68	101.773397451974	0
2	74	103.713307084144	1
2	74	103.713307084144	0
2	80	106.55961526073	1
2	80	106.55961526073	0
2	86	164.404333683774	1
2	86	164.404333683774	0
2	92	165.324813572783	1
2	92	165.324813572783	0
2	98	177.16548760528	1
2	98	177.16548760528	0
2	104	188.028134080095	1
2	104	188.028134080095	0
2	110	196.100193555214	1
2	110	196.100193555214	0
2	116	201.50665087752	1
2	116	201.50665087752	0
2	122	218.448353605407	1
2	122	218.448353605407	0
2	128	221.347726112673	1
2	128	221.347726112673	0
2	134	257.504419075671	1
2	134	257.504419075671	0
2	137	258.296010434583	1
2	139	258.986231901783	2
2	142	260.288732285447	1
2	146	262.523906417747	0
2	152	275.80164085822	1
2	152	275.80164085822	0
2	158	281.759360423375	1
2	158	281.759360423375	0
2	164	283.089498627295	1
2	164	283.089498627295	0
2	170	297.121152833844	1
2	170	297.121152833844	0
2	176	302.21914967859	1
2	176	302.21914967859	0
2	182	302.692603938615	1
2	182	302.692603938615	0
2	188	315.194685930447	1
2	188	315.194685930447	0
2	191	315.215544064004	1
2	194	316.348957360218	0
2	200	321.419304105155	1
2	200	321.419304105155	0
2	203	322.575339092884	1
2	206	322.863786106209	0
2	212	330.108370399798	1
2	212	330.108370399798	0
2	218	337.433421673193	1
2	218	337.433421673193	0
2	224	341.995988405993	1
2	224	341.995988405993	0
2	230	354.876147343083	1
2	230	354.876147343083	0
2	236	364.666346873213	1
2	236	364.666346873213	0
2	242	368.696359583882	1
2	242	368.696359583882	0
2	248	370.529711410986	1
2	248	370.529711410986	0
2	254	372.15637525522	1
2	254	372.15637525522	0
2	260	383.771623705707	1
2	260	383.771623705707	0
2	266	385.439295456311	1
2	266	385.439295456311	0
2	272	386.796828517592	1
2	272	386.796828517592	0
2	278	388.109042041373	1
2	278	388.109042041373	0
2	284	399.815005028832	1
2	284	399.815005028832	0
2	290	407.357952723924	1
2	290	407.357952723924	0
2	296	408.102568179473	1
2	296	408.102568179473	0
2	302	417.919725616929	1
2	302	417.919725616929	0
2	308	432.569209321104	1
2	308	432.569209321104	0
2	314	452.092205422378	1
2	314	452.092205422378	0
2	320	460.853467720991	1
2	320	460.853467720991	0
2	326	464.806011321314	1
2	326	464.806011321314	0
2	332	484.197498308242	1
2	332	484.197498308242	0
2	338	485.418498847621	1
2	338	485.418498847621	0
2	344	493.070579111344	1
2	344	493.070579111344	0
2	350	499.728218922054	1
2	350	499.728218922054	0
2	356	531.894354508005	1
2	356	531.894354508005	0
2	362	537.26427388306	1
2	362	537.26427388306	0
2	368	541.389589849886	1
2	368	541.389589849886	0
2	374	542.633952438135	1
2	374	542.633952438135	0
2	380	554.152105256755	1
2	380	554.152105256755	0
2	386	557.432493120093	1
2	386	557.432493120093	0
2	392	568.91009938195	1
2	392	568.91009938195	0
2	398	575.391293905378	1
2	398	575.391293905378	0
2	404	589.246974095073	1
2	404	589.246974095073	0
2	410	594.750583789414	1
2	410	594.750583789414	0
2	413	595.506312687348	1
2	416	595.960828110886	0
3	68	101.773397451974	0
3	74	103.713307084144	0
3	80	106.55961526073	0
3	86	164.404333683774	0
3	92	165.324813572783	0
3	98	177.16548760528	0
3	104	188.028134080095	0
3	110	196.100193555214	0
3	116	201.50665087752	0
3	122	218.448353605407	0
3	128	221.347726112673	0
3	134	257.504419075671	0
3	142	260.288732285447	1.992721850864
3	146	262.523906417747	3.537674515964
3	152	275.80164085822	0
3	158	281.759360423375	0
3	164	283.089498627295	0
3	170	297.121152833844	0
3	176	302.21914967859	0
3	182	302.692603938615	0
3	188	315.194685930447	0
3	194	316.348957360218	1.133413296214
3	200	321.419304105155	0
3	206	322.863786106209	0.288447013325
3	212	330.108370399798	0
3	218	337.433421673193	0
3	224	341.995988405993	0
3	230	354.876147343083	0
3	236	364.666346873213	0
3	242	368.696359583882	0
3	248	370.529711410986	0
3	254	372.15637525522	0
3	260	383.771623705707	0
3	266	385.439295456311	0
3	272	386.796828517592	0
3	278	388.109042041373	0
3	284	399.815005028832	0
3	290	407.357952723924	0
3	296	408.102568179473	0
3	302	417.919725616929	0
3	308	432.569209321104	0
3	314	452.092205422378	0
3	320	460.853467720991	0
3	326	464.806011321314	0
3	332	484.197498308242	0
3	338	485.418498847621	0
3	344	493.070579111344	0
3	350	499.728218922054	0
3	356	531.894354508005	0
3	362	537.26427388306	0
3	368	541.389589849886	0
3	374	542.633952438135	0
3	380	554.152105256755	0
3	386	557.432493120093	0
3	392	568.91009938195	0
3	398	575.391293905378	0
3	404	589.246974095073	0
3	410	594.750583789414	0
3	416	595.960828110886	0.454515423538
4	421	600	0.012208543432482
5	68	101.773397451974	1
5	68	101.773397451974	1
5	72	102.528879386866	0
5	74	103.713307084144	1
5	74	103.713307084144	1
5	78	104.057334144889	0
5	80	106.55961526073	1
5	80	106.55961526073	1
5	84	107.051647079758	0
5	86	164.404333683774	1
5	86	164.404333683774	1
5	90	164.791319992147	0
5	92	165.324813572783	1
5	92	165.324813572783	1
5	96	165.9419343727	0
5	98	177.16548760528	1
5	98	177.16548760528	1
5	102	177.371323883151	0
5	104	188.028134080095	1
5	104	188.028134080095	1
5	108	188.474862952541	0
5	110	196.100193555214	1
5	110	196.100193555214	1
5	114	196.233411924237	0
5	116	201.50665087752	1
5	116	201.50665087752	1
5	120	204.189339319668	0
5	122	218.448353605407	1
5	122	218.448353605407	1
5	126	218.464498212131	0
5	128	221.347726112673	1
5	128	221.347726112673	1
5	132	222.111634623464	0
5	134	257.504419075671	1
5	134	257.504419075671	1
5	137	258.296010434583	2
5	139	258.986231901783	3
5	142	260.288732285447	2
5	142	260.288732285447	2
5	146	262.523906417747	1
5	146	262.523906417747	1
5	150	263.0983960512	0
5	152	275.80164085822	1
5	152	275.80164085822	1
5	156	276.290337434011	0
5	158	281.759360423375	1
5	158	281.759360423375	1
5	162	282.313747193051	0
5	164	283.089498627295	1
5	164	283.089498627295	1
5	168	283.151583275818	0
5	170	297.121152833844	1
5	170	297.121152833844	1
5	174	297.425084486996	0
5	176	302.21914967859	1
5	176	302.21914967859	1
5	180	302.24468359792	0
5	182	302.692603938615	1
5	182	302.692603938615	1
5	186	303.607167385913	0
5	188	315.194685930447	1
5	188	315.194685930447	1
5	191	315.215544064004	2
5	194	316.348957360218	1
5	194	316.348957360218	1
5	198	316.695844392708	0
5	200	321.419304105155	1
5	200	321.419304105155	1
5	203	322.575339092884	2
5	206	322.863786106209	1
5	206	322.863786106209	1
5	210	323.581233665855	0
5	212	330.108370399798	1
5	212	330.108370399798	1
5	216	330.392444907516	0
5	218	337.433421673193	1
5	218	337.433421673193	1
5	222	337.901920461345	0
5	224	341.995988405993	1
5	224	341.995988405993	1
5	228	343.668029080355	0
5	230	354.876147343083	1
5	230	354.876147343083	1
5	234	355.133446344765	0
5	236	364.666346873213	1
5	236	364.666346873213	1
5	240	365.241552659873	0
5	242	368.696359583882	1
5	242	368.696359583882	1
5	246	369.196817030938	0
5	248	370.529711410986	1
5	248	370.529711410986	1
5	252	370.665258009721	0
5	254	372.15637525522	1
5	254	372.15637525522	1
5	258	372.606199728681	0
5	260	383.771623705707	1
5	260	383.771623705707	1
5	264	383.884580338528	0
5	266	385.439295456311	1
5	266	385.439295456311	1
5	270	386.175137058224	0
5	272	386.796828517592	1
5	272	386.796828517592	1
5	276	387.630830656121	0
5	278	388.109042041373	1
5	278	388.109042041373	1
5	282	389.231890189429	0
5	284	399.815005028832	1
5	284	399.815005028832	1
5	288	400.330211280262	0
5	290	407.357952723924	1
5	290	407.357952723924	1
5	294	407.424886620768	0
5	296	408.102568179473	1
5	296	408.102568179473	1
5	300	408.718777395629	0
5	302	417.919725616929	1
5	302	417.919725616929	1
5	306	419.924695753845	0
5	308	432.569209321104	1
5	308	432.569209321104	1
5	312	432.646250934193	0
5	314	452.092205422378	1
5	314	452.092205422378	1
5	318	452.202388904154	0
5	320	460.853467720991	1
5	320	460.853467720991	1
5	324	462.366044844557	0
5	326	464.806011321314	1
5	326	464.806011321314	1
5	330	465.517525607917	0
5	332	484.197498308242	1
5	332	484.197498308242	1
5	336	485.085511978973	0
5	338	485.418498847621	1
5	338	485.418498847621	1
5	342	488.558783777832	0
5	344	493.070579111344	1
5	344	493.070579111344	1
5	348	493.484990373631	0
5	350	499.728218922054	1
5	350	499.728218922054	1
5	354	500.235840977892	0
5	356	531.894354508005	1
5	356	531.894354508005	1
5	360	533.329200080468	0
5	362	537.26427388306	1
5	362	537.26427388306	1
5	366	537.899709717956	0
5	368	541.389589849886	1
5	368	541.389589849886	1
5	372	541.559964050504	0
5	374	542.633952438135	1
5	374	542.633952438135	1
5	378	542.929131434064	0
5	380	554.152105256755	1
5	380	554.152105256755	1
5	384	555.057780466711	0
5	386	557.432493120093	1
5	386	557.432493120093	1
5	390	558.481637198007	0
5	392	568.91009938195	1
5	392	568.91009938195	1
5	396	569.706870853321	0
5	398	575.391293905378	1
5	398	575.391293905378	1
5	402	575.558857189619	0
5	404	589.246974095073	1
5	404	589.246974095073	1
5	408	589.625360066304	0
5	410	594.750583789414	1
5	410	594.750583789414	1
5	413	595.506312687348	2
5	416	595.960828110886	1
5	416	595.960828110886	1
5	420	595.967343629946	0
6	69	101.773397451974	0.75548193489205
6	75	103.713307084144	0.34402706074522
6	81	106.55961526073	0.4920318190277
6	87	164.404333683774	0.38698630837341
6	93	165.324813572783	0.61712079991703
6	99	177.16548760528	0.20583627787053
6	105	188.028134080095	0.44672887244566
6	111	196.100193555214	0.13321836902312
6	117	201.50665087752	2.6826884421484
6	123	218.448353605407	0.016144606724207
6	129	221.347726112673	0.76390851079053
6	135	257.504419075671	2.7843132097762
6	143	260.288732285447	2.2351741322999
6	147	262.523906417747	0.57448963345341
6	153	275.80164085822	0.48869657579133
6	159	281.759360423375	0.55438676967575
6	165	283.089498627295	0.062084648522549
6	171	297.121152833844	0.30393165315239
6	177	302.21914967859	0.025533919329714
6	183	302.692603938615	0.91456344729782
6	189	315.194685930447	1.1542714297709
6	195	316.348957360218	0.34688703248951
6	201	321.419304105155	1.4444820010543
6	207	322.863786106209	0.71744755964619
6	213	330.108370399798	0.28407450771756
6	219	337.433421673193	0.46849878815214
6	225	341.995988405993	1.6720406743619
6	231	354.876147343083	0.25729900168221
6	237	364.666346873213	0.57520578665996
6	243	368.696359583882	0.50045744705641
6	249	370.529711410986	0.13554659873477
6	255	372.15637525522	0.44982447346102
6	261	383.771623705707	0.11295663282051
6	267	385.439295456311	0.73584160191258
6	273	386.796828517592	0.83400213852856
6	279	388.109042041373	1.1228481480562
6	285	399.815005028832	0.51520625142957
6	291	407.357952723924	0.066933896843574
6	297	408.102568179473	0.61620921615606
6	303	417.919725616929	2.0049701369157
6	309	432.569209321104	0.077041613088578
6	315	452.092205422378	0.11018348177553
6	321	460.853467720991	1.512577123566
6	327	464.806011321314	0.71151428660264
6	333	484.197498308242	0.88801367073132
6	339	485.418498847621	3.1402849302106
6	345	493.070579111344	0.41441126228711
6	351	499.728218922054	0.50762205583769
6	357	531.894354508005	1.4348455724635
6	363	537.26427388306	0.6354358348965
6	369	541.389589849886	0.17037420061834
6	375	542.633952438135	0.29517899592851
6	381	554.152105256755	0.90567520995604
6	387	557.432493120093	1.0491440779141
6	393	568.91009938195	0.79677147137118
6	399	575.391293905378	0.16756328424062
6	405	589.246974095073	0.37838597123098
6	411	594.750583789414	1.2102443214723
6	417	595.960828110886	0.0065155190596851
7	70	102.528879386866	9.6482870714397
7	76	104.057334144889	9.837180396018
7	82	107.051647079758	10.021648229434
7	88	164.791319992147	6.7450917943073
7	94	165.9419343727	7.0702120273513
7	100	177.371323883151	6.7306724779106
7	106	188.474862952541	6.5711742981204
7	112	196.233411924237	6.3792551936115
7	118	204.189339319668	7.4445211559886
7	124	218.464498212131	6.9654627159943
7	130	222.111634623464	7.195017815493
7	140	260.288732285447	7.209411151397
7	144	262.523906417747	7.9994463399838
7	148	263.0983960512	8.200334544332
7	154	276.290337434011	7.98567385225
7	160	282.313747193051	8.0116651163184
7	166	283.151583275818	8.0098851606517
7	172	297.425084486996	7.7276764815433
7	178	302.24468359792	7.6128989100936
7	184	303.607167385913	7.8799673527899
7	192	316.348957360218	7.927453692207
7	196	316.695844392708	8.0283036810149
7	204	322.863786106209	8.3223288861563
7	208	323.581233665855	8.5255975388823
7	214	330.392444907516	8.4358188666272
7	220	337.901920461345	8.3869919859816
7	226	343.668029080355	8.7328017518079
7	232	355.133446344765	8.5233162286352
7	238	365.241552659873	8.4449187743429
7	244	369.196817030938	8.4900000361337
7	250	370.665258009721	8.4929342089137
7	256	372.606199728681	8.5694175230518
7	262	383.884580338528	8.3470759820806
7	268	386.175137058224	8.4881122736078
7	274	387.630830656121	8.6713900666506
7	280	389.231890189429	8.924199267419
7	286	400.330211280262	8.8054897559549
7	292	407.424886620768	8.6685842718278
7	298	408.718777395629	8.7919079926423
7	304	419.924695753845	9.034750605959
7	310	432.646250934193	8.786899349109
7	316	452.202388904154	8.4312633070008
7	322	462.366044844557	8.5730670871277
7	328	465.517525607917	8.6678724816069
7	334	485.085511978973	8.5012803210137
7	340	488.558783777832	9.0836078633168
7	346	493.484990373631	9.076907350017
7	352	500.235840977892	9.0558879847026
7	358	533.329200080468	8.7630009727021
7	364	537.899709717956	8.8066749191017
7	370	541.559964050504	8.7786129297099
7	376	542.929131434064	8.8108427514003
7	382	555.057780466711	8.7814834684726
7	388	558.481637198007	8.915503750469
7	394	569.706870853321	8.8796932895803
7	400	575.558857189619	8.8185222817203
7	406	589.625360066304	8.6723155922537
7	414	595.960828110886	8.7831974669054
7	418	595.967343629946	8.7841947108347
8	71	102.528879386866	12
8	77	104.057334144889	13
8	83	107.051647079758	14
8	89	164.791319992147	15
8	95	165.9419343727	16
8	101	177.371323883151	17
8	107	188.474862952541	18
8	113	196.233411924237	19
8	119	204.189339319668	20
8	125	218.464498212131	21
8	131	222.111634623464	22
8	141	260.288732285447	23
8	145	262.523906417747	24
8	149	263.0983960512	25
8	155	276.290337434011	26
8	161	282.313747193051	27
8	167	283.151583275818	28
8	173	297.425084486996	29
8	179	302.24468359792	30
8	185	303.607167385913	31
8	193	316.348957360218	32
8	197	316.695844392708	33
8	205	322.863786106209	34
8	209	323.581233665855	35
8	215	330.392444907516	36
8	221	337.901920461345	37
8	227	343.668029080355	38
8	233	355.133446344765	39
8	239	365.241552659873	40
8	245	369.196817030938	41
8	251	370.665258009721	42
8	257	372.606199728681	43
8	263	383.884580338528	44
8	269	386.175137058224	45
8	275	387.630830656121	46
8	281	389.231890189429	47
8	287	400.330211280262	48
8	293	407.424886620768	49
8	299	408.718777395629	50
8	305	419.924695753845	51
8	311	432.646250934193	52
8	317	452.202388904154	53
8	323	462.366044844557	54
8	329	465.517525607917	55
8	335	485.085511978973	56
8	341	488.558783777832	57
8	347	493.484990373631	58
8	353	500.235840977892	59
8	359	533.329200080468	60
8	365	537.899709717956	61
8	371	541.559964050504	62
8	377	542.929131434064	63
8	383	555.057780466711	64
8	389	558.481637198007	65
8	395	569.706870853321	66
8	401	575.558857189619	67
8	407	589.625360066304	68
8	415	595.960828110886	69
8	419	595.967343629946	70
9	71	102.528879386866	0.755481934892
9	77	104.057334144889	0.344027060745
9	83	107.051647079758	0.492031819028
9	89	164.791319992147	0.386986308373
9	95	165.9419343727	0.617120799917
9	101	177.371323883151	0.205836277871
9	107	188.474862952541	0.446728872446
9	113	196.233411924237	0.133218369023
9	119	204.189339319668	2.682688442148
9	125	218.464498212131	0.016144606724
9	131	222.111634623464	0.763908510791
9	141	260.288732285447	2.784313209776
9	145	262.523906417747	4.227895983164
9	149	263.0983960512	4.112164149417
9	155	276.290337434011	0.488696575791
9	161	282.313747193051	0.554386769676
9	167	283.151583275818	0.062084648523
9	173	297.425084486996	0.303931653152
9	179	302.24468359792	0.02553391933
9	185	303.607167385913	0.914563447298
9	193	316.348957360218	1.154271429771
9	197	316.695844392708	1.480300328704
9	205	322.863786106209	1.444482001054
9	209	323.581233665855	1.005894572971
9	215	330.392444907516	0.284074507718
9	221	337.901920461345	0.468498788152
9	227	343.668029080355	1.672040674362
9	233	355.133446344765	0.257299001682
9	239	365.241552659873	0.57520578666
9	245	369.196817030938	0.500457447056
9	251	370.665258009721	0.135546598735
9	257	372.606199728681	0.449824473461
9	263	383.884580338528	0.112956632821
9	269	386.175137058224	0.735841601913
9	275	387.630830656121	0.834002138529
9	281	389.231890189429	1.122848148056
9	287	400.330211280262	0.51520625143
9	293	407.424886620768	0.066933896844
9	299	408.718777395629	0.616209216156
9	305	419.924695753845	2.004970136916
9	311	432.646250934193	0.077041613089
9	317	452.202388904154	0.110183481776
9	323	462.366044844557	1.512577123566
9	329	465.517525607917	0.711514286603
9	335	485.085511978973	0.888013670731
9	341	488.558783777832	3.140284930211
9	347	493.484990373631	0.414411262287
9	353	500.235840977892	0.507622055838
9	359	533.329200080468	1.434845572463
9	365	537.899709717956	0.635435834896
9	371	541.559964050504	0.170374200618
9	377	542.929131434064	0.295178995929
9	383	555.057780466711	0.905675209956
9	389	558.481637198007	1.049144077914
9	395	569.706870853321	0.796771471371
9	401	575.558857189619	0.167563284241
9	407	589.625360066304	0.378385971231
9	415	595.960828110886	1.210244321472
9	419	595.967343629946	0.461030942598

