version 3
run ParameterStudy-450-20251202-16:16:53-1431
attr configname ParameterStudy
attr datetime 20251202-16:16:53
attr datetimef 20251202-161653
attr experiment ParameterStudy
attr inifile omnetpp.ini
attr iterationvars $betaProducer=10.0s
attr iterationvarsd betaProducer=10.0s
attr iterationvarsf betaProducer=10.0s-
attr measurement $betaProducer=10.0s
attr network queue_sim
attr processid 1431
attr repetition 0
attr replication #0
attr resultdir results
attr runnumber 450
attr seedset 450
itervar betaProducer 10.0s
config description "Parameter study: β_producer = 1s to 10s (0.1s steps), β_service = 1s, 5 repetitions"
config *.serviceUnit.meanServiceTime 1s
config *.producer.warmupPeriod 100s
config *.queue.warmupPeriod 100s
config *.serviceUnit.warmupPeriod 100s
config *.sink.warmupPeriod 100s
config *.producer.meanInterArrivalTime 10.0s
config network queue_sim
config sim-time-limit 600s
config warmup-period 100s
config repeat 5
config **.vector-recording true
config **.scalar-recording true
config debug-on-errors true

vector 0 queue_sim.producer jobGenerated:vector ETV
attr recordingmode vector
attr title "Jobs Generated"
vector 1 queue_sim.producer interArrivalTime:vector ETV
attr recordingmode vector
attr title "Inter-arrival Time"
attr unit s
vector 2 queue_sim.queue queueLength:vector ETV
attr recordingmode vector
attr title "Queue Length"
vector 3 queue_sim.queue queueingDelay:vector ETV
attr recordingmode vector
attr title "Queueing Delay"
attr unit s
vector 4 queue_sim.queue queueUtilization:vector ETV
attr recordingmode vector
attr title "Queue Utilization"
vector 5 queue_sim.queue systemSize:vector ETV
attr recordingmode vector
attr title "System Size"
vector 6 queue_sim.serviceUnit serviceTime:vector ETV
attr recordingmode vector
attr title "Service Time"
attr unit s
vector 7 queue_sim.serviceUnit utilization:vector ETV
attr recordingmode vector
attr title "Server Utilization"
vector 8 queue_sim.sink jobCompleted:vector ETV
attr recordingmode vector
attr title "Jobs Completed"
vector 9 queue_sim.sink totalDelay:vector ETV
attr recordingmode vector
attr title "Total System Delay"
attr unit s
0	43	100.721387727874	8
0	49	125.507232000853	9
0	55	127.451970452635	10
0	61	137.258653557137	11
0	67	164.481825758719	12
0	73	169.172554756211	13
0	79	177.015109261863	14
0	85	180.103886755368	15
0	91	185.391565394504	16
0	97	191.70944310589	17
0	103	195.888457719322	18
0	109	210.214505578808	19
0	115	217.247862584896	20
0	121	219.436224614801	21
0	127	224.246769922218	22
0	133	234.186892073007	23
0	139	248.4420498625	24
0	145	262.589947670226	25
0	148	264.652642153162	26
0	157	280.538698400347	27
0	163	289.301677060976	28
0	166	289.316579432372	29
0	175	298.802074507913	30
0	181	302.63276446103	31
0	187	307.97756737123	32
0	193	352.483799533241	33
0	199	372.901445609157	34
0	205	379.618628816027	35
0	211	399.298183556722	36
0	217	411.551010932467	37
0	223	416.712964094318	38
0	229	440.537880276488	39
0	235	464.077666085951	40
0	241	465.41916058449	41
0	247	478.829331362842	42
0	253	481.623474982932	43
0	256	483.065869855873	44
0	265	497.805020650519	45
0	271	508.162901293259	46
0	277	514.937907925442	47
0	283	520.221131352009	48
0	289	527.600933058022	49
0	292	528.138540898949	50
0	301	535.854133389514	51
0	307	542.059268597744	52
0	313	545.875677133516	53
0	319	551.88919975433	54
0	325	559.506191051108	55
0	331	568.304663884038	56
0	337	570.454167524708	57
0	343	579.041621546175	58
0	349	594.79959245605	59
1	43	100.721387727874	24.785844272979
1	49	125.507232000853	1.9447384517825
1	55	127.451970452635	9.8066831045016
1	61	137.258653557137	27.223172201582
1	67	164.481825758719	4.6907289974918
1	73	169.172554756211	7.8425545056525
1	79	177.015109261863	3.0887774935055
1	85	180.103886755368	5.2876786391356
1	91	185.391565394504	6.317877711386
1	97	191.70944310589	4.1790146134324
1	103	195.888457719322	14.326047859486
1	109	210.214505578808	7.0333570060883
1	115	217.247862584896	2.1883620299054
1	121	219.436224614801	4.8105453074174
1	127	224.246769922218	9.9401221507891
1	133	234.186892073007	14.255157789493
1	139	248.4420498625	14.147897807726
1	145	262.589947670226	2.0626944829357
1	148	264.652642153162	15.886056247185
1	157	280.538698400347	8.7629786606287
1	163	289.301677060976	0.014902371396247
1	166	289.316579432372	9.4854950755411
1	175	298.802074507913	3.8306899531169
1	181	302.63276446103	5.3448029102001
1	187	307.97756737123	44.506232162011
1	193	352.483799533241	20.417646075916
1	199	372.901445609157	6.7171832068699
1	205	379.618628816027	19.679554740695
1	211	399.298183556722	12.252827375745
1	217	411.551010932467	5.1619531618505
1	223	416.712964094318	23.82491618217
1	229	440.537880276488	23.539785809463
1	235	464.077666085951	1.3414944985386
1	241	465.41916058449	13.410170778352
1	247	478.829331362842	2.7941436200903
1	253	481.623474982932	1.4423948729407
1	256	483.065869855873	14.739150794646
1	265	497.805020650519	10.35788064274
1	271	508.162901293259	6.775006632183
1	277	514.937907925442	5.2832234265672
1	283	520.221131352009	7.3798017060127
1	289	527.600933058022	0.53760784092697
1	292	528.138540898949	7.7155924905649
1	301	535.854133389514	6.2051352082297
1	307	542.059268597744	3.816408535772
1	313	545.875677133516	6.0135226208138
1	319	551.88919975433	7.6169912967784
1	325	559.506191051108	8.7984728329297
1	331	568.304663884038	2.1495036406696
1	337	570.454167524708	8.5874540214674
1	343	579.041621546175	15.757970909875
1	349	594.79959245605	8.4579582288879
2	44	100.721387727874	1
2	44	100.721387727874	0
2	50	125.507232000853	1
2	50	125.507232000853	0
2	56	127.451970452635	1
2	56	127.451970452635	0
2	62	137.258653557137	1
2	62	137.258653557137	0
2	68	164.481825758719	1
2	68	164.481825758719	0
2	74	169.172554756211	1
2	74	169.172554756211	0
2	80	177.015109261863	1
2	80	177.015109261863	0
2	86	180.103886755368	1
2	86	180.103886755368	0
2	92	185.391565394504	1
2	92	185.391565394504	0
2	98	191.70944310589	1
2	98	191.70944310589	0
2	104	195.888457719322	1
2	104	195.888457719322	0
2	110	210.214505578808	1
2	110	210.214505578808	0
2	116	217.247862584896	1
2	116	217.247862584896	0
2	122	219.436224614801	1
2	122	219.436224614801	0
2	128	224.246769922218	1
2	128	224.246769922218	0
2	134	234.186892073007	1
2	134	234.186892073007	0
2	140	248.4420498625	1
2	140	248.4420498625	0
2	146	262.589947670226	1
2	146	262.589947670226	0
2	149	264.652642153162	1
2	152	264.746891509608	0
2	158	280.538698400347	1
2	158	280.538698400347	0
2	164	289.301677060976	1
2	164	289.301677060976	0
2	167	289.316579432372	1
2	170	290.391215939305	0
2	176	298.802074507913	1
2	176	298.802074507913	0
2	182	302.63276446103	1
2	182	302.63276446103	0
2	188	307.97756737123	1
2	188	307.97756737123	0
2	194	352.483799533241	1
2	194	352.483799533241	0
2	200	372.901445609157	1
2	200	372.901445609157	0
2	206	379.618628816027	1
2	206	379.618628816027	0
2	212	399.298183556722	1
2	212	399.298183556722	0
2	218	411.551010932467	1
2	218	411.551010932467	0
2	224	416.712964094318	1
2	224	416.712964094318	0
2	230	440.537880276488	1
2	230	440.537880276488	0
2	236	464.077666085951	1
2	236	464.077666085951	0
2	242	465.41916058449	1
2	242	465.41916058449	0
2	248	478.829331362842	1
2	248	478.829331362842	0
2	254	481.623474982932	1
2	254	481.623474982932	0
2	257	483.065869855873	1
2	260	484.241014275181	0
2	266	497.805020650519	1
2	266	497.805020650519	0
2	272	508.162901293259	1
2	272	508.162901293259	0
2	278	514.937907925442	1
2	278	514.937907925442	0
2	284	520.221131352009	1
2	284	520.221131352009	0
2	290	527.600933058022	1
2	290	527.600933058022	0
2	293	528.138540898949	1
2	296	528.156996284647	0
2	302	535.854133389514	1
2	302	535.854133389514	0
2	308	542.059268597744	1
2	308	542.059268597744	0
2	314	545.875677133516	1
2	314	545.875677133516	0
2	320	551.88919975433	1
2	320	551.88919975433	0
2	326	559.506191051108	1
2	326	559.506191051108	0
2	332	568.304663884038	1
2	332	568.304663884038	0
2	338	570.454167524708	1
2	338	570.454167524708	0
2	344	579.041621546175	1
2	344	579.041621546175	0
2	350	594.79959245605	1
2	350	594.79959245605	0
3	44	100.721387727874	0
3	50	125.507232000853	0
3	56	127.451970452635	0
3	62	137.258653557137	0
3	68	164.481825758719	0
3	74	169.172554756211	0
3	80	177.015109261863	0
3	86	180.103886755368	0
3	92	185.391565394504	0
3	98	191.70944310589	0
3	104	195.888457719322	0
3	110	210.214505578808	0
3	116	217.247862584896	0
3	122	219.436224614801	0
3	128	224.246769922218	0
3	134	234.186892073007	0
3	140	248.4420498625	0
3	146	262.589947670226	0
3	152	264.746891509608	0.094249356446
3	158	280.538698400347	0
3	164	289.301677060976	0
3	170	290.391215939305	1.074636506933
3	176	298.802074507913	0
3	182	302.63276446103	0
3	188	307.97756737123	0
3	194	352.483799533241	0
3	200	372.901445609157	0
3	206	379.618628816027	0
3	212	399.298183556722	0
3	218	411.551010932467	0
3	224	416.712964094318	0
3	230	440.537880276488	0
3	236	464.077666085951	0
3	242	465.41916058449	0
3	248	478.829331362842	0
3	254	481.623474982932	0
3	260	484.241014275181	1.175144419308
3	266	497.805020650519	0
3	272	508.162901293259	0
3	278	514.937907925442	0
3	284	520.221131352009	0
3	290	527.600933058022	0
3	296	528.156996284647	0.018455385698
3	302	535.854133389514	0
3	308	542.059268597744	0
3	314	545.875677133516	0
3	320	551.88919975433	0
3	326	559.506191051108	0
3	332	568.304663884038	0
3	338	570.454167524708	0
3	344	579.041621546175	0
3	350	594.79959245605	0
4	355	600	0.00472497133677
5	44	100.721387727874	1
5	44	100.721387727874	1
5	48	101.078385261535	0
5	50	125.507232000853	1
5	50	125.507232000853	1
5	54	127.257305586686	0
5	56	127.451970452635	1
5	56	127.451970452635	1
5	60	128.703181916656	0
5	62	137.258653557137	1
5	62	137.258653557137	1
5	66	137.613046136055	0
5	68	164.481825758719	1
5	68	164.481825758719	1
5	72	165.086374788059	0
5	74	169.172554756211	1
5	74	169.172554756211	1
5	78	170.253719959538	0
5	80	177.015109261863	1
5	80	177.015109261863	1
5	84	177.059387678281	0
5	86	180.103886755368	1
5	86	180.103886755368	1
5	90	181.649600884937	0
5	92	185.391565394504	1
5	92	185.391565394504	1
5	96	185.716250341096	0
5	98	191.70944310589	1
5	98	191.70944310589	1
5	102	193.593118242385	0
5	104	195.888457719322	1
5	104	195.888457719322	1
5	108	196.004558665117	0
5	110	210.214505578808	1
5	110	210.214505578808	1
5	114	212.662899915192	0
5	116	217.247862584896	1
5	116	217.247862584896	1
5	120	219.316345031566	0
5	122	219.436224614801	1
5	122	219.436224614801	1
5	126	220.281083080667	0
5	128	224.246769922218	1
5	128	224.246769922218	1
5	132	225.488554392673	0
5	134	234.186892073007	1
5	134	234.186892073007	1
5	138	235.031768676949	0
5	140	248.4420498625	1
5	140	248.4420498625	1
5	144	250.311218384268	0
5	146	262.589947670226	1
5	146	262.589947670226	1
5	149	264.652642153162	2
5	152	264.746891509608	1
5	152	264.746891509608	1
5	156	269.649318558028	0
5	158	280.538698400347	1
5	158	280.538698400347	1
5	162	281.468083086716	0
5	164	289.301677060976	1
5	164	289.301677060976	1
5	167	289.316579432372	2
5	170	290.391215939305	1
5	170	290.391215939305	1
5	174	290.989531807334	0
5	176	298.802074507913	1
5	176	298.802074507913	1
5	180	299.754026678055	0
5	182	302.63276446103	1
5	182	302.63276446103	1
5	186	303.404886033591	0
5	188	307.97756737123	1
5	188	307.97756737123	1
5	192	309.517864335867	0
5	194	352.483799533241	1
5	194	352.483799533241	1
5	198	352.670759739229	0
5	200	372.901445609157	1
5	200	372.901445609157	1
5	204	373.304869147894	0
5	206	379.618628816027	1
5	206	379.618628816027	1
5	210	379.683828248667	0
5	212	399.298183556722	1
5	212	399.298183556722	1
5	216	399.806031351679	0
5	218	411.551010932467	1
5	218	411.551010932467	1
5	222	412.651156177374	0
5	224	416.712964094318	1
5	224	416.712964094318	1
5	228	418.692849829616	0
5	230	440.537880276488	1
5	230	440.537880276488	1
5	234	440.841871563422	0
5	236	464.077666085951	1
5	236	464.077666085951	1
5	240	464.174634267369	0
5	242	465.41916058449	1
5	242	465.41916058449	1
5	246	465.481053508184	0
5	248	478.829331362842	1
5	248	478.829331362842	1
5	252	479.224236401133	0
5	254	481.623474982932	1
5	254	481.623474982932	1
5	257	483.065869855873	2
5	260	484.241014275181	1
5	260	484.241014275181	1
5	264	489.748823769274	0
5	266	497.805020650519	1
5	266	497.805020650519	1
5	270	498.305718341841	0
5	272	508.162901293259	1
5	272	508.162901293259	1
5	276	508.357139192933	0
5	278	514.937907925442	1
5	278	514.937907925442	1
5	282	516.206732300447	0
5	284	520.221131352009	1
5	284	520.221131352009	1
5	288	520.80439738881	0
5	290	527.600933058022	1
5	290	527.600933058022	1
5	293	528.138540898949	2
5	296	528.156996284647	1
5	296	528.156996284647	1
5	300	529.894074611742	0
5	302	535.854133389514	1
5	302	535.854133389514	1
5	306	536.613139282781	0
5	308	542.059268597744	1
5	308	542.059268597744	1
5	312	542.401683849224	0
5	314	545.875677133516	1
5	314	545.875677133516	1
5	318	546.30000601526	0
5	320	551.88919975433	1
5	320	551.88919975433	1
5	324	552.783775872397	0
5	326	559.506191051108	1
5	326	559.506191051108	1
5	330	561.061216284509	0
5	332	568.304663884038	1
5	332	568.304663884038	1
5	336	569.59097571136	0
5	338	570.454167524708	1
5	338	570.454167524708	1
5	342	571.636045845364	0
5	344	579.041621546175	1
5	344	579.041621546175	1
5	348	579.632959513156	0
5	350	594.79959245605	1
5	350	594.79959245605	1
5	354	596.33429153292	0
6	45	100.721387727874	0.35699753366146
6	51	125.507232000853	1.7500735858334
6	57	127.451970452635	1.2512114640213
6	63	137.258653557137	0.35439257891845
6	69	164.481825758719	0.60454902934001
6	75	169.172554756211	1.0811652033265
6	81	177.015109261863	0.044278416417913
6	87	180.103886755368	1.5457141295688
6	93	185.391565394504	0.32468494659187
6	99	191.70944310589	1.8836751364949
6	105	195.888457719322	0.11610094579467
6	111	210.214505578808	2.4483943363842
6	117	217.247862584896	2.0684824466697
6	123	219.436224614801	0.84485846586648
6	129	224.246769922218	1.2417844704551
6	135	234.186892073007	0.84487660394207
6	141	248.4420498625	1.8691685217677
6	147	262.589947670226	2.1569438393821
6	153	264.746891509608	4.9024270484202
6	159	280.538698400347	0.92938468636886
6	165	289.301677060976	1.0895388783292
6	171	290.391215939305	0.598315868029
6	177	298.802074507913	0.95195217014177
6	183	302.63276446103	0.77212157256125
6	189	307.97756737123	1.5402969646367
6	195	352.483799533241	0.18696020598753
6	201	372.901445609157	0.40342353873691
6	207	379.618628816027	0.065199432640243
6	213	399.298183556722	0.50784779495668
6	219	411.551010932467	1.1001452449069
6	225	416.712964094318	1.9798857352985
6	231	440.537880276488	0.30399128693376
6	237	464.077666085951	0.096968181417542
6	243	465.41916058449	0.061892923693866
6	249	478.829331362842	0.39490503829131
6	255	481.623474982932	2.6175392922488
6	261	484.241014275181	5.5078094940925
6	267	497.805020650519	0.50069769132183
6	273	508.162901293259	0.19423789967422
6	279	514.937907925442	1.268824375005
6	285	520.221131352009	0.5832660368014
6	291	527.600933058022	0.55606322662452
6	297	528.156996284647	1.7370783270947
6	303	535.854133389514	0.75900589326694
6	309	542.059268597744	0.34241525147971
6	315	545.875677133516	0.42432888174417
6	321	551.88919975433	0.89457611806748
6	327	559.506191051108	1.5550252334012
6	333	568.304663884038	1.286311827322
6	339	570.454167524708	1.1818783206559
6	345	579.041621546175	0.59133796698103
6	351	594.79959245605	1.5346990768696
7	46	101.078385261535	7.9891377203372
7	52	127.257305586686	7.7208651751448
7	58	128.703181916656	8.6062957332817
7	64	137.613046136055	8.3066027195615
7	70	165.086374788059	7.2904369470833
7	76	170.253719959538	7.7041977517985
7	82	177.059387678281	7.4330775986911
7	88	181.649600884937	8.0961784335429
7	94	185.716250341096	8.0937240173908
7	100	193.593118242385	8.7374158999659
7	106	196.004558665117	8.6891534341523
7	112	212.662899915192	9.1598163969819
7	118	219.316345031566	9.8250833152894
7	124	220.281083080667	10.165590152408
7	130	225.488554392673	10.481532698357
7	136	235.031768676949	10.415414606061
7	142	250.311218384268	10.526376666419
7	150	264.746891509608	10.76713133902
7	154	269.649318558028	12.389451882128
7	160	281.468083086716	12.199414186873
7	168	290.391215939305	12.199747855092
7	172	290.989531807334	12.380277662295
7	178	299.754026678055	12.335869040991
7	184	303.404886033591	12.441917545284
7	190	309.517864335867	12.693833616875
7	196	352.670759739229	11.193625167132
7	202	373.304869147894	10.682975164255
7	208	379.683828248667	10.520665595613
7	214	399.806031351679	10.11818494805
7	220	412.651156177374	10.069827336838
7	226	418.692849829616	10.397393861286
7	232	440.841871563422	9.9439592244933
7	238	464.174634267369	9.4649946142623
7	244	465.481053508184	9.4517267085928
7	250	479.224236401133	9.2630753464242
7	258	484.241014275181	9.7076538340675
7	262	489.748823769274	10.723098930248
7	268	498.305718341841	10.639442138101
7	274	508.357139192933	10.467284192758
7	280	516.206732300447	10.55391327535
7	286	520.80439738881	10.572736551646
7	294	528.156996284647	10.530834676657
7	298	529.894074611742	10.824129045235
7	304	536.613139282781	10.830041249077
7	310	542.401683849224	10.777591833587
7	316	546.30000601526	10.778357645464
7	322	552.783775872397	10.813766103979
7	328	561.061216284509	10.931386457817
7	334	569.59097571136	10.993517157835
7	340	571.636045845364	11.160940676968
7	346	579.632959513156	11.108977996356
7	352	596.33429153292	11.055208118143
8	47	101.078385261535	8
8	53	127.257305586686	9
8	59	128.703181916656	10
8	65	137.613046136055	11
8	71	165.086374788059	12
8	77	170.253719959538	13
8	83	177.059387678281	14
8	89	181.649600884937	15
8	95	185.716250341096	16
8	101	193.593118242385	17
8	107	196.004558665117	18
8	113	212.662899915192	19
8	119	219.316345031566	20
8	125	220.281083080667	21
8	131	225.488554392673	22
8	137	235.031768676949	23
8	143	250.311218384268	24
8	151	264.746891509608	25
8	155	269.649318558028	26
8	161	281.468083086716	27
8	169	290.391215939305	28
8	173	290.989531807334	29
8	179	299.754026678055	30
8	185	303.404886033591	31
8	191	309.517864335867	32
8	197	352.670759739229	33
8	203	373.304869147894	34
8	209	379.683828248667	35
8	215	399.806031351679	36
8	221	412.651156177374	37
8	227	418.692849829616	38
8	233	440.841871563422	39
8	239	464.174634267369	40
8	245	465.481053508184	41
8	251	479.224236401133	42
8	259	484.241014275181	43
8	263	489.748823769274	44
8	269	498.305718341841	45
8	275	508.357139192933	46
8	281	516.206732300447	47
8	287	520.80439738881	48
8	295	528.156996284647	49
8	299	529.894074611742	50
8	305	536.613139282781	51
8	311	542.401683849224	52
8	317	546.30000601526	53
8	323	552.783775872397	54
8	329	561.061216284509	55
8	335	569.59097571136	56
8	341	571.636045845364	57
8	347	579.632959513156	58
8	353	596.33429153292	59
9	47	101.078385261535	0.356997533661
9	53	127.257305586686	1.750073585833
9	59	128.703181916656	1.251211464021
9	65	137.613046136055	0.354392578918
9	71	165.086374788059	0.60454902934
9	77	170.253719959538	1.081165203327
9	83	177.059387678281	0.044278416418
9	89	181.649600884937	1.545714129569
9	95	185.716250341096	0.324684946592
9	101	193.593118242385	1.883675136495
9	107	196.004558665117	0.116100945795
9	113	212.662899915192	2.448394336384
9	119	219.316345031566	2.06848244667
9	125	220.281083080667	0.844858465866
9	131	225.488554392673	1.241784470455
9	137	235.031768676949	0.844876603942
9	143	250.311218384268	1.869168521768
9	151	264.746891509608	2.156943839382
9	155	269.649318558028	4.996676404866
9	161	281.468083086716	0.929384686369
9	169	290.391215939305	1.089538878329
9	173	290.989531807334	1.672952374962
9	179	299.754026678055	0.951952170142
9	185	303.404886033591	0.772121572561
9	191	309.517864335867	1.540296964637
9	197	352.670759739229	0.186960205988
9	203	373.304869147894	0.403423538737
9	209	379.683828248667	0.06519943264
9	215	399.806031351679	0.507847794957
9	221	412.651156177374	1.100145244907
9	227	418.692849829616	1.979885735298
9	233	440.841871563422	0.303991286934
9	239	464.174634267369	0.096968181418
9	245	465.481053508184	0.061892923694
9	251	479.224236401133	0.394905038291
9	259	484.241014275181	2.617539292249
9	263	489.748823769274	6.682953913401
9	269	498.305718341841	0.500697691322
9	275	508.357139192933	0.194237899674
9	281	516.206732300447	1.268824375005
9	287	520.80439738881	0.583266036801
9	295	528.156996284647	0.556063226625
9	299	529.894074611742	1.755533712793
9	305	536.613139282781	0.759005893267
9	311	542.401683849224	0.34241525148
9	317	546.30000601526	0.424328881744
9	323	552.783775872397	0.894576118067
9	329	561.061216284509	1.555025233401
9	335	569.59097571136	1.286311827322
9	341	571.636045845364	1.181878320656
9	347	579.632959513156	0.591337966981
9	353	596.33429153292	1.53469907687

