version 3
run ParameterStudy-296-20251202-16:20:05-1436
attr configname ParameterStudy
attr datetime 20251202-16:20:05
attr datetimef 20251202-162005
attr experiment ParameterStudy
attr inifile omnetpp.ini
attr iterationvars $betaProducer=6.9s
attr iterationvarsd betaProducer=6.9s
attr iterationvarsf betaProducer=6.9s-
attr measurement $betaProducer=6.9s
attr network queue_sim
attr processid 1436
attr repetition 1
attr replication #1
attr resultdir results
attr runnumber 296
attr seedset 296
itervar betaProducer 6.9s
config description "Parameter study: β_producer = 1s to 10s (0.1s steps), β_service = 1s, 5 repetitions"
config *.serviceUnit.meanServiceTime 1s
config *.producer.warmupPeriod 100s
config *.queue.warmupPeriod 100s
config *.serviceUnit.warmupPeriod 100s
config *.sink.warmupPeriod 100s
config *.producer.meanInterArrivalTime 6.9s
config network queue_sim
config sim-time-limit 600s
config warmup-period 100s
config repeat 5
config **.vector-recording true
config **.scalar-recording true
config debug-on-errors true

vector 0 queue_sim.producer jobGenerated:vector ETV
attr recordingmode vector
attr title "Jobs Generated"
vector 1 queue_sim.producer interArrivalTime:vector ETV
attr recordingmode vector
attr title "Inter-arrival Time"
attr unit s
vector 2 queue_sim.queue queueLength:vector ETV
attr recordingmode vector
attr title "Queue Length"
vector 3 queue_sim.queue queueingDelay:vector ETV
attr recordingmode vector
attr title "Queueing Delay"
attr unit s
vector 4 queue_sim.queue queueUtilization:vector ETV
attr recordingmode vector
attr title "Queue Utilization"
vector 5 queue_sim.queue systemSize:vector ETV
attr recordingmode vector
attr title "System Size"
vector 6 queue_sim.serviceUnit serviceTime:vector ETV
attr recordingmode vector
attr title "Service Time"
attr unit s
vector 7 queue_sim.serviceUnit utilization:vector ETV
attr recordingmode vector
attr title "Server Utilization"
vector 8 queue_sim.sink jobCompleted:vector ETV
attr recordingmode vector
attr title "Jobs Completed"
vector 9 queue_sim.sink totalDelay:vector ETV
attr recordingmode vector
attr title "Total System Delay"
attr unit s
0	103	112.586135608676	18
0	109	116.954509023711	19
0	115	120.650325121044	20
0	121	125.450905207706	21
0	127	134.439074838583	22
0	130	135.492726497363	23
0	139	149.285213608002	24
0	145	165.239515761516	25
0	151	180.804816568588	26
0	157	183.588060474978	27
0	163	184.186073594726	28
0	166	184.217510804873	29
0	175	191.542831277739	30
0	181	195.871952644985	31
0	187	213.435091240354	32
0	193	236.128546734283	33
0	199	240.753735540143	34
0	205	244.104319400852	35
0	211	253.660906847424	36
0	217	259.221789481694	37
0	223	265.687863796003	38
0	229	271.29804844904	39
0	235	302.89809787252	40
0	241	311.706324780496	41
0	247	318.701804846319	42
0	253	334.143716343196	43
0	259	345.922382944132	44
0	262	346.751735051253	45
0	271	351.042028114383	46
0	277	365.015421965928	47
0	283	380.432007408499	48
0	289	387.062084661069	49
0	295	392.276077436271	50
0	301	395.754778747184	51
0	307	402.563734267421	52
0	313	433.630612390164	53
0	319	438.546237396816	54
0	325	442.529100274831	55
0	331	458.690513219863	56
0	334	459.759750419985	57
0	343	463.081992279265	58
0	349	465.299493678696	59
0	352	465.817658487551	60
0	354	466.588457029413	61
0	367	471.1410305102	62
0	370	471.504575673901	63
0	379	473.815003486497	64
0	385	478.438687597708	65
0	391	486.588751830159	66
0	397	490.971530331286	67
0	403	498.724359837503	68
0	409	506.900278670353	69
0	415	507.671014241324	70
0	421	509.082475507833	71
0	427	514.835641341087	72
0	433	516.570719519855	73
0	436	516.698375821858	74
0	445	521.32165655827	75
0	451	531.754918590341	76
0	457	548.109748700233	77
0	463	555.368888240079	78
0	469	556.294510293128	79
0	475	560.820018743201	80
0	481	564.611435535645	81
0	487	565.977972451712	82
0	493	568.968172609708	83
0	499	577.93085464713	84
1	103	112.586135608676	4.3683734150353
1	109	116.954509023711	3.6958160973329
1	115	120.650325121044	4.8005800866621
1	121	125.450905207706	8.9881696308774
1	127	134.439074838583	1.0536516587798
1	130	135.492726497363	13.792487110639
1	139	149.285213608002	15.954302153514
1	145	165.239515761516	15.565300807072
1	151	180.804816568588	2.7832439063897
1	157	183.588060474978	0.59801311974848
1	163	184.186073594726	0.031437210147176
1	166	184.217510804873	7.3253204728659
1	175	191.542831277739	4.3291213672459
1	181	195.871952644985	17.563138595369
1	187	213.435091240354	22.693455493929
1	193	236.128546734283	4.6251888058598
1	199	240.753735540143	3.3505838607095
1	205	244.104319400852	9.5565874465722
1	211	253.660906847424	5.5608826342698
1	217	259.221789481694	6.4660743143088
1	223	265.687863796003	5.6101846530366
1	229	271.29804844904	31.60004942348
1	235	302.89809787252	8.808226907976
1	241	311.706324780496	6.9954800658234
1	247	318.701804846319	15.441911496877
1	253	334.143716343196	11.778666600936
1	259	345.922382944132	0.82935210712097
1	262	346.751735051253	4.2902930631297
1	271	351.042028114383	13.973393851545
1	277	365.015421965928	15.416585442571
1	283	380.432007408499	6.6300772525697
1	289	387.062084661069	5.2139927752019
1	295	392.276077436271	3.4787013109134
1	301	395.754778747184	6.8089555202367
1	307	402.563734267421	31.066878122743
1	313	433.630612390164	4.9156250066518
1	319	438.546237396816	3.9828628780154
1	325	442.529100274831	16.161412945032
1	331	458.690513219863	1.0692372001217
1	334	459.759750419985	3.3222418592799
1	343	463.081992279265	2.2175013994315
1	349	465.299493678696	0.51816480885468
1	352	465.817658487551	0.77079854186163
1	354	466.588457029413	4.5525734807872
1	367	471.1410305102	0.36354516370085
1	370	471.504575673901	2.3104278125958
1	379	473.815003486497	4.6236841112111
1	385	478.438687597708	8.1500642324507
1	391	486.588751830159	4.3827785011274
1	397	490.971530331286	7.7528295062174
1	403	498.724359837503	8.1759188328501
1	409	506.900278670353	0.77073557097071
1	415	507.671014241324	1.4114612665094
1	421	509.082475507833	5.7531658332538
1	427	514.835641341087	1.7350781787683
1	433	516.570719519855	0.12765630200337
1	436	516.698375821858	4.6232807364119
1	445	521.32165655827	10.433262032071
1	451	531.754918590341	16.354830109892
1	457	548.109748700233	7.259139539846
1	463	555.368888240079	0.92562205304864
1	469	556.294510293128	4.5255084500727
1	475	560.820018743201	3.7914167924437
1	481	564.611435535645	1.3665369160673
1	487	565.977972451712	2.9902001579959
1	493	568.968172609708	8.9626820374219
1	499	577.93085464713	27.945197637845
2	104	112.586135608676	1
2	104	112.586135608676	0
2	110	116.954509023711	1
2	110	116.954509023711	0
2	116	120.650325121044	1
2	116	120.650325121044	0
2	122	125.450905207706	1
2	122	125.450905207706	0
2	128	134.439074838583	1
2	128	134.439074838583	0
2	131	135.492726497363	1
2	134	136.060229358785	0
2	140	149.285213608002	1
2	140	149.285213608002	0
2	146	165.239515761516	1
2	146	165.239515761516	0
2	152	180.804816568588	1
2	152	180.804816568588	0
2	158	183.588060474978	1
2	158	183.588060474978	0
2	164	184.186073594726	1
2	164	184.186073594726	0
2	167	184.217510804873	1
2	170	184.676279801588	0
2	176	191.542831277739	1
2	176	191.542831277739	0
2	182	195.871952644985	1
2	182	195.871952644985	0
2	188	213.435091240354	1
2	188	213.435091240354	0
2	194	236.128546734283	1
2	194	236.128546734283	0
2	200	240.753735540143	1
2	200	240.753735540143	0
2	206	244.104319400852	1
2	206	244.104319400852	0
2	212	253.660906847424	1
2	212	253.660906847424	0
2	218	259.221789481694	1
2	218	259.221789481694	0
2	224	265.687863796003	1
2	224	265.687863796003	0
2	230	271.29804844904	1
2	230	271.29804844904	0
2	236	302.89809787252	1
2	236	302.89809787252	0
2	242	311.706324780496	1
2	242	311.706324780496	0
2	248	318.701804846319	1
2	248	318.701804846319	0
2	254	334.143716343196	1
2	254	334.143716343196	0
2	260	345.922382944132	1
2	260	345.922382944132	0
2	263	346.751735051253	1
2	266	346.804058103202	0
2	272	351.042028114383	1
2	272	351.042028114383	0
2	278	365.015421965928	1
2	278	365.015421965928	0
2	284	380.432007408499	1
2	284	380.432007408499	0
2	290	387.062084661069	1
2	290	387.062084661069	0
2	296	392.276077436271	1
2	296	392.276077436271	0
2	302	395.754778747184	1
2	302	395.754778747184	0
2	308	402.563734267421	1
2	308	402.563734267421	0
2	314	433.630612390164	1
2	314	433.630612390164	0
2	320	438.546237396816	1
2	320	438.546237396816	0
2	326	442.529100274831	1
2	326	442.529100274831	0
2	332	458.690513219863	1
2	332	458.690513219863	0
2	335	459.759750419985	1
2	338	459.84520640368	0
2	344	463.081992279265	1
2	344	463.081992279265	0
2	350	465.299493678696	1
2	350	465.299493678696	0
2	353	465.817658487551	1
2	355	466.588457029413	2
2	358	466.688326955346	1
2	362	468.702753468461	0
2	368	471.1410305102	1
2	368	471.1410305102	0
2	371	471.504575673901	1
2	374	471.951696187568	0
2	380	473.815003486497	1
2	380	473.815003486497	0
2	386	478.438687597708	1
2	386	478.438687597708	0
2	392	486.588751830159	1
2	392	486.588751830159	0
2	398	490.971530331286	1
2	398	490.971530331286	0
2	404	498.724359837503	1
2	404	498.724359837503	0
2	410	506.900278670353	1
2	410	506.900278670353	0
2	416	507.671014241324	1
2	416	507.671014241324	0
2	422	509.082475507833	1
2	422	509.082475507833	0
2	428	514.835641341087	1
2	428	514.835641341087	0
2	434	516.570719519855	1
2	434	516.570719519855	0
2	437	516.698375821858	1
2	440	518.624713871413	0
2	446	521.32165655827	1
2	446	521.32165655827	0
2	452	531.754918590341	1
2	452	531.754918590341	0
2	458	548.109748700233	1
2	458	548.109748700233	0
2	464	555.368888240079	1
2	464	555.368888240079	0
2	470	556.294510293128	1
2	470	556.294510293128	0
2	476	560.820018743201	1
2	476	560.820018743201	0
2	482	564.611435535645	1
2	482	564.611435535645	0
2	488	565.977972451712	1
2	488	565.977972451712	0
2	494	568.968172609708	1
2	494	568.968172609708	0
2	500	577.93085464713	1
2	500	577.93085464713	0
3	104	112.586135608676	0
3	110	116.954509023711	0
3	116	120.650325121044	0
3	122	125.450905207706	0
3	128	134.439074838583	0
3	134	136.060229358785	0.567502861422
3	140	149.285213608002	0
3	146	165.239515761516	0
3	152	180.804816568588	0
3	158	183.588060474978	0
3	164	184.186073594726	0
3	170	184.676279801588	0.458768996715
3	176	191.542831277739	0
3	182	195.871952644985	0
3	188	213.435091240354	0
3	194	236.128546734283	0
3	200	240.753735540143	0
3	206	244.104319400852	0
3	212	253.660906847424	0
3	218	259.221789481694	0
3	224	265.687863796003	0
3	230	271.29804844904	0
3	236	302.89809787252	0
3	242	311.706324780496	0
3	248	318.701804846319	0
3	254	334.143716343196	0
3	260	345.922382944132	0
3	266	346.804058103202	0.052323051949
3	272	351.042028114383	0
3	278	365.015421965928	0
3	284	380.432007408499	0
3	290	387.062084661069	0
3	296	392.276077436271	0
3	302	395.754778747184	0
3	308	402.563734267421	0
3	314	433.630612390164	0
3	320	438.546237396816	0
3	326	442.529100274831	0
3	332	458.690513219863	0
3	338	459.84520640368	0.085455983695
3	344	463.081992279265	0
3	350	465.299493678696	0
3	358	466.688326955346	0.870668467795
3	362	468.702753468461	2.114296439048
3	368	471.1410305102	0
3	374	471.951696187568	0.447120513667
3	380	473.815003486497	0
3	386	478.438687597708	0
3	392	486.588751830159	0
3	398	490.971530331286	0
3	404	498.724359837503	0
3	410	506.900278670353	0
3	416	507.671014241324	0
3	422	509.082475507833	0
3	428	514.835641341087	0
3	434	516.570719519855	0
3	440	518.624713871413	1.926338049555
3	446	521.32165655827	0
3	452	531.754918590341	0
3	458	548.109748700233	0
3	464	555.368888240079	0
3	470	556.294510293128	0
3	476	560.820018743201	0
3	482	564.611435535645	0
3	488	565.977972451712	0
3	494	568.968172609708	0
3	500	577.93085464713	0
4	505	600	0.012845208875826
5	102	102.429439647121	0
5	104	112.586135608676	1
5	104	112.586135608676	1
5	108	114.748593470281	0
5	110	116.954509023711	1
5	110	116.954509023711	1
5	114	118.656477334106	0
5	116	120.650325121044	1
5	116	120.650325121044	1
5	120	120.8160315832	0
5	122	125.450905207706	1
5	122	125.450905207706	1
5	126	125.559771291142	0
5	128	134.439074838583	1
5	128	134.439074838583	1
5	131	135.492726497363	2
5	134	136.060229358785	1
5	134	136.060229358785	1
5	138	137.634293548961	0
5	140	149.285213608002	1
5	140	149.285213608002	1
5	144	149.849686762858	0
5	146	165.239515761516	1
5	146	165.239515761516	1
5	150	166.742255485325	0
5	152	180.804816568588	1
5	152	180.804816568588	1
5	156	182.823933344767	0
5	158	183.588060474978	1
5	158	183.588060474978	1
5	162	183.739438737567	0
5	164	184.186073594726	1
5	164	184.186073594726	1
5	167	184.217510804873	2
5	170	184.676279801588	1
5	170	184.676279801588	1
5	174	185.295056716039	0
5	176	191.542831277739	1
5	176	191.542831277739	1
5	180	193.607234194828	0
5	182	195.871952644985	1
5	182	195.871952644985	1
5	186	197.377866643116	0
5	188	213.435091240354	1
5	188	213.435091240354	1
5	192	214.739975491023	0
5	194	236.128546734283	1
5	194	236.128546734283	1
5	198	237.707951393914	0
5	200	240.753735540143	1
5	200	240.753735540143	1
5	204	241.275567041489	0
5	206	244.104319400852	1
5	206	244.104319400852	1
5	210	244.41563250127	0
5	212	253.660906847424	1
5	212	253.660906847424	1
5	216	254.331390107042	0
5	218	259.221789481694	1
5	218	259.221789481694	1
5	222	259.448685798604	0
5	224	265.687863796003	1
5	224	265.687863796003	1
5	228	266.026548178446	0
5	230	271.29804844904	1
5	230	271.29804844904	1
5	234	272.035792207971	0
5	236	302.89809787252	1
5	236	302.89809787252	1
5	240	304.482274970006	0
5	242	311.706324780496	1
5	242	311.706324780496	1
5	246	312.077606288634	0
5	248	318.701804846319	1
5	248	318.701804846319	1
5	252	318.910288457958	0
5	254	334.143716343196	1
5	254	334.143716343196	1
5	258	339.664199860876	0
5	260	345.922382944132	1
5	260	345.922382944132	1
5	263	346.751735051253	2
5	266	346.804058103202	1
5	266	346.804058103202	1
5	270	347.867027331819	0
5	272	351.042028114383	1
5	272	351.042028114383	1
5	276	351.346940260431	0
5	278	365.015421965928	1
5	278	365.015421965928	1
5	282	365.072656160906	0
5	284	380.432007408499	1
5	284	380.432007408499	1
5	288	383.511173039529	0
5	290	387.062084661069	1
5	290	387.062084661069	1
5	294	387.141348691709	0
5	296	392.276077436271	1
5	296	392.276077436271	1
5	300	392.306508389105	0
5	302	395.754778747184	1
5	302	395.754778747184	1
5	306	395.832494657273	0
5	308	402.563734267421	1
5	308	402.563734267421	1
5	312	403.592058905688	0
5	314	433.630612390164	1
5	314	433.630612390164	1
5	318	434.276818741275	0
5	320	438.546237396816	1
5	320	438.546237396816	1
5	324	439.505054454833	0
5	326	442.529100274831	1
5	326	442.529100274831	1
5	330	443.135049278478	0
5	332	458.690513219863	1
5	332	458.690513219863	1
5	335	459.759750419985	2
5	338	459.84520640368	1
5	338	459.84520640368	1
5	342	461.111905153992	0
5	344	463.081992279265	1
5	344	463.081992279265	1
5	348	463.848473757436	0
5	350	465.299493678696	1
5	350	465.299493678696	1
5	353	465.817658487551	2
5	355	466.588457029413	3
5	358	466.688326955346	2
5	358	466.688326955346	2
5	362	468.702753468461	1
5	362	468.702753468461	1
5	366	468.926452633743	0
5	368	471.1410305102	1
5	368	471.1410305102	1
5	371	471.504575673901	2
5	374	471.951696187568	1
5	374	471.951696187568	1
5	378	472.313415428613	0
5	380	473.815003486497	1
5	380	473.815003486497	1
5	384	475.823031434507	0
5	386	478.438687597708	1
5	386	478.438687597708	1
5	390	479.079656214365	0
5	392	486.588751830159	1
5	392	486.588751830159	1
5	396	486.683050249857	0
5	398	490.971530331286	1
5	398	490.971530331286	1
5	402	493.96193980923	0
5	404	498.724359837503	1
5	404	498.724359837503	1
5	408	500.724798641443	0
5	410	506.900278670353	1
5	410	506.900278670353	1
5	414	507.242948543972	0
5	416	507.671014241324	1
5	416	507.671014241324	1
5	420	508.452477441041	0
5	422	509.082475507833	1
5	422	509.082475507833	1
5	426	509.22292216133	0
5	428	514.835641341087	1
5	428	514.835641341087	1
5	432	515.546295435971	0
5	434	516.570719519855	1
5	434	516.570719519855	1
5	437	516.698375821858	2
5	440	518.624713871413	1
5	440	518.624713871413	1
5	444	519.248763319435	0
5	446	521.32165655827	1
5	446	521.32165655827	1
5	450	521.431481810557	0
5	452	531.754918590341	1
5	452	531.754918590341	1
5	456	534.167114754222	0
5	458	548.109748700233	1
5	458	548.109748700233	1
5	462	548.845517310702	0
5	464	555.368888240079	1
5	464	555.368888240079	1
5	468	555.469876515592	0
5	470	556.294510293128	1
5	470	556.294510293128	1
5	474	557.440952789326	0
5	476	560.820018743201	1
5	476	560.820018743201	1
5	480	561.613592572985	0
5	482	564.611435535645	1
5	482	564.611435535645	1
5	486	564.850166186334	0
5	488	565.977972451712	1
5	488	565.977972451712	1
5	492	565.993604417753	0
5	494	568.968172609708	1
5	494	568.968172609708	1
5	498	569.304481938731	0
5	500	577.93085464713	1
5	500	577.93085464713	1
5	504	578.110165836766	0
6	105	112.586135608676	2.1624578616046
6	111	116.954509023711	1.7019683103955
6	117	120.650325121044	0.16570646215609
6	123	125.450905207706	0.10886608343591
6	129	134.439074838583	1.6211545202022
6	135	136.060229358785	1.5740641901765
6	141	149.285213608002	0.56447315485638
6	147	165.239515761516	1.5027397238094
6	153	180.804816568588	2.019116776179
6	159	183.588060474978	0.15137826258861
6	165	184.186073594726	0.49020620686234
6	171	184.676279801588	0.61877691445125
6	177	191.542831277739	2.0644029170891
6	183	195.871952644985	1.505913998131
6	189	213.435091240354	1.3048842506689
6	195	236.128546734283	1.5794046596313
6	201	240.753735540143	0.52183150134634
6	207	244.104319400852	0.31131310041759
6	213	253.660906847424	0.67048325961849
6	219	259.221789481694	0.22689631690952
6	225	265.687863796003	0.33868438244284
6	231	271.29804844904	0.73774375893078
6	237	302.89809787252	1.5841770974857
6	243	311.706324780496	0.37128150813841
6	249	318.701804846319	0.20848361163879
6	255	334.143716343196	5.5204835176803
6	261	345.922382944132	0.88167515906987
6	267	346.804058103202	1.0629692286169
6	273	351.042028114383	0.30491214604804
6	279	365.015421965928	0.057234194977791
6	285	380.432007408499	3.0791656310297
6	291	387.062084661069	0.079264030639689
6	297	392.276077436271	0.030430952833929
6	303	395.754778747184	0.077715910089293
6	309	402.563734267421	1.0283246382671
6	315	433.630612390164	0.64620635111074
6	321	438.546237396816	0.95881705801734
6	327	442.529100274831	0.60594900364722
6	333	458.690513219863	1.1546931838166
6	339	459.84520640368	1.2666987503119
6	345	463.081992279265	0.76648147817075
6	351	465.299493678696	1.3888332766501
6	359	466.688326955346	2.014426513115
6	363	468.702753468461	0.22369916528185
6	369	471.1410305102	0.81066567736753
6	375	471.951696187568	0.36171924104479
6	381	473.815003486497	2.0080279480098
6	387	478.438687597708	0.64096861665723
6	393	486.588751830159	0.094298419697895
6	399	490.971530331286	2.9904094779437
6	405	498.724359837503	2.0004388039405
6	411	506.900278670353	0.34266987361863
6	417	507.671014241324	0.78146319971701
6	423	509.082475507833	0.14044665349654
6	429	514.835641341087	0.71065409488423
6	435	516.570719519855	2.0539943515578
6	441	518.624713871413	0.62404944802173
6	447	521.32165655827	0.10982525228691
6	453	531.754918590341	2.4121961638813
6	459	548.109748700233	0.73576861046923
6	465	555.368888240079	0.1009882755125
6	471	556.294510293128	1.1464424961975
6	477	560.820018743201	0.79357382978387
6	483	564.611435535645	0.23873065068885
6	489	565.977972451712	0.015631966041213
6	495	568.968172609708	0.33630932902335
6	501	577.93085464713	0.17931118963575
7	100	102.429439647121	14.191124003866
7	106	114.748593470281	14.552114455954
7	112	118.656477334106	15.507214930187
7	118	120.8160315832	15.367183632545
7	124	125.559771291142	14.873304819167
7	132	136.060229358785	14.916954153489
7	136	137.634293548961	15.890012336917
7	142	149.849686762858	14.971388905949
7	148	166.742255485325	14.355880597723
7	154	182.823933344767	14.197504344606
7	160	183.739438737567	14.209150915869
7	168	184.676279801588	14.402510369837
7	172	185.295056716039	14.688355828733
7	178	193.607234194828	15.124021735225
7	184	197.377866643116	15.598058030686
7	190	214.739975491023	14.944585122547
7	196	237.707951393914	14.165030194226
7	202	241.275567041489	14.171859591771
7	208	244.41563250127	14.117160730547
7	214	254.331390107042	13.830393069295
7	220	259.448685798604	13.645059391357
7	226	266.026548178446	13.434979288528
7	232	272.035792207971	13.409395547775
7	238	304.482274970006	12.500738346732
7	244	312.077606288634	12.315466806922
7	250	318.910288457958	12.116980550487
7	256	339.664199860876	13.001894565786
7	264	346.804058103202	12.988445564642
7	268	347.867027331819	13.254324758793
7	274	351.346940260431	13.209831183663
7	280	365.072656160906	12.728855773812
7	286	383.511173039529	12.919763747866
7	292	387.141348691709	12.819090934545
7	298	392.306508389105	12.658070010298
7	304	395.832494657273	12.564948322396
7	310	403.592058905688	12.578164489373
7	316	434.276818741275	11.838227869341
7	322	439.505054454833	11.915561815164
7	328	443.135049278478	11.954695421686
7	336	459.84520640368	11.771382603971
7	340	461.111905153992	12.013751274457
7	346	463.848473757436	12.108117637065
7	356	466.688326955346	12.332031639274
7	360	468.702753468461	12.708817733467
7	364	468.926452633743	12.75045958263
7	372	471.951696187568	12.840497021672
7	376	472.313415428613	12.907247760138
7	382	475.823031434507	13.234056891258
7	388	479.079656214365	13.277887815371
7	394	486.683050249857	13.089824616945
7	400	493.96193980923	13.502329191963
7	406	500.724798641443	13.719473488506
7	412	507.242948543972	13.610731518651
7	418	508.452477441041	13.73204816008
7	424	509.22292216133	13.73885241259
7	430	515.546295435971	13.708184977247
7	438	518.624713871413	14.022863204953
7	442	519.248763319435	14.126193224299
7	448	521.431481810557	14.088123068155
7	454	534.167114754222	14.203814301141
7	460	548.845517310702	13.958002977467
7	466	555.469876515592	13.80972491337
7	472	557.440952789326	13.966556283686
7	478	561.613592572985	14.00409094251
7	484	564.850166186334	13.966112364404
7	490	565.993604417753	13.940659443903
7	496	569.304481938731	13.918659119866
7	502	578.110165836766	13.737669059989
8	101	102.429439647121	17
8	107	114.748593470281	18
8	113	118.656477334106	19
8	119	120.8160315832	20
8	125	125.559771291142	21
8	133	136.060229358785	22
8	137	137.634293548961	23
8	143	149.849686762858	24
8	149	166.742255485325	25
8	155	182.823933344767	26
8	161	183.739438737567	27
8	169	184.676279801588	28
8	173	185.295056716039	29
8	179	193.607234194828	30
8	185	197.377866643116	31
8	191	214.739975491023	32
8	197	237.707951393914	33
8	203	241.275567041489	34
8	209	244.41563250127	35
8	215	254.331390107042	36
8	221	259.448685798604	37
8	227	266.026548178446	38
8	233	272.035792207971	39
8	239	304.482274970006	40
8	245	312.077606288634	41
8	251	318.910288457958	42
8	257	339.664199860876	43
8	265	346.804058103202	44
8	269	347.867027331819	45
8	275	351.346940260431	46
8	281	365.072656160906	47
8	287	383.511173039529	48
8	293	387.141348691709	49
8	299	392.306508389105	50
8	305	395.832494657273	51
8	311	403.592058905688	52
8	317	434.276818741275	53
8	323	439.505054454833	54
8	329	443.135049278478	55
8	337	459.84520640368	56
8	341	461.111905153992	57
8	347	463.848473757436	58
8	357	466.688326955346	59
8	361	468.702753468461	60
8	365	468.926452633743	61
8	373	471.951696187568	62
8	377	472.313415428613	63
8	383	475.823031434507	64
8	389	479.079656214365	65
8	395	486.683050249857	66
8	401	493.96193980923	67
8	407	500.724798641443	68
8	413	507.242948543972	69
8	419	508.452477441041	70
8	425	509.22292216133	71
8	431	515.546295435971	72
8	439	518.624713871413	73
8	443	519.248763319435	74
8	449	521.431481810557	75
8	455	534.167114754222	76
8	461	548.845517310702	77
8	467	555.469876515592	78
8	473	557.440952789326	79
8	479	561.613592572985	80
8	485	564.850166186334	81
8	491	565.993604417753	82
8	497	569.304481938731	83
8	503	578.110165836766	84
9	101	102.429439647121	2.804298805181
9	107	114.748593470281	2.162457861605
9	113	118.656477334106	1.701968310395
9	119	120.8160315832	0.165706462156
9	125	125.559771291142	0.108866083436
9	133	136.060229358785	1.621154520202
9	137	137.634293548961	2.141567051598
9	143	149.849686762858	0.564473154856
9	149	166.742255485325	1.502739723809
9	155	182.823933344767	2.019116776179
9	161	183.739438737567	0.151378262589
9	169	184.676279801588	0.490206206862
9	173	185.295056716039	1.077545911166
9	179	193.607234194828	2.064402917089
9	185	197.377866643116	1.505913998131
9	191	214.739975491023	1.304884250669
9	197	237.707951393914	1.579404659631
9	203	241.275567041489	0.521831501346
9	209	244.41563250127	0.311313100418
9	215	254.331390107042	0.670483259618
9	221	259.448685798604	0.22689631691
9	227	266.026548178446	0.338684382443
9	233	272.035792207971	0.737743758931
9	239	304.482274970006	1.584177097486
9	245	312.077606288634	0.371281508138
9	251	318.910288457958	0.208483611639
9	257	339.664199860876	5.52048351768
9	265	346.804058103202	0.88167515907
9	269	347.867027331819	1.115292280566
9	275	351.346940260431	0.304912146048
9	281	365.072656160906	0.057234194978
9	287	383.511173039529	3.07916563103
9	293	387.141348691709	0.07926403064
9	299	392.306508389105	0.030430952834
9	305	395.832494657273	0.077715910089
9	311	403.592058905688	1.028324638267
9	317	434.276818741275	0.646206351111
9	323	439.505054454833	0.958817058017
9	329	443.135049278478	0.605949003647
9	337	459.84520640368	1.154693183817
9	341	461.111905153992	1.352154734007
9	347	463.848473757436	0.766481478171
9	357	466.688326955346	1.38883327665
9	361	468.702753468461	2.88509498091
9	365	468.926452633743	2.33799560433
9	373	471.951696187568	0.810665677368
9	377	472.313415428613	0.808839754712
9	383	475.823031434507	2.00802794801
9	389	479.079656214365	0.640968616657
9	395	486.683050249857	0.094298419698
9	401	493.96193980923	2.990409477944
9	407	500.724798641443	2.00043880394
9	413	507.242948543972	0.342669873619
9	419	508.452477441041	0.781463199717
9	425	509.22292216133	0.140446653497
9	431	515.546295435971	0.710654094884
9	439	518.624713871413	2.053994351558
9	443	519.248763319435	2.550387497577
9	449	521.431481810557	0.109825252287
9	455	534.167114754222	2.412196163881
9	461	548.845517310702	0.735768610469
9	467	555.469876515592	0.100988275513
9	473	557.440952789326	1.146442496198
9	479	561.613592572985	0.793573829784
9	485	564.850166186334	0.238730650689
9	491	565.993604417753	0.015631966041
9	497	569.304481938731	0.336309329023
9	503	578.110165836766	0.179311189636

