version 3
run ParameterStudy-309-20251202-16:20:05-1436
attr configname ParameterStudy
attr datetime 20251202-16:20:05
attr datetimef 20251202-162005
attr experiment ParameterStudy
attr inifile omnetpp.ini
attr iterationvars $betaProducer=7.1s
attr iterationvarsd betaProducer=7.1s
attr iterationvarsf betaProducer=7.1s-
attr measurement $betaProducer=7.1s
attr network queue_sim
attr processid 1436
attr repetition 4
attr replication #4
attr resultdir results
attr runnumber 309
attr seedset 309
itervar betaProducer 7.1s
config description "Parameter study: β_producer = 1s to 10s (0.1s steps), β_service = 1s, 5 repetitions"
config *.serviceUnit.meanServiceTime 1s
config *.producer.warmupPeriod 100s
config *.queue.warmupPeriod 100s
config *.serviceUnit.warmupPeriod 100s
config *.sink.warmupPeriod 100s
config *.producer.meanInterArrivalTime 7.1s
config network queue_sim
config sim-time-limit 600s
config warmup-period 100s
config repeat 5
config **.vector-recording true
config **.scalar-recording true
config debug-on-errors true

vector 0 queue_sim.producer jobGenerated:vector ETV
attr recordingmode vector
attr title "Jobs Generated"
vector 1 queue_sim.producer interArrivalTime:vector ETV
attr recordingmode vector
attr title "Inter-arrival Time"
attr unit s
vector 2 queue_sim.queue queueLength:vector ETV
attr recordingmode vector
attr title "Queue Length"
vector 3 queue_sim.queue queueingDelay:vector ETV
attr recordingmode vector
attr title "Queueing Delay"
attr unit s
vector 4 queue_sim.queue queueUtilization:vector ETV
attr recordingmode vector
attr title "Queue Utilization"
vector 5 queue_sim.queue systemSize:vector ETV
attr recordingmode vector
attr title "System Size"
vector 6 queue_sim.serviceUnit serviceTime:vector ETV
attr recordingmode vector
attr title "Service Time"
attr unit s
vector 7 queue_sim.serviceUnit utilization:vector ETV
attr recordingmode vector
attr title "Server Utilization"
vector 8 queue_sim.sink jobCompleted:vector ETV
attr recordingmode vector
attr title "Jobs Completed"
vector 9 queue_sim.sink totalDelay:vector ETV
attr recordingmode vector
attr title "Total System Delay"
attr unit s
0	103	127.054552205112	18
0	109	139.468413707588	19
0	115	152.630602853076	20
0	121	165.616335295475	21
0	127	174.072779266952	22
0	133	180.333979698052	23
0	139	188.344141974942	24
0	145	189.711640866061	25
0	151	192.895055140031	26
0	154	193.159235686628	27
0	163	201.218703973985	28
0	169	203.146134992959	29
0	175	204.803328899774	30
0	181	237.214938274432	31
0	187	250.364016231935	32
0	193	269.822522557448	33
0	199	272.07421783239	34
0	202	272.598200454719	35
0	211	278.019380703531	36
0	217	287.576516987094	37
0	223	303.178786686814	38
0	229	305.275617407279	39
0	235	319.180728459371	40
0	241	329.529579388242	41
0	247	339.968338823259	42
0	253	342.240444521474	43
0	259	374.756046938084	44
0	262	375.746807723168	45
0	271	378.476502526284	46
0	274	381.610676927568	47
0	280	382.940805088948	48
0	289	385.455346936703	49
0	295	387.974535535981	50
0	298	389.107078665764	51
0	307	402.755926121299	52
0	313	404.427446515788	53
0	319	410.2218248534	54
0	325	419.205006652284	55
0	331	439.113760657426	56
0	337	441.89483119051	57
0	343	449.201344299382	58
0	349	462.50094118437	59
0	355	463.694541383953	60
0	358	464.579054869205	61
0	367	493.691310424445	62
0	370	496.415900197708	63
0	379	503.611687388969	64
0	385	505.624156288408	65
0	391	522.502223496132	66
0	397	525.000219573744	67
0	403	528.794989267167	68
0	409	531.887326504017	69
0	415	537.323151658967	70
0	421	541.27701486104	71
0	427	556.169522039948	72
0	430	556.615700189261	73
0	436	559.022271935353	74
0	445	576.013410507231	75
0	451	578.491316755817	76
0	457	581.072072513031	77
0	463	583.748921044497	78
0	469	589.406125791109	79
1	103	127.054552205112	12.413861502476
1	109	139.468413707588	13.162189145488
1	115	152.630602853076	12.985732442399
1	121	165.616335295475	8.456443971477
1	127	174.072779266952	6.2612004311003
1	133	180.333979698052	8.0101622768905
1	139	188.344141974942	1.3674988911194
1	145	189.711640866061	3.1834142739701
1	151	192.895055140031	0.26418054659726
1	154	193.159235686628	8.059468287357
1	163	201.218703973985	1.9274310189744
1	169	203.146134992959	1.6571939068148
1	175	204.803328899774	32.411609374658
1	181	237.214938274432	13.149077957503
1	187	250.364016231935	19.458506325513
1	193	269.822522557448	2.2516952749416
1	199	272.07421783239	0.52398262232882
1	202	272.598200454719	5.421180248812
1	211	278.019380703531	9.5571362835635
1	217	287.576516987094	15.60226969972
1	223	303.178786686814	2.0968307204652
1	229	305.275617407279	13.905111052092
1	235	319.180728459371	10.348850928871
1	241	329.529579388242	10.438759435017
1	247	339.968338823259	2.2721056982153
1	253	342.240444521474	32.51560241661
1	259	374.756046938084	0.99076078508442
1	262	375.746807723168	2.7296948031157
1	271	378.476502526284	3.1341744012841
1	274	381.610676927568	1.3301281613801
1	280	382.940805088948	2.5145418477551
1	289	385.455346936703	2.5191885992778
1	295	387.974535535981	1.1325431297826
1	298	389.107078665764	13.648847455535
1	307	402.755926121299	1.671520394489
1	313	404.427446515788	5.7943783376124
1	319	410.2218248534	8.9831817988839
1	325	419.205006652284	19.908754005142
1	331	439.113760657426	2.7810705330842
1	337	441.89483119051	7.3065131088718
1	343	449.201344299382	13.299596884988
1	349	462.50094118437	1.1936001995833
1	355	463.694541383953	0.88451348525222
1	358	464.579054869205	29.11225555524
1	367	493.691310424445	2.7245897732634
1	370	496.415900197708	7.1957871912614
1	379	503.611687388969	2.012468899439
1	385	505.624156288408	16.878067207724
1	391	522.502223496132	2.4979960776118
1	397	525.000219573744	3.794769693423
1	403	528.794989267167	3.0923372368504
1	409	531.887326504017	5.4358251549505
1	415	537.323151658967	3.9538632020729
1	421	541.27701486104	14.892507178908
1	427	556.169522039948	0.4461781493128
1	430	556.615700189261	2.4065717460918
1	436	559.022271935353	16.991138571878
1	445	576.013410507231	2.4779062485862
1	451	578.491316755817	2.5807557572142
1	457	581.072072513031	2.6768485314662
1	463	583.748921044497	5.6572047466119
1	469	589.406125791109	13.888210226173
2	104	127.054552205112	1
2	104	127.054552205112	0
2	110	139.468413707588	1
2	110	139.468413707588	0
2	116	152.630602853076	1
2	116	152.630602853076	0
2	122	165.616335295475	1
2	122	165.616335295475	0
2	128	174.072779266952	1
2	128	174.072779266952	0
2	134	180.333979698052	1
2	134	180.333979698052	0
2	140	188.344141974942	1
2	140	188.344141974942	0
2	146	189.711640866061	1
2	146	189.711640866061	0
2	152	192.895055140031	1
2	152	192.895055140031	0
2	155	193.159235686628	1
2	158	194.130077092352	0
2	164	201.218703973985	1
2	164	201.218703973985	0
2	170	203.146134992959	1
2	170	203.146134992959	0
2	176	204.803328899774	1
2	176	204.803328899774	0
2	182	237.214938274432	1
2	182	237.214938274432	0
2	188	250.364016231935	1
2	188	250.364016231935	0
2	194	269.822522557448	1
2	194	269.822522557448	0
2	200	272.07421783239	1
2	200	272.07421783239	0
2	203	272.598200454719	1
2	206	273.109076317021	0
2	212	278.019380703531	1
2	212	278.019380703531	0
2	218	287.576516987094	1
2	218	287.576516987094	0
2	224	303.178786686814	1
2	224	303.178786686814	0
2	230	305.275617407279	1
2	230	305.275617407279	0
2	236	319.180728459371	1
2	236	319.180728459371	0
2	242	329.529579388242	1
2	242	329.529579388242	0
2	248	339.968338823259	1
2	248	339.968338823259	0
2	254	342.240444521474	1
2	254	342.240444521474	0
2	260	374.756046938084	1
2	260	374.756046938084	0
2	263	375.746807723168	1
2	266	377.590009506742	0
2	272	378.476502526284	1
2	272	378.476502526284	0
2	275	381.610676927568	1
2	278	382.640778026204	0
2	281	382.940805088948	1
2	284	383.420080508929	0
2	290	385.455346936703	1
2	290	385.455346936703	0
2	296	387.974535535981	1
2	296	387.974535535981	0
2	299	389.107078665764	1
2	302	390.274549943429	0
2	308	402.755926121299	1
2	308	402.755926121299	0
2	314	404.427446515788	1
2	314	404.427446515788	0
2	320	410.2218248534	1
2	320	410.2218248534	0
2	326	419.205006652284	1
2	326	419.205006652284	0
2	332	439.113760657426	1
2	332	439.113760657426	0
2	338	441.89483119051	1
2	338	441.89483119051	0
2	344	449.201344299382	1
2	344	449.201344299382	0
2	350	462.50094118437	1
2	350	462.50094118437	0
2	356	463.694541383953	1
2	356	463.694541383953	0
2	359	464.579054869205	1
2	362	464.928691606486	0
2	368	493.691310424445	1
2	368	493.691310424445	0
2	371	496.415900197708	1
2	374	496.852899656876	0
2	380	503.611687388969	1
2	380	503.611687388969	0
2	386	505.624156288408	1
2	386	505.624156288408	0
2	392	522.502223496132	1
2	392	522.502223496132	0
2	398	525.000219573744	1
2	398	525.000219573744	0
2	404	528.794989267167	1
2	404	528.794989267167	0
2	410	531.887326504017	1
2	410	531.887326504017	0
2	416	537.323151658967	1
2	416	537.323151658967	0
2	422	541.27701486104	1
2	422	541.27701486104	0
2	428	556.169522039948	1
2	428	556.169522039948	0
2	431	556.615700189261	1
2	434	557.59405813861	0
2	437	559.022271935353	1
2	440	560.431950318623	0
2	446	576.013410507231	1
2	446	576.013410507231	0
2	452	578.491316755817	1
2	452	578.491316755817	0
2	458	581.072072513031	1
2	458	581.072072513031	0
2	464	583.748921044497	1
2	464	583.748921044497	0
2	470	589.406125791109	1
2	470	589.406125791109	0
3	104	127.054552205112	0
3	110	139.468413707588	0
3	116	152.630602853076	0
3	122	165.616335295475	0
3	128	174.072779266952	0
3	134	180.333979698052	0
3	140	188.344141974942	0
3	146	189.711640866061	0
3	152	192.895055140031	0
3	158	194.130077092352	0.970841405724
3	164	201.218703973985	0
3	170	203.146134992959	0
3	176	204.803328899774	0
3	182	237.214938274432	0
3	188	250.364016231935	0
3	194	269.822522557448	0
3	200	272.07421783239	0
3	206	273.109076317021	0.510875862302
3	212	278.019380703531	0
3	218	287.576516987094	0
3	224	303.178786686814	0
3	230	305.275617407279	0
3	236	319.180728459371	0
3	242	329.529579388242	0
3	248	339.968338823259	0
3	254	342.240444521474	0
3	260	374.756046938084	0
3	266	377.590009506742	1.843201783574
3	272	378.476502526284	0
3	278	382.640778026204	1.030101098636
3	284	383.420080508929	0.479275419981
3	290	385.455346936703	0
3	296	387.974535535981	0
3	302	390.274549943429	1.167471277665
3	308	402.755926121299	0
3	314	404.427446515788	0
3	320	410.2218248534	0
3	326	419.205006652284	0
3	332	439.113760657426	0
3	338	441.89483119051	0
3	344	449.201344299382	0
3	350	462.50094118437	0
3	356	463.694541383953	0
3	362	464.928691606486	0.349636737281
3	368	493.691310424445	0
3	374	496.852899656876	0.436999459168
3	380	503.611687388969	0
3	386	505.624156288408	0
3	392	522.502223496132	0
3	398	525.000219573744	0
3	404	528.794989267167	0
3	410	531.887326504017	0
3	416	537.323151658967	0
3	422	541.27701486104	0
3	428	556.169522039948	0
3	434	557.59405813861	0.978357949349
3	440	560.431950318623	1.40967838327
3	446	576.013410507231	0
3	452	578.491316755817	0
3	458	581.072072513031	0
3	464	583.748921044497	0
3	470	589.406125791109	0
4	475	600	0.0183528787539
5	104	127.054552205112	1
5	104	127.054552205112	1
5	108	127.461927049785	0
5	110	139.468413707588	1
5	110	139.468413707588	1
5	114	141.165406908088	0
5	116	152.630602853076	1
5	116	152.630602853076	1
5	120	156.294382866269	0
5	122	165.616335295475	1
5	122	165.616335295475	1
5	126	165.78573263422	0
5	128	174.072779266952	1
5	128	174.072779266952	1
5	132	174.862373274534	0
5	134	180.333979698052	1
5	134	180.333979698052	1
5	138	180.809956511123	0
5	140	188.344141974942	1
5	140	188.344141974942	1
5	144	188.474935729874	0
5	146	189.711640866061	1
5	146	189.711640866061	1
5	150	190.563005005394	0
5	152	192.895055140031	1
5	152	192.895055140031	1
5	155	193.159235686628	2
5	158	194.130077092352	1
5	158	194.130077092352	1
5	162	195.009355376696	0
5	164	201.218703973985	1
5	164	201.218703973985	1
5	168	201.569466995085	0
5	170	203.146134992959	1
5	170	203.146134992959	1
5	174	203.604451233968	0
5	176	204.803328899774	1
5	176	204.803328899774	1
5	180	205.515270755356	0
5	182	237.214938274432	1
5	182	237.214938274432	1
5	186	237.223345332801	0
5	188	250.364016231935	1
5	188	250.364016231935	1
5	192	251.06148120432	0
5	194	269.822522557448	1
5	194	269.822522557448	1
5	198	270.257290342486	0
5	200	272.07421783239	1
5	200	272.07421783239	1
5	203	272.598200454719	2
5	206	273.109076317021	1
5	206	273.109076317021	1
5	210	273.245734681364	0
5	212	278.019380703531	1
5	212	278.019380703531	1
5	216	279.220375334322	0
5	218	287.576516987094	1
5	218	287.576516987094	1
5	222	289.987156075184	0
5	224	303.178786686814	1
5	224	303.178786686814	1
5	228	305.270222446069	0
5	230	305.275617407279	1
5	230	305.275617407279	1
5	234	305.750132324551	0
5	236	319.180728459371	1
5	236	319.180728459371	1
5	240	320.064018553117	0
5	242	329.529579388242	1
5	242	329.529579388242	1
5	246	329.809142721249	0
5	248	339.968338823259	1
5	248	339.968338823259	1
5	252	340.288237457315	0
5	254	342.240444521474	1
5	254	342.240444521474	1
5	258	342.597557274931	0
5	260	374.756046938084	1
5	260	374.756046938084	1
5	263	375.746807723168	2
5	266	377.590009506742	1
5	266	377.590009506742	1
5	270	378.110509351699	0
5	272	378.476502526284	1
5	272	378.476502526284	1
5	275	381.610676927568	2
5	278	382.640778026204	1
5	278	382.640778026204	1
5	281	382.940805088948	2
5	284	383.420080508929	1
5	284	383.420080508929	1
5	288	383.566872801624	0
5	290	385.455346936703	1
5	290	385.455346936703	1
5	294	387.280308127558	0
5	296	387.974535535981	1
5	296	387.974535535981	1
5	299	389.107078665764	2
5	302	390.274549943429	1
5	302	390.274549943429	1
5	306	390.615284709969	0
5	308	402.755926121299	1
5	308	402.755926121299	1
5	312	403.781755900259	0
5	314	404.427446515788	1
5	314	404.427446515788	1
5	318	406.698739473784	0
5	320	410.2218248534	1
5	320	410.2218248534	1
5	324	411.414429080206	0
5	326	419.205006652284	1
5	326	419.205006652284	1
5	330	420.590579363819	0
5	332	439.113760657426	1
5	332	439.113760657426	1
5	336	439.173272344525	0
5	338	441.89483119051	1
5	338	441.89483119051	1
5	342	441.946478622764	0
5	344	449.201344299382	1
5	344	449.201344299382	1
5	348	450.162071760087	0
5	350	462.50094118437	1
5	350	462.50094118437	1
5	354	463.196852961555	0
5	356	463.694541383953	1
5	356	463.694541383953	1
5	359	464.579054869205	2
5	362	464.928691606486	1
5	362	464.928691606486	1
5	366	465.514658830123	0
5	368	493.691310424445	1
5	368	493.691310424445	1
5	371	496.415900197708	2
5	374	496.852899656876	1
5	374	496.852899656876	1
5	378	498.792410678005	0
5	380	503.611687388969	1
5	380	503.611687388969	1
5	384	503.891119719297	0
5	386	505.624156288408	1
5	386	505.624156288408	1
5	390	505.977860003418	0
5	392	522.502223496132	1
5	392	522.502223496132	1
5	396	523.025837159124	0
5	398	525.000219573744	1
5	398	525.000219573744	1
5	402	527.044571867647	0
5	404	528.794989267167	1
5	404	528.794989267167	1
5	408	531.139184506891	0
5	410	531.887326504017	1
5	410	531.887326504017	1
5	414	532.829930158178	0
5	416	537.323151658967	1
5	416	537.323151658967	1
5	420	540.46430120882	0
5	422	541.27701486104	1
5	422	541.27701486104	1
5	426	541.870480852026	0
5	428	556.169522039948	1
5	428	556.169522039948	1
5	431	556.615700189261	2
5	434	557.59405813861	1
5	434	557.59405813861	1
5	437	559.022271935353	2
5	440	560.431950318623	1
5	440	560.431950318623	1
5	444	560.553424234034	0
5	446	576.013410507231	1
5	446	576.013410507231	1
5	450	576.492633703142	0
5	452	578.491316755817	1
5	452	578.491316755817	1
5	456	580.753797217251	0
5	458	581.072072513031	1
5	458	581.072072513031	1
5	462	582.741442472753	0
5	464	583.748921044497	1
5	464	583.748921044497	1
5	468	584.510169410987	0
5	470	589.406125791109	1
5	470	589.406125791109	1
5	474	590.300311394862	0
6	105	127.054552205112	0.40737484467321
6	111	139.468413707588	1.6969932005003
6	117	152.630602853076	3.6637800131925
6	123	165.616335295475	0.16939733874491
6	129	174.072779266952	0.78959400758192
6	135	180.333979698052	0.47597681307056
6	141	188.344141974942	0.13079375493215
6	147	189.711640866061	0.85136413933324
6	153	192.895055140031	1.2350219523214
6	159	194.130077092352	0.87927828434441
6	165	201.218703973985	0.35076302110045
6	171	203.146134992959	0.45831624100854
6	177	204.803328899774	0.71194185558217
6	183	237.214938274432	0.0084070583691565
6	189	250.364016231935	0.69746497238457
6	195	269.822522557448	0.43476778503795
6	201	272.07421783239	1.0348584846311
6	207	273.109076317021	0.13665836434281
6	213	278.019380703531	1.2009946307912
6	219	287.576516987094	2.4106390880897
6	225	303.178786686814	2.0914357592546
6	231	305.275617407279	0.47451491727239
6	237	319.180728459371	0.88329009374562
6	243	329.529579388242	0.27956333300687
6	249	339.968338823259	0.3198986340563
6	255	342.240444521474	0.35711275345716
6	261	374.756046938084	2.833962568658
6	267	377.590009506742	0.52049984495721
6	273	378.476502526284	4.1642754999201
6	279	382.640778026204	0.77930248272523
6	285	383.420080508929	0.14679229269482
6	291	385.455346936703	1.8249611908553
6	297	387.974535535981	2.300014407448
6	303	390.274549943429	0.34073476653953
6	309	402.755926121299	1.02582977896
6	315	404.427446515788	2.2712929579959
6	321	410.2218248534	1.1926042268059
6	327	419.205006652284	1.3855727115345
6	333	439.113760657426	0.059511687099029
6	339	441.89483119051	0.051647432254095
6	345	449.201344299382	0.9607274607045
6	351	462.50094118437	0.69591177718491
6	357	463.694541383953	1.2341502225333
6	363	464.928691606486	0.58596722363748
6	369	493.691310424445	3.1615892324312
6	375	496.852899656876	1.9395110211292
6	381	503.611687388969	0.27943233032762
6	387	505.624156288408	0.35370371501016
6	393	522.502223496132	0.52361366299203
6	399	525.000219573744	2.0443522939029
6	405	528.794989267167	2.3441952397241
6	411	531.887326504017	0.94260365416077
6	417	537.323151658967	3.1411495498534
6	423	541.27701486104	0.59346599098606
6	429	556.169522039948	1.4245360986618
6	435	557.59405813861	2.8378921800128
6	441	560.431950318623	0.12147391541071
6	447	576.013410507231	0.47922319591072
6	453	578.491316755817	2.2624804614335
6	459	581.072072513031	1.6693699597217
6	465	583.748921044497	0.76124836648955
6	471	589.406125791109	0.89418560375282
7	106	127.461927049785	12.340518623375
7	112	141.165406908088	12.344707125831
7	118	156.294382866269	13.493918125663
7	124	165.78573263422	12.823560302764
7	130	174.862373274534	12.609475093132
7	136	180.809956511123	12.457944602733
7	142	188.474935729874	12.020695423282
7	148	190.563005005394	12.33574277021
7	156	194.130077092352	12.745260515813
7	160	195.009355376696	13.13868367998
7	166	201.569466995085	12.885098997184
7	172	203.604451233968	12.98141639401
7	178	205.515270755356	13.207137049837
7	184	237.223345332801	11.445370390204
7	190	251.06148120432	11.092325021015
7	196	270.257290342486	10.465332219883
7	204	273.109076317021	10.734971595522
7	208	273.245734681364	10.77961570603
7	214	279.220375334322	10.979082284326
7	220	289.987156075184	11.402737382644
7	226	305.270222446069	11.516979719866
7	232	305.750132324551	11.654099462287
7	238	320.064018553117	11.408878381893
7	244	329.809142721249	11.156536671583
7	250	340.288237457315	10.906981935466
7	256	342.597557274931	10.937698925673
7	264	377.590009506742	10.674607615481
7	268	378.110509351699	10.797571277524
7	276	382.640778026204	11.758032556555
7	282	383.420080508929	11.937384624444
7	286	383.566872801624	11.971086474443
7	292	387.280308127558	12.327526656875
7	300	390.274549943429	12.822280529426
7	304	390.615284709969	12.898325889283
7	310	403.781755900259	12.731794198968
7	316	406.698739473784	13.198947998131
7	322	411.414429080206	13.337538861163
7	328	420.590579363819	13.37598482487
7	334	439.173272344525	12.823559015098
7	340	441.946478622764	12.754777765297
7	346	450.162071760087	12.735417363449
7	352	463.196852961555	12.527272164476
7	360	464.928691606486	12.746057991291
7	364	465.514658830123	12.855889012034
7	372	496.852899656876	12.68134636024
7	376	498.792410678005	13.020877370453
7	382	503.891119719297	12.944578283931
7	388	505.977860003418	12.961097580911
7	394	523.025837159124	12.638744233916
7	400	527.044571867647	12.93026316318
7	406	531.139184506891	13.271934631393
7	412	532.829930158178	13.406726045292
7	418	540.46430120882	13.798542920723
7	424	541.870480852026	13.872256788425
7	432	557.59405813861	13.736552523322
7	438	560.431950318623	14.17336980841
7	442	560.553424234034	14.191968743614
7	448	576.492633703142	13.882708169291
7	454	580.753797217251	14.170423131149
7	460	582.741442472753	14.408558282612
7	466	584.510169410987	14.495194981379
7	472	590.300311394862	14.504494185942
8	107	127.461927049785	18
8	113	141.165406908088	19
8	119	156.294382866269	20
8	125	165.78573263422	21
8	131	174.862373274534	22
8	137	180.809956511123	23
8	143	188.474935729874	24
8	149	190.563005005394	25
8	157	194.130077092352	26
8	161	195.009355376696	27
8	167	201.569466995085	28
8	173	203.604451233968	29
8	179	205.515270755356	30
8	185	237.223345332801	31
8	191	251.06148120432	32
8	197	270.257290342486	33
8	205	273.109076317021	34
8	209	273.245734681364	35
8	215	279.220375334322	36
8	221	289.987156075184	37
8	227	305.270222446069	38
8	233	305.750132324551	39
8	239	320.064018553117	40
8	245	329.809142721249	41
8	251	340.288237457315	42
8	257	342.597557274931	43
8	265	377.590009506742	44
8	269	378.110509351699	45
8	277	382.640778026204	46
8	283	383.420080508929	47
8	287	383.566872801624	48
8	293	387.280308127558	49
8	301	390.274549943429	50
8	305	390.615284709969	51
8	311	403.781755900259	52
8	317	406.698739473784	53
8	323	411.414429080206	54
8	329	420.590579363819	55
8	335	439.173272344525	56
8	341	441.946478622764	57
8	347	450.162071760087	58
8	353	463.196852961555	59
8	361	464.928691606486	60
8	365	465.514658830123	61
8	373	496.852899656876	62
8	377	498.792410678005	63
8	383	503.891119719297	64
8	389	505.977860003418	65
8	395	523.025837159124	66
8	401	527.044571867647	67
8	407	531.139184506891	68
8	413	532.829930158178	69
8	419	540.46430120882	70
8	425	541.870480852026	71
8	433	557.59405813861	72
8	439	560.431950318623	73
8	443	560.553424234034	74
8	449	576.492633703142	75
8	455	580.753797217251	76
8	461	582.741442472753	77
8	467	584.510169410987	78
8	473	590.300311394862	79
9	107	127.461927049785	0.407374844673
9	113	141.165406908088	1.6969932005
9	119	156.294382866269	3.663780013193
9	125	165.78573263422	0.169397338745
9	131	174.862373274534	0.789594007582
9	137	180.809956511123	0.475976813071
9	143	188.474935729874	0.130793754932
9	149	190.563005005394	0.851364139333
9	157	194.130077092352	1.235021952321
9	161	195.009355376696	1.850119690068
9	167	201.569466995085	0.3507630211
9	173	203.604451233968	0.458316241009
9	179	205.515270755356	0.711941855582
9	185	237.223345332801	0.008407058369
9	191	251.06148120432	0.697464972385
9	197	270.257290342486	0.434767785038
9	205	273.109076317021	1.034858484631
9	209	273.245734681364	0.647534226645
9	215	279.220375334322	1.200994630791
9	221	289.987156075184	2.41063908809
9	227	305.270222446069	2.091435759255
9	233	305.750132324551	0.474514917272
9	239	320.064018553117	0.883290093746
9	245	329.809142721249	0.279563333007
9	251	340.288237457315	0.319898634056
9	257	342.597557274931	0.357112753457
9	265	377.590009506742	2.833962568658
9	269	378.110509351699	2.363701628531
9	277	382.640778026204	4.16427549992
9	283	383.420080508929	1.809403581361
9	287	383.566872801624	0.626067712676
9	293	387.280308127558	1.824961190855
9	301	390.274549943429	2.300014407448
9	305	390.615284709969	1.508206044205
9	311	403.781755900259	1.02582977896
9	317	406.698739473784	2.271292957996
9	323	411.414429080206	1.192604226806
9	329	420.590579363819	1.385572711535
9	335	439.173272344525	0.059511687099
9	341	441.946478622764	0.051647432254
9	347	450.162071760087	0.960727460705
9	353	463.196852961555	0.695911777185
9	361	464.928691606486	1.234150222533
9	365	465.514658830123	0.935603960918
9	373	496.852899656876	3.161589232431
9	377	498.792410678005	2.376510480297
9	383	503.891119719297	0.279432330328
9	389	505.977860003418	0.35370371501
9	395	523.025837159124	0.523613662992
9	401	527.044571867647	2.044352293903
9	407	531.139184506891	2.344195239724
9	413	532.829930158178	0.942603654161
9	419	540.46430120882	3.141149549853
9	425	541.870480852026	0.593465990986
9	433	557.59405813861	1.424536098662
9	439	560.431950318623	3.816250129362
9	443	560.553424234034	1.531152298681
9	449	576.492633703142	0.479223195911
9	455	580.753797217251	2.262480461434
9	461	582.741442472753	1.669369959722
9	467	584.510169410987	0.76124836649
9	473	590.300311394862	0.894185603753

