version 3
run ParameterStudy-300-20251202-16:20:05-1436
attr configname ParameterStudy
attr datetime 20251202-16:20:05
attr datetimef 20251202-162005
attr experiment ParameterStudy
attr inifile omnetpp.ini
attr iterationvars $betaProducer=7.0s
attr iterationvarsd betaProducer=7.0s
attr iterationvarsf betaProducer=7.0s-
attr measurement $betaProducer=7.0s
attr network queue_sim
attr processid 1436
attr repetition 0
attr replication #0
attr resultdir results
attr runnumber 300
attr seedset 300
itervar betaProducer 7.0s
config description "Parameter study: β_producer = 1s to 10s (0.1s steps), β_service = 1s, 5 repetitions"
config *.serviceUnit.meanServiceTime 1s
config *.producer.warmupPeriod 100s
config *.queue.warmupPeriod 100s
config *.serviceUnit.warmupPeriod 100s
config *.sink.warmupPeriod 100s
config *.producer.meanInterArrivalTime 7.0s
config network queue_sim
config sim-time-limit 600s
config warmup-period 100s
config repeat 5
config **.vector-recording true
config **.scalar-recording true
config debug-on-errors true

vector 0 queue_sim.producer jobGenerated:vector ETV
attr recordingmode vector
attr title "Jobs Generated"
vector 1 queue_sim.producer interArrivalTime:vector ETV
attr recordingmode vector
attr title "Inter-arrival Time"
attr unit s
vector 2 queue_sim.queue queueLength:vector ETV
attr recordingmode vector
attr title "Queue Length"
vector 3 queue_sim.queue queueingDelay:vector ETV
attr recordingmode vector
attr title "Queueing Delay"
attr unit s
vector 4 queue_sim.queue queueUtilization:vector ETV
attr recordingmode vector
attr title "Queue Utilization"
vector 5 queue_sim.queue systemSize:vector ETV
attr recordingmode vector
attr title "System Size"
vector 6 queue_sim.serviceUnit serviceTime:vector ETV
attr recordingmode vector
attr title "Service Time"
attr unit s
vector 7 queue_sim.serviceUnit utilization:vector ETV
attr recordingmode vector
attr title "Server Utilization"
vector 8 queue_sim.sink jobCompleted:vector ETV
attr recordingmode vector
attr title "Jobs Completed"
vector 9 queue_sim.sink totalDelay:vector ETV
attr recordingmode vector
attr title "Total System Delay"
attr unit s
0	103	101.752768792722	18
0	109	102.587156934141	19
0	115	103.996756891726	20
0	121	112.356026240353	21
0	127	115.571995665075	22
0	133	119.473714782948	23
0	139	123.047369154655	24
0	145	130.37041368624	25
0	151	134.103683471877	26
0	154	135.354231039044	27
0	163	140.32442830711	28
0	169	145.416733841176	29
0	175	148.412912156534	30
0	181	150.932197726629	31
0	184	152.737582546456	32
0	186	153.130538106663	33
0	199	155.685509429909	34
0	205	158.273303338118	35
0	211	184.73181671754	36
0	217	187.898225170864	37
0	223	192.641248796007	38
0	229	202.376783176002	39
0	235	207.290731689559	40
0	241	208.221475216564	41
0	247	220.110330190508	42
0	253	223.343815997351	43
0	259	225.293870480346	44
0	265	236.888356361202	45
0	271	238.740087361072	46
0	277	240.800335695428	47
0	283	244.81272331425	48
0	289	257.291404110996	49
0	295	264.491064256664	50
0	301	273.320998810666	51
0	307	281.921421511683	52
0	313	292.343232598883	53
0	319	295.335037161843	54
0	325	303.109264787259	55
0	331	309.593451979013	56
0	337	318.049019719066	57
0	343	335.12762288995	58
0	349	350.587590421173	59
0	355	371.615645949177	60
0	361	382.074903411385	61
0	367	386.842335694835	62
0	373	393.706642300832	63
0	379	397.112222328885	64
0	385	402.10254510738	65
0	391	415.501592223499	66
0	397	417.472420560128	67
0	403	439.540111469948	68
0	409	453.793369865078	69
0	412	454.783026918314	70
0	421	459.982145391998	71
0	427	469.095001658037	72
0	433	471.809553594848	73
0	439	485.592331079327	74
0	445	486.489773251505	75
0	451	492.02480058498	76
0	457	496.822159274427	77
0	463	516.158318242854	78
0	466	516.629610026792	79
0	475	525.992072898153	80
0	481	529.934430507172	81
0	487	542.7877543111	82
0	493	552.922723157919	83
0	499	555.187215559165	84
0	502	555.775328251424	85
0	511	563.081046767346	86
0	517	564.606862296744	87
0	523	571.186865429187	88
0	529	582.300877569725	89
0	532	583.393882720077	90
0	534	584.794231077709	91
0	540	586.77840911574	92
0	550	588.001227471075	93
0	559	594.793729553013	94
0	565	599.44075978032	95
1	103	101.752768792722	0.83438814141939
1	109	102.587156934141	1.4095999575852
1	115	103.996756891726	8.3592693486266
1	121	112.356026240353	3.2159694247216
1	127	115.571995665075	3.901719117873
1	133	119.473714782948	3.5736543717068
1	139	123.047369154655	7.3230445315854
1	145	130.37041368624	3.7332697856365
1	151	134.103683471877	1.2505475671671
1	154	135.354231039044	4.9701972680664
1	163	140.32442830711	5.0923055340657
1	169	145.416733841176	2.9961783153582
1	175	148.412912156534	2.5192855700946
1	181	150.932197726629	1.805384819827
1	184	152.737582546456	0.39295556020733
1	186	153.130538106663	2.5549713232465
1	199	155.685509429909	2.5877939082086
1	205	158.273303338118	26.458513379422
1	211	184.73181671754	3.1664084533242
1	217	187.898225170864	4.7430236251434
1	223	192.641248796007	9.7355343799948
1	229	202.376783176002	4.9139485135572
1	235	207.290731689559	0.93074352700462
1	241	208.221475216564	11.888854973944
1	247	220.110330190508	3.2334858068427
1	253	223.343815997351	1.9500544829949
1	259	225.293870480346	11.594485880856
1	265	236.888356361202	1.8517309998704
1	271	238.740087361072	2.0602483343562
1	277	240.800335695428	4.0123876188216
1	283	244.81272331425	12.478680796746
1	289	257.291404110996	7.1996601456684
1	295	264.491064256664	8.8299345540017
1	301	273.320998810666	8.6004227010174
1	307	281.921421511683	10.4218110872
1	313	292.343232598883	2.9918045629596
1	319	295.335037161843	7.7742276254157
1	325	303.109264787259	6.4841871917541
1	331	309.593451979013	8.4555677400532
1	337	318.049019719066	17.078603170884
1	343	335.12762288995	15.459967531223
1	349	350.587590421173	21.028055528004
1	355	371.615645949177	10.459257462208
1	361	382.074903411385	4.7674322834501
1	367	386.842335694835	6.8643066059974
1	373	393.706642300832	3.4055800280533
1	379	397.112222328885	4.9903227784951
1	385	402.10254510738	13.399047116119
1	391	415.501592223499	1.9708283366288
1	397	417.472420560128	22.06769090982
1	403	439.540111469948	14.25325839513
1	409	453.793369865078	0.98965705323627
1	412	454.783026918314	5.1991184736843
1	421	459.982145391998	9.112856266039
1	427	469.095001658037	2.7145519368111
1	433	471.809553594848	13.782777484479
1	439	485.592331079327	0.89744217217763
1	445	486.489773251505	5.5350273334749
1	451	492.02480058498	4.7973586894474
1	457	496.822159274427	19.336158968427
1	463	516.158318242854	0.47129178393817
1	466	516.629610026792	9.3624628713615
1	475	525.992072898153	3.942357609019
1	481	529.934430507172	12.853323803928
1	487	542.7877543111	10.134968846819
1	493	552.922723157919	2.2644924012461
1	499	555.187215559165	0.58811269225884
1	502	555.775328251424	7.3057185159216
1	511	563.081046767346	1.5258155293982
1	517	564.606862296744	6.5800031324434
1	523	571.186865429187	11.114012140538
1	529	582.300877569725	1.093005150352
1	532	583.393882720077	1.4003483576324
1	534	584.794231077709	1.9841780380307
1	540	586.77840911574	1.2228183553352
1	550	588.001227471075	6.792502081938
1	559	594.793729553013	4.647030227307
1	565	599.44075978032	3.9162860129314
2	104	101.752768792722	1
2	104	101.752768792722	0
2	110	102.587156934141	1
2	110	102.587156934141	0
2	116	103.996756891726	1
2	116	103.996756891726	0
2	122	112.356026240353	1
2	122	112.356026240353	0
2	128	115.571995665075	1
2	128	115.571995665075	0
2	134	119.473714782948	1
2	134	119.473714782948	0
2	140	123.047369154655	1
2	140	123.047369154655	0
2	146	130.37041368624	1
2	146	130.37041368624	0
2	152	134.103683471877	1
2	152	134.103683471877	0
2	155	135.354231039044	1
2	158	135.729226708373	0
2	164	140.32442830711	1
2	164	140.32442830711	0
2	170	145.416733841176	1
2	170	145.416733841176	0
2	176	148.412912156534	1
2	176	148.412912156534	0
2	182	150.932197726629	1
2	182	150.932197726629	0
2	185	152.737582546456	1
2	187	153.130538106663	2
2	190	153.867506913212	1
2	194	155.224193208799	0
2	200	155.685509429909	1
2	200	155.685509429909	0
2	206	158.273303338118	1
2	206	158.273303338118	0
2	212	184.73181671754	1
2	212	184.73181671754	0
2	218	187.898225170864	1
2	218	187.898225170864	0
2	224	192.641248796007	1
2	224	192.641248796007	0
2	230	202.376783176002	1
2	230	202.376783176002	0
2	236	207.290731689559	1
2	236	207.290731689559	0
2	242	208.221475216564	1
2	242	208.221475216564	0
2	248	220.110330190508	1
2	248	220.110330190508	0
2	254	223.343815997351	1
2	254	223.343815997351	0
2	260	225.293870480346	1
2	260	225.293870480346	0
2	266	236.888356361202	1
2	266	236.888356361202	0
2	272	238.740087361072	1
2	272	238.740087361072	0
2	278	240.800335695428	1
2	278	240.800335695428	0
2	284	244.81272331425	1
2	284	244.81272331425	0
2	290	257.291404110996	1
2	290	257.291404110996	0
2	296	264.491064256664	1
2	296	264.491064256664	0
2	302	273.320998810666	1
2	302	273.320998810666	0
2	308	281.921421511683	1
2	308	281.921421511683	0
2	314	292.343232598883	1
2	314	292.343232598883	0
2	320	295.335037161843	1
2	320	295.335037161843	0
2	326	303.109264787259	1
2	326	303.109264787259	0
2	332	309.593451979013	1
2	332	309.593451979013	0
2	338	318.049019719066	1
2	338	318.049019719066	0
2	344	335.12762288995	1
2	344	335.12762288995	0
2	350	350.587590421173	1
2	350	350.587590421173	0
2	356	371.615645949177	1
2	356	371.615645949177	0
2	362	382.074903411385	1
2	362	382.074903411385	0
2	368	386.842335694835	1
2	368	386.842335694835	0
2	374	393.706642300832	1
2	374	393.706642300832	0
2	380	397.112222328885	1
2	380	397.112222328885	0
2	386	402.10254510738	1
2	386	402.10254510738	0
2	392	415.501592223499	1
2	392	415.501592223499	0
2	398	417.472420560128	1
2	398	417.472420560128	0
2	404	439.540111469948	1
2	404	439.540111469948	0
2	410	453.793369865078	1
2	410	453.793369865078	0
2	413	454.783026918314	1
2	416	455.669760612225	0
2	422	459.982145391998	1
2	422	459.982145391998	0
2	428	469.095001658037	1
2	428	469.095001658037	0
2	434	471.809553594848	1
2	434	471.809553594848	0
2	440	485.592331079327	1
2	440	485.592331079327	0
2	446	486.489773251505	1
2	446	486.489773251505	0
2	452	492.02480058498	1
2	452	492.02480058498	0
2	458	496.822159274427	1
2	458	496.822159274427	0
2	464	516.158318242854	1
2	464	516.158318242854	0
2	467	516.629610026792	1
2	470	516.707499454303	0
2	476	525.992072898153	1
2	476	525.992072898153	0
2	482	529.934430507172	1
2	482	529.934430507172	0
2	488	542.7877543111	1
2	488	542.7877543111	0
2	494	552.922723157919	1
2	494	552.922723157919	0
2	500	555.187215559165	1
2	500	555.187215559165	0
2	503	555.775328251424	1
2	506	556.925510680347	0
2	512	563.081046767346	1
2	512	563.081046767346	0
2	518	564.606862296744	1
2	518	564.606862296744	0
2	524	571.186865429187	1
2	524	571.186865429187	0
2	530	582.300877569725	1
2	530	582.300877569725	0
2	533	583.393882720077	1
2	535	584.794231077709	2
2	538	584.947952272232	1
2	541	586.77840911574	2
2	544	586.918220235773	1
2	548	587.687095191647	0
2	551	588.001227471075	1
2	554	588.6325733333	0
2	560	594.793729553013	1
2	560	594.793729553013	0
2	566	599.44075978032	1
2	566	599.44075978032	0
3	104	101.752768792722	0
3	110	102.587156934141	0
3	116	103.996756891726	0
3	122	112.356026240353	0
3	128	115.571995665075	0
3	134	119.473714782948	0
3	140	123.047369154655	0
3	146	130.37041368624	0
3	152	134.103683471877	0
3	158	135.729226708373	0.374995669329
3	164	140.32442830711	0
3	170	145.416733841176	0
3	176	148.412912156534	0
3	182	150.932197726629	0
3	190	153.867506913212	1.129924366756
3	194	155.224193208799	2.093655102136
3	200	155.685509429909	0
3	206	158.273303338118	0
3	212	184.73181671754	0
3	218	187.898225170864	0
3	224	192.641248796007	0
3	230	202.376783176002	0
3	236	207.290731689559	0
3	242	208.221475216564	0
3	248	220.110330190508	0
3	254	223.343815997351	0
3	260	225.293870480346	0
3	266	236.888356361202	0
3	272	238.740087361072	0
3	278	240.800335695428	0
3	284	244.81272331425	0
3	290	257.291404110996	0
3	296	264.491064256664	0
3	302	273.320998810666	0
3	308	281.921421511683	0
3	314	292.343232598883	0
3	320	295.335037161843	0
3	326	303.109264787259	0
3	332	309.593451979013	0
3	338	318.049019719066	0
3	344	335.12762288995	0
3	350	350.587590421173	0
3	356	371.615645949177	0
3	362	382.074903411385	0
3	368	386.842335694835	0
3	374	393.706642300832	0
3	380	397.112222328885	0
3	386	402.10254510738	0
3	392	415.501592223499	0
3	398	417.472420560128	0
3	404	439.540111469948	0
3	410	453.793369865078	0
3	416	455.669760612225	0.886733693911
3	422	459.982145391998	0
3	428	469.095001658037	0
3	434	471.809553594848	0
3	440	485.592331079327	0
3	446	486.489773251505	0
3	452	492.02480058498	0
3	458	496.822159274427	0
3	464	516.158318242854	0
3	470	516.707499454303	0.077889427511
3	476	525.992072898153	0
3	482	529.934430507172	0
3	488	542.7877543111	0
3	494	552.922723157919	0
3	500	555.187215559165	0
3	506	556.925510680347	1.150182428923
3	512	563.081046767346	0
3	518	564.606862296744	0
3	524	571.186865429187	0
3	530	582.300877569725	0
3	538	584.947952272232	1.554069552155
3	544	586.918220235773	2.123989158064
3	548	587.687095191647	0.908686075907
3	554	588.6325733333	0.631345862225
3	560	594.793729553013	0
3	566	599.44075978032	0
4	568	600	0.019801940431624
5	104	101.752768792722	1
5	104	101.752768792722	1
5	108	101.821848421152	0
5	110	102.587156934141	1
5	110	102.587156934141	1
5	114	102.775231915616	0
5	116	103.996756891726	1
5	116	103.996756891726	1
5	120	104.225015551032	0
5	122	112.356026240353	1
5	122	112.356026240353	1
5	126	112.778260037137	0
5	128	115.571995665075	1
5	128	115.571995665075	1
5	132	117.262168707305	0
5	134	119.473714782948	1
5	134	119.473714782948	1
5	138	120.49684285252	0
5	140	123.047369154655	1
5	140	123.047369154655	1
5	144	123.912734939029	0
5	146	130.37041368624	1
5	146	130.37041368624	1
5	150	131.118671749454	0
5	152	134.103683471877	1
5	152	134.103683471877	1
5	155	135.354231039044	2
5	158	135.729226708373	1
5	158	135.729226708373	1
5	162	136.851092565931	0
5	164	140.32442830711	1
5	164	140.32442830711	1
5	168	141.057177560085	0
5	170	145.416733841176	1
5	170	145.416733841176	1
5	174	145.941804727285	0
5	176	148.412912156534	1
5	176	148.412912156534	1
5	180	149.202749308674	0
5	182	150.932197726629	1
5	182	150.932197726629	1
5	185	152.737582546456	2
5	187	153.130538106663	3
5	190	153.867506913212	2
5	190	153.867506913212	2
5	194	155.224193208799	1
5	194	155.224193208799	1
5	198	155.356565033915	0
5	200	155.685509429909	1
5	200	155.685509429909	1
5	204	156.858029468686	0
5	206	158.273303338118	1
5	206	158.273303338118	1
5	210	159.461888522641	0
5	212	184.73181671754	1
5	212	184.73181671754	1
5	216	185.413441556922	0
5	218	187.898225170864	1
5	218	187.898225170864	1
5	222	188.230294013776	0
5	224	192.641248796007	1
5	224	192.641248796007	1
5	228	194.317922269319	0
5	230	202.376783176002	1
5	230	202.376783176002	1
5	234	202.701125410935	0
5	236	207.290731689559	1
5	236	207.290731689559	1
5	240	207.36380199282	0
5	242	208.221475216564	1
5	242	208.221475216564	1
5	246	208.700178943798	0
5	248	220.110330190508	1
5	248	220.110330190508	1
5	252	220.736596225802	0
5	254	223.343815997351	1
5	254	223.343815997351	1
5	258	223.370187525088	0
5	260	225.293870480346	1
5	260	225.293870480346	1
5	264	225.846603583566	0
5	266	236.888356361202	1
5	266	236.888356361202	1
5	270	238.384371320584	0
5	272	238.740087361072	1
5	272	238.740087361072	1
5	276	239.803177883398	0
5	278	240.800335695428	1
5	278	240.800335695428	1
5	282	241.69553854388	0
5	284	244.81272331425	1
5	284	244.81272331425	1
5	288	245.100634508057	0
5	290	257.291404110996	1
5	290	257.291404110996	1
5	294	258.184362774692	0
5	296	264.491064256664	1
5	296	264.491064256664	1
5	300	266.211508030234	0
5	302	273.320998810666	1
5	302	273.320998810666	1
5	306	274.385022544985	0
5	308	281.921421511683	1
5	308	281.921421511683	1
5	312	282.525242424669	0
5	314	292.343232598883	1
5	314	292.343232598883	1
5	318	293.837979775184	0
5	320	295.335037161843	1
5	320	295.335037161843	1
5	324	296.326633541191	0
5	326	303.109264787259	1
5	326	303.109264787259	1
5	330	303.258123685257	0
5	332	309.593451979013	1
5	332	309.593451979013	1
5	336	310.026110194147	0
5	338	318.049019719066	1
5	338	318.049019719066	1
5	342	318.112426319305	0
5	344	335.12762288995	1
5	344	335.12762288995	1
5	348	335.482587750273	0
5	350	350.587590421173	1
5	350	350.587590421173	1
5	354	352.091830619169	0
5	356	371.615645949177	1
5	356	371.615645949177	1
5	360	372.008437313468	0
5	362	382.074903411385	1
5	362	382.074903411385	1
5	366	382.603014276812	0
5	368	386.842335694835	1
5	368	386.842335694835	1
5	372	387.930316949485	0
5	374	393.706642300832	1
5	374	393.706642300832	1
5	378	394.004888056148	0
5	380	397.112222328885	1
5	380	397.112222328885	1
5	384	397.296593796947	0
5	386	402.10254510738	1
5	386	402.10254510738	1
5	390	402.400817745353	0
5	392	415.501592223499	1
5	392	415.501592223499	1
5	396	415.624419425267	0
5	398	417.472420560128	1
5	398	417.472420560128	1
5	402	417.722983393291	0
5	404	439.540111469948	1
5	404	439.540111469948	1
5	408	440.859935622188	0
5	410	453.793369865078	1
5	410	453.793369865078	1
5	413	454.783026918314	2
5	416	455.669760612225	1
5	416	455.669760612225	1
5	420	456.808219265198	0
5	422	459.982145391998	1
5	422	459.982145391998	1
5	426	460.247121811814	0
5	428	469.095001658037	1
5	428	469.095001658037	1
5	432	469.254920915784	0
5	434	471.809553594848	1
5	434	471.809553594848	1
5	438	471.940089021693	0
5	440	485.592331079327	1
5	440	485.592331079327	1
5	444	485.680314251405	0
5	446	486.489773251505	1
5	446	486.489773251505	1
5	450	486.490561192526	0
5	452	492.02480058498	1
5	452	492.02480058498	1
5	456	492.956205090358	0
5	458	496.822159274427	1
5	458	496.822159274427	1
5	462	496.908729382576	0
5	464	516.158318242854	1
5	464	516.158318242854	1
5	467	516.629610026792	2
5	470	516.707499454303	1
5	470	516.707499454303	1
5	474	516.936916052616	0
5	476	525.992072898153	1
5	476	525.992072898153	1
5	480	526.813572550806	0
5	482	529.934430507172	1
5	482	529.934430507172	1
5	486	530.002222348543	0
5	488	542.7877543111	1
5	488	542.7877543111	1
5	492	545.288998229013	0
5	494	552.922723157919	1
5	494	552.922723157919	1
5	498	553.36499805983	0
5	500	555.187215559165	1
5	500	555.187215559165	1
5	503	555.775328251424	2
5	506	556.925510680347	1
5	506	556.925510680347	1
5	510	557.642653318939	0
5	512	563.081046767346	1
5	512	563.081046767346	1
5	516	563.640758890632	0
5	518	564.606862296744	1
5	518	564.606862296744	1
5	522	566.780913127953	0
5	524	571.186865429187	1
5	524	571.186865429187	1
5	528	571.556680767258	0
5	530	582.300877569725	1
5	530	582.300877569725	1
5	533	583.393882720077	2
5	535	584.794231077709	3
5	538	584.947952272232	2
5	538	584.947952272232	2
5	541	586.77840911574	3
5	544	586.918220235773	2
5	544	586.918220235773	2
5	548	587.687095191647	1
5	548	587.687095191647	1
5	551	588.001227471075	2
5	554	588.6325733333	1
5	554	588.6325733333	1
5	558	590.483347943873	0
5	560	594.793729553013	1
5	560	594.793729553013	1
5	564	596.174671706438	0
5	566	599.44075978032	1
5	566	599.44075978032	1
6	105	101.752768792722	0.069079628430344
6	111	102.587156934141	0.18807498147531
6	117	103.996756891726	0.22825865930619
6	123	112.356026240353	0.42223379678412
6	129	115.571995665075	1.6901730422299
6	135	119.473714782948	1.0231280695721
6	141	123.047369154655	0.86536578437368
6	147	130.37041368624	0.74825806321375
6	153	134.103683471877	1.6255432364958
6	159	135.729226708373	1.1218658575579
6	165	140.32442830711	0.73274925297547
6	171	145.416733841176	0.52507088610865
6	177	148.412912156534	0.78983715214047
6	183	150.932197726629	2.9353091865829
6	191	153.867506913212	1.356686295587
6	195	155.224193208799	0.13237182511596
6	201	155.685509429909	1.1725200387769
6	207	158.273303338118	1.1885851845231
6	213	184.73181671754	0.68162483938174
6	219	187.898225170864	0.33206884291202
6	225	192.641248796007	1.6766734733116
6	231	202.376783176002	0.32434223493273
6	237	207.290731689559	0.07307030326074
6	243	208.221475216564	0.47870372723399
6	249	220.110330190508	0.62626603529415
6	255	223.343815997351	0.026371527736729
6	261	225.293870480346	0.55273310322016
6	267	236.888356361202	1.4960149593825
6	273	238.740087361072	1.0630905223261
6	279	240.800335695428	0.89520284845189
6	285	244.81272331425	0.28791119380688
6	291	257.291404110996	0.89295866369582
6	297	264.491064256664	1.72044377357
6	303	273.320998810666	1.0640237343191
6	309	281.921421511683	0.60382091298565
6	315	292.343232598883	1.4947471763013
6	321	295.335037161843	0.99159637934801
6	327	303.109264787259	0.1488588979975
6	333	309.593451979013	0.43265821513369
6	339	318.049019719066	0.063406600238684
6	345	335.12762288995	0.35496486032259
6	351	350.587590421173	1.504240197996
6	357	371.615645949177	0.39279136429138
6	363	382.074903411385	0.52811086542704
6	369	386.842335694835	1.0879812546499
6	375	393.706642300832	0.29824575531552
6	381	397.112222328885	0.18437146806196
6	387	402.10254510738	0.29827263797275
6	393	415.501592223499	0.12282720176807
6	399	417.472420560128	0.25056283316331
6	405	439.540111469948	1.3198241522399
6	411	453.793369865078	1.8763907471472
6	417	455.669760612225	1.1384586529729
6	423	459.982145391998	0.26497641981605
6	429	469.095001658037	0.15991925774701
6	435	471.809553594848	0.13053542684497
6	441	485.592331079327	0.087983172078082
6	447	486.489773251505	0.0007879410212334
6	453	492.02480058498	0.93140450537838
6	459	496.822159274427	0.08657010814908
6	465	516.158318242854	0.5491812114488
6	471	516.707499454303	0.22941659831333
6	477	525.992072898153	0.82149965265276
6	483	529.934430507172	0.067791841370522
6	489	542.7877543111	2.5012439179133
6	495	552.922723157919	0.44227490191064
6	501	555.187215559165	1.7382951211817
6	507	556.925510680347	0.7171426385921
6	513	563.081046767346	0.55971212328574
6	519	564.606862296744	2.1740508312094
6	525	571.186865429187	0.36981533807089
6	531	582.300877569725	2.6470747025073
6	539	584.947952272232	1.9702679635406
6	545	586.918220235773	0.76887495587396
6	549	587.687095191647	0.9454781416531
6	555	588.6325733333	1.8507746105729
6	561	594.793729553013	1.3809421534246
6	567	599.44075978032	3.1505371519685
7	106	101.821848421152	20.147500808214
7	112	102.775231915616	20.143601069237
7	118	104.225015551032	20.082406573614
7	124	112.778260037137	18.933724606253
7	130	117.262168707305	19.651093329941
7	136	120.49684285252	19.972661285751
7	142	123.912734939029	20.120443697412
7	148	131.118671749454	19.585349506602
7	156	135.729226708373	20.117696113977
7	160	136.851092565931	20.772548243196
7	166	141.057177560085	20.672615872491
7	172	145.941804727285	20.340490799846
7	178	149.202749308674	20.425304933742
7	188	153.867506913212	21.713762946228
7	192	155.224193208799	22.397998198146
7	196	155.356565033915	22.464119115591
7	202	156.858029468686	22.996593788708
7	208	159.461888522641	23.36645413623
7	214	185.413441556922	20.463572418045
7	220	188.230294013776	20.333752826153
7	226	194.317922269319	20.559583869286
7	232	202.701125410935	19.869301838013
7	238	207.36380199282	19.45776859435
7	244	208.700178943798	19.56254789721
7	250	220.736596225802	18.779549567908
7	256	223.370187525088	18.5699401026
7	262	225.846603583566	18.611058331963
7	268	238.384371320584	18.2597784628
7	274	239.803177883398	18.595061587167
7	280	241.69553854388	18.819855648927
7	286	245.100634508057	18.675864609464
7	292	258.184362774692	18.075308984565
7	298	266.211508030234	18.176548960247
7	304	274.385022544985	18.022881996461
7	310	282.525242424669	17.717322994804
7	316	293.837979775184	17.54390530386
7	322	296.326633541191	17.731195022866
7	328	303.258123685257	17.375004354563
7	334	310.026110194147	17.135256891023
7	340	318.112426319305	16.71961627738
7	346	335.482587750273	15.959737949628
7	352	352.091830619169	15.634098062647
7	358	372.008437313468	14.902665604637
7	364	382.603014276812	14.6280301542
7	370	387.930316949485	14.707606768813
7	376	394.004888056148	14.556548166753
7	382	397.296593796947	14.482349880584
7	388	402.400817745353	14.37277283365
7	394	415.624419425267	13.945037853455
7	400	417.722983393291	13.93496354387
7	406	440.859935622188	13.5030119075
7	414	455.669760612225	13.475934911087
7	418	456.808219265198	13.691570415083
7	424	460.247121811814	13.646841543548
7	430	469.254920915784	13.418956706358
7	436	471.940089021693	13.370267026434
7	442	485.680314251405	13.010128560895
7	448	486.490561192526	12.988622238671
7	454	492.956205090358	13.007205318313
7	460	496.908729382576	12.921164800907
7	468	516.707499454303	12.532347046144
7	472	516.936916052616	12.571165189673
7	478	526.813572550806	12.491419493503
7	484	530.002222348543	12.429058286869
7	490	545.288998229013	12.539319384287
7	496	553.36499805983	12.436240853417
7	504	556.925510680347	12.668857454961
7	508	557.642653318939	12.781167525977
7	514	563.640758890632	12.744456944822
7	520	566.780913127953	13.057427121719
7	526	571.556680767258	13.013026093881
7	536	584.947952272232	13.167649260566
7	542	586.918220235773	13.45914302062
7	546	587.687095191647	13.572365002413
7	552	588.6325733333	13.711187492752
7	556	590.483347943873	13.98164582815
7	562	596.174671706438	14.079805218305
8	107	101.821848421152	18
8	113	102.775231915616	19
8	119	104.225015551032	20
8	125	112.778260037137	21
8	131	117.262168707305	22
8	137	120.49684285252	23
8	143	123.912734939029	24
8	149	131.118671749454	25
8	157	135.729226708373	26
8	161	136.851092565931	27
8	167	141.057177560085	28
8	173	145.941804727285	29
8	179	149.202749308674	30
8	189	153.867506913212	31
8	193	155.224193208799	32
8	197	155.356565033915	33
8	203	156.858029468686	34
8	209	159.461888522641	35
8	215	185.413441556922	36
8	221	188.230294013776	37
8	227	194.317922269319	38
8	233	202.701125410935	39
8	239	207.36380199282	40
8	245	208.700178943798	41
8	251	220.736596225802	42
8	257	223.370187525088	43
8	263	225.846603583566	44
8	269	238.384371320584	45
8	275	239.803177883398	46
8	281	241.69553854388	47
8	287	245.100634508057	48
8	293	258.184362774692	49
8	299	266.211508030234	50
8	305	274.385022544985	51
8	311	282.525242424669	52
8	317	293.837979775184	53
8	323	296.326633541191	54
8	329	303.258123685257	55
8	335	310.026110194147	56
8	341	318.112426319305	57
8	347	335.482587750273	58
8	353	352.091830619169	59
8	359	372.008437313468	60
8	365	382.603014276812	61
8	371	387.930316949485	62
8	377	394.004888056148	63
8	383	397.296593796947	64
8	389	402.400817745353	65
8	395	415.624419425267	66
8	401	417.722983393291	67
8	407	440.859935622188	68
8	415	455.669760612225	69
8	419	456.808219265198	70
8	425	460.247121811814	71
8	431	469.254920915784	72
8	437	471.940089021693	73
8	443	485.680314251405	74
8	449	486.490561192526	75
8	455	492.956205090358	76
8	461	496.908729382576	77
8	469	516.707499454303	78
8	473	516.936916052616	79
8	479	526.813572550806	80
8	485	530.002222348543	81
8	491	545.288998229013	82
8	497	553.36499805983	83
8	505	556.925510680347	84
8	509	557.642653318939	85
8	515	563.640758890632	86
8	521	566.780913127953	87
8	527	571.556680767258	88
8	537	584.947952272232	89
8	543	586.918220235773	90
8	547	587.687095191647	91
8	553	588.6325733333	92
8	557	590.483347943873	93
8	563	596.174671706438	94
9	107	101.821848421152	0.06907962843
9	113	102.775231915616	0.188074981475
9	119	104.225015551032	0.228258659306
9	125	112.778260037137	0.422233796784
9	131	117.262168707305	1.69017304223
9	137	120.49684285252	1.023128069572
9	143	123.912734939029	0.865365784374
9	149	131.118671749454	0.748258063214
9	157	135.729226708373	1.625543236496
9	161	136.851092565931	1.496861526887
9	167	141.057177560085	0.732749252975
9	173	145.941804727285	0.525070886109
9	179	149.202749308674	0.78983715214
9	189	153.867506913212	2.935309186583
9	193	155.224193208799	2.486610662343
9	197	155.356565033915	2.226026927252
9	203	156.858029468686	1.172520038777
9	209	159.461888522641	1.188585184523
9	215	185.413441556922	0.681624839382
9	221	188.230294013776	0.332068842912
9	227	194.317922269319	1.676673473312
9	233	202.701125410935	0.324342234933
9	239	207.36380199282	0.073070303261
9	245	208.700178943798	0.478703727234
9	251	220.736596225802	0.626266035294
9	257	223.370187525088	0.026371527737
9	263	225.846603583566	0.55273310322
9	269	238.384371320584	1.496014959382
9	275	239.803177883398	1.063090522326
9	281	241.69553854388	0.895202848452
9	287	245.100634508057	0.287911193807
9	293	258.184362774692	0.892958663696
9	299	266.211508030234	1.72044377357
9	305	274.385022544985	1.064023734319
9	311	282.525242424669	0.603820912986
9	317	293.837979775184	1.494747176301
9	323	296.326633541191	0.991596379348
9	329	303.258123685257	0.148858897998
9	335	310.026110194147	0.432658215134
9	341	318.112426319305	0.063406600239
9	347	335.482587750273	0.354964860323
9	353	352.091830619169	1.504240197996
9	359	372.008437313468	0.392791364291
9	365	382.603014276812	0.528110865427
9	371	387.930316949485	1.08798125465
9	377	394.004888056148	0.298245755316
9	383	397.296593796947	0.184371468062
9	389	402.400817745353	0.298272637973
9	395	415.624419425267	0.122827201768
9	401	417.722983393291	0.250562833163
9	407	440.859935622188	1.31982415224
9	415	455.669760612225	1.876390747147
9	419	456.808219265198	2.025192346884
9	425	460.247121811814	0.264976419816
9	431	469.254920915784	0.159919257747
9	437	471.940089021693	0.130535426845
9	443	485.680314251405	0.087983172078
9	449	486.490561192526	0.000787941021
9	455	492.956205090358	0.931404505378
9	461	496.908729382576	0.086570108149
9	469	516.707499454303	0.549181211449
9	473	516.936916052616	0.307306025824
9	479	526.813572550806	0.821499652653
9	485	530.002222348543	0.067791841371
9	491	545.288998229013	2.501243917913
9	497	553.36499805983	0.442274901911
9	505	556.925510680347	1.738295121182
9	509	557.642653318939	1.867325067515
9	515	563.640758890632	0.559712123286
9	521	566.780913127953	2.174050831209
9	527	571.556680767258	0.369815338071
9	537	584.947952272232	2.647074702507
9	543	586.918220235773	3.524337515696
9	547	587.687095191647	2.892864113938
9	553	588.6325733333	1.85416421756
9	557	590.483347943873	2.482120472798
9	563	596.174671706438	1.380942153425

