version 3
run ParameterStudy-240-20251202-16:20:04-1436
attr configname ParameterStudy
attr datetime 20251202-16:20:04
attr datetimef 20251202-162004
attr experiment ParameterStudy
attr inifile omnetpp.ini
attr iterationvars $betaProducer=5.8s
attr iterationvarsd betaProducer=5.8s
attr iterationvarsf betaProducer=5.8s-
attr measurement $betaProducer=5.8s
attr network queue_sim
attr processid 1436
attr repetition 0
attr replication #0
attr resultdir results
attr runnumber 240
attr seedset 240
itervar betaProducer 5.8s
config description "Parameter study: β_producer = 1s to 10s (0.1s steps), β_service = 1s, 5 repetitions"
config *.serviceUnit.meanServiceTime 1s
config *.producer.warmupPeriod 100s
config *.queue.warmupPeriod 100s
config *.serviceUnit.warmupPeriod 100s
config *.sink.warmupPeriod 100s
config *.producer.meanInterArrivalTime 5.8s
config network queue_sim
config sim-time-limit 600s
config warmup-period 100s
config repeat 5
config **.vector-recording true
config **.scalar-recording true
config debug-on-errors true

vector 0 queue_sim.producer jobGenerated:vector ETV
attr recordingmode vector
attr title "Jobs Generated"
vector 1 queue_sim.producer interArrivalTime:vector ETV
attr recordingmode vector
attr title "Inter-arrival Time"
attr unit s
vector 2 queue_sim.queue queueLength:vector ETV
attr recordingmode vector
attr title "Queue Length"
vector 3 queue_sim.queue queueingDelay:vector ETV
attr recordingmode vector
attr title "Queueing Delay"
attr unit s
vector 4 queue_sim.queue queueUtilization:vector ETV
attr recordingmode vector
attr title "Queue Utilization"
vector 5 queue_sim.queue systemSize:vector ETV
attr recordingmode vector
attr title "System Size"
vector 6 queue_sim.serviceUnit serviceTime:vector ETV
attr recordingmode vector
attr title "Service Time"
attr unit s
vector 7 queue_sim.serviceUnit utilization:vector ETV
attr recordingmode vector
attr title "Server Utilization"
vector 8 queue_sim.sink jobCompleted:vector ETV
attr recordingmode vector
attr title "Jobs Completed"
vector 9 queue_sim.sink totalDelay:vector ETV
attr recordingmode vector
attr title "Total System Delay"
attr unit s
0	91	104.012986653216	16
0	97	116.140112875303	17
0	103	121.588167796475	18
0	109	128.325908383193	19
0	115	132.918972698708	20
0	121	133.574999029542	21
0	127	136.556666853446	22
0	133	140.396031889675	23
0	139	143.412711208874	24
0	145	158.307550726376	25
0	148	159.68928644743	26
0	157	164.096049656989	27
0	163	170.84308947539	28
0	169	176.180731734972	29
0	175	188.816529192517	30
0	181	205.146743009201	31
0	187	208.202457213909	32
0	193	216.635928340586	33
0	199	222.615314579326	34
0	205	228.911469210031	35
0	211	230.61862679682	36
0	217	246.673053987279	37
0	220	247.831534324477	38
0	229	249.502239967032	39
0	235	258.391431621878	40
0	241	260.418336876915	41
0	247	261.037877033747	42
0	250	263.656323533909	43
0	259	280.597456016807	44
0	265	284.211933292285	45
0	271	287.541587265313	46
0	277	297.528908599833	47
0	283	306.762296040339	48
0	289	308.073983739491	49
0	295	310.102184104367	50
0	301	312.198293980725	51
0	307	313.436688663659	52
0	313	326.29773761766	53
0	319	359.472765586827	54
0	325	362.68191052288	55
0	331	377.346658868589	56
0	337	380.296111101303	57
0	343	390.890146239847	58
0	349	393.265617786729	59
0	352	395.802248070747	60
0	361	404.226619158895	61
0	367	406.588021243741	62
0	373	423.975976506557	63
0	379	430.235912298799	64
0	385	449.924776026055	65
0	391	451.139475416551	66
0	397	456.678203410633	67
0	400	458.28626028437	68
0	409	460.808313753178	69
0	415	479.122690972509	70
0	421	482.223933490334	71
0	427	489.817621145112	72
0	430	490.472170417897	73
0	439	493.354385536071	74
0	442	494.382877169324	75
0	451	498.441806032377	76
0	457	503.034617095605	77
0	460	503.321332628937	78
0	469	507.432915223047	79
0	475	511.300274985984	80
0	481	515.593179440994	81
0	487	521.863232913968	82
0	493	538.020627681547	83
0	499	541.644392467228	84
0	505	553.515365218285	85
0	511	587.039374690463	86
0	517	596.985140485727	87
1	91	104.012986653216	12.127126222087
1	97	116.140112875303	5.4480549211716
1	103	121.588167796475	6.7377405867181
1	109	128.325908383193	4.5930643155151
1	115	132.918972698708	0.65602633083436
1	121	133.574999029542	2.9816678239036
1	127	136.556666853446	3.8393650362292
1	133	140.396031889675	3.0166793191995
1	139	143.412711208874	14.894839517502
1	145	158.307550726376	1.3817357210536
1	148	159.68928644743	4.4067632095589
1	157	164.096049656989	6.7470398184014
1	163	170.84308947539	5.3376422595822
1	169	176.180731734972	12.635797457545
1	175	188.816529192517	16.330213816684
1	181	205.146743009201	3.0557142047082
1	187	208.202457213909	8.4334711266769
1	193	216.635928340586	5.9793862387395
1	199	222.615314579326	6.2961546307048
1	205	228.911469210031	1.7071575867889
1	211	230.61862679682	16.054427190459
1	217	246.673053987279	1.158480337198
1	220	247.831534324477	1.6707056425555
1	229	249.502239967032	8.8891916548462
1	235	258.391431621878	2.0269052550375
1	241	260.418336876915	0.61954015683184
1	247	261.037877033747	2.6184465001623
1	250	263.656323533909	16.941132482898
1	259	280.597456016807	3.6144772754779
1	265	284.211933292285	3.3296539730282
1	271	287.541587265313	9.9873213345204
1	277	297.528908599833	9.2333874405059
1	283	306.762296040339	1.3116876991517
1	289	308.073983739491	2.0282003648761
1	295	310.102184104367	2.0961098763581
1	301	312.198293980725	1.2383946829337
1	307	313.436688663659	12.861048954001
1	313	326.29773761766	33.175027969167
1	319	359.472765586827	3.2091449360533
1	325	362.68191052288	14.664748345709
1	331	377.346658868589	2.949452232714
1	337	380.296111101303	10.594035138544
1	343	390.890146239847	2.3754715468818
1	349	393.265617786729	2.5366302840185
1	352	395.802248070747	8.4243710881478
1	361	404.226619158895	2.361402084846
1	367	406.588021243741	17.387955262816
1	373	423.975976506557	6.2599357922417
1	379	430.235912298799	19.688863727256
1	385	449.924776026055	1.2146993904958
1	391	451.139475416551	5.5387279940818
1	397	456.678203410633	1.6080568737371
1	400	458.28626028437	2.5220534688077
1	409	460.808313753178	18.314377219331
1	415	479.122690972509	3.1012425178248
1	421	482.223933490334	7.5936876547776
1	427	489.817621145112	0.65454927278539
1	430	490.472170417897	2.8822151181742
1	439	493.354385536071	1.0284916332529
1	442	494.382877169324	4.0589288630526
1	451	498.441806032377	4.5928110632275
1	457	503.034617095605	0.28671553333236
1	460	503.321332628937	4.1115825941097
1	469	507.432915223047	3.8673597629372
1	475	511.300274985984	4.2929044550097
1	481	515.593179440994	6.2700534729735
1	487	521.863232913968	16.157394767579
1	493	538.020627681547	3.6237647856807
1	499	541.644392467228	11.870972751057
1	505	553.515365218285	33.524009472178
1	511	587.039374690463	9.9457657952643
1	517	596.985140485727	4.5340651486105
2	92	104.012986653216	1
2	92	104.012986653216	0
2	98	116.140112875303	1
2	98	116.140112875303	0
2	104	121.588167796475	1
2	104	121.588167796475	0
2	110	128.325908383193	1
2	110	128.325908383193	0
2	116	132.918972698708	1
2	116	132.918972698708	0
2	122	133.574999029542	1
2	122	133.574999029542	0
2	128	136.556666853446	1
2	128	136.556666853446	0
2	134	140.396031889675	1
2	134	140.396031889675	0
2	140	143.412711208874	1
2	140	143.412711208874	0
2	146	158.307550726376	1
2	146	158.307550726376	0
2	149	159.68928644743	1
2	152	161.146122012516	0
2	158	164.096049656989	1
2	158	164.096049656989	0
2	164	170.84308947539	1
2	164	170.84308947539	0
2	170	176.180731734972	1
2	170	176.180731734972	0
2	176	188.816529192517	1
2	176	188.816529192517	0
2	182	205.146743009201	1
2	182	205.146743009201	0
2	188	208.202457213909	1
2	188	208.202457213909	0
2	194	216.635928340586	1
2	194	216.635928340586	0
2	200	222.615314579326	1
2	200	222.615314579326	0
2	206	228.911469210031	1
2	206	228.911469210031	0
2	212	230.61862679682	1
2	212	230.61862679682	0
2	218	246.673053987279	1
2	218	246.673053987279	0
2	221	247.831534324477	1
2	224	247.993530935938	0
2	230	249.502239967032	1
2	230	249.502239967032	0
2	236	258.391431621878	1
2	236	258.391431621878	0
2	242	260.418336876915	1
2	242	260.418336876915	0
2	248	261.037877033747	1
2	248	261.037877033747	0
2	251	263.656323533909	1
2	254	263.918588226838	0
2	260	280.597456016807	1
2	260	280.597456016807	0
2	266	284.211933292285	1
2	266	284.211933292285	0
2	272	287.541587265313	1
2	272	287.541587265313	0
2	278	297.528908599833	1
2	278	297.528908599833	0
2	284	306.762296040339	1
2	284	306.762296040339	0
2	290	308.073983739491	1
2	290	308.073983739491	0
2	296	310.102184104367	1
2	296	310.102184104367	0
2	302	312.198293980725	1
2	302	312.198293980725	0
2	308	313.436688663659	1
2	308	313.436688663659	0
2	314	326.29773761766	1
2	314	326.29773761766	0
2	320	359.472765586827	1
2	320	359.472765586827	0
2	326	362.68191052288	1
2	326	362.68191052288	0
2	332	377.346658868589	1
2	332	377.346658868589	0
2	338	380.296111101303	1
2	338	380.296111101303	0
2	344	390.890146239847	1
2	344	390.890146239847	0
2	350	393.265617786729	1
2	350	393.265617786729	0
2	353	395.802248070747	1
2	356	396.212042028791	0
2	362	404.226619158895	1
2	362	404.226619158895	0
2	368	406.588021243741	1
2	368	406.588021243741	0
2	374	423.975976506557	1
2	374	423.975976506557	0
2	380	430.235912298799	1
2	380	430.235912298799	0
2	386	449.924776026055	1
2	386	449.924776026055	0
2	392	451.139475416551	1
2	392	451.139475416551	0
2	398	456.678203410633	1
2	398	456.678203410633	0
2	401	458.28626028437	1
2	404	458.765090387773	0
2	410	460.808313753178	1
2	410	460.808313753178	0
2	416	479.122690972509	1
2	416	479.122690972509	0
2	422	482.223933490334	1
2	422	482.223933490334	0
2	428	489.817621145112	1
2	428	489.817621145112	0
2	431	490.472170417897	1
2	434	491.951550641644	0
2	440	493.354385536071	1
2	440	493.354385536071	0
2	443	494.382877169324	1
2	446	494.466977813939	0
2	452	498.441806032377	1
2	452	498.441806032377	0
2	458	503.034617095605	1
2	458	503.034617095605	0
2	461	503.321332628937	1
2	464	504.086062721982	0
2	470	507.432915223047	1
2	470	507.432915223047	0
2	476	511.300274985984	1
2	476	511.300274985984	0
2	482	515.593179440994	1
2	482	515.593179440994	0
2	488	521.863232913968	1
2	488	521.863232913968	0
2	494	538.020627681547	1
2	494	538.020627681547	0
2	500	541.644392467228	1
2	500	541.644392467228	0
2	506	553.515365218285	1
2	506	553.515365218285	0
2	512	587.039374690463	1
2	512	587.039374690463	0
2	518	596.985140485727	1
2	518	596.985140485727	0
3	92	104.012986653216	0
3	98	116.140112875303	0
3	104	121.588167796475	0
3	110	128.325908383193	0
3	116	132.918972698708	0
3	122	133.574999029542	0
3	128	136.556666853446	0
3	134	140.396031889675	0
3	140	143.412711208874	0
3	146	158.307550726376	0
3	152	161.146122012516	1.456835565086
3	158	164.096049656989	0
3	164	170.84308947539	0
3	170	176.180731734972	0
3	176	188.816529192517	0
3	182	205.146743009201	0
3	188	208.202457213909	0
3	194	216.635928340586	0
3	200	222.615314579326	0
3	206	228.911469210031	0
3	212	230.61862679682	0
3	218	246.673053987279	0
3	224	247.993530935938	0.161996611461
3	230	249.502239967032	0
3	236	258.391431621878	0
3	242	260.418336876915	0
3	248	261.037877033747	0
3	254	263.918588226838	0.262264692929
3	260	280.597456016807	0
3	266	284.211933292285	0
3	272	287.541587265313	0
3	278	297.528908599833	0
3	284	306.762296040339	0
3	290	308.073983739491	0
3	296	310.102184104367	0
3	302	312.198293980725	0
3	308	313.436688663659	0
3	314	326.29773761766	0
3	320	359.472765586827	0
3	326	362.68191052288	0
3	332	377.346658868589	0
3	338	380.296111101303	0
3	344	390.890146239847	0
3	350	393.265617786729	0
3	356	396.212042028791	0.409793958044
3	362	404.226619158895	0
3	368	406.588021243741	0
3	374	423.975976506557	0
3	380	430.235912298799	0
3	386	449.924776026055	0
3	392	451.139475416551	0
3	398	456.678203410633	0
3	404	458.765090387773	0.478830103403
3	410	460.808313753178	0
3	416	479.122690972509	0
3	422	482.223933490334	0
3	428	489.817621145112	0
3	434	491.951550641644	1.479380223747
3	440	493.354385536071	0
3	446	494.466977813939	0.084100644615
3	452	498.441806032377	0
3	458	503.034617095605	0
3	464	504.086062721982	0.764730093045
3	470	507.432915223047	0
3	476	511.300274985984	0
3	482	515.593179440994	0
3	488	521.863232913968	0
3	494	538.020627681547	0
3	500	541.644392467228	0
3	506	553.515365218285	0
3	512	587.039374690463	0
3	518	596.985140485727	0
4	523	600	0.01019586378466
5	92	104.012986653216	1
5	92	104.012986653216	1
5	96	104.702980436739	0
5	98	116.140112875303	1
5	98	116.140112875303	1
5	102	116.318630507901	0
5	104	121.588167796475	1
5	104	121.588167796475	1
5	108	122.386369510637	0
5	110	128.325908383193	1
5	110	128.325908383193	1
5	114	128.370485052737	0
5	116	132.918972698708	1
5	116	132.918972698708	1
5	120	133.143364755345	0
5	122	133.574999029542	1
5	122	133.574999029542	1
5	126	134.029874100838	0
5	128	136.556666853446	1
5	128	136.556666853446	1
5	132	136.597034946073	0
5	134	140.396031889675	1
5	134	140.396031889675	1
5	138	141.20154932928	0
5	140	143.412711208874	1
5	140	143.412711208874	1
5	144	143.439723773444	0
5	146	158.307550726376	1
5	146	158.307550726376	1
5	149	159.68928644743	2
5	152	161.146122012516	1
5	152	161.146122012516	1
5	156	162.739728792762	0
5	158	164.096049656989	1
5	158	164.096049656989	1
5	162	164.740905800736	0
5	164	170.84308947539	1
5	164	170.84308947539	1
5	168	172.678877195795	0
5	170	176.180731734972	1
5	170	176.180731734972	1
5	174	180.346087446628	0
5	176	188.816529192517	1
5	176	188.816529192517	1
5	180	189.123253195627	0
5	182	205.146743009201	1
5	182	205.146743009201	1
5	186	205.423267647309	0
5	188	208.202457213909	1
5	188	208.202457213909	1
5	192	210.03591381883	0
5	194	216.635928340586	1
5	194	216.635928340586	1
5	198	217.560115553265	0
5	200	222.615314579326	1
5	200	222.615314579326	1
5	204	222.831919764345	0
5	206	228.911469210031	1
5	206	228.911469210031	1
5	210	228.930549785798	0
5	212	230.61862679682	1
5	212	230.61862679682	1
5	216	231.738139879762	0
5	218	246.673053987279	1
5	218	246.673053987279	1
5	221	247.831534324477	2
5	224	247.993530935938	1
5	224	247.993530935938	1
5	228	248.924084733285	0
5	230	249.502239967032	1
5	230	249.502239967032	1
5	234	249.844198725599	0
5	236	258.391431621878	1
5	236	258.391431621878	1
5	240	259.047434367102	0
5	242	260.418336876915	1
5	242	260.418336876915	1
5	246	260.484749398614	0
5	248	261.037877033747	1
5	248	261.037877033747	1
5	251	263.656323533909	2
5	254	263.918588226838	1
5	254	263.918588226838	1
5	258	268.178721135165	0
5	260	280.597456016807	1
5	260	280.597456016807	1
5	264	281.8995575609	0
5	266	284.211933292285	1
5	266	284.211933292285	1
5	270	285.5282010045	0
5	272	287.541587265313	1
5	272	287.541587265313	1
5	276	290.675245967043	0
5	278	297.528908599833	1
5	278	297.528908599833	1
5	282	298.060466696011	0
5	284	306.762296040339	1
5	284	306.762296040339	1
5	288	307.094041656496	0
5	290	308.073983739491	1
5	290	308.073983739491	1
5	294	309.261586046714	0
5	296	310.102184104367	1
5	296	310.102184104367	1
5	300	310.569097362621	0
5	302	312.198293980725	1
5	302	312.198293980725	1
5	306	312.850750602005	0
5	308	313.436688663659	1
5	308	313.436688663659	1
5	312	314.722018857368	0
5	314	326.29773761766	1
5	314	326.29773761766	1
5	318	326.713325850079	0
5	320	359.472765586827	1
5	320	359.472765586827	1
5	324	360.664577854055	0
5	326	362.68191052288	1
5	326	362.68191052288	1
5	330	362.829806596185	0
5	332	377.346658868589	1
5	332	377.346658868589	1
5	336	380.209625593584	0
5	338	380.296111101303	1
5	338	380.296111101303	1
5	342	380.308887174964	0
5	344	390.890146239847	1
5	344	390.890146239847	1
5	348	391.675733387662	0
5	350	393.265617786729	1
5	350	393.265617786729	1
5	353	395.802248070747	2
5	356	396.212042028791	1
5	356	396.212042028791	1
5	360	404.13761242333	0
5	362	404.226619158895	1
5	362	404.226619158895	1
5	366	405.075852289522	0
5	368	406.588021243741	1
5	368	406.588021243741	1
5	372	407.554847870525	0
5	374	423.975976506557	1
5	374	423.975976506557	1
5	378	424.019832677603	0
5	380	430.235912298799	1
5	380	430.235912298799	1
5	384	430.449607917378	0
5	386	449.924776026055	1
5	386	449.924776026055	1
5	390	450.112422060501	0
5	392	451.139475416551	1
5	392	451.139475416551	1
5	396	453.334975679872	0
5	398	456.678203410633	1
5	398	456.678203410633	1
5	401	458.28626028437	2
5	404	458.765090387773	1
5	404	458.765090387773	1
5	408	458.810501221448	0
5	410	460.808313753178	1
5	410	460.808313753178	1
5	414	460.987572100285	0
5	416	479.122690972509	1
5	416	479.122690972509	1
5	420	479.299757067558	0
5	422	482.223933490334	1
5	422	482.223933490334	1
5	426	484.059500137204	0
5	428	489.817621145112	1
5	428	489.817621145112	1
5	431	490.472170417897	2
5	434	491.951550641644	1
5	434	491.951550641644	1
5	438	492.05601771282	0
5	440	493.354385536071	1
5	440	493.354385536071	1
5	443	494.382877169324	2
5	446	494.466977813939	1
5	446	494.466977813939	1
5	450	494.679251845723	0
5	452	498.441806032377	1
5	452	498.441806032377	1
5	456	499.643390795771	0
5	458	503.034617095605	1
5	458	503.034617095605	1
5	461	503.321332628937	2
5	464	504.086062721982	1
5	464	504.086062721982	1
5	468	505.272327137324	0
5	470	507.432915223047	1
5	470	507.432915223047	1
5	474	507.45402545381	0
5	476	511.300274985984	1
5	476	511.300274985984	1
5	480	511.735953187898	0
5	482	515.593179440994	1
5	482	515.593179440994	1
5	486	515.610005128176	0
5	488	521.863232913968	1
5	488	521.863232913968	1
5	492	522.248573206434	0
5	494	538.020627681547	1
5	494	538.020627681547	1
5	498	538.091694806798	0
5	500	541.644392467228	1
5	500	541.644392467228	1
5	504	541.82567146646	0
5	506	553.515365218285	1
5	506	553.515365218285	1
5	510	554.027760400045	0
5	512	587.039374690463	1
5	512	587.039374690463	1
5	516	587.459529255519	0
5	518	596.985140485727	1
5	518	596.985140485727	1
5	522	597.300087593428	0
6	93	104.012986653216	0.68999378352283
6	99	116.140112875303	0.1785176325979
6	105	121.588167796475	0.79820171416233
6	111	128.325908383193	0.044576669544456
6	117	132.918972698708	0.22439205663714
6	123	133.574999029542	0.45487507129555
6	129	136.556666853446	0.040368092627434
6	135	140.396031889675	0.80551743960466
6	141	143.412711208874	0.027012564569715
6	147	158.307550726376	2.8385712861399
6	153	161.146122012516	1.5936067802458
6	159	164.096049656989	0.64485614374672
6	165	170.84308947539	1.8357877204048
6	171	176.180731734972	4.165355711656
6	177	188.816529192517	0.30672400310975
6	183	205.146743009201	0.27652463810818
6	189	208.202457213909	1.8334566049215
6	195	216.635928340586	0.9241872126787
6	201	222.615314579326	0.21660518501867
6	207	228.911469210031	0.019080575767474
6	213	230.61862679682	1.119513082942
6	219	246.673053987279	1.3204769486593
6	225	247.993530935938	0.93055379734746
6	231	249.502239967032	0.34195875856726
6	237	258.391431621878	0.65600274522423
6	243	260.418336876915	0.066412521699296
6	249	261.037877033747	2.8807111930912
6	255	263.918588226838	4.2601329083269
6	261	280.597456016807	1.3021015440929
6	267	284.211933292285	1.3162677122148
6	273	287.541587265313	3.1336587017298
6	279	297.528908599833	0.53155809617842
6	285	306.762296040339	0.3317456161567
6	291	308.073983739491	1.187602307223
6	297	310.102184104367	0.46691325825353
6	303	312.198293980725	0.65245662127952
6	309	313.436688663659	1.2853301937092
6	315	326.29773761766	0.41558823241908
6	321	359.472765586827	1.1918122672277
6	327	362.68191052288	0.14789607330508
6	333	377.346658868589	2.8629667249948
6	339	380.296111101303	0.012776073660805
6	345	390.890146239847	0.7855871478145
6	351	393.265617786729	2.9464242420624
6	357	396.212042028791	7.9255703945385
6	363	404.226619158895	0.84923313062699
6	369	406.588021243741	0.96682662678396
6	375	423.975976506557	0.043856171046473
6	381	430.235912298799	0.21369561857918
6	387	449.924776026055	0.1876460344463
6	393	451.139475416551	2.1955002633209
6	399	456.678203410633	2.0868869771397
6	405	458.765090387773	0.045410833674572
6	411	460.808313753178	0.17925834710714
6	417	479.122690972509	0.17706609504888
6	423	482.223933490334	1.8355666468704
6	429	489.817621145112	2.1339294965324
6	435	491.951550641644	0.10446707117581
6	441	493.354385536071	1.1125922778676
6	447	494.466977813939	0.21227403178433
6	453	498.441806032377	1.2015847633936
6	459	503.034617095605	1.0514456263769
6	465	504.086062721982	1.1862644153417
6	471	507.432915223047	0.021110230762793
6	477	511.300274985984	0.43567820191426
6	483	515.593179440994	0.016825687182489
6	489	521.863232913968	0.38534029246609
6	495	538.020627681547	0.071067125251422
6	501	541.644392467228	0.18127899923213
6	507	553.515365218285	0.51239518175973
6	513	587.039374690463	0.42015456505604
6	519	596.985140485727	0.31494710770103
7	94	104.702980436739	18.897118785793
7	100	116.318630507901	17.163513816162
7	106	122.386369510637	16.964769863814
7	112	128.370485052737	16.208665561365
7	118	133.143364755345	15.796156794582
7	124	134.029874100838	16.031060145194
7	130	136.597034946073	15.759330230527
7	136	141.20154932928	15.815899590299
7	142	143.439723773444	15.58794679621
7	150	161.146122012516	15.63666490877
7	154	162.739728792762	16.462781455743
7	160	164.740905800736	16.654237697196
7	166	172.678877195795	16.951772117317
7	172	180.346087446628	18.54073240071
7	178	189.123253195627	17.842443433878
7	184	205.423267647309	16.561285632092
7	190	210.03591381883	17.070504783146
7	196	217.560115553265	16.904926637825
7	202	222.831919764345	16.602191980211
7	208	228.930549785798	16.168250031665
7	214	231.738139879762	16.455459938947
7	222	247.993530935938	15.909307622232
7	226	248.924084733285	16.223664158674
7	232	249.844198725599	16.300785242757
7	238	259.047434367102	15.974900165322
7	244	260.484749398614	15.912248850793
7	252	263.918588226838	16.796730019509
7	256	268.178721135165	18.118449308139
7	262	281.8995575609	17.698476585017
7	268	285.5282010045	17.9345489238
7	274	290.675245967043	18.695040033883
7	280	298.060466696011	18.410160967194
7	286	307.094041656496	17.976629249034
7	292	309.261586046714	18.234647355513
7	298	310.569097362621	18.308219769061
7	304	312.850750602005	18.383248047368
7	310	314.722018857368	18.682347014803
7	316	326.713325850079	18.123854536169
7	322	360.664577854055	16.748209805904
7	328	362.829806596185	16.68902476231
7	334	380.209625593584	16.679147166217
7	340	380.308887174964	16.678153260551
7	346	391.675733387662	16.394706319678
7	354	396.212042028791	16.950648474115
7	358	404.13761242333	18.579334994512
7	364	405.075852289522	18.745949320945
7	370	407.554847870525	18.869151234534
7	376	424.019832677603	18.146791930347
7	382	430.449607917378	17.925371745907
7	388	450.112422060501	17.184004404579
7	394	453.334975679872	17.546150851578
7	402	458.765090387773	17.793360345683
7	406	458.810501221448	17.801496759367
7	412	460.987572100285	17.756312709417
7	418	479.299757067558	17.114855523944
7	424	484.059500137204	17.325768334642
7	432	491.951550641644	17.481590815185
7	436	492.05601771282	17.499110073593
7	444	494.466977813939	17.638794976111
7	448	494.679251845723	17.674137362087
7	454	499.643390795771	17.739026847766
7	462	504.086062721982	17.791271668661
7	466	505.272327137324	17.984279050646
7	472	507.45402545381	17.911119224554
7	478	511.735953187898	17.846386039875
7	484	515.610005128176	17.715559917271
7	490	522.248573206434	17.564153239752
7	496	538.091694806798	17.060216260837
7	502	541.82567146646	16.976103322297
7	508	554.027760400045	16.694701530813
7	514	587.459529255519	15.816142378257
7	520	597.300087593428	15.608298844391
8	95	104.702980436739	16
8	101	116.318630507901	17
8	107	122.386369510637	18
8	113	128.370485052737	19
8	119	133.143364755345	20
8	125	134.029874100838	21
8	131	136.597034946073	22
8	137	141.20154932928	23
8	143	143.439723773444	24
8	151	161.146122012516	25
8	155	162.739728792762	26
8	161	164.740905800736	27
8	167	172.678877195795	28
8	173	180.346087446628	29
8	179	189.123253195627	30
8	185	205.423267647309	31
8	191	210.03591381883	32
8	197	217.560115553265	33
8	203	222.831919764345	34
8	209	228.930549785798	35
8	215	231.738139879762	36
8	223	247.993530935938	37
8	227	248.924084733285	38
8	233	249.844198725599	39
8	239	259.047434367102	40
8	245	260.484749398614	41
8	253	263.918588226838	42
8	257	268.178721135165	43
8	263	281.8995575609	44
8	269	285.5282010045	45
8	275	290.675245967043	46
8	281	298.060466696011	47
8	287	307.094041656496	48
8	293	309.261586046714	49
8	299	310.569097362621	50
8	305	312.850750602005	51
8	311	314.722018857368	52
8	317	326.713325850079	53
8	323	360.664577854055	54
8	329	362.829806596185	55
8	335	380.209625593584	56
8	341	380.308887174964	57
8	347	391.675733387662	58
8	355	396.212042028791	59
8	359	404.13761242333	60
8	365	405.075852289522	61
8	371	407.554847870525	62
8	377	424.019832677603	63
8	383	430.449607917378	64
8	389	450.112422060501	65
8	395	453.334975679872	66
8	403	458.765090387773	67
8	407	458.810501221448	68
8	413	460.987572100285	69
8	419	479.299757067558	70
8	425	484.059500137204	71
8	433	491.951550641644	72
8	437	492.05601771282	73
8	445	494.466977813939	74
8	449	494.679251845723	75
8	455	499.643390795771	76
8	463	504.086062721982	77
8	467	505.272327137324	78
8	473	507.45402545381	79
8	479	511.735953187898	80
8	485	515.610005128176	81
8	491	522.248573206434	82
8	497	538.091694806798	83
8	503	541.82567146646	84
8	509	554.027760400045	85
8	515	587.459529255519	86
8	521	597.300087593428	87
9	95	104.702980436739	0.689993783523
9	101	116.318630507901	0.178517632598
9	107	122.386369510637	0.798201714162
9	113	128.370485052737	0.044576669544
9	119	133.143364755345	0.224392056637
9	125	134.029874100838	0.454875071296
9	131	136.597034946073	0.040368092627
9	137	141.20154932928	0.805517439605
9	143	143.439723773444	0.02701256457
9	151	161.146122012516	2.83857128614
9	155	162.739728792762	3.050442345332
9	161	164.740905800736	0.644856143747
9	167	172.678877195795	1.835787720405
9	173	180.346087446628	4.165355711656
9	179	189.123253195627	0.30672400311
9	185	205.423267647309	0.276524638108
9	191	210.03591381883	1.833456604921
9	197	217.560115553265	0.924187212679
9	203	222.831919764345	0.216605185019
9	209	228.930549785798	0.019080575767
9	215	231.738139879762	1.119513082942
9	223	247.993530935938	1.320476948659
9	227	248.924084733285	1.092550408808
9	233	249.844198725599	0.341958758567
9	239	259.047434367102	0.656002745224
9	245	260.484749398614	0.066412521699
9	253	263.918588226838	2.880711193091
9	257	268.178721135165	4.522397601256
9	263	281.8995575609	1.302101544093
9	269	285.5282010045	1.316267712215
9	275	290.675245967043	3.13365870173
9	281	298.060466696011	0.531558096178
9	287	307.094041656496	0.331745616157
9	293	309.261586046714	1.187602307223
9	299	310.569097362621	0.466913258254
9	305	312.850750602005	0.65245662128
9	311	314.722018857368	1.285330193709
9	317	326.713325850079	0.415588232419
9	323	360.664577854055	1.191812267228
9	329	362.829806596185	0.147896073305
9	335	380.209625593584	2.862966724995
9	341	380.308887174964	0.012776073661
9	347	391.675733387662	0.785587147815
9	355	396.212042028791	2.946424242062
9	359	404.13761242333	8.335364352583
9	365	405.075852289522	0.849233130627
9	371	407.554847870525	0.966826626784
9	377	424.019832677603	0.043856171046
9	383	430.449607917378	0.213695618579
9	389	450.112422060501	0.187646034446
9	395	453.334975679872	2.195500263321
9	403	458.765090387773	2.08688697714
9	407	458.810501221448	0.524240937078
9	413	460.987572100285	0.179258347107
9	419	479.299757067558	0.177066095049
9	425	484.059500137204	1.83556664687
9	433	491.951550641644	2.133929496532
9	437	492.05601771282	1.583847294923
9	445	494.466977813939	1.112592277868
9	449	494.679251845723	0.296374676399
9	455	499.643390795771	1.201584763394
9	463	504.086062721982	1.051445626377
9	467	505.272327137324	1.950994508387
9	473	507.45402545381	0.021110230763
9	479	511.735953187898	0.435678201914
9	485	515.610005128176	0.016825687182
9	491	522.248573206434	0.385340292466
9	497	538.091694806798	0.071067125251
9	503	541.82567146646	0.181278999232
9	509	554.027760400045	0.51239518176
9	515	587.459529255519	0.420154565056
9	521	597.300087593428	0.314947107701

