version 3
run ParameterStudy-277-20251202-16:20:05-1436
attr configname ParameterStudy
attr datetime 20251202-16:20:05
attr datetimef 20251202-162005
attr experiment ParameterStudy
attr inifile omnetpp.ini
attr iterationvars $betaProducer=6.5s
attr iterationvarsd betaProducer=6.5s
attr iterationvarsf betaProducer=6.5s-
attr measurement $betaProducer=6.5s
attr network queue_sim
attr processid 1436
attr repetition 2
attr replication #2
attr resultdir results
attr runnumber 277
attr seedset 277
itervar betaProducer 6.5s
config description "Parameter study: β_producer = 1s to 10s (0.1s steps), β_service = 1s, 5 repetitions"
config *.serviceUnit.meanServiceTime 1s
config *.producer.warmupPeriod 100s
config *.queue.warmupPeriod 100s
config *.serviceUnit.warmupPeriod 100s
config *.sink.warmupPeriod 100s
config *.producer.meanInterArrivalTime 6.5s
config network queue_sim
config sim-time-limit 600s
config warmup-period 100s
config repeat 5
config **.vector-recording true
config **.scalar-recording true
config debug-on-errors true

vector 0 queue_sim.producer jobGenerated:vector ETV
attr recordingmode vector
attr title "Jobs Generated"
vector 1 queue_sim.producer interArrivalTime:vector ETV
attr recordingmode vector
attr title "Inter-arrival Time"
attr unit s
vector 2 queue_sim.queue queueLength:vector ETV
attr recordingmode vector
attr title "Queue Length"
vector 3 queue_sim.queue queueingDelay:vector ETV
attr recordingmode vector
attr title "Queueing Delay"
attr unit s
vector 4 queue_sim.queue queueUtilization:vector ETV
attr recordingmode vector
attr title "Queue Utilization"
vector 5 queue_sim.queue systemSize:vector ETV
attr recordingmode vector
attr title "System Size"
vector 6 queue_sim.serviceUnit serviceTime:vector ETV
attr recordingmode vector
attr title "Service Time"
attr unit s
vector 7 queue_sim.serviceUnit utilization:vector ETV
attr recordingmode vector
attr title "Server Utilization"
vector 8 queue_sim.sink jobCompleted:vector ETV
attr recordingmode vector
attr title "Jobs Completed"
vector 9 queue_sim.sink totalDelay:vector ETV
attr recordingmode vector
attr title "Total System Delay"
attr unit s
0	145	111.376303479747	25
0	151	123.40181134091	26
0	157	130.030911976229	27
0	163	146.895971348351	28
0	169	160.541146576765	29
0	175	162.634748726731	30
0	181	196.260015096956	31
0	187	211.93180091311	32
0	193	219.028151066683	33
0	199	220.846913331136	34
0	205	223.276651407305	35
0	211	228.890440220332	36
0	217	241.551821779414	37
0	223	252.932278366074	38
0	229	253.72469735071	39
0	232	255.949258430077	40
0	234	259.763578305376	41
0	236	260.541620316195	42
0	253	265.434091683776	43
0	259	268.282935952344	44
0	265	273.709777408439	45
0	271	281.068322643117	46
0	277	289.810241482081	47
0	283	295.92959232086	48
0	289	312.370440581634	49
0	295	315.647218656548	50
0	301	317.925313506533	51
0	307	319.661084530994	52
0	313	327.633159240963	53
0	319	333.84715941609	54
0	325	335.91921185897	55
0	331	336.344487147895	56
0	337	344.084758321122	57
0	343	349.674006477079	58
0	346	349.716912666398	59
0	352	354.323597027236	60
0	361	362.118271268386	61
0	367	371.236078287319	62
0	373	397.715735507742	63
0	379	409.996366086326	64
0	385	413.811219168133	65
0	391	427.575939647084	66
0	397	437.404724198351	67
0	403	449.260285213054	68
0	409	453.045920423423	69
0	415	454.533353894831	70
0	421	455.722070082995	71
0	427	465.544874734771	72
0	433	466.022888180726	73
0	439	467.045896919263	74
0	445	480.527579916655	75
0	451	481.125582886375	76
0	457	491.859001907761	77
0	463	496.288632925055	78
0	469	499.702446017047	79
0	475	500.633597348603	80
0	481	508.080968864915	81
0	487	517.945132877172	82
0	493	524.063185453377	83
0	499	552.279770145641	84
0	505	555.754405259724	85
0	511	566.285017071999	86
0	517	566.86820274641	87
0	520	566.91268548031	88
0	529	575.288576106983	89
0	535	577.979306561482	90
1	145	111.376303479747	12.025507861163
1	151	123.40181134091	6.6291006353192
1	157	130.030911976229	16.865059372122
1	163	146.895971348351	13.645175228414
1	169	160.541146576765	2.0936021499656
1	175	162.634748726731	33.625266370225
1	181	196.260015096956	15.671785816154
1	187	211.93180091311	7.0963501535726
1	193	219.028151066683	1.8187622644529
1	199	220.846913331136	2.4297380761688
1	205	223.276651407305	5.6137888130275
1	211	228.890440220332	12.661381559082
1	217	241.551821779414	11.38045658666
1	223	252.932278366074	0.79241898463585
1	229	253.72469735071	2.2245610793672
1	232	255.949258430077	3.8143198752986
1	234	259.763578305376	0.77804201081904
1	236	260.541620316195	4.8924713675809
1	253	265.434091683776	2.8488442685677
1	259	268.282935952344	5.4268414560949
1	265	273.709777408439	7.3585452346783
1	271	281.068322643117	8.741918838964
1	277	289.810241482081	6.1193508387795
1	283	295.92959232086	16.440848260774
1	289	312.370440581634	3.2767780749142
1	295	315.647218656548	2.2780948499855
1	301	317.925313506533	1.7357710244606
1	307	319.661084530994	7.9720747099694
1	313	327.633159240963	6.2140001751272
1	319	333.84715941609	2.0720524428795
1	325	335.91921185897	0.4252752889248
1	331	336.344487147895	7.7402711732272
1	337	344.084758321122	5.5892481559569
1	343	349.674006477079	0.042906189319161
1	346	349.716912666398	4.6066843608381
1	352	354.323597027236	7.79467424115
1	361	362.118271268386	9.1178070189334
1	367	371.236078287319	26.479657220423
1	373	397.715735507742	12.280630578584
1	379	409.996366086326	3.8148530818067
1	385	413.811219168133	13.764720478951
1	391	427.575939647084	9.8287845512666
1	397	437.404724198351	11.855561014703
1	403	449.260285213054	3.7856352103685
1	409	453.045920423423	1.4874334714082
1	415	454.533353894831	1.1887161881636
1	421	455.722070082995	9.8228046517761
1	427	465.544874734771	0.47801344595505
1	433	466.022888180726	1.0230087385366
1	439	467.045896919263	13.481682997392
1	445	480.527579916655	0.5980029697197
1	451	481.125582886375	10.733419021386
1	457	491.859001907761	4.429631017294
1	463	496.288632925055	3.4138130919916
1	469	499.702446017047	0.93115133155628
1	475	500.633597348603	7.4473715163123
1	481	508.080968864915	9.8641640122569
1	487	517.945132877172	6.1180525762055
1	493	524.063185453377	28.216584692264
1	499	552.279770145641	3.4746351140833
1	505	555.754405259724	10.530611812275
1	511	566.285017071999	0.58318567441087
1	517	566.86820274641	0.044482733899883
1	520	566.91268548031	8.3758906266729
1	529	575.288576106983	2.6907304544985
1	535	577.979306561482	30.881714987626
2	146	111.376303479747	1
2	146	111.376303479747	0
2	152	123.40181134091	1
2	152	123.40181134091	0
2	158	130.030911976229	1
2	158	130.030911976229	0
2	164	146.895971348351	1
2	164	146.895971348351	0
2	170	160.541146576765	1
2	170	160.541146576765	0
2	176	162.634748726731	1
2	176	162.634748726731	0
2	182	196.260015096956	1
2	182	196.260015096956	0
2	188	211.93180091311	1
2	188	211.93180091311	0
2	194	219.028151066683	1
2	194	219.028151066683	0
2	200	220.846913331136	1
2	200	220.846913331136	0
2	206	223.276651407305	1
2	206	223.276651407305	0
2	212	228.890440220332	1
2	212	228.890440220332	0
2	218	241.551821779414	1
2	218	241.551821779414	0
2	224	252.932278366074	1
2	224	252.932278366074	0
2	230	253.72469735071	1
2	230	253.72469735071	0
2	233	255.949258430077	1
2	235	259.763578305376	2
2	237	260.541620316195	3
2	240	261.371919713737	2
2	244	262.604347536144	1
2	248	263.38805437268	0
2	254	265.434091683776	1
2	254	265.434091683776	0
2	260	268.282935952344	1
2	260	268.282935952344	0
2	266	273.709777408439	1
2	266	273.709777408439	0
2	272	281.068322643117	1
2	272	281.068322643117	0
2	278	289.810241482081	1
2	278	289.810241482081	0
2	284	295.92959232086	1
2	284	295.92959232086	0
2	290	312.370440581634	1
2	290	312.370440581634	0
2	296	315.647218656548	1
2	296	315.647218656548	0
2	302	317.925313506533	1
2	302	317.925313506533	0
2	308	319.661084530994	1
2	308	319.661084530994	0
2	314	327.633159240963	1
2	314	327.633159240963	0
2	320	333.84715941609	1
2	320	333.84715941609	0
2	326	335.91921185897	1
2	326	335.91921185897	0
2	332	336.344487147895	1
2	332	336.344487147895	0
2	338	344.084758321122	1
2	338	344.084758321122	0
2	344	349.674006477079	1
2	344	349.674006477079	0
2	347	349.716912666398	1
2	350	351.952318290106	0
2	353	354.323597027236	1
2	356	354.984849693939	0
2	362	362.118271268386	1
2	362	362.118271268386	0
2	368	371.236078287319	1
2	368	371.236078287319	0
2	374	397.715735507742	1
2	374	397.715735507742	0
2	380	409.996366086326	1
2	380	409.996366086326	0
2	386	413.811219168133	1
2	386	413.811219168133	0
2	392	427.575939647084	1
2	392	427.575939647084	0
2	398	437.404724198351	1
2	398	437.404724198351	0
2	404	449.260285213054	1
2	404	449.260285213054	0
2	410	453.045920423423	1
2	410	453.045920423423	0
2	416	454.533353894831	1
2	416	454.533353894831	0
2	422	455.722070082995	1
2	422	455.722070082995	0
2	428	465.544874734771	1
2	428	465.544874734771	0
2	434	466.022888180726	1
2	434	466.022888180726	0
2	440	467.045896919263	1
2	440	467.045896919263	0
2	446	480.527579916655	1
2	446	480.527579916655	0
2	452	481.125582886375	1
2	452	481.125582886375	0
2	458	491.859001907761	1
2	458	491.859001907761	0
2	464	496.288632925055	1
2	464	496.288632925055	0
2	470	499.702446017047	1
2	470	499.702446017047	0
2	476	500.633597348603	1
2	476	500.633597348603	0
2	482	508.080968864915	1
2	482	508.080968864915	0
2	488	517.945132877172	1
2	488	517.945132877172	0
2	494	524.063185453377	1
2	494	524.063185453377	0
2	500	552.279770145641	1
2	500	552.279770145641	0
2	506	555.754405259724	1
2	506	555.754405259724	0
2	512	566.285017071999	1
2	512	566.285017071999	0
2	518	566.86820274641	1
2	518	566.86820274641	0
2	521	566.91268548031	1
2	524	568.960041774684	0
2	530	575.288576106983	1
2	530	575.288576106983	0
2	536	577.979306561482	1
2	536	577.979306561482	0
3	146	111.376303479747	0
3	152	123.40181134091	0
3	158	130.030911976229	0
3	164	146.895971348351	0
3	170	160.541146576765	0
3	176	162.634748726731	0
3	182	196.260015096956	0
3	188	211.93180091311	0
3	194	219.028151066683	0
3	200	220.846913331136	0
3	206	223.276651407305	0
3	212	228.890440220332	0
3	218	241.551821779414	0
3	224	252.932278366074	0
3	230	253.72469735071	0
3	240	261.371919713737	5.42266128366
3	244	262.604347536144	2.840769230768
3	248	263.38805437268	2.846434056485
3	254	265.434091683776	0
3	260	268.282935952344	0
3	266	273.709777408439	0
3	272	281.068322643117	0
3	278	289.810241482081	0
3	284	295.92959232086	0
3	290	312.370440581634	0
3	296	315.647218656548	0
3	302	317.925313506533	0
3	308	319.661084530994	0
3	314	327.633159240963	0
3	320	333.84715941609	0
3	326	335.91921185897	0
3	332	336.344487147895	0
3	338	344.084758321122	0
3	344	349.674006477079	0
3	350	351.952318290106	2.235405623708
3	356	354.984849693939	0.661252666703
3	362	362.118271268386	0
3	368	371.236078287319	0
3	374	397.715735507742	0
3	380	409.996366086326	0
3	386	413.811219168133	0
3	392	427.575939647084	0
3	398	437.404724198351	0
3	404	449.260285213054	0
3	410	453.045920423423	0
3	416	454.533353894831	0
3	422	455.722070082995	0
3	428	465.544874734771	0
3	434	466.022888180726	0
3	440	467.045896919263	0
3	446	480.527579916655	0
3	452	481.125582886375	0
3	458	491.859001907761	0
3	464	496.288632925055	0
3	470	499.702446017047	0
3	476	500.633597348603	0
3	482	508.080968864915	0
3	488	517.945132877172	0
3	494	524.063185453377	0
3	500	552.279770145641	0
3	506	555.754405259724	0
3	512	566.285017071999	0
3	518	566.86820274641	0
3	524	568.960041774684	2.047356294374
3	530	575.288576106983	0
3	536	577.979306561482	0
4	541	600	0.024765621054776
5	146	111.376303479747	1
5	146	111.376303479747	1
5	150	112.072519452761	0
5	152	123.40181134091	1
5	152	123.40181134091	1
5	156	124.711830592616	0
5	158	130.030911976229	1
5	158	130.030911976229	1
5	162	131.888462304932	0
5	164	146.895971348351	1
5	164	146.895971348351	1
5	168	147.153464493239	0
5	170	160.541146576765	1
5	170	160.541146576765	1
5	174	161.063670913029	0
5	176	162.634748726731	1
5	176	162.634748726731	1
5	180	163.273510861285	0
5	182	196.260015096956	1
5	182	196.260015096956	1
5	186	200.076617667601	0
5	188	211.93180091311	1
5	188	211.93180091311	1
5	192	213.149830422401	0
5	194	219.028151066683	1
5	194	219.028151066683	1
5	198	219.239040224698	0
5	200	220.846913331136	1
5	200	220.846913331136	1
5	204	221.871920332267	0
5	206	223.276651407305	1
5	206	223.276651407305	1
5	210	223.427423683527	0
5	212	228.890440220332	1
5	212	228.890440220332	1
5	216	230.447885453289	0
5	218	241.551821779414	1
5	218	241.551821779414	1
5	222	241.825905825764	0
5	224	252.932278366074	1
5	224	252.932278366074	1
5	228	253.152017538303	0
5	230	253.72469735071	1
5	230	253.72469735071	1
5	233	255.949258430077	2
5	235	259.763578305376	3
5	237	260.541620316195	4
5	240	261.371919713737	3
5	240	261.371919713737	3
5	244	262.604347536144	2
5	244	262.604347536144	2
5	248	263.38805437268	1
5	248	263.38805437268	1
5	252	264.351244908268	0
5	254	265.434091683776	1
5	254	265.434091683776	1
5	258	266.296083283033	0
5	260	268.282935952344	1
5	260	268.282935952344	1
5	264	269.353425488038	0
5	266	273.709777408439	1
5	266	273.709777408439	1
5	270	275.359016785211	0
5	272	281.068322643117	1
5	272	281.068322643117	1
5	276	281.337461883342	0
5	278	289.810241482081	1
5	278	289.810241482081	1
5	282	294.439474390698	0
5	284	295.92959232086	1
5	284	295.92959232086	1
5	288	297.746280642519	0
5	290	312.370440581634	1
5	290	312.370440581634	1
5	294	313.210786303393	0
5	296	315.647218656548	1
5	296	315.647218656548	1
5	300	316.712636388924	0
5	302	317.925313506533	1
5	302	317.925313506533	1
5	306	318.051348376641	0
5	308	319.661084530994	1
5	308	319.661084530994	1
5	312	319.902852106475	0
5	314	327.633159240963	1
5	314	327.633159240963	1
5	318	328.887284060106	0
5	320	333.84715941609	1
5	320	333.84715941609	1
5	324	335.370895980004	0
5	326	335.91921185897	1
5	326	335.91921185897	1
5	330	336.240015905423	0
5	332	336.344487147895	1
5	332	336.344487147895	1
5	336	336.839432447021	0
5	338	344.084758321122	1
5	338	344.084758321122	1
5	342	345.005816950634	0
5	344	349.674006477079	1
5	344	349.674006477079	1
5	347	349.716912666398	2
5	350	351.952318290106	1
5	350	351.952318290106	1
5	353	354.323597027236	2
5	356	354.984849693939	1
5	356	354.984849693939	1
5	360	356.017661799033	0
5	362	362.118271268386	1
5	362	362.118271268386	1
5	366	363.249709942267	0
5	368	371.236078287319	1
5	368	371.236078287319	1
5	372	372.735920850452	0
5	374	397.715735507742	1
5	374	397.715735507742	1
5	378	399.562764174718	0
5	380	409.996366086326	1
5	380	409.996366086326	1
5	384	410.001175680917	0
5	386	413.811219168133	1
5	386	413.811219168133	1
5	390	413.826027346309	0
5	392	427.575939647084	1
5	392	427.575939647084	1
5	396	429.160854040202	0
5	398	437.404724198351	1
5	398	437.404724198351	1
5	402	437.809691462119	0
5	404	449.260285213054	1
5	404	449.260285213054	1
5	408	449.563820389404	0
5	410	453.045920423423	1
5	410	453.045920423423	1
5	414	453.490087116735	0
5	416	454.533353894831	1
5	416	454.533353894831	1
5	420	455.574197511637	0
5	422	455.722070082995	1
5	422	455.722070082995	1
5	426	455.724769647446	0
5	428	465.544874734771	1
5	428	465.544874734771	1
5	432	465.75030805276	0
5	434	466.022888180726	1
5	434	466.022888180726	1
5	438	466.550605999051	0
5	440	467.045896919263	1
5	440	467.045896919263	1
5	444	469.308049525002	0
5	446	480.527579916655	1
5	446	480.527579916655	1
5	450	480.571351849898	0
5	452	481.125582886375	1
5	452	481.125582886375	1
5	456	483.343905189231	0
5	458	491.859001907761	1
5	458	491.859001907761	1
5	462	492.48407337107	0
5	464	496.288632925055	1
5	464	496.288632925055	1
5	468	496.655428429817	0
5	470	499.702446017047	1
5	470	499.702446017047	1
5	474	499.921507340344	0
5	476	500.633597348603	1
5	476	500.633597348603	1
5	480	502.512808983636	0
5	482	508.080968864915	1
5	482	508.080968864915	1
5	486	509.420968267514	0
5	488	517.945132877172	1
5	488	517.945132877172	1
5	492	519.12227659588	0
5	494	524.063185453377	1
5	494	524.063185453377	1
5	498	525.780606154674	0
5	500	552.279770145641	1
5	500	552.279770145641	1
5	504	553.302912445451	0
5	506	555.754405259724	1
5	506	555.754405259724	1
5	510	555.799590332041	0
5	512	566.285017071999	1
5	512	566.285017071999	1
5	516	566.291400894971	0
5	518	566.86820274641	1
5	518	566.86820274641	1
5	521	566.91268548031	2
5	524	568.960041774684	1
5	524	568.960041774684	1
5	528	569.197464240437	0
5	530	575.288576106983	1
5	530	575.288576106983	1
5	534	576.215448359669	0
5	536	577.979306561482	1
5	536	577.979306561482	1
5	540	578.347562898262	0
6	147	111.376303479747	0.69621597301387
6	153	123.40181134091	1.3100192517057
6	159	130.030911976229	1.8575503287032
6	165	146.895971348351	0.25749314488824
6	171	160.541146576765	0.52252433626419
6	177	162.634748726731	0.63876213455444
6	183	196.260015096956	3.8166025706445
6	189	211.93180091311	1.2180295092911
6	195	219.028151066683	0.21088915801469
6	201	220.846913331136	1.0250070011312
6	207	223.276651407305	0.15077227622175
6	213	228.890440220332	1.5574452329572
6	219	241.551821779414	0.27408404635022
6	225	252.932278366074	0.21973917222933
6	231	253.72469735071	7.6472223630266
6	241	261.371919713737	1.2324278224066
6	245	262.604347536144	0.78370683653637
6	249	263.38805437268	0.96319053558796
6	255	265.434091683776	0.86199159925684
6	261	268.282935952344	1.0704895356938
6	267	273.709777408439	1.6492393767722
6	273	281.068322643117	0.26913924022491
6	279	289.810241482081	4.6292329086175
6	285	295.92959232086	1.8166883216592
6	291	312.370440581634	0.84034572175928
6	297	315.647218656548	1.0654177323759
6	303	317.925313506533	0.12603487010776
6	309	319.661084530994	0.24176757548076
6	315	327.633159240963	1.2541248191435
6	321	333.84715941609	1.5237365639135
6	327	335.91921185897	0.32080404645332
6	333	336.344487147895	0.49494529912633
6	339	344.084758321122	0.92105862951181
6	345	349.674006477079	2.2783118130267
6	351	351.952318290106	3.0325314038333
6	357	354.984849693939	1.0328121050944
6	363	362.118271268386	1.1314386738814
6	369	371.236078287319	1.4998425631332
6	375	397.715735507742	1.847028666976
6	381	409.996366086326	0.0048095945913081
6	387	413.811219168133	0.014808178175562
6	393	427.575939647084	1.5849143931177
6	399	437.404724198351	0.40496726376788
6	405	449.260285213054	0.30353517635035
6	411	453.045920423423	0.44416669331178
6	417	454.533353894831	1.0408436168056
6	423	455.722070082995	0.0026995644513696
6	429	465.544874734771	0.20543331798882
6	435	466.022888180726	0.52771781832472
6	441	467.045896919263	2.2621526057389
6	447	480.527579916655	0.043771933242616
6	453	481.125582886375	2.218322302856
6	459	491.859001907761	0.6250714633094
6	465	496.288632925055	0.36679550476222
6	471	499.702446017047	0.21906132329707
6	477	500.633597348603	1.8792116350332
6	483	508.080968864915	1.3399994025992
6	489	517.945132877172	1.1771437187081
6	495	524.063185453377	1.7174207012969
6	501	552.279770145641	1.02314229981
6	507	555.754405259724	0.045185072316647
6	513	566.285017071999	0.006383822971874
6	519	566.86820274641	2.0918390282738
6	525	568.960041774684	0.23742246575307
6	531	575.288576106983	0.92687225268578
6	537	577.979306561482	0.36825633677983
7	148	112.072519452761	18.06306775375
7	154	124.711830592616	17.282846600336
7	160	131.888462304932	17.750836042328
7	166	147.153464493239	16.084431262895
7	172	161.063670913029	15.019726078832
7	178	163.273510861285	15.207662398647
7	184	200.076617667601	14.31785843983
7	190	213.149830422401	14.011137770532
7	196	219.239040224698	13.718179720787
7	202	221.871920332267	14.017372054431
7	208	223.427423683527	13.987264552525
7	214	230.447885453289	14.236984644892
7	220	241.825905825764	13.680467359295
7	226	253.152017538303	13.15519963415
7	238	261.371919713737	15.667281968514
7	242	262.604347536144	16.063063641652
7	246	263.38805437268	16.312816619321
7	250	264.351244908268	16.617739348208
7	256	266.296083283033	16.820071812416
7	262	269.353425488038	17.026582043445
7	268	275.359016785211	17.254173082475
7	274	281.337461883342	16.983184633392
7	280	294.439474390698	17.799683147655
7	286	297.746280642519	18.212144147631
7	292	313.210786303393	17.5812360093
7	298	316.712636388924	17.723241459185
7	304	318.051348376641	17.688269657152
7	310	319.902852106475	17.661470459708
7	316	328.887284060106	17.560323959845
7	322	335.370895980004	17.675179873432
7	328	336.240015905423	17.7249019554
7	334	336.839432447021	17.840297977178
7	340	345.005816950634	17.684982132178
7	348	351.952318290106	17.983268075408
7	354	354.984849693939	18.68391294917
7	358	356.017661799033	18.919812029627
7	364	363.249709942267	18.854608607786
7	370	372.735920850452	18.777142133759
7	376	399.562764174718	17.978697904199
7	382	410.001175680917	17.522142902132
7	388	413.826027346309	17.363770119098
7	394	429.160854040202	17.112631262414
7	400	437.809691462119	16.867073337659
7	406	449.563820389404	16.493590798836
7	412	453.490087116735	16.448735204382
7	418	455.574197511637	16.601955869731
7	424	455.724769647446	16.59706292632
7	430	465.75030805276	16.283909810879
7	436	466.550605999051	16.369087713859
7	442	469.308049525002	16.754929008963
7	448	480.571351849898	16.371346764982
7	454	483.343905189231	16.736390776603
7	460	492.48407337107	16.552696957826
7	466	496.655428429817	16.487525766973
7	472	499.921507340344	16.42362888037
7	478	502.512808983636	16.712900286786
7	484	509.420968267514	16.749303505614
7	490	519.12227659588	16.663050636606
7	496	525.780606154674	16.77867678718
7	502	553.302912445451	16.128989891225
7	508	555.799590332041	16.064667452373
7	514	566.291400894971	15.768160980433
7	522	568.960041774684	16.061862350596
7	526	569.197464240437	16.096874452482
7	532	576.215448359669	16.061678617199
7	538	578.347562898262	16.066140112932
8	149	112.072519452761	25
8	155	124.711830592616	26
8	161	131.888462304932	27
8	167	147.153464493239	28
8	173	161.063670913029	29
8	179	163.273510861285	30
8	185	200.076617667601	31
8	191	213.149830422401	32
8	197	219.239040224698	33
8	203	221.871920332267	34
8	209	223.427423683527	35
8	215	230.447885453289	36
8	221	241.825905825764	37
8	227	253.152017538303	38
8	239	261.371919713737	39
8	243	262.604347536144	40
8	247	263.38805437268	41
8	251	264.351244908268	42
8	257	266.296083283033	43
8	263	269.353425488038	44
8	269	275.359016785211	45
8	275	281.337461883342	46
8	281	294.439474390698	47
8	287	297.746280642519	48
8	293	313.210786303393	49
8	299	316.712636388924	50
8	305	318.051348376641	51
8	311	319.902852106475	52
8	317	328.887284060106	53
8	323	335.370895980004	54
8	329	336.240015905423	55
8	335	336.839432447021	56
8	341	345.005816950634	57
8	349	351.952318290106	58
8	355	354.984849693939	59
8	359	356.017661799033	60
8	365	363.249709942267	61
8	371	372.735920850452	62
8	377	399.562764174718	63
8	383	410.001175680917	64
8	389	413.826027346309	65
8	395	429.160854040202	66
8	401	437.809691462119	67
8	407	449.563820389404	68
8	413	453.490087116735	69
8	419	455.574197511637	70
8	425	455.724769647446	71
8	431	465.75030805276	72
8	437	466.550605999051	73
8	443	469.308049525002	74
8	449	480.571351849898	75
8	455	483.343905189231	76
8	461	492.48407337107	77
8	467	496.655428429817	78
8	473	499.921507340344	79
8	479	502.512808983636	80
8	485	509.420968267514	81
8	491	519.12227659588	82
8	497	525.780606154674	83
8	503	553.302912445451	84
8	509	555.799590332041	85
8	515	566.291400894971	86
8	523	568.960041774684	87
8	527	569.197464240437	88
8	533	576.215448359669	89
8	539	578.347562898262	90
9	149	112.072519452761	0.696215973014
9	155	124.711830592616	1.310019251706
9	161	131.888462304932	1.857550328703
9	167	147.153464493239	0.257493144888
9	173	161.063670913029	0.522524336264
9	179	163.273510861285	0.638762134554
9	185	200.076617667601	3.816602570645
9	191	213.149830422401	1.218029509291
9	197	219.239040224698	0.210889158015
9	203	221.871920332267	1.025007001131
9	209	223.427423683527	0.150772276222
9	215	230.447885453289	1.557445232957
9	221	241.825905825764	0.27408404635
9	227	253.152017538303	0.219739172229
9	239	261.371919713737	7.647222363027
9	243	262.604347536144	6.655089106067
9	247	263.38805437268	3.624476067304
9	251	264.351244908268	3.809624592073
9	257	266.296083283033	0.861991599257
9	263	269.353425488038	1.070489535694
9	269	275.359016785211	1.649239376772
9	275	281.337461883342	0.269139240225
9	281	294.439474390698	4.629232908617
9	287	297.746280642519	1.816688321659
9	293	313.210786303393	0.840345721759
9	299	316.712636388924	1.065417732376
9	305	318.051348376641	0.126034870108
9	311	319.902852106475	0.241767575481
9	317	328.887284060106	1.254124819143
9	323	335.370895980004	1.523736563914
9	329	336.240015905423	0.320804046453
9	335	336.839432447021	0.494945299126
9	341	345.005816950634	0.921058629512
9	349	351.952318290106	2.278311813027
9	355	354.984849693939	5.267937027541
9	359	356.017661799033	1.694064771797
9	365	363.249709942267	1.131438673881
9	371	372.735920850452	1.499842563133
9	377	399.562764174718	1.847028666976
9	383	410.001175680917	0.004809594591
9	389	413.826027346309	0.014808178176
9	395	429.160854040202	1.584914393118
9	401	437.809691462119	0.404967263768
9	407	449.563820389404	0.30353517635
9	413	453.490087116735	0.444166693312
9	419	455.574197511637	1.040843616806
9	425	455.724769647446	0.002699564451
9	431	465.75030805276	0.205433317989
9	437	466.550605999051	0.527717818325
9	443	469.308049525002	2.262152605739
9	449	480.571351849898	0.043771933243
9	455	483.343905189231	2.218322302856
9	461	492.48407337107	0.625071463309
9	467	496.655428429817	0.366795504762
9	473	499.921507340344	0.219061323297
9	479	502.512808983636	1.879211635033
9	485	509.420968267514	1.339999402599
9	491	519.12227659588	1.177143718708
9	497	525.780606154674	1.717420701297
9	503	553.302912445451	1.02314229981
9	509	555.799590332041	0.045185072317
9	515	566.291400894971	0.006383822972
9	523	568.960041774684	2.091839028274
9	527	569.197464240437	2.284778760127
9	533	576.215448359669	0.926872252686
9	539	578.347562898262	0.36825633678

