version 3
run ParameterStudy-253-20251202-16:20:04-1436
attr configname ParameterStudy
attr datetime 20251202-16:20:04
attr datetimef 20251202-162004
attr experiment ParameterStudy
attr inifile omnetpp.ini
attr iterationvars $betaProducer=6.0s
attr iterationvarsd betaProducer=6.0s
attr iterationvarsf betaProducer=6.0s-
attr measurement $betaProducer=6.0s
attr network queue_sim
attr processid 1436
attr repetition 3
attr replication #3
attr resultdir results
attr runnumber 253
attr seedset 253
itervar betaProducer 6.0s
config description "Parameter study: β_producer = 1s to 10s (0.1s steps), β_service = 1s, 5 repetitions"
config *.serviceUnit.meanServiceTime 1s
config *.producer.warmupPeriod 100s
config *.queue.warmupPeriod 100s
config *.serviceUnit.warmupPeriod 100s
config *.sink.warmupPeriod 100s
config *.producer.meanInterArrivalTime 6.0s
config network queue_sim
config sim-time-limit 600s
config warmup-period 100s
config repeat 5
config **.vector-recording true
config **.scalar-recording true
config debug-on-errors true

vector 0 queue_sim.producer jobGenerated:vector ETV
attr recordingmode vector
attr title "Jobs Generated"
vector 1 queue_sim.producer interArrivalTime:vector ETV
attr recordingmode vector
attr title "Inter-arrival Time"
attr unit s
vector 2 queue_sim.queue queueLength:vector ETV
attr recordingmode vector
attr title "Queue Length"
vector 3 queue_sim.queue queueingDelay:vector ETV
attr recordingmode vector
attr title "Queueing Delay"
attr unit s
vector 4 queue_sim.queue queueUtilization:vector ETV
attr recordingmode vector
attr title "Queue Utilization"
vector 5 queue_sim.queue systemSize:vector ETV
attr recordingmode vector
attr title "System Size"
vector 6 queue_sim.serviceUnit serviceTime:vector ETV
attr recordingmode vector
attr title "Service Time"
attr unit s
vector 7 queue_sim.serviceUnit utilization:vector ETV
attr recordingmode vector
attr title "Server Utilization"
vector 8 queue_sim.sink jobCompleted:vector ETV
attr recordingmode vector
attr title "Jobs Completed"
vector 9 queue_sim.sink totalDelay:vector ETV
attr recordingmode vector
attr title "Total System Delay"
attr unit s
0	103	100.290984350461	18
0	109	108.383802819306	19
0	115	115.533632064101	20
0	121	118.640139310418	21
0	127	123.139213115868	22
0	133	129.351649525371	23
0	139	131.084390494765	24
0	145	144.91214615319	25
0	151	149.925107686162	26
0	154	150.841744274969	27
0	163	165.999566979044	28
0	169	169.647787346049	29
0	175	171.222957588034	30
0	178	172.633922329164	31
0	184	174.903379003921	32
0	186	175.132916549684	33
0	199	186.869864560024	34
0	205	189.906788338278	35
0	211	203.537044108775	36
0	217	205.875455123568	37
0	223	217.013601339116	38
0	229	223.077544301056	39
0	235	223.249942951372	40
0	241	224.116772064052	41
0	247	226.562693398413	42
0	253	228.372135989326	43
0	259	236.939670404514	44
0	265	241.988896798704	45
0	271	259.820866741466	46
0	277	276.21256278649	47
0	283	303.42709209671	48
0	289	315.472883118571	49
0	295	320.161861773877	50
0	301	324.673448840897	51
0	307	325.845680008727	52
0	313	330.13511540034	53
0	319	333.99288868672	54
0	325	336.518237854722	55
0	331	346.414818837264	56
0	337	348.18288194482	57
0	343	351.490184092648	58
0	349	359.241271466576	59
0	355	371.918601614325	60
0	361	377.548965064515	61
0	364	381.791580726278	62
0	373	390.049964187989	63
0	379	397.110295163205	64
0	382	397.65923374547	65
0	391	408.856429027913	66
0	397	418.208136642018	67
0	403	424.358113591753	68
0	409	445.559263301154	69
0	412	446.508328518664	70
0	414	447.671601027078	71
0	424	449.665325722724	72
0	433	466.351948845529	73
0	439	478.573126277531	74
0	445	484.75910470014	75
0	451	489.510350353198	76
0	457	498.152552037548	77
0	463	498.524087509195	78
0	469	506.305071068649	79
0	475	508.978370105951	80
0	481	513.705002706654	81
0	487	519.264857905479	82
0	493	524.487178354535	83
0	499	527.092766264199	84
0	505	529.121127889431	85
0	511	544.065719457527	86
0	517	549.443479312885	87
0	523	551.27261826809	88
0	529	551.868215004259	89
0	535	554.302300821174	90
0	541	571.909025902859	91
0	547	572.177145176622	92
0	550	572.291279630463	93
0	556	573.949320337043	94
0	558	574.394511521136	95
0	568	576.270987594477	96
0	577	591.847505808539	97
1	103	100.290984350461	8.0928184688445
1	109	108.383802819306	7.1498292447945
1	115	115.533632064101	3.106507246317
1	121	118.640139310418	4.4990738054503
1	127	123.139213115868	6.2124364095025
1	133	129.351649525371	1.7327409693944
1	139	131.084390494765	13.827755658425
1	145	144.91214615319	5.0129615329719
1	151	149.925107686162	0.91663658880684
1	154	150.841744274969	15.157822704075
1	163	165.999566979044	3.6482203670051
1	169	169.647787346049	1.5751702419847
1	175	171.222957588034	1.4109647411298
1	178	172.633922329164	2.2694566747573
1	184	174.903379003921	0.22953754576284
1	186	175.132916549684	11.73694801034
1	199	186.869864560024	3.0369237782539
1	205	189.906788338278	13.630255770497
1	211	203.537044108775	2.3384110147928
1	217	205.875455123568	11.138146215548
1	223	217.013601339116	6.0639429619397
1	229	223.077544301056	0.1723986503157
1	235	223.249942951372	0.86682911267984
1	241	224.116772064052	2.4459213343611
1	247	226.562693398413	1.8094425909129
1	253	228.372135989326	8.5675344151883
1	259	236.939670404514	5.04922639419
1	265	241.988896798704	17.831969942762
1	271	259.820866741466	16.391696045024
1	277	276.21256278649	27.21452931022
1	283	303.42709209671	12.045791021861
1	289	315.472883118571	4.6889786553062
1	295	320.161861773877	4.5115870670203
1	301	324.673448840897	1.1722311678299
1	307	325.845680008727	4.2894353916131
1	313	330.13511540034	3.8577732863797
1	319	333.99288868672	2.5253491680016
1	325	336.518237854722	9.8965809825423
1	331	346.414818837264	1.7680631075564
1	337	348.18288194482	3.307302147828
1	343	351.490184092648	7.7510873739282
1	349	359.241271466576	12.677330147749
1	355	371.918601614325	5.6303634501896
1	361	377.548965064515	4.242615661763
1	364	381.791580726278	8.258383461711
1	373	390.049964187989	7.0603309752165
1	379	397.110295163205	0.54893858226463
1	382	397.65923374547	11.197195282443
1	391	408.856429027913	9.3517076141047
1	397	418.208136642018	6.1499769497352
1	403	424.358113591753	21.201149709401
1	409	445.559263301154	0.94906521751046
1	412	446.508328518664	1.1632725084143
1	414	447.671601027078	1.9937246956462
1	424	449.665325722724	16.686623122805
1	433	466.351948845529	12.221177432002
1	439	478.573126277531	6.1859784226092
1	445	484.75910470014	4.7512456530583
1	451	489.510350353198	8.6422016843504
1	457	498.152552037548	0.37153547164731
1	463	498.524087509195	7.7809835594537
1	469	506.305071068649	2.6732990373024
1	475	508.978370105951	4.7266326007027
1	481	513.705002706654	5.5598551988248
1	487	519.264857905479	5.2223204490564
1	493	524.487178354535	2.6055879096638
1	499	527.092766264199	2.0283616252319
1	505	529.121127889431	14.944591568096
1	511	544.065719457527	5.3777598553579
1	517	549.443479312885	1.8291389552048
1	523	551.27261826809	0.59559673616862
1	529	551.868215004259	2.4340858169146
1	535	554.302300821174	17.606725081685
1	541	571.909025902859	0.26811927376282
1	547	572.177145176622	0.11413445384135
1	550	572.291279630463	1.6580407065804
1	556	573.949320337043	0.44519118409342
1	558	574.394511521136	1.8764760733411
1	568	576.270987594477	15.576518214062
1	577	591.847505808539	15.206364264954
2	104	100.290984350461	1
2	104	100.290984350461	0
2	110	108.383802819306	1
2	110	108.383802819306	0
2	116	115.533632064101	1
2	116	115.533632064101	0
2	122	118.640139310418	1
2	122	118.640139310418	0
2	128	123.139213115868	1
2	128	123.139213115868	0
2	134	129.351649525371	1
2	134	129.351649525371	0
2	140	131.084390494765	1
2	140	131.084390494765	0
2	146	144.91214615319	1
2	146	144.91214615319	0
2	152	149.925107686162	1
2	152	149.925107686162	0
2	155	150.841744274969	1
2	158	151.030270594902	0
2	164	165.999566979044	1
2	164	165.999566979044	0
2	170	169.647787346049	1
2	170	169.647787346049	0
2	176	171.222957588034	1
2	176	171.222957588034	0
2	179	172.633922329164	1
2	182	173.258194673096	0
2	185	174.903379003921	1
2	187	175.132916549684	2
2	190	175.202794108777	1
2	194	175.746026186425	0
2	200	186.869864560024	1
2	200	186.869864560024	0
2	206	189.906788338278	1
2	206	189.906788338278	0
2	212	203.537044108775	1
2	212	203.537044108775	0
2	218	205.875455123568	1
2	218	205.875455123568	0
2	224	217.013601339116	1
2	224	217.013601339116	0
2	230	223.077544301056	1
2	230	223.077544301056	0
2	236	223.249942951372	1
2	236	223.249942951372	0
2	242	224.116772064052	1
2	242	224.116772064052	0
2	248	226.562693398413	1
2	248	226.562693398413	0
2	254	228.372135989326	1
2	254	228.372135989326	0
2	260	236.939670404514	1
2	260	236.939670404514	0
2	266	241.988896798704	1
2	266	241.988896798704	0
2	272	259.820866741466	1
2	272	259.820866741466	0
2	278	276.21256278649	1
2	278	276.21256278649	0
2	284	303.42709209671	1
2	284	303.42709209671	0
2	290	315.472883118571	1
2	290	315.472883118571	0
2	296	320.161861773877	1
2	296	320.161861773877	0
2	302	324.673448840897	1
2	302	324.673448840897	0
2	308	325.845680008727	1
2	308	325.845680008727	0
2	314	330.13511540034	1
2	314	330.13511540034	0
2	320	333.99288868672	1
2	320	333.99288868672	0
2	326	336.518237854722	1
2	326	336.518237854722	0
2	332	346.414818837264	1
2	332	346.414818837264	0
2	338	348.18288194482	1
2	338	348.18288194482	0
2	344	351.490184092648	1
2	344	351.490184092648	0
2	350	359.241271466576	1
2	350	359.241271466576	0
2	356	371.918601614325	1
2	356	371.918601614325	0
2	362	377.548965064515	1
2	362	377.548965064515	0
2	365	381.791580726278	1
2	368	381.976891182849	0
2	374	390.049964187989	1
2	374	390.049964187989	0
2	380	397.110295163205	1
2	380	397.110295163205	0
2	383	397.65923374547	1
2	386	397.863123648889	0
2	392	408.856429027913	1
2	392	408.856429027913	0
2	398	418.208136642018	1
2	398	418.208136642018	0
2	404	424.358113591753	1
2	404	424.358113591753	0
2	410	445.559263301154	1
2	410	445.559263301154	0
2	413	446.508328518664	1
2	415	447.671601027078	2
2	418	448.02697898529	1
2	422	449.028830921143	0
2	425	449.665325722724	1
2	428	450.034789918896	0
2	434	466.351948845529	1
2	434	466.351948845529	0
2	440	478.573126277531	1
2	440	478.573126277531	0
2	446	484.75910470014	1
2	446	484.75910470014	0
2	452	489.510350353198	1
2	452	489.510350353198	0
2	458	498.152552037548	1
2	458	498.152552037548	0
2	464	498.524087509195	1
2	464	498.524087509195	0
2	470	506.305071068649	1
2	470	506.305071068649	0
2	476	508.978370105951	1
2	476	508.978370105951	0
2	482	513.705002706654	1
2	482	513.705002706654	0
2	488	519.264857905479	1
2	488	519.264857905479	0
2	494	524.487178354535	1
2	494	524.487178354535	0
2	500	527.092766264199	1
2	500	527.092766264199	0
2	506	529.121127889431	1
2	506	529.121127889431	0
2	512	544.065719457527	1
2	512	544.065719457527	0
2	518	549.443479312885	1
2	518	549.443479312885	0
2	524	551.27261826809	1
2	524	551.27261826809	0
2	530	551.868215004259	1
2	530	551.868215004259	0
2	536	554.302300821174	1
2	536	554.302300821174	0
2	542	571.909025902859	1
2	542	571.909025902859	0
2	548	572.177145176622	1
2	548	572.177145176622	0
2	551	572.291279630463	1
2	554	573.600758537837	0
2	557	573.949320337043	1
2	559	574.394511521136	2
2	562	574.396029434679	1
2	566	576.162615185968	0
2	569	576.270987594477	1
2	572	577.905920571075	0
2	578	591.847505808539	1
2	578	591.847505808539	0
3	104	100.290984350461	0
3	110	108.383802819306	0
3	116	115.533632064101	0
3	122	118.640139310418	0
3	128	123.139213115868	0
3	134	129.351649525371	0
3	140	131.084390494765	0
3	146	144.91214615319	0
3	152	149.925107686162	0
3	158	151.030270594902	0.188526319933
3	164	165.999566979044	0
3	170	169.647787346049	0
3	176	171.222957588034	0
3	182	173.258194673096	0.624272343932
3	190	175.202794108777	0.299415104856
3	194	175.746026186425	0.613109636741
3	200	186.869864560024	0
3	206	189.906788338278	0
3	212	203.537044108775	0
3	218	205.875455123568	0
3	224	217.013601339116	0
3	230	223.077544301056	0
3	236	223.249942951372	0
3	242	224.116772064052	0
3	248	226.562693398413	0
3	254	228.372135989326	0
3	260	236.939670404514	0
3	266	241.988896798704	0
3	272	259.820866741466	0
3	278	276.21256278649	0
3	284	303.42709209671	0
3	290	315.472883118571	0
3	296	320.161861773877	0
3	302	324.673448840897	0
3	308	325.845680008727	0
3	314	330.13511540034	0
3	320	333.99288868672	0
3	326	336.518237854722	0
3	332	346.414818837264	0
3	338	348.18288194482	0
3	344	351.490184092648	0
3	350	359.241271466576	0
3	356	371.918601614325	0
3	362	377.548965064515	0
3	368	381.976891182849	0.185310456571
3	374	390.049964187989	0
3	380	397.110295163205	0
3	386	397.863123648889	0.203889903419
3	392	408.856429027913	0
3	398	418.208136642018	0
3	404	424.358113591753	0
3	410	445.559263301154	0
3	418	448.02697898529	1.518650466626
3	422	449.028830921143	1.357229894065
3	428	450.034789918896	0.369464196172
3	434	466.351948845529	0
3	440	478.573126277531	0
3	446	484.75910470014	0
3	452	489.510350353198	0
3	458	498.152552037548	0
3	464	498.524087509195	0
3	470	506.305071068649	0
3	476	508.978370105951	0
3	482	513.705002706654	0
3	488	519.264857905479	0
3	494	524.487178354535	0
3	500	527.092766264199	0
3	506	529.121127889431	0
3	512	544.065719457527	0
3	518	549.443479312885	0
3	524	551.27261826809	0
3	530	551.868215004259	0
3	536	554.302300821174	0
3	542	571.909025902859	0
3	548	572.177145176622	0
3	554	573.600758537837	1.309478907374
3	562	574.396029434679	0.446709097636
3	566	576.162615185968	1.768103664832
3	572	577.905920571075	1.634932976598
3	578	591.847505808539	0
4	583	600	0.020184639075814
5	104	100.290984350461	1
5	104	100.290984350461	1
5	108	102.769743289947	0
5	110	108.383802819306	1
5	110	108.383802819306	1
5	114	108.499998883188	0
5	116	115.533632064101	1
5	116	115.533632064101	1
5	120	116.596706248017	0
5	122	118.640139310418	1
5	122	118.640139310418	1
5	126	121.232607090526	0
5	128	123.139213115868	1
5	128	123.139213115868	1
5	132	125.312930774127	0
5	134	129.351649525371	1
5	134	129.351649525371	1
5	138	130.022725958655	0
5	140	131.084390494765	1
5	140	131.084390494765	1
5	144	131.765956522252	0
5	146	144.91214615319	1
5	146	144.91214615319	1
5	150	147.032428076428	0
5	152	149.925107686162	1
5	152	149.925107686162	1
5	155	150.841744274969	2
5	158	151.030270594902	1
5	158	151.030270594902	1
5	162	152.889474404866	0
5	164	165.999566979044	1
5	164	165.999566979044	1
5	168	166.957447059525	0
5	170	169.647787346049	1
5	170	169.647787346049	1
5	174	169.767161877208	0
5	176	171.222957588034	1
5	176	171.222957588034	1
5	179	172.633922329164	2
5	182	173.258194673096	1
5	182	173.258194673096	1
5	185	174.903379003921	2
5	187	175.132916549684	3
5	190	175.202794108777	2
5	190	175.202794108777	2
5	194	175.746026186425	1
5	194	175.746026186425	1
5	198	175.925280992152	0
5	200	186.869864560024	1
5	200	186.869864560024	1
5	204	188.020790009053	0
5	206	189.906788338278	1
5	206	189.906788338278	1
5	210	189.959888105283	0
5	212	203.537044108775	1
5	212	203.537044108775	1
5	216	203.722058388404	0
5	218	205.875455123568	1
5	218	205.875455123568	1
5	222	207.374837186907	0
5	224	217.013601339116	1
5	224	217.013601339116	1
5	228	217.47376319268	0
5	230	223.077544301056	1
5	230	223.077544301056	1
5	234	223.127284026775	0
5	236	223.249942951372	1
5	236	223.249942951372	1
5	240	224.055768955825	0
5	242	224.116772064052	1
5	242	224.116772064052	1
5	246	225.506752227873	0
5	248	226.562693398413	1
5	248	226.562693398413	1
5	252	227.659955573241	0
5	254	228.372135989326	1
5	254	228.372135989326	1
5	258	228.978215684303	0
5	260	236.939670404514	1
5	260	236.939670404514	1
5	264	237.386957503247	0
5	266	241.988896798704	1
5	266	241.988896798704	1
5	270	242.741713562165	0
5	272	259.820866741466	1
5	272	259.820866741466	1
5	276	259.864813476389	0
5	278	276.21256278649	1
5	278	276.21256278649	1
5	282	276.929237345011	0
5	284	303.42709209671	1
5	284	303.42709209671	1
5	288	303.838878583345	0
5	290	315.472883118571	1
5	290	315.472883118571	1
5	294	316.431531437756	0
5	296	320.161861773877	1
5	296	320.161861773877	1
5	300	320.661249701138	0
5	302	324.673448840897	1
5	302	324.673448840897	1
5	306	325.265349075509	0
5	308	325.845680008727	1
5	308	325.845680008727	1
5	312	326.229864340392	0
5	314	330.13511540034	1
5	314	330.13511540034	1
5	318	331.64745425269	0
5	320	333.99288868672	1
5	320	333.99288868672	1
5	324	334.43610835966	0
5	326	336.518237854722	1
5	326	336.518237854722	1
5	330	336.917640354267	0
5	332	346.414818837264	1
5	332	346.414818837264	1
5	336	346.600726418368	0
5	338	348.18288194482	1
5	338	348.18288194482	1
5	342	349.507884589732	0
5	344	351.490184092648	1
5	344	351.490184092648	1
5	348	352.989222568139	0
5	350	359.241271466576	1
5	350	359.241271466576	1
5	354	359.908170397387	0
5	356	371.918601614325	1
5	356	371.918601614325	1
5	360	373.980310302552	0
5	362	377.548965064515	1
5	362	377.548965064515	1
5	365	381.791580726278	2
5	368	381.976891182849	1
5	368	381.976891182849	1
5	372	383.675567280731	0
5	374	390.049964187989	1
5	374	390.049964187989	1
5	378	390.173389261797	0
5	380	397.110295163205	1
5	380	397.110295163205	1
5	383	397.65923374547	2
5	386	397.863123648889	1
5	386	397.863123648889	1
5	390	398.536145173491	0
5	392	408.856429027913	1
5	392	408.856429027913	1
5	396	409.408638256576	0
5	398	418.208136642018	1
5	398	418.208136642018	1
5	402	418.254353944831	0
5	404	424.358113591753	1
5	404	424.358113591753	1
5	408	424.995685191414	0
5	410	445.559263301154	1
5	410	445.559263301154	1
5	413	446.508328518664	2
5	415	447.671601027078	3
5	418	448.02697898529	2
5	418	448.02697898529	2
5	422	449.028830921143	1
5	422	449.028830921143	1
5	425	449.665325722724	2
5	428	450.034789918896	1
5	428	450.034789918896	1
5	432	450.461066973136	0
5	434	466.351948845529	1
5	434	466.351948845529	1
5	438	468.470624797603	0
5	440	478.573126277531	1
5	440	478.573126277531	1
5	444	479.814182002775	0
5	446	484.75910470014	1
5	446	484.75910470014	1
5	450	484.82427957688	0
5	452	489.510350353198	1
5	452	489.510350353198	1
5	456	490.067493106442	0
5	458	498.152552037548	1
5	458	498.152552037548	1
5	462	498.430363471482	0
5	464	498.524087509195	1
5	464	498.524087509195	1
5	468	498.903456196126	0
5	470	506.305071068649	1
5	470	506.305071068649	1
5	474	506.961003706649	0
5	476	508.978370105951	1
5	476	508.978370105951	1
5	480	510.098347297137	0
5	482	513.705002706654	1
5	482	513.705002706654	1
5	486	514.090658024964	0
5	488	519.264857905479	1
5	488	519.264857905479	1
5	492	521.304491337795	0
5	494	524.487178354535	1
5	494	524.487178354535	1
5	498	525.28199753113	0
5	500	527.092766264199	1
5	500	527.092766264199	1
5	504	527.349482201521	0
5	506	529.121127889431	1
5	506	529.121127889431	1
5	510	529.650227342614	0
5	512	544.065719457527	1
5	512	544.065719457527	1
5	516	544.241708194523	0
5	518	549.443479312885	1
5	518	549.443479312885	1
5	522	549.89063113755	0
5	524	551.27261826809	1
5	524	551.27261826809	1
5	528	551.635842070445	0
5	530	551.868215004259	1
5	530	551.868215004259	1
5	534	552.523632493252	0
5	536	554.302300821174	1
5	536	554.302300821174	1
5	540	554.47361089001	0
5	542	571.909025902859	1
5	542	571.909025902859	1
5	546	571.935741862848	0
5	548	572.177145176622	1
5	548	572.177145176622	1
5	551	572.291279630463	2
5	554	573.600758537837	1
5	554	573.600758537837	1
5	557	573.949320337043	2
5	559	574.394511521136	3
5	562	574.396029434679	2
5	562	574.396029434679	2
5	566	576.162615185968	1
5	566	576.162615185968	1
5	569	576.270987594477	2
5	572	577.905920571075	1
5	572	577.905920571075	1
5	576	578.180212238709	0
5	578	591.847505808539	1
5	578	591.847505808539	1
5	582	592.37158212374	0
6	105	100.290984350461	2.4787589394863
6	111	108.383802819306	0.11619606388226
6	117	115.533632064101	1.0630741839157
6	123	118.640139310418	2.592467780108
6	129	123.139213115868	2.1737176582594
6	135	129.351649525371	0.67107643328378
6	141	131.084390494765	0.68156602748669
6	147	144.91214615319	2.1202819232379
6	153	149.925107686162	1.1051629087402
6	159	151.030270594902	1.8592038099644
6	165	165.999566979044	0.95788008048073
6	171	169.647787346049	0.11937453115927
6	177	171.222957588034	2.0352370850624
6	183	173.258194673096	1.9445994356812
6	191	175.202794108777	0.54323207764831
6	195	175.746026186425	0.17925480572749
6	201	186.869864560024	1.1509254490288
6	207	189.906788338278	0.053099767004528
6	213	203.537044108775	0.18501427962904
6	219	205.875455123568	1.4993820633394
6	225	217.013601339116	0.46016185356362
6	231	223.077544301056	0.04973972571941
6	237	223.249942951372	0.80582600445331
6	243	224.116772064052	1.3899801638207
6	249	226.562693398413	1.0972621748281
6	255	228.372135989326	0.60607969497718
6	261	236.939670404514	0.44728709873264
6	267	241.988896798704	0.75281676346101
6	273	259.820866741466	0.043946734922947
6	279	276.21256278649	0.71667455852113
6	285	303.42709209671	0.41178648663546
6	291	315.472883118571	0.95864831918468
6	297	320.161861773877	0.49938792726083
6	303	324.673448840897	0.59190023461198
6	309	325.845680008727	0.38418433166525
6	315	330.13511540034	1.5123388523498
6	321	333.99288868672	0.44321967293996
6	327	336.518237854722	0.39940249954466
6	333	346.414818837264	0.18590758110449
6	339	348.18288194482	1.3250026449117
6	345	351.490184092648	1.499038475491
6	351	359.241271466576	0.66689893081108
6	357	371.918601614325	2.0617086882269
6	363	377.548965064515	4.4279261183339
6	369	381.976891182849	1.698676097882
6	375	390.049964187989	0.12342507380803
6	381	397.110295163205	0.75282848568403
6	387	397.863123648889	0.67302152460191
6	393	408.856429027913	0.55220922866339
6	399	418.208136642018	0.046217302812663
6	405	424.358113591753	0.63757159966078
6	411	445.559263301154	2.4677156841363
6	419	448.02697898529	1.0018519358531
6	423	449.028830921143	1.0059589977528
6	429	450.034789918896	0.42627705423954
6	435	466.351948845529	2.1186759520743
6	441	478.573126277531	1.2410557252443
6	447	484.75910470014	0.065174876740316
6	453	489.510350353198	0.55714275324435
6	459	498.152552037548	0.2778114339341
6	465	498.524087509195	0.37936868693097
6	471	506.305071068649	0.65593263800048
6	477	508.978370105951	1.1199771911857
6	483	513.705002706654	0.38565531830963
6	489	519.264857905479	2.0396334323159
6	495	524.487178354535	0.79481917659526
6	501	527.092766264199	0.25671593732229
6	507	529.121127889431	0.52909945318301
6	513	544.065719457527	0.1759887369963
6	519	549.443479312885	0.44715182466522
6	525	551.27261826809	0.36322380235545
6	531	551.868215004259	0.65541748899284
6	537	554.302300821174	0.17131006883622
6	543	571.909025902859	0.02671595998917
6	549	572.177145176622	1.4236133612146
6	555	573.600758537837	0.79527089684151
6	563	574.396029434679	1.7665857512894
6	567	576.162615185968	1.7433053851069
6	573	577.905920571075	0.27429166763431
6	579	591.847505808539	0.52407631520067
7	106	102.769743289947	17.952136713939
7	112	108.499998883188	17.111116194429
7	118	116.596706248017	16.834639412558
7	124	121.232607090526	18.329312036726
7	130	125.312930774127	19.467121510478
7	136	130.022725958655	19.278089080669
7	142	131.765956522252	19.540299818309
7	148	147.032428076428	18.953468463204
7	156	151.030270594902	19.183510484862
7	160	152.889474404866	20.166274836688
7	166	166.957447059525	19.040774907153
7	172	169.767161877208	18.795959043936
7	180	173.258194673096	19.591917926654
7	188	175.202794108777	20.484378071593
7	192	175.746026186425	20.730161361508
7	196	175.925280992152	20.810931444381
7	202	188.020790009053	20.084276354664
7	208	189.959888105283	19.907210524196
7	214	203.722058388404	18.653222639163
7	220	207.374837186907	19.047687615066
7	226	217.47376319268	18.374755854007
7	232	223.127284026775	17.931474823175
7	238	224.055768955825	18.216821175176
7	244	225.506752227873	18.715988993767
7	250	227.659955573241	19.020947708156
7	256	228.978215684303	19.176130212104
7	262	237.386957503247	18.685292723001
7	268	242.741713562165	18.58323565291
7	274	259.864813476389	17.375654206526
7	280	276.929237345011	16.563757006078
7	286	303.838878583345	15.232307549
7	292	316.431531437756	14.929081354121
7	298	320.661249701138	14.887894539857
7	304	325.265349075509	14.859132415327
7	310	326.229864340392	14.932965548838
7	316	331.64745425269	15.145037738191
7	322	334.43610835966	15.151280173003
7	328	336.917640354267	15.158231021417
7	334	346.600726418368	14.78838846865
7	340	349.507884589732	15.044485924701
7	346	352.989222568139	15.320780216703
7	352	359.908170397387	15.211547392402
7	358	373.980310302552	15.190454960421
7	366	381.976891182849	16.031660063533
7	370	383.675567280731	16.403419498307
7	376	390.173389261797	16.161875623215
7	384	397.863123648889	16.038723515722
7	388	398.536145173491	16.180511775059
7	394	409.408638256576	15.88569244735
7	400	418.254353944831	15.560773920293
7	406	424.995685191414	15.463965475131
7	416	448.02697898529	15.219820437459
7	420	449.028830921143	15.40897797294
7	426	450.034789918896	15.598063576194
7	430	450.461066973136	15.677934205353
7	436	468.470624797603	15.527476388574
7	442	479.814182002775	15.41903598374
7	448	484.82427957688	15.273141089275
7	454	490.067493106442	15.223421275134
7	460	498.430363471482	15.023733690795
7	466	498.903456196126	15.085527709666
7	472	506.961003706649	14.975146256195
7	478	510.098347297137	15.102603128659
7	484	514.090658024964	15.060336745641
7	490	521.304491337795	15.243186857039
7	496	525.28199753113	15.279076241443
7	502	527.349482201521	15.267854722555
7	508	529.650227342614	15.301428771678
7	514	544.241708194523	14.923523829568
7	520	549.89063113755	14.851533780195
7	526	551.635842070445	14.87039281784
7	532	552.523632493252	14.965121719002
7	538	554.47361089001	14.943388210073
7	544	571.935741862848	14.491813343879
7	552	573.600758537837	14.697936197612
7	560	574.396029434679	14.816039814814
7	564	576.162615185968	15.077224359481
7	570	577.905920571075	15.333401579375
7	574	578.180212238709	15.373567849306
7	580	592.37158212374	15.093736133396
8	107	102.769743289947	18
8	113	108.499998883188	19
8	119	116.596706248017	20
8	125	121.232607090526	21
8	131	125.312930774127	22
8	137	130.022725958655	23
8	143	131.765956522252	24
8	149	147.032428076428	25
8	157	151.030270594902	26
8	161	152.889474404866	27
8	167	166.957447059525	28
8	173	169.767161877208	29
8	181	173.258194673096	30
8	189	175.202794108777	31
8	193	175.746026186425	32
8	197	175.925280992152	33
8	203	188.020790009053	34
8	209	189.959888105283	35
8	215	203.722058388404	36
8	221	207.374837186907	37
8	227	217.47376319268	38
8	233	223.127284026775	39
8	239	224.055768955825	40
8	245	225.506752227873	41
8	251	227.659955573241	42
8	257	228.978215684303	43
8	263	237.386957503247	44
8	269	242.741713562165	45
8	275	259.864813476389	46
8	281	276.929237345011	47
8	287	303.838878583345	48
8	293	316.431531437756	49
8	299	320.661249701138	50
8	305	325.265349075509	51
8	311	326.229864340392	52
8	317	331.64745425269	53
8	323	334.43610835966	54
8	329	336.917640354267	55
8	335	346.600726418368	56
8	341	349.507884589732	57
8	347	352.989222568139	58
8	353	359.908170397387	59
8	359	373.980310302552	60
8	367	381.976891182849	61
8	371	383.675567280731	62
8	377	390.173389261797	63
8	385	397.863123648889	64
8	389	398.536145173491	65
8	395	409.408638256576	66
8	401	418.254353944831	67
8	407	424.995685191414	68
8	417	448.02697898529	69
8	421	449.028830921143	70
8	427	450.034789918896	71
8	431	450.461066973136	72
8	437	468.470624797603	73
8	443	479.814182002775	74
8	449	484.82427957688	75
8	455	490.067493106442	76
8	461	498.430363471482	77
8	467	498.903456196126	78
8	473	506.961003706649	79
8	479	510.098347297137	80
8	485	514.090658024964	81
8	491	521.304491337795	82
8	497	525.28199753113	83
8	503	527.349482201521	84
8	509	529.650227342614	85
8	515	544.241708194523	86
8	521	549.89063113755	87
8	527	551.635842070445	88
8	533	552.523632493252	89
8	539	554.47361089001	90
8	545	571.935741862848	91
8	553	573.600758537837	92
8	561	574.396029434679	93
8	565	576.162615185968	94
8	571	577.905920571075	95
8	575	578.180212238709	96
8	581	592.37158212374	97
9	107	102.769743289947	2.478758939486
9	113	108.499998883188	0.116196063882
9	119	116.596706248017	1.063074183916
9	125	121.232607090526	2.592467780108
9	131	125.312930774127	2.173717658259
9	137	130.022725958655	0.671076433284
9	143	131.765956522252	0.681566027487
9	149	147.032428076428	2.120281923238
9	157	151.030270594902	1.10516290874
9	161	152.889474404866	2.047730129897
9	167	166.957447059525	0.957880080481
9	173	169.767161877208	0.119374531159
9	181	173.258194673096	2.035237085062
9	189	175.202794108777	2.568871779613
9	193	175.746026186425	0.842647182504
9	197	175.925280992152	0.792364442468
9	203	188.020790009053	1.150925449029
9	209	189.959888105283	0.053099767005
9	215	203.722058388404	0.185014279629
9	221	207.374837186907	1.499382063339
9	227	217.47376319268	0.460161853564
9	233	223.127284026775	0.049739725719
9	239	224.055768955825	0.805826004453
9	245	225.506752227873	1.389980163821
9	251	227.659955573241	1.097262174828
9	257	228.978215684303	0.606079694977
9	263	237.386957503247	0.447287098733
9	269	242.741713562165	0.752816763461
9	275	259.864813476389	0.043946734923
9	281	276.929237345011	0.716674558521
9	287	303.838878583345	0.411786486635
9	293	316.431531437756	0.958648319185
9	299	320.661249701138	0.499387927261
9	305	325.265349075509	0.591900234612
9	311	326.229864340392	0.384184331665
9	317	331.64745425269	1.51233885235
9	323	334.43610835966	0.44321967294
9	329	336.917640354267	0.399402499545
9	335	346.600726418368	0.185907581104
9	341	349.507884589732	1.325002644912
9	347	352.989222568139	1.499038475491
9	353	359.908170397387	0.666898930811
9	359	373.980310302552	2.061708688227
9	367	381.976891182849	4.427926118334
9	371	383.675567280731	1.883986554453
9	377	390.173389261797	0.123425073808
9	385	397.863123648889	0.752828485684
9	389	398.536145173491	0.876911428021
9	395	409.408638256576	0.552209228663
9	401	418.254353944831	0.046217302813
9	407	424.995685191414	0.637571599661
9	417	448.02697898529	2.467715684136
9	421	449.028830921143	2.520502402479
9	427	450.034789918896	2.363188891818
9	431	450.461066973136	0.795741250412
9	437	468.470624797603	2.118675952074
9	443	479.814182002775	1.241055725244
9	449	484.82427957688	0.06517487674
9	455	490.067493106442	0.557142753244
9	461	498.430363471482	0.277811433934
9	467	498.903456196126	0.379368686931
9	473	506.961003706649	0.655932638
9	479	510.098347297137	1.119977191186
9	485	514.090658024964	0.38565531831
9	491	521.304491337795	2.039633432316
9	497	525.28199753113	0.794819176595
9	503	527.349482201521	0.256715937322
9	509	529.650227342614	0.529099453183
9	515	544.241708194523	0.175988736996
9	521	549.89063113755	0.447151824665
9	527	551.635842070445	0.363223802355
9	533	552.523632493252	0.655417488993
9	539	554.47361089001	0.171310068836
9	545	571.935741862848	0.026715959989
9	553	573.600758537837	1.423613361215
9	561	574.396029434679	2.104749804216
9	565	576.162615185968	2.213294848925
9	571	577.905920571075	3.511409049939
9	575	578.180212238709	1.909224644232
9	581	592.37158212374	0.524076315201

