version 3
run ParameterStudy-209-20251202-16:20:04-1436
attr configname ParameterStudy
attr datetime 20251202-16:20:04
attr datetimef 20251202-162004
attr experiment ParameterStudy
attr inifile omnetpp.ini
attr iterationvars $betaProducer=5.1s
attr iterationvarsd betaProducer=5.1s
attr iterationvarsf betaProducer=5.1s-
attr measurement $betaProducer=5.1s
attr network queue_sim
attr processid 1436
attr repetition 4
attr replication #4
attr resultdir results
attr runnumber 209
attr seedset 209
itervar betaProducer 5.1s
config description "Parameter study: β_producer = 1s to 10s (0.1s steps), β_service = 1s, 5 repetitions"
config *.serviceUnit.meanServiceTime 1s
config *.producer.warmupPeriod 100s
config *.queue.warmupPeriod 100s
config *.serviceUnit.warmupPeriod 100s
config *.sink.warmupPeriod 100s
config *.producer.meanInterArrivalTime 5.1s
config network queue_sim
config sim-time-limit 600s
config warmup-period 100s
config repeat 5
config **.vector-recording true
config **.scalar-recording true
config debug-on-errors true

vector 0 queue_sim.producer jobGenerated:vector ETV
attr recordingmode vector
attr title "Jobs Generated"
vector 1 queue_sim.producer interArrivalTime:vector ETV
attr recordingmode vector
attr title "Inter-arrival Time"
attr unit s
vector 2 queue_sim.queue queueLength:vector ETV
attr recordingmode vector
attr title "Queue Length"
vector 3 queue_sim.queue queueingDelay:vector ETV
attr recordingmode vector
attr title "Queueing Delay"
attr unit s
vector 4 queue_sim.queue queueUtilization:vector ETV
attr recordingmode vector
attr title "Queue Utilization"
vector 5 queue_sim.queue systemSize:vector ETV
attr recordingmode vector
attr title "System Size"
vector 6 queue_sim.serviceUnit serviceTime:vector ETV
attr recordingmode vector
attr title "Service Time"
attr unit s
vector 7 queue_sim.serviceUnit utilization:vector ETV
attr recordingmode vector
attr title "Server Utilization"
vector 8 queue_sim.sink jobCompleted:vector ETV
attr recordingmode vector
attr title "Jobs Completed"
vector 9 queue_sim.sink totalDelay:vector ETV
attr recordingmode vector
attr title "Total System Delay"
attr unit s
0	109	100.590486532625	19
0	115	102.892015774277	20
0	121	109.876358476512	21
0	127	111.780080916622	22
0	133	119.97982528754	23
0	139	127.64041547498	24
0	142	127.994958298931	25
0	151	135.584331214133	26
0	157	137.257711800275	27
0	160	137.82039629246	28
0	169	145.692741619981	29
0	175	146.866917166514	30
0	181	156.843005763085	31
0	187	162.271736609644	32
0	190	164.959328065062	33
0	199	178.334726141174	34
0	202	178.852758825295	35
0	211	180.562579192146	36
0	217	184.404847816502	37
0	223	187.187488878359	38
0	226	187.859856622604	39
0	235	195.352844380175	40
0	238	195.383308307415	41
0	244	200.763623872154	42
0	253	211.370288515399	43
0	259	215.791164677789	44
0	265	220.11127526802	45
0	271	230.341040340657	46
0	277	230.611273650681	47
0	283	243.250817114565	48
0	289	252.047440822591	49
0	295	268.069656003954	50
0	301	282.018863827112	51
0	307	288.804950087891	52
0	313	291.400768414024	53
0	319	299.683476079328	54
0	325	305.019074886891	55
0	331	307.078325339322	56
0	337	325.679332458167	57
0	343	329.366687523998	58
0	349	341.661171551771	59
0	355	351.423103615218	60
0	361	354.593676382052	61
0	367	365.322277285266	62
0	373	366.433123499224	63
0	379	377.832957480771	64
0	385	383.530778962242	65
0	388	384.530238202866	66
0	397	388.512711180586	67
0	403	395.573869439557	68
0	409	397.659150405999	69
0	415	403.432798656698	70
0	418	404.649422298265	71
0	427	413.399588835346	72
0	433	427.360198020574	73
0	439	431.376355405472	74
0	445	434.292146823867	75
0	448	436.414542845878	76
0	454	439.663041385883	77
0	456	440.433069387777	78
0	469	444.50401270494	79
0	475	448.274154677715	80
0	481	449.130767644125	81
0	487	451.971806473614	82
0	493	463.35448488772	83
0	496	464.30987004081	84
0	505	468.431110379104	85
0	511	476.518925966373	86
0	517	479.883748303544	87
0	523	486.052660408548	88
0	529	492.444562695032	89
0	535	496.504268593073	90
0	541	499.343625316612	91
0	547	506.892185697121	92
0	550	507.631197543308	93
0	552	507.741253383472	94
0	565	511.377814619062	95
0	571	513.108950839047	96
0	574	513.149983982345	97
0	583	518.415848486414	98
0	589	518.922489492693	99
0	595	535.059941821913	100
0	601	543.889770919327	101
0	607	545.241381032156	102
0	613	551.825132505909	103
0	619	563.921364453793	104
0	625	573.011970824468	105
0	628	573.33148573136	106
0	630	574.204003902509	107
0	643	582.698074935561	108
0	649	586.690702799677	109
1	109	100.590486532625	2.3015292416515
1	115	102.892015774277	6.984342702235
1	121	109.876358476512	1.9037224401105
1	127	111.780080916622	8.1997443709184
1	133	119.97982528754	7.6605901874403
1	139	127.64041547498	0.35454282395105
1	142	127.994958298931	7.5893729152023
1	151	135.584331214133	1.6733805861421
1	157	137.257711800275	0.56268449218481
1	160	137.82039629246	7.8723453275212
1	169	145.692741619981	1.1741755465328
1	175	146.866917166514	9.9760885965705
1	181	156.843005763085	5.4287308465592
1	187	162.271736609644	2.6875914554184
1	190	164.959328065062	13.375398076112
1	199	178.334726141174	0.51803268412077
1	202	178.852758825295	1.7098203668506
1	211	180.562579192146	3.842268624356
1	217	184.404847816502	2.7826410618572
1	223	187.187488878359	0.6723677442455
1	226	187.859856622604	7.4929877575711
1	235	195.352844380175	0.030463927240004
1	238	195.383308307415	5.380315564739
1	244	200.763623872154	10.606664643245
1	253	211.370288515399	4.4208761623903
1	259	215.791164677789	4.3201105902305
1	265	220.11127526802	10.229765072637
1	271	230.341040340657	0.27023331002412
1	277	230.611273650681	12.639543463884
1	283	243.250817114565	8.7966237080257
1	289	252.047440822591	16.022215181363
1	295	268.069656003954	13.949207823158
1	301	282.018863827112	6.7860862607794
1	307	288.804950087891	2.5958183261329
1	313	291.400768414024	8.2827076653037
1	319	299.683476079328	5.3355988075631
1	325	305.019074886891	2.0592504524306
1	331	307.078325339322	18.601007118845
1	337	325.679332458167	3.6873550658309
1	343	329.366687523998	12.294484027772
1	349	341.661171551771	9.7619320634473
1	355	351.423103615218	3.1705727668343
1	361	354.593676382052	10.728600903214
1	367	365.322277285266	1.1108462139579
1	373	366.433123499224	11.399833981547
1	379	377.832957480771	5.6978214814714
1	385	383.530778962242	0.99945924062367
1	388	384.530238202866	3.9824729777197
1	397	388.512711180586	7.0611582589709
1	403	395.573869439557	2.0852809664423
1	409	397.659150405999	5.7736482506994
1	415	403.432798656698	1.2166236415672
1	418	404.649422298265	8.7501665370814
1	427	413.399588835346	13.960609185228
1	433	427.360198020574	4.0161573848982
1	439	431.376355405472	2.9157914183948
1	445	434.292146823867	2.1223960220107
1	448	436.414542845878	3.2484985400055
1	454	439.663041385883	0.7700280018937
1	456	440.433069387777	4.0709433171633
1	469	444.50401270494	3.7701419727753
1	475	448.274154677715	0.8566129664095
1	481	449.130767644125	2.8410388294891
1	487	451.971806473614	11.382678414106
1	493	463.35448488772	0.95538515309033
1	496	464.30987004081	4.1212403382937
1	505	468.431110379104	8.0878155872686
1	511	476.518925966373	3.3648223371712
1	517	479.883748303544	6.1689121050044
1	523	486.052660408548	6.3919022864839
1	529	492.444562695032	4.0597058980407
1	535	496.504268593073	2.8393567235395
1	541	499.343625316612	7.5485603805089
1	547	506.892185697121	0.73901184618742
1	550	507.631197543308	0.11005584016435
1	552	507.741253383472	3.6365612355898
1	565	511.377814619062	1.7311362199848
1	571	513.108950839047	0.041033143297649
1	574	513.149983982345	5.2658645040694
1	583	518.415848486414	0.50664100627932
1	589	518.922489492693	16.13745232922
1	595	535.059941821913	8.8298290974143
1	601	543.889770919327	1.3516101128287
1	607	545.241381032156	6.5837514737528
1	613	551.825132505909	12.096231947884
1	619	563.921364453793	9.090606370675
1	625	573.011970824468	0.3195149068915
1	628	573.33148573136	0.87251817114918
1	630	574.204003902509	8.4940710330521
1	643	582.698074935561	3.9926278641157
1	649	586.690702799677	17.876991484555
2	110	100.590486532625	1
2	110	100.590486532625	0
2	116	102.892015774277	1
2	116	102.892015774277	0
2	122	109.876358476512	1
2	122	109.876358476512	0
2	128	111.780080916622	1
2	128	111.780080916622	0
2	134	119.97982528754	1
2	134	119.97982528754	0
2	140	127.64041547498	1
2	140	127.64041547498	0
2	143	127.994958298931	1
2	146	131.557398668185	0
2	152	135.584331214133	1
2	152	135.584331214133	0
2	158	137.257711800275	1
2	158	137.257711800275	0
2	161	137.82039629246	1
2	164	139.17287047878	0
2	170	145.692741619981	1
2	170	145.692741619981	0
2	176	146.866917166514	1
2	176	146.866917166514	0
2	182	156.843005763085	1
2	182	156.843005763085	0
2	188	162.271736609644	1
2	188	162.271736609644	0
2	191	164.959328065062	1
2	194	165.968877073518	0
2	200	178.334726141174	1
2	200	178.334726141174	0
2	203	178.852758825295	1
2	206	179.572177369514	0
2	212	180.562579192146	1
2	212	180.562579192146	0
2	218	184.404847816502	1
2	218	184.404847816502	0
2	224	187.187488878359	1
2	224	187.187488878359	0
2	227	187.859856622604	1
2	230	188.345798971234	0
2	236	195.352844380175	1
2	236	195.352844380175	0
2	239	195.383308307415	1
2	242	196.356532340479	0
2	245	200.763623872154	1
2	248	201.207584196115	0
2	254	211.370288515399	1
2	254	211.370288515399	0
2	260	215.791164677789	1
2	260	215.791164677789	0
2	266	220.11127526802	1
2	266	220.11127526802	0
2	272	230.341040340657	1
2	272	230.341040340657	0
2	278	230.611273650681	1
2	278	230.611273650681	0
2	284	243.250817114565	1
2	284	243.250817114565	0
2	290	252.047440822591	1
2	290	252.047440822591	0
2	296	268.069656003954	1
2	296	268.069656003954	0
2	302	282.018863827112	1
2	302	282.018863827112	0
2	308	288.804950087891	1
2	308	288.804950087891	0
2	314	291.400768414024	1
2	314	291.400768414024	0
2	320	299.683476079328	1
2	320	299.683476079328	0
2	326	305.019074886891	1
2	326	305.019074886891	0
2	332	307.078325339322	1
2	332	307.078325339322	0
2	338	325.679332458167	1
2	338	325.679332458167	0
2	344	329.366687523998	1
2	344	329.366687523998	0
2	350	341.661171551771	1
2	350	341.661171551771	0
2	356	351.423103615218	1
2	356	351.423103615218	0
2	362	354.593676382052	1
2	362	354.593676382052	0
2	368	365.322277285266	1
2	368	365.322277285266	0
2	374	366.433123499224	1
2	374	366.433123499224	0
2	380	377.832957480771	1
2	380	377.832957480771	0
2	386	383.530778962242	1
2	386	383.530778962242	0
2	389	384.530238202866	1
2	392	384.673548890239	0
2	398	388.512711180586	1
2	398	388.512711180586	0
2	404	395.573869439557	1
2	404	395.573869439557	0
2	410	397.659150405999	1
2	410	397.659150405999	0
2	416	403.432798656698	1
2	416	403.432798656698	0
2	419	404.649422298265	1
2	422	404.786774067889	0
2	428	413.399588835346	1
2	428	413.399588835346	0
2	434	427.360198020574	1
2	434	427.360198020574	0
2	440	431.376355405472	1
2	440	431.376355405472	0
2	446	434.292146823867	1
2	446	434.292146823867	0
2	449	436.414542845878	1
2	452	436.627632572902	0
2	455	439.663041385883	1
2	457	440.433069387777	2
2	460	440.777007893982	1
2	464	443.349465603543	0
2	470	444.50401270494	1
2	470	444.50401270494	0
2	476	448.274154677715	1
2	476	448.274154677715	0
2	482	449.130767644125	1
2	482	449.130767644125	0
2	488	451.971806473614	1
2	488	451.971806473614	0
2	494	463.35448488772	1
2	494	463.35448488772	0
2	497	464.30987004081	1
2	500	464.520962504803	0
2	506	468.431110379104	1
2	506	468.431110379104	0
2	512	476.518925966373	1
2	512	476.518925966373	0
2	518	479.883748303544	1
2	518	479.883748303544	0
2	524	486.052660408548	1
2	524	486.052660408548	0
2	530	492.444562695032	1
2	530	492.444562695032	0
2	536	496.504268593073	1
2	536	496.504268593073	0
2	542	499.343625316612	1
2	542	499.343625316612	0
2	548	506.892185697121	1
2	548	506.892185697121	0
2	551	507.631197543308	1
2	553	507.741253383472	2
2	556	507.951998075576	1
2	560	508.068363362139	0
2	566	511.377814619062	1
2	566	511.377814619062	0
2	572	513.108950839047	1
2	572	513.108950839047	0
2	575	513.149983982345	1
2	578	514.128989647483	0
2	584	518.415848486414	1
2	584	518.415848486414	0
2	590	518.922489492693	1
2	590	518.922489492693	0
2	596	535.059941821913	1
2	596	535.059941821913	0
2	602	543.889770919327	1
2	602	543.889770919327	0
2	608	545.241381032156	1
2	608	545.241381032156	0
2	614	551.825132505909	1
2	614	551.825132505909	0
2	620	563.921364453793	1
2	620	563.921364453793	0
2	626	573.011970824468	1
2	626	573.011970824468	0
2	629	573.33148573136	1
2	631	574.204003902509	2
2	634	574.346116011143	1
2	638	575.072969327675	0
2	644	582.698074935561	1
2	644	582.698074935561	0
2	650	586.690702799677	1
2	650	586.690702799677	0
3	110	100.590486532625	0
3	116	102.892015774277	0
3	122	109.876358476512	0
3	128	111.780080916622	0
3	134	119.97982528754	0
3	140	127.64041547498	0
3	146	131.557398668185	3.562440369254
3	152	135.584331214133	0
3	158	137.257711800275	0
3	164	139.17287047878	1.35247418632
3	170	145.692741619981	0
3	176	146.866917166514	0
3	182	156.843005763085	0
3	188	162.271736609644	0
3	194	165.968877073518	1.009549008456
3	200	178.334726141174	0
3	206	179.572177369514	0.719418544219
3	212	180.562579192146	0
3	218	184.404847816502	0
3	224	187.187488878359	0
3	230	188.345798971234	0.48594234863
3	236	195.352844380175	0
3	242	196.356532340479	0.973224033064
3	248	201.207584196115	0.443960323961
3	254	211.370288515399	0
3	260	215.791164677789	0
3	266	220.11127526802	0
3	272	230.341040340657	0
3	278	230.611273650681	0
3	284	243.250817114565	0
3	290	252.047440822591	0
3	296	268.069656003954	0
3	302	282.018863827112	0
3	308	288.804950087891	0
3	314	291.400768414024	0
3	320	299.683476079328	0
3	326	305.019074886891	0
3	332	307.078325339322	0
3	338	325.679332458167	0
3	344	329.366687523998	0
3	350	341.661171551771	0
3	356	351.423103615218	0
3	362	354.593676382052	0
3	368	365.322277285266	0
3	374	366.433123499224	0
3	380	377.832957480771	0
3	386	383.530778962242	0
3	392	384.673548890239	0.143310687373
3	398	388.512711180586	0
3	404	395.573869439557	0
3	410	397.659150405999	0
3	416	403.432798656698	0
3	422	404.786774067889	0.137351769624
3	428	413.399588835346	0
3	434	427.360198020574	0
3	440	431.376355405472	0
3	446	434.292146823867	0
3	452	436.627632572902	0.213089727024
3	460	440.777007893982	1.113966508099
3	464	443.349465603543	2.916396215766
3	470	444.50401270494	0
3	476	448.274154677715	0
3	482	449.130767644125	0
3	488	451.971806473614	0
3	494	463.35448488772	0
3	500	464.520962504803	0.211092463993
3	506	468.431110379104	0
3	512	476.518925966373	0
3	518	479.883748303544	0
3	524	486.052660408548	0
3	530	492.444562695032	0
3	536	496.504268593073	0
3	542	499.343625316612	0
3	548	506.892185697121	0
3	556	507.951998075576	0.320800532268
3	560	508.068363362139	0.327109978667
3	566	511.377814619062	0
3	572	513.108950839047	0
3	578	514.128989647483	0.979005665138
3	584	518.415848486414	0
3	590	518.922489492693	0
3	596	535.059941821913	0
3	602	543.889770919327	0
3	608	545.241381032156	0
3	614	551.825132505909	0
3	620	563.921364453793	0
3	626	573.011970824468	0
3	634	574.346116011143	1.014630279783
3	638	575.072969327675	0.868965425166
3	644	582.698074935561	0
3	650	586.690702799677	0
4	655	600	0.032191865519724
5	110	100.590486532625	1
5	110	100.590486532625	1
5	114	100.706541740461	0
5	116	102.892015774277	1
5	116	102.892015774277	1
5	120	103.577231964952	0
5	122	109.876358476512	1
5	122	109.876358476512	1
5	126	110.09226364093	0
5	128	111.780080916622	1
5	128	111.780080916622	1
5	132	112.103912462516	0
5	134	119.97982528754	1
5	134	119.97982528754	1
5	138	120.464043798554	0
5	140	127.64041547498	1
5	140	127.64041547498	1
5	143	127.994958298931	2
5	146	131.557398668185	1
5	146	131.557398668185	1
5	150	131.903758065431	0
5	152	135.584331214133	1
5	152	135.584331214133	1
5	156	136.019297733868	0
5	158	137.257711800275	1
5	158	137.257711800275	1
5	161	137.82039629246	2
5	164	139.17287047878	1
5	164	139.17287047878	1
5	168	139.88535546089	0
5	170	145.692741619981	1
5	170	145.692741619981	1
5	174	146.483696140071	0
5	176	146.866917166514	1
5	176	146.866917166514	1
5	180	146.970555266152	0
5	182	156.843005763085	1
5	182	156.843005763085	1
5	186	157.918405125247	0
5	188	162.271736609644	1
5	188	162.271736609644	1
5	191	164.959328065062	2
5	194	165.968877073518	1
5	194	165.968877073518	1
5	198	166.291840243712	0
5	200	178.334726141174	1
5	200	178.334726141174	1
5	203	178.852758825295	2
5	206	179.572177369514	1
5	206	179.572177369514	1
5	210	180.273577580305	0
5	212	180.562579192146	1
5	212	180.562579192146	1
5	216	181.570348126642	0
5	218	184.404847816502	1
5	218	184.404847816502	1
5	222	184.412998600063	0
5	224	187.187488878359	1
5	224	187.187488878359	1
5	227	187.859856622604	2
5	230	188.345798971234	1
5	230	188.345798971234	1
5	234	188.513241291895	0
5	236	195.352844380175	1
5	236	195.352844380175	1
5	239	195.383308307415	2
5	242	196.356532340479	1
5	242	196.356532340479	1
5	245	200.763623872154	2
5	248	201.207584196115	1
5	248	201.207584196115	1
5	252	201.242050837935	0
5	254	211.370288515399	1
5	254	211.370288515399	1
5	258	213.969441083294	0
5	260	215.791164677789	1
5	260	215.791164677789	1
5	264	216.008653784775	0
5	266	220.11127526802	1
5	266	220.11127526802	1
5	270	220.136872261626	0
5	272	230.341040340657	1
5	272	230.341040340657	1
5	276	230.342563961498	0
5	278	230.611273650681	1
5	278	230.611273650681	1
5	282	230.755605045549	0
5	284	243.250817114565	1
5	284	243.250817114565	1
5	288	244.91640878705	0
5	290	252.047440822591	1
5	290	252.047440822591	1
5	294	252.812445073215	0
5	296	268.069656003954	1
5	296	268.069656003954	1
5	300	269.502653318685	0
5	302	282.018863827112	1
5	302	282.018863827112	1
5	306	282.667407342499	0
5	308	288.804950087891	1
5	308	288.804950087891	1
5	312	290.329856635374	0
5	314	291.400768414024	1
5	314	291.400768414024	1
5	318	291.808950012346	0
5	320	299.683476079328	1
5	320	299.683476079328	1
5	324	300.393009628359	0
5	326	305.019074886891	1
5	326	305.019074886891	1
5	330	305.119782572867	0
5	332	307.078325339322	1
5	332	307.078325339322	1
5	336	307.642516287379	0
5	338	325.679332458167	1
5	338	325.679332458167	1
5	342	326.436605704302	0
5	344	329.366687523998	1
5	344	329.366687523998	1
5	348	329.819101672245	0
5	350	341.661171551771	1
5	350	341.661171551771	1
5	354	342.06994166999	0
5	356	351.423103615218	1
5	356	351.423103615218	1
5	360	352.407086966	0
5	362	354.593676382052	1
5	362	354.593676382052	1
5	366	358.662389862374	0
5	368	365.322277285266	1
5	368	365.322277285266	1
5	372	365.784572304693	0
5	374	366.433123499224	1
5	374	366.433123499224	1
5	378	366.714785427229	0
5	380	377.832957480771	1
5	380	377.832957480771	1
5	384	379.672712979058	0
5	386	383.530778962242	1
5	386	383.530778962242	1
5	389	384.530238202866	2
5	392	384.673548890239	1
5	392	384.673548890239	1
5	396	385.221345889314	0
5	398	388.512711180586	1
5	398	388.512711180586	1
5	402	389.293463824394	0
5	404	395.573869439557	1
5	404	395.573869439557	1
5	408	396.387961811706	0
5	410	397.659150405999	1
5	410	397.659150405999	1
5	414	398.540330904557	0
5	416	403.432798656698	1
5	416	403.432798656698	1
5	419	404.649422298265	2
5	422	404.786774067889	1
5	422	404.786774067889	1
5	426	404.848898988506	0
5	428	413.399588835346	1
5	428	413.399588835346	1
5	432	414.004462425682	0
5	434	427.360198020574	1
5	434	427.360198020574	1
5	438	427.821057740646	0
5	440	431.376355405472	1
5	440	431.376355405472	1
5	444	432.160694211108	0
5	446	434.292146823867	1
5	446	434.292146823867	1
5	449	436.414542845878	2
5	452	436.627632572902	1
5	452	436.627632572902	1
5	455	439.663041385883	2
5	457	440.433069387777	3
5	460	440.777007893982	2
5	460	440.777007893982	2
5	464	443.349465603543	1
5	464	443.349465603543	1
5	468	444.26680187078	0
5	470	444.50401270494	1
5	470	444.50401270494	1
5	474	444.792160744355	0
5	476	448.274154677715	1
5	476	448.274154677715	1
5	480	449.093060601304	0
5	482	449.130767644125	1
5	482	449.130767644125	1
5	486	450.809310640318	0
5	488	451.971806473614	1
5	488	451.971806473614	1
5	492	452.310604976501	0
5	494	463.35448488772	1
5	494	463.35448488772	1
5	497	464.30987004081	2
5	500	464.520962504803	1
5	500	464.520962504803	1
5	504	466.201168053789	0
5	506	468.431110379104	1
5	506	468.431110379104	1
5	510	468.460994820239	0
5	512	476.518925966373	1
5	512	476.518925966373	1
5	516	477.269637123923	0
5	518	479.883748303544	1
5	518	479.883748303544	1
5	522	480.850025864342	0
5	524	486.052660408548	1
5	524	486.052660408548	1
5	528	486.402390841877	0
5	530	492.444562695032	1
5	530	492.444562695032	1
5	534	492.458550668744	0
5	536	496.504268593073	1
5	536	496.504268593073	1
5	540	497.128111411901	0
5	542	499.343625316612	1
5	542	499.343625316612	1
5	546	500.83932040332	0
5	548	506.892185697121	1
5	548	506.892185697121	1
5	551	507.631197543308	2
5	553	507.741253383472	3
5	556	507.951998075576	2
5	556	507.951998075576	2
5	560	508.068363362139	1
5	560	508.068363362139	1
5	564	510.376209934315	0
5	566	511.377814619062	1
5	566	511.377814619062	1
5	570	511.4572820775	0
5	572	513.108950839047	1
5	572	513.108950839047	1
5	575	513.149983982345	2
5	578	514.128989647483	1
5	578	514.128989647483	1
5	582	514.511977847935	0
5	584	518.415848486414	1
5	584	518.415848486414	1
5	588	518.436008130037	0
5	590	518.922489492693	1
5	590	518.922489492693	1
5	594	519.81051851782	0
5	596	535.059941821913	1
5	596	535.059941821913	1
5	600	536.225420155632	0
5	602	543.889770919327	1
5	602	543.889770919327	1
5	606	543.952058764097	0
5	608	545.241381032156	1
5	608	545.241381032156	1
5	612	545.253761607255	0
5	614	551.825132505909	1
5	614	551.825132505909	1
5	618	552.881560696501	0
5	620	563.921364453793	1
5	620	563.921364453793	1
5	624	565.00312979056	0
5	626	573.011970824468	1
5	626	573.011970824468	1
5	629	573.33148573136	2
5	631	574.204003902509	3
5	634	574.346116011143	2
5	634	574.346116011143	2
5	638	575.072969327675	1
5	638	575.072969327675	1
5	642	575.367435668529	0
5	644	582.698074935561	1
5	644	582.698074935561	1
5	648	583.062191973942	0
5	650	586.690702799677	1
5	650	586.690702799677	1
5	654	587.560894578012	0
6	111	100.590486532625	0.11605520783593
6	117	102.892015774277	0.68521619067542
6	123	109.876358476512	0.21590516441769
6	129	111.780080916622	0.32383154589365
6	135	119.97982528754	0.48421851101357
6	141	127.64041547498	3.9169831932051
6	147	131.557398668185	0.34635939724568
6	153	135.584331214133	0.43496651973536
6	159	137.257711800275	1.9151586785049
6	165	139.17287047878	0.71248498211036
6	171	145.692741619981	0.79095452008959
6	177	146.866917166514	0.10363809963792
6	183	156.843005763085	1.0753993621619
6	189	162.271736609644	3.6971404638742
6	195	165.968877073518	0.32296317019351
6	201	178.334726141174	1.2374512283405
6	207	179.572177369514	0.70140021079079
6	213	180.562579192146	1.0077689344962
6	219	184.404847816502	0.0081507835606527
6	225	187.187488878359	1.1583100928747
6	231	188.345798971234	0.16744232066128
6	237	195.352844380175	1.0036879603037
6	243	196.356532340479	4.851051855636
6	249	201.207584196115	0.034466641819978
6	255	211.370288515399	2.5991525678953
6	261	215.791164677789	0.21748910698618
6	267	220.11127526802	0.025596993605542
6	273	230.341040340657	0.0015236208405337
6	279	230.611273650681	0.14433139486778
6	285	243.250817114565	1.665591672485
6	291	252.047440822591	0.76500425062408
6	297	268.069656003954	1.4329973147312
6	303	282.018863827112	0.64854351538742
6	309	288.804950087891	1.5249065474831
6	315	291.400768414024	0.40818159832179
6	321	299.683476079328	0.70953354903051
6	327	305.019074886891	0.10070768597623
6	333	307.078325339322	0.56419094805708
6	339	325.679332458167	0.75727324613453
6	345	329.366687523998	0.45241414824701
6	351	341.661171551771	0.40877011821933
6	357	351.423103615218	0.98398335078199
6	363	354.593676382052	4.0687134803221
6	369	365.322277285266	0.46229501942714
6	375	366.433123499224	0.28166192800517
6	381	377.832957480771	1.8397554982867
6	387	383.530778962242	1.1427699279967
6	393	384.673548890239	0.5477969990753
6	399	388.512711180586	0.78075264380831
6	405	395.573869439557	0.81409237214937
6	411	397.659150405999	0.88118049855753
6	417	403.432798656698	1.3539754111911
6	423	404.786774067889	0.062124920617419
6	429	413.399588835346	0.60487359033632
6	435	427.360198020574	0.46085972007242
6	441	431.376355405472	0.78433880563626
6	447	434.292146823867	2.3354857490347
6	453	436.627632572902	4.1493753210799
6	461	440.777007893982	2.5724577095607
6	465	443.349465603543	0.91733626723726
6	471	444.50401270494	0.28814803941478
6	477	448.274154677715	0.81890592358949
6	483	449.130767644125	1.6785429961932
6	489	451.971806473614	0.338798502887
6	495	463.35448488772	1.1664776170828
6	501	464.520962504803	1.6802055489857
6	507	468.431110379104	0.029884441134588
6	513	476.518925966373	0.75071115755034
6	519	479.883748303544	0.96627756079796
6	525	486.052660408548	0.34973043332919
6	531	492.444562695032	0.013987973711539
6	537	496.504268593073	0.62384281882777
6	543	499.343625316612	1.4956950867076
6	549	506.892185697121	1.0598123784551
6	557	507.951998075576	0.1163652865629
6	561	508.068363362139	2.3078465721757
6	567	511.377814619062	0.079467458438168
6	573	513.108950839047	1.0200388084364
6	579	514.128989647483	0.38298820045232
6	585	518.415848486414	0.020159643622831
6	591	518.922489492693	0.88802902512727
6	597	535.059941821913	1.1654783337188
6	603	543.889770919327	0.062287844769556
6	609	545.241381032156	0.012380575099026
6	615	551.825132505909	1.0564281905916
6	621	563.921364453793	1.0817653367673
6	627	573.011970824468	1.3341451866755
6	635	574.346116011143	0.72685331653181
6	639	575.072969327675	0.29446634085359
6	645	582.698074935561	0.36411703838106
6	651	586.690702799677	0.87019177833505
7	112	100.706541740461	15.793608944906
7	118	103.577231964952	16.017432847323
7	124	110.09226364093	15.26566734456
7	130	112.103912462516	15.280599855194
7	136	120.464043798554	14.622096553461
7	144	131.557398668185	16.366507857106
7	148	131.903758065431	16.586116808004
7	154	136.019297733868	16.404053158891
7	162	139.17287047878	17.408447854651
7	166	139.88535546089	17.829115481786
7	172	146.483696140071	17.565965882452
7	178	146.970555266152	17.578292563549
7	184	157.918405125247	17.040644203427
7	192	165.968877073518	18.441682894218
7	196	166.291840243712	18.600081121152
7	204	179.572177369514	17.913614950123
7	208	180.273577580305	18.23299291194
7	214	181.570348126642	18.657802833085
7	220	184.412998600063	18.37462033458
7	228	188.345798971234	18.605935797168
7	232	188.513241291895	18.678232103277
7	240	196.356532340479	18.443302233215
7	246	201.207584196115	20.409608680468
7	250	201.242050837935	20.423240093478
7	256	213.969441083294	20.423149940629
7	262	216.008653784775	20.331032167956
7	268	220.136872261626	19.961392850142
7	274	230.342563961498	19.077633219514
7	280	230.755605045549	19.106032500127
7	286	244.91640878705	18.681407585122
7	292	252.812445073215	18.400532776582
7	298	269.502653318685	17.79271318602
7	304	282.667407342499	17.193484776335
7	310	290.329856635374	17.264942978128
7	316	291.808950012346	17.317311820889
7	322	300.393009628359	17.058652399178
7	328	305.119782572867	16.82739368682
7	334	307.642516287379	16.872797233746
7	340	326.436605704302	16.13335339965
7	346	329.819101672245	16.105066414598
7	352	342.06994166999	15.647781044206
7	358	352.407086966	15.46800301624
7	364	358.662389862374	16.332644285381
7	370	365.784572304693	16.141016273347
7	376	366.714785427229	16.176879587767
7	382	379.672712979058	16.109339090366
7	390	384.673548890239	16.196989596798
7	394	385.221345889314	16.316160141478
7	400	389.293463824394	16.346044886839
7	406	396.387961811706	16.258863265134
7	412	398.540330904557	16.392157115115
7	420	404.786774067889	16.473693532532
7	424	404.848898988506	16.486510821085
7	430	414.004462425682	16.268020575553
7	436	427.821057740646	15.850363048819
7	442	432.160694211108	15.872690546752
7	450	436.627632572902	16.245196161289
7	458	440.777007893982	17.033644991074
7	462	443.349465603543	17.515042750935
7	466	444.26680187078	17.68536032242
7	472	444.792160744355	17.729254178218
7	478	449.093060601304	17.741810251991
7	484	450.809310640318	18.046606346125
7	490	452.310604976501	18.061610598334
7	498	464.520962504803	17.837958772861
7	502	466.201168053789	18.134073684289
7	508	468.460994820239	18.052975318784
7	514	477.269637123923	17.877076665663
7	520	480.850025864342	17.944916678806
7	526	486.402390841877	17.811973903901
7	532	492.458550668744	17.59576613722
7	538	497.128111411901	17.555977164391
7	544	500.83932040332	17.724525449093
7	554	507.951998075576	17.684979195424
7	558	508.068363362139	17.703832191743
7	562	510.376209934315	18.075963425689
7	568	511.4572820775	18.053293546731
7	576	514.128989647483	18.157879673743
7	580	514.511977847935	18.218800639113
7	586	518.436008130037	18.084791504023
7	592	519.81051851782	18.207807807948
7	598	536.225420155632	17.867780024888
7	604	543.952058764097	17.625425772548
7	610	545.253761607255	17.585618602275
7	616	552.881560696501	17.53407637601
7	622	565.00312979056	17.349362382206
7	632	574.346116011143	17.299426752442
7	636	575.072969327675	17.403954680462
7	640	575.367435668529	17.446226372822
7	646	583.062191973942	17.278435084179
7	652	587.560894578012	17.294243891423
8	113	100.706541740461	19
8	119	103.577231964952	20
8	125	110.09226364093	21
8	131	112.103912462516	22
8	137	120.464043798554	23
8	145	131.557398668185	24
8	149	131.903758065431	25
8	155	136.019297733868	26
8	163	139.17287047878	27
8	167	139.88535546089	28
8	173	146.483696140071	29
8	179	146.970555266152	30
8	185	157.918405125247	31
8	193	165.968877073518	32
8	197	166.291840243712	33
8	205	179.572177369514	34
8	209	180.273577580305	35
8	215	181.570348126642	36
8	221	184.412998600063	37
8	229	188.345798971234	38
8	233	188.513241291895	39
8	241	196.356532340479	40
8	247	201.207584196115	41
8	251	201.242050837935	42
8	257	213.969441083294	43
8	263	216.008653784775	44
8	269	220.136872261626	45
8	275	230.342563961498	46
8	281	230.755605045549	47
8	287	244.91640878705	48
8	293	252.812445073215	49
8	299	269.502653318685	50
8	305	282.667407342499	51
8	311	290.329856635374	52
8	317	291.808950012346	53
8	323	300.393009628359	54
8	329	305.119782572867	55
8	335	307.642516287379	56
8	341	326.436605704302	57
8	347	329.819101672245	58
8	353	342.06994166999	59
8	359	352.407086966	60
8	365	358.662389862374	61
8	371	365.784572304693	62
8	377	366.714785427229	63
8	383	379.672712979058	64
8	391	384.673548890239	65
8	395	385.221345889314	66
8	401	389.293463824394	67
8	407	396.387961811706	68
8	413	398.540330904557	69
8	421	404.786774067889	70
8	425	404.848898988506	71
8	431	414.004462425682	72
8	437	427.821057740646	73
8	443	432.160694211108	74
8	451	436.627632572902	75
8	459	440.777007893982	76
8	463	443.349465603543	77
8	467	444.26680187078	78
8	473	444.792160744355	79
8	479	449.093060601304	80
8	485	450.809310640318	81
8	491	452.310604976501	82
8	499	464.520962504803	83
8	503	466.201168053789	84
8	509	468.460994820239	85
8	515	477.269637123923	86
8	521	480.850025864342	87
8	527	486.402390841877	88
8	533	492.458550668744	89
8	539	497.128111411901	90
8	545	500.83932040332	91
8	555	507.951998075576	92
8	559	508.068363362139	93
8	563	510.376209934315	94
8	569	511.4572820775	95
8	577	514.128989647483	96
8	581	514.511977847935	97
8	587	518.436008130037	98
8	593	519.81051851782	99
8	599	536.225420155632	100
8	605	543.952058764097	101
8	611	545.253761607255	102
8	617	552.881560696501	103
8	623	565.00312979056	104
8	633	574.346116011143	105
8	637	575.072969327675	106
8	641	575.367435668529	107
8	647	583.062191973942	108
8	653	587.560894578012	109
9	113	100.706541740461	0.116055207836
9	119	103.577231964952	0.685216190675
9	125	110.09226364093	0.215905164418
9	131	112.103912462516	0.323831545894
9	137	120.464043798554	0.484218511014
9	145	131.557398668185	3.916983193205
9	149	131.903758065431	3.9087997665
9	155	136.019297733868	0.434966519735
9	163	139.17287047878	1.915158678505
9	167	139.88535546089	2.06495916843
9	173	146.483696140071	0.79095452009
9	179	146.970555266152	0.103638099638
9	185	157.918405125247	1.075399362162
9	193	165.968877073518	3.697140463874
9	197	166.291840243712	1.33251217865
9	205	179.572177369514	1.23745122834
9	209	180.273577580305	1.42081875501
9	215	181.570348126642	1.007768934496
9	221	184.412998600063	0.008150783561
9	229	188.345798971234	1.158310092875
9	233	188.513241291895	0.653384669291
9	241	196.356532340479	1.003687960304
9	247	201.207584196115	5.8242758887
9	251	201.242050837935	0.478426965781
9	257	213.969441083294	2.599152567895
9	263	216.008653784775	0.217489106986
9	269	220.136872261626	0.025596993606
9	275	230.342563961498	0.001523620841
9	281	230.755605045549	0.144331394868
9	287	244.91640878705	1.665591672485
9	293	252.812445073215	0.765004250624
9	299	269.502653318685	1.432997314731
9	305	282.667407342499	0.648543515387
9	311	290.329856635374	1.524906547483
9	317	291.808950012346	0.408181598322
9	323	300.393009628359	0.709533549031
9	329	305.119782572867	0.100707685976
9	335	307.642516287379	0.564190948057
9	341	326.436605704302	0.757273246135
9	347	329.819101672245	0.452414148247
9	353	342.06994166999	0.408770118219
9	359	352.407086966	0.983983350782
9	365	358.662389862374	4.068713480322
9	371	365.784572304693	0.462295019427
9	377	366.714785427229	0.281661928005
9	383	379.672712979058	1.839755498287
9	391	384.673548890239	1.142769927997
9	395	385.221345889314	0.691107686448
9	401	389.293463824394	0.780752643808
9	407	396.387961811706	0.814092372149
9	413	398.540330904557	0.881180498558
9	421	404.786774067889	1.353975411191
9	425	404.848898988506	0.199476690241
9	431	414.004462425682	0.604873590336
9	437	427.821057740646	0.460859720072
9	443	432.160694211108	0.784338805636
9	451	436.627632572902	2.335485749035
9	459	440.777007893982	4.362465048104
9	463	443.349465603543	3.68642421766
9	467	444.26680187078	3.833732483003
9	473	444.792160744355	0.288148039415
9	479	449.093060601304	0.818905923589
9	485	450.809310640318	1.678542996193
9	491	452.310604976501	0.338798502887
9	499	464.520962504803	1.166477617083
9	503	466.201168053789	1.891298012979
9	509	468.460994820239	0.029884441135
9	515	477.269637123923	0.75071115755
9	521	480.850025864342	0.966277560798
9	527	486.402390841877	0.349730433329
9	533	492.458550668744	0.013987973712
9	539	497.128111411901	0.623842818828
9	545	500.83932040332	1.495695086708
9	555	507.951998075576	1.059812378455
9	559	508.068363362139	0.437165818831
9	563	510.376209934315	2.634956550843
9	569	511.4572820775	0.079467458438
9	577	514.128989647483	1.020038808436
9	581	514.511977847935	1.36199386559
9	587	518.436008130037	0.020159643623
9	593	519.81051851782	0.888029025127
9	599	536.225420155632	1.165478333719
9	605	543.952058764097	0.06228784477
9	611	545.253761607255	0.012380575099
9	617	552.881560696501	1.056428190592
9	623	565.00312979056	1.081765336767
9	633	574.346116011143	1.334145186675
9	637	575.072969327675	1.741483596315
9	641	575.367435668529	1.16343176602
9	647	583.062191973942	0.364117038381
9	653	587.560894578012	0.870191778335

