version 3
run ParameterStudy-346-20251202-16:20:06-1436
attr configname ParameterStudy
attr datetime 20251202-16:20:06
attr datetimef 20251202-162006
attr experiment ParameterStudy
attr inifile omnetpp.ini
attr iterationvars $betaProducer=7.9s
attr iterationvarsd betaProducer=7.9s
attr iterationvarsf betaProducer=7.9s-
attr measurement $betaProducer=7.9s
attr network queue_sim
attr processid 1436
attr repetition 1
attr replication #1
attr resultdir results
attr runnumber 346
attr seedset 346
itervar betaProducer 7.9s
config description "Parameter study: β_producer = 1s to 10s (0.1s steps), β_service = 1s, 5 repetitions"
config *.serviceUnit.meanServiceTime 1s
config *.producer.warmupPeriod 100s
config *.queue.warmupPeriod 100s
config *.serviceUnit.warmupPeriod 100s
config *.sink.warmupPeriod 100s
config *.producer.meanInterArrivalTime 7.9s
config network queue_sim
config sim-time-limit 600s
config warmup-period 100s
config repeat 5
config **.vector-recording true
config **.scalar-recording true
config debug-on-errors true

vector 0 queue_sim.producer jobGenerated:vector ETV
attr recordingmode vector
attr title "Jobs Generated"
vector 1 queue_sim.producer interArrivalTime:vector ETV
attr recordingmode vector
attr title "Inter-arrival Time"
attr unit s
vector 2 queue_sim.queue queueLength:vector ETV
attr recordingmode vector
attr title "Queue Length"
vector 3 queue_sim.queue queueingDelay:vector ETV
attr recordingmode vector
attr title "Queueing Delay"
attr unit s
vector 4 queue_sim.queue queueUtilization:vector ETV
attr recordingmode vector
attr title "Queue Utilization"
vector 5 queue_sim.queue systemSize:vector ETV
attr recordingmode vector
attr title "System Size"
vector 6 queue_sim.serviceUnit serviceTime:vector ETV
attr recordingmode vector
attr title "Service Time"
attr unit s
vector 7 queue_sim.serviceUnit utilization:vector ETV
attr recordingmode vector
attr title "Server Utilization"
vector 8 queue_sim.sink jobCompleted:vector ETV
attr recordingmode vector
attr title "Jobs Completed"
vector 9 queue_sim.sink totalDelay:vector ETV
attr recordingmode vector
attr title "Total System Delay"
attr unit s
0	91	106.276400707536	16
0	97	107.522349335492	17
0	103	113.952343118053	18
0	109	122.103129545936	19
0	115	123.86768975484	20
0	121	129.136764704979	21
0	127	144.984713263304	22
0	133	150.298223648363	23
0	139	155.111653100807	24
0	145	163.51771707246	25
0	151	179.883870655875	26
0	154	180.838259927332	27
0	160	183.458852395614	28
0	169	187.355644758086	29
0	175	190.912714235178	30
0	181	209.36952145342	31
0	187	223.121209229303	32
0	193	225.731012386409	33
0	199	227.451393944452	34
0	205	231.670836533682	35
0	211	242.642007856622	36
0	217	257.880990390403	37
0	223	271.708581804747	38
0	229	273.098704530014	39
0	235	285.913757101365	40
0	241	287.635305923678	41
0	247	289.622557103116	42
0	253	299.527823662816	43
0	259	300.264311660524	44
0	265	304.105127934145	45
0	271	305.842613378605	46
0	277	312.232742966895	47
0	283	324.501539615373	48
0	289	331.940020754426	49
0	295	340.566685583561	50
0	301	362.974937216348	51
0	307	369.799921233032	52
0	313	371.213444420709	53
0	319	382.241168030378	54
0	325	396.550413093831	55
0	331	411.906207400468	56
0	337	413.334324730912	57
0	343	415.38097814458	58
0	349	443.299240136899	59
0	355	451.930843327058	60
0	361	455.818001242076	61
0	364	456.001293221164	62
0	370	459.705392899486	63
0	379	481.305323237027	64
0	385	483.149817388683	65
0	391	493.142231214951	66
0	397	517.758255788391	67
0	403	524.652916074372	68
0	409	530.04784652984	69
0	415	535.035704012854	70
0	421	537.446787809717	71
0	427	545.90169909367	72
0	433	561.839787649473	73
0	439	567.305867075261	74
0	445	568.618871680344	75
0	451	579.020758554844	76
0	457	583.077957252493	77
0	463	586.039473003693	78
1	91	106.276400707536	1.2459486279561
1	97	107.522349335492	6.4299937825612
1	103	113.952343118053	8.1507864278833
1	109	122.103129545936	1.7645602089037
1	115	123.86768975484	5.2690749501395
1	121	129.136764704979	15.847948558325
1	127	144.984713263304	5.3135103850593
1	133	150.298223648363	4.8134294524439
1	139	155.111653100807	8.4060639716527
1	145	163.51771707246	16.366153583415
1	151	179.883870655875	0.95438927145674
1	154	180.838259927332	2.6205924682818
1	160	183.458852395614	3.8967923624718
1	169	187.355644758086	3.557069477092
1	175	190.912714235178	18.456807218242
1	181	209.36952145342	13.751687775883
1	187	223.121209229303	2.6098031571062
1	193	225.731012386409	1.720381558043
1	199	227.451393944452	4.2194425892299
1	205	231.670836533682	10.97117132294
1	211	242.642007856622	15.238982533781
1	217	257.880990390403	13.827591414344
1	223	271.708581804747	1.3901227252674
1	229	273.098704530014	12.815052571351
1	235	285.913757101365	1.7215488223128
1	241	287.635305923678	1.9872511794381
1	247	289.622557103116	9.9052665597003
1	253	299.527823662816	0.73648799770792
1	259	300.264311660524	3.8408162736213
1	265	304.105127934145	1.7374854444601
1	271	305.842613378605	6.3901295882901
1	277	312.232742966895	12.268796648478
1	283	324.501539615373	7.4384811390525
1	289	331.940020754426	8.6266648291348
1	295	340.566685583561	22.408251632787
1	301	362.974937216348	6.8249840166839
1	307	369.799921233032	1.4135231876774
1	313	371.213444420709	11.027723609669
1	319	382.241168030378	14.309245063453
1	325	396.550413093831	15.355794306637
1	331	411.906207400468	1.4281173304436
1	337	413.334324730912	2.0466534136683
1	343	415.38097814458	27.918261992319
1	349	443.299240136899	8.6316031901593
1	355	451.930843327058	3.8871579150175
1	361	455.818001242076	0.18329197908794
1	364	456.001293221164	3.7040996783216
1	370	459.705392899486	21.599930337541
1	379	481.305323237027	1.8444941516561
1	385	483.149817388683	9.9924138262677
1	391	493.142231214951	24.61602457344
1	397	517.758255788391	6.8946602859806
1	403	524.652916074372	5.3949304554675
1	409	530.04784652984	4.9878574830141
1	415	535.035704012854	2.411083796863
1	421	537.446787809717	8.454911283953
1	427	545.90169909367	15.938088555803
1	433	561.839787649473	5.466079425788
1	439	567.305867075261	1.3130046050828
1	445	568.618871680344	10.4018868745
1	451	579.020758554844	4.0571986976487
1	457	583.077957252493	2.9615157512002
1	463	586.039473003693	14.029802727985
2	92	106.276400707536	1
2	92	106.276400707536	0
2	98	107.522349335492	1
2	98	107.522349335492	0
2	104	113.952343118053	1
2	104	113.952343118053	0
2	110	122.103129545936	1
2	110	122.103129545936	0
2	116	123.86768975484	1
2	116	123.86768975484	0
2	122	129.136764704979	1
2	122	129.136764704979	0
2	128	144.984713263304	1
2	128	144.984713263304	0
2	134	150.298223648363	1
2	134	150.298223648363	0
2	140	155.111653100807	1
2	140	155.111653100807	0
2	146	163.51771707246	1
2	146	163.51771707246	0
2	152	179.883870655875	1
2	152	179.883870655875	0
2	155	180.838259927332	1
2	158	183.233020796085	0
2	161	183.458852395614	1
2	164	183.835042440319	0
2	170	187.355644758086	1
2	170	187.355644758086	0
2	176	190.912714235178	1
2	176	190.912714235178	0
2	182	209.36952145342	1
2	182	209.36952145342	0
2	188	223.121209229303	1
2	188	223.121209229303	0
2	194	225.731012386409	1
2	194	225.731012386409	0
2	200	227.451393944452	1
2	200	227.451393944452	0
2	206	231.670836533682	1
2	206	231.670836533682	0
2	212	242.642007856622	1
2	212	242.642007856622	0
2	218	257.880990390403	1
2	218	257.880990390403	0
2	224	271.708581804747	1
2	224	271.708581804747	0
2	230	273.098704530014	1
2	230	273.098704530014	0
2	236	285.913757101365	1
2	236	285.913757101365	0
2	242	287.635305923678	1
2	242	287.635305923678	0
2	248	289.622557103116	1
2	248	289.622557103116	0
2	254	299.527823662816	1
2	254	299.527823662816	0
2	260	300.264311660524	1
2	260	300.264311660524	0
2	266	304.105127934145	1
2	266	304.105127934145	0
2	272	305.842613378605	1
2	272	305.842613378605	0
2	278	312.232742966895	1
2	278	312.232742966895	0
2	284	324.501539615373	1
2	284	324.501539615373	0
2	290	331.940020754426	1
2	290	331.940020754426	0
2	296	340.566685583561	1
2	296	340.566685583561	0
2	302	362.974937216348	1
2	302	362.974937216348	0
2	308	369.799921233032	1
2	308	369.799921233032	0
2	314	371.213444420709	1
2	314	371.213444420709	0
2	320	382.241168030378	1
2	320	382.241168030378	0
2	326	396.550413093831	1
2	326	396.550413093831	0
2	332	411.906207400468	1
2	332	411.906207400468	0
2	338	413.334324730912	1
2	338	413.334324730912	0
2	344	415.38097814458	1
2	344	415.38097814458	0
2	350	443.299240136899	1
2	350	443.299240136899	0
2	356	451.930843327058	1
2	356	451.930843327058	0
2	362	455.818001242076	1
2	362	455.818001242076	0
2	365	456.001293221164	1
2	368	457.415230769003	0
2	371	459.705392899486	1
2	374	459.922733056657	0
2	380	481.305323237027	1
2	380	481.305323237027	0
2	386	483.149817388683	1
2	386	483.149817388683	0
2	392	493.142231214951	1
2	392	493.142231214951	0
2	398	517.758255788391	1
2	398	517.758255788391	0
2	404	524.652916074372	1
2	404	524.652916074372	0
2	410	530.04784652984	1
2	410	530.04784652984	0
2	416	535.035704012854	1
2	416	535.035704012854	0
2	422	537.446787809717	1
2	422	537.446787809717	0
2	428	545.90169909367	1
2	428	545.90169909367	0
2	434	561.839787649473	1
2	434	561.839787649473	0
2	440	567.305867075261	1
2	440	567.305867075261	0
2	446	568.618871680344	1
2	446	568.618871680344	0
2	452	579.020758554844	1
2	452	579.020758554844	0
2	458	583.077957252493	1
2	458	583.077957252493	0
2	464	586.039473003693	1
2	464	586.039473003693	0
3	92	106.276400707536	0
3	98	107.522349335492	0
3	104	113.952343118053	0
3	110	122.103129545936	0
3	116	123.86768975484	0
3	122	129.136764704979	0
3	128	144.984713263304	0
3	134	150.298223648363	0
3	140	155.111653100807	0
3	146	163.51771707246	0
3	152	179.883870655875	0
3	158	183.233020796085	2.394760868753
3	164	183.835042440319	0.376190044705
3	170	187.355644758086	0
3	176	190.912714235178	0
3	182	209.36952145342	0
3	188	223.121209229303	0
3	194	225.731012386409	0
3	200	227.451393944452	0
3	206	231.670836533682	0
3	212	242.642007856622	0
3	218	257.880990390403	0
3	224	271.708581804747	0
3	230	273.098704530014	0
3	236	285.913757101365	0
3	242	287.635305923678	0
3	248	289.622557103116	0
3	254	299.527823662816	0
3	260	300.264311660524	0
3	266	304.105127934145	0
3	272	305.842613378605	0
3	278	312.232742966895	0
3	284	324.501539615373	0
3	290	331.940020754426	0
3	296	340.566685583561	0
3	302	362.974937216348	0
3	308	369.799921233032	0
3	314	371.213444420709	0
3	320	382.241168030378	0
3	326	396.550413093831	0
3	332	411.906207400468	0
3	338	413.334324730912	0
3	344	415.38097814458	0
3	350	443.299240136899	0
3	356	451.930843327058	0
3	362	455.818001242076	0
3	368	457.415230769003	1.413937547839
3	374	459.922733056657	0.217340157171
3	380	481.305323237027	0
3	386	483.149817388683	0
3	392	493.142231214951	0
3	398	517.758255788391	0
3	404	524.652916074372	0
3	410	530.04784652984	0
3	416	535.035704012854	0
3	422	537.446787809717	0
3	428	545.90169909367	0
3	434	561.839787649473	0
3	440	567.305867075261	0
3	446	568.618871680344	0
3	452	579.020758554844	0
3	458	583.077957252493	0
3	464	586.039473003693	0
4	469	600	0.008804457236936
5	92	106.276400707536	1
5	92	106.276400707536	1
5	96	106.881602877412	0
5	98	107.522349335492	1
5	98	107.522349335492	1
5	102	108.71971455648	0
5	104	113.952343118053	1
5	104	113.952343118053	1
5	108	115.893890806971	0
5	110	122.103129545936	1
5	110	122.103129545936	1
5	114	123.777293169271	0
5	116	123.86768975484	1
5	116	123.86768975484	1
5	120	123.902416433932	0
5	122	129.136764704979	1
5	122	129.136764704979	1
5	126	130.745814388546	0
5	128	144.984713263304	1
5	128	144.984713263304	1
5	132	146.82059090082	0
5	134	150.298223648363	1
5	134	150.298223648363	1
5	138	150.924162960065	0
5	140	155.111653100807	1
5	140	155.111653100807	1
5	144	155.7740357947	0
5	146	163.51771707246	1
5	146	163.51771707246	1
5	150	163.584647490008	0
5	152	179.883870655875	1
5	152	179.883870655875	1
5	155	180.838259927332	2
5	158	183.233020796085	1
5	158	183.233020796085	1
5	161	183.458852395614	2
5	164	183.835042440319	1
5	164	183.835042440319	1
5	168	185.243055833639	0
5	170	187.355644758086	1
5	170	187.355644758086	1
5	174	187.393503747778	0
5	176	190.912714235178	1
5	176	190.912714235178	1
5	180	195.104525715369	0
5	182	209.36952145342	1
5	182	209.36952145342	1
5	186	210.524192621001	0
5	188	223.121209229303	1
5	188	223.121209229303	1
5	192	223.408533574276	0
5	194	225.731012386409	1
5	194	225.731012386409	1
5	198	226.714656216401	0
5	200	227.451393944452	1
5	200	227.451393944452	1
5	204	228.374177834764	0
5	206	231.670836533682	1
5	206	231.670836533682	1
5	210	233.992325728361	0
5	212	242.642007856622	1
5	212	242.642007856622	1
5	216	244.333100617773	0
5	218	257.880990390403	1
5	218	257.880990390403	1
5	222	258.980293942525	0
5	224	271.708581804747	1
5	224	271.708581804747	1
5	228	272.901340938871	0
5	230	273.098704530014	1
5	230	273.098704530014	1
5	234	275.212442136072	0
5	236	285.913757101365	1
5	236	285.913757101365	1
5	240	286.181552319379	0
5	242	287.635305923678	1
5	242	287.635305923678	1
5	246	288.499130715688	0
5	248	289.622557103116	1
5	248	289.622557103116	1
5	252	291.348866868366	0
5	254	299.527823662816	1
5	254	299.527823662816	1
5	258	300.148014786195	0
5	260	300.264311660524	1
5	260	300.264311660524	1
5	264	301.012964832917	0
5	266	304.105127934145	1
5	266	304.105127934145	1
5	270	304.178327924402	0
5	272	305.842613378605	1
5	272	305.842613378605	1
5	276	307.779446909059	0
5	278	312.232742966895	1
5	278	312.232742966895	1
5	282	312.805470995232	0
5	284	324.501539615373	1
5	284	324.501539615373	1
5	288	328.466504422885	0
5	290	331.940020754426	1
5	290	331.940020754426	1
5	294	333.880538267855	0
5	296	340.566685583561	1
5	296	340.566685583561	1
5	300	341.828683568189	0
5	302	362.974937216348	1
5	302	362.974937216348	1
5	306	363.003337377316	0
5	308	369.799921233032	1
5	308	369.799921233032	1
5	312	370.209886502648	0
5	314	371.213444420709	1
5	314	371.213444420709	1
5	318	373.614491569054	0
5	320	382.241168030378	1
5	320	382.241168030378	1
5	324	383.01936603187	0
5	326	396.550413093831	1
5	326	396.550413093831	1
5	330	397.946568933373	0
5	332	411.906207400468	1
5	332	411.906207400468	1
5	336	411.935108044125	0
5	338	413.334324730912	1
5	338	413.334324730912	1
5	342	413.629302243714	0
5	344	415.38097814458	1
5	344	415.38097814458	1
5	348	416.775114293013	0
5	350	443.299240136899	1
5	350	443.299240136899	1
5	354	444.472641757287	0
5	356	451.930843327058	1
5	356	451.930843327058	1
5	360	451.949757995083	0
5	362	455.818001242076	1
5	362	455.818001242076	1
5	365	456.001293221164	2
5	368	457.415230769003	1
5	368	457.415230769003	1
5	371	459.705392899486	2
5	374	459.922733056657	1
5	374	459.922733056657	1
5	378	462.173154975404	0
5	380	481.305323237027	1
5	380	481.305323237027	1
5	384	481.8464490345	0
5	386	483.149817388683	1
5	386	483.149817388683	1
5	390	484.965679600877	0
5	392	493.142231214951	1
5	392	493.142231214951	1
5	396	493.700481491108	0
5	398	517.758255788391	1
5	398	517.758255788391	1
5	402	518.212981746701	0
5	404	524.652916074372	1
5	404	524.652916074372	1
5	408	526.508900490658	0
5	410	530.04784652984	1
5	410	530.04784652984	1
5	414	531.16730163053	0
5	416	535.035704012854	1
5	416	535.035704012854	1
5	420	536.206103341759	0
5	422	537.446787809717	1
5	422	537.446787809717	1
5	426	537.976432113467	0
5	428	545.90169909367	1
5	428	545.90169909367	1
5	432	546.874418367903	0
5	434	561.839787649473	1
5	434	561.839787649473	1
5	438	562.818704358034	0
5	440	567.305867075261	1
5	440	567.305867075261	1
5	444	567.965159427564	0
5	446	568.618871680344	1
5	446	568.618871680344	1
5	450	570.637759034341	0
5	452	579.020758554844	1
5	452	579.020758554844	1
5	456	580.955190123704	0
5	458	583.077957252493	1
5	458	583.077957252493	1
5	462	583.615569397764	0
5	464	586.039473003693	1
5	464	586.039473003693	1
5	468	587.499757248512	0
6	93	106.276400707536	0.60520216987615
6	99	107.522349335492	1.1973652209878
6	105	113.952343118053	1.9415476889183
6	111	122.103129545936	1.6741636233346
6	117	123.86768975484	0.034726679091675
6	123	129.136764704979	1.6090496835674
6	129	144.984713263304	1.8358776375158
6	135	150.298223648363	0.62593931170246
6	141	155.111653100807	0.66238269389295
6	147	163.51771707246	0.066930417548219
6	153	179.883870655875	3.3491501402099
6	159	183.233020796085	0.60202164423417
6	165	183.835042440319	1.4080133933203
6	171	187.355644758086	0.037858989691917
6	177	190.912714235178	4.1918114801914
6	183	209.36952145342	1.1546711675806
6	189	223.121209229303	0.2873243449729
6	195	225.731012386409	0.9836438299915
6	201	227.451393944452	0.92278389031248
6	207	231.670836533682	2.3214891946793
6	213	242.642007856622	1.6910927611513
6	219	257.880990390403	1.0993035521222
6	225	271.708581804747	1.1927591341236
6	231	273.098704530014	2.1137376060583
6	237	285.913757101365	0.26779521801434
6	243	287.635305923678	0.86382479201015
6	249	289.622557103116	1.7263097652499
6	255	299.527823662816	0.62019112337855
6	261	300.264311660524	0.74865317239277
6	267	304.105127934145	0.073199990257383
6	273	305.842613378605	1.9368335304538
6	279	312.232742966895	0.57272802833656
6	285	324.501539615373	3.964964807512
6	291	331.940020754426	1.9405175134293
6	297	340.566685583561	1.2619979846285
6	303	362.974937216348	0.028400160967993
6	309	369.799921233032	0.40996526961578
6	315	371.213444420709	2.4010471483447
6	321	382.241168030378	0.77819800149227
6	327	396.550413093831	1.396155839542
6	333	411.906207400468	0.028900643657384
6	339	413.334324730912	0.29497751280185
6	345	415.38097814458	1.3941361484326
6	351	443.299240136899	1.1734016203877
6	357	451.930843327058	0.018914668025278
6	363	455.818001242076	1.5972295269265
6	369	457.415230769003	2.5075022876545
6	375	459.922733056657	2.2504219187472
6	381	481.305323237027	0.54112579747339
6	387	483.149817388683	1.8158622121943
6	393	493.142231214951	0.558250276157
6	399	517.758255788391	0.45472595830988
6	405	524.652916074372	1.8559844162856
6	411	530.04784652984	1.1194551006899
6	417	535.035704012854	1.1703993289048
6	423	537.446787809717	0.52964430375002
6	429	545.90169909367	0.97271927423285
6	435	561.839787649473	0.97891670856107
6	441	567.305867075261	0.65929235230283
6	447	568.618871680344	2.018887353997
6	453	579.020758554844	1.9344315688596
6	459	583.077957252493	0.53761214527106
6	465	586.039473003693	1.4602842448186
7	94	106.881602877412	9.9083011929026
7	100	108.71971455648	10.842114884104
7	106	115.893890806971	11.846236196927
7	112	123.777293169271	12.444308056626
7	118	123.902416433932	12.459768573974
7	124	130.745814388546	13.038278975521
7	130	146.82059090082	12.86119443496
7	136	150.924162960065	12.926240964594
7	142	155.7740357947	12.949015263681
7	148	163.584647490008	12.37165858776
7	156	183.233020796085	12.87283488925
7	162	183.835042440319	13.15815828843
7	166	185.243055833639	13.818234185365
7	172	187.393503747778	13.679864960215
7	178	195.104525715369	15.287697518927
7	184	210.524192621001	14.716437345734
7	190	223.408533574276	13.996325363847
7	196	226.714656216401	14.22608913685
7	202	228.374177834764	14.526779377817
7	208	233.992325728361	15.170113829223
7	214	244.333100617773	15.22020341565
7	220	258.980293942525	14.783865557898
7	226	272.901340938871	14.466787695587
7	232	275.212442136072	15.113341132131
7	238	286.181552319379	14.627634135337
7	244	288.499130715688	14.809547301625
7	250	291.348866868366	15.257215677949
7	256	300.148014786195	15.016563127647
7	262	301.012964832917	15.222124839232
7	268	304.178327924402	15.087784061593
7	274	307.779446909059	15.540544792773
7	280	312.805470995232	15.473939980713
7	286	328.466504422885	15.943268169067
7	292	333.880538267855	16.265941537317
7	298	341.828683568189	16.256918689116
7	304	363.003337377316	15.316446318766
7	310	370.209886502648	15.129033182624
7	316	373.614491569054	15.633821771041
7	322	383.01936603187	15.453114639444
7	328	397.946568933373	15.224299514909
7	334	411.935108044125	14.714326849967
7	340	413.629302243714	14.725372547299
7	346	416.775114293013	14.948731277849
7	352	444.472641757287	14.281192479708
7	358	451.949757995083	14.049107679291
7	366	457.415230769003	14.230426384036
7	372	459.922733056657	14.698042760865
7	376	462.173154975404	15.113396600041
7	382	481.8464490345	14.608634727696
7	388	484.965679600877	14.889105134088
7	394	493.700481491108	14.738754144295
7	400	518.212981746701	14.129330741135
7	406	526.508900490658	14.25921014456
7	412	531.16730163053	14.344908923717
7	418	536.206103341759	14.428382015461
7	424	537.976432113467	14.479353487308
7	430	546.874418367903	14.421634274597
7	436	562.818704358034	14.187009892997
7	442	567.965159427564	14.174538047431
7	448	570.637759034341	14.461946071158
7	454	580.955190123704	14.53808451631
7	460	583.615569397764	14.563930975154
7	466	587.499757248512	14.716202324419
8	95	106.881602877412	16
8	101	108.71971455648	17
8	107	115.893890806971	18
8	113	123.777293169271	19
8	119	123.902416433932	20
8	125	130.745814388546	21
8	131	146.82059090082	22
8	137	150.924162960065	23
8	143	155.7740357947	24
8	149	163.584647490008	25
8	157	183.233020796085	26
8	163	183.835042440319	27
8	167	185.243055833639	28
8	173	187.393503747778	29
8	179	195.104525715369	30
8	185	210.524192621001	31
8	191	223.408533574276	32
8	197	226.714656216401	33
8	203	228.374177834764	34
8	209	233.992325728361	35
8	215	244.333100617773	36
8	221	258.980293942525	37
8	227	272.901340938871	38
8	233	275.212442136072	39
8	239	286.181552319379	40
8	245	288.499130715688	41
8	251	291.348866868366	42
8	257	300.148014786195	43
8	263	301.012964832917	44
8	269	304.178327924402	45
8	275	307.779446909059	46
8	281	312.805470995232	47
8	287	328.466504422885	48
8	293	333.880538267855	49
8	299	341.828683568189	50
8	305	363.003337377316	51
8	311	370.209886502648	52
8	317	373.614491569054	53
8	323	383.01936603187	54
8	329	397.946568933373	55
8	335	411.935108044125	56
8	341	413.629302243714	57
8	347	416.775114293013	58
8	353	444.472641757287	59
8	359	451.949757995083	60
8	367	457.415230769003	61
8	373	459.922733056657	62
8	377	462.173154975404	63
8	383	481.8464490345	64
8	389	484.965679600877	65
8	395	493.700481491108	66
8	401	518.212981746701	67
8	407	526.508900490658	68
8	413	531.16730163053	69
8	419	536.206103341759	70
8	425	537.976432113467	71
8	431	546.874418367903	72
8	437	562.818704358034	73
8	443	567.965159427564	74
8	449	570.637759034341	75
8	455	580.955190123704	76
8	461	583.615569397764	77
8	467	587.499757248512	78
9	95	106.881602877412	0.605202169876
9	101	108.71971455648	1.197365220988
9	107	115.893890806971	1.941547688918
9	113	123.777293169271	1.674163623335
9	119	123.902416433932	0.034726679092
9	125	130.745814388546	1.609049683567
9	131	146.82059090082	1.835877637516
9	137	150.924162960065	0.625939311702
9	143	155.7740357947	0.662382693893
9	149	163.584647490008	0.066930417548
9	157	183.233020796085	3.34915014021
9	163	183.835042440319	2.996782512987
9	167	185.243055833639	1.784203438025
9	173	187.393503747778	0.037858989692
9	179	195.104525715369	4.191811480191
9	185	210.524192621001	1.154671167581
9	191	223.408533574276	0.287324344973
9	197	226.714656216401	0.983643829992
9	203	228.374177834764	0.922783890312
9	209	233.992325728361	2.321489194679
9	215	244.333100617773	1.691092761151
9	221	258.980293942525	1.099303552122
9	227	272.901340938871	1.192759134124
9	233	275.212442136072	2.113737606058
9	239	286.181552319379	0.267795218014
9	245	288.499130715688	0.86382479201
9	251	291.348866868366	1.72630976525
9	257	300.148014786195	0.620191123379
9	263	301.012964832917	0.748653172393
9	269	304.178327924402	0.073199990257
9	275	307.779446909059	1.936833530454
9	281	312.805470995232	0.572728028337
9	287	328.466504422885	3.964964807512
9	293	333.880538267855	1.940517513429
9	299	341.828683568189	1.261997984628
9	305	363.003337377316	0.028400160968
9	311	370.209886502648	0.409965269616
9	317	373.614491569054	2.401047148345
9	323	383.01936603187	0.778198001492
9	329	397.946568933373	1.396155839542
9	335	411.935108044125	0.028900643657
9	341	413.629302243714	0.294977512802
9	347	416.775114293013	1.394136148433
9	353	444.472641757287	1.173401620388
9	359	451.949757995083	0.018914668025
9	367	457.415230769003	1.597229526927
9	373	459.922733056657	3.921439835493
9	377	462.173154975404	2.467762075918
9	383	481.8464490345	0.541125797473
9	389	484.965679600877	1.815862212194
9	395	493.700481491108	0.558250276157
9	401	518.212981746701	0.45472595831
9	407	526.508900490658	1.855984416286
9	413	531.16730163053	1.11945510069
9	419	536.206103341759	1.170399328905
9	425	537.976432113467	0.52964430375
9	431	546.874418367903	0.972719274233
9	437	562.818704358034	0.978916708561
9	443	567.965159427564	0.659292352303
9	449	570.637759034341	2.018887353997
9	455	580.955190123704	1.93443156886
9	461	583.615569397764	0.537612145271
9	467	587.499757248512	1.460284244819

