version 3
run ParameterStudy-139-20251202-16:20:02-1436
attr configname ParameterStudy
attr datetime 20251202-16:20:02
attr datetimef 20251202-162002
attr experiment ParameterStudy
attr inifile omnetpp.ini
attr iterationvars $betaProducer=3.7s
attr iterationvarsd betaProducer=3.7s
attr iterationvarsf betaProducer=3.7s-
attr measurement $betaProducer=3.7s
attr network queue_sim
attr processid 1436
attr repetition 4
attr replication #4
attr resultdir results
attr runnumber 139
attr seedset 139
itervar betaProducer 3.7s
config description "Parameter study: β_producer = 1s to 10s (0.1s steps), β_service = 1s, 5 repetitions"
config *.serviceUnit.meanServiceTime 1s
config *.producer.warmupPeriod 100s
config *.queue.warmupPeriod 100s
config *.serviceUnit.warmupPeriod 100s
config *.sink.warmupPeriod 100s
config *.producer.meanInterArrivalTime 3.7s
config network queue_sim
config sim-time-limit 600s
config warmup-period 100s
config repeat 5
config **.vector-recording true
config **.scalar-recording true
config debug-on-errors true

vector 0 queue_sim.producer jobGenerated:vector ETV
attr recordingmode vector
attr title "Jobs Generated"
vector 1 queue_sim.producer interArrivalTime:vector ETV
attr recordingmode vector
attr title "Inter-arrival Time"
attr unit s
vector 2 queue_sim.queue queueLength:vector ETV
attr recordingmode vector
attr title "Queue Length"
vector 3 queue_sim.queue queueingDelay:vector ETV
attr recordingmode vector
attr title "Queueing Delay"
attr unit s
vector 4 queue_sim.queue queueUtilization:vector ETV
attr recordingmode vector
attr title "Queue Utilization"
vector 5 queue_sim.queue systemSize:vector ETV
attr recordingmode vector
attr title "System Size"
vector 6 queue_sim.serviceUnit serviceTime:vector ETV
attr recordingmode vector
attr title "Service Time"
attr unit s
vector 7 queue_sim.serviceUnit utilization:vector ETV
attr recordingmode vector
attr title "Server Utilization"
vector 8 queue_sim.sink jobCompleted:vector ETV
attr recordingmode vector
attr title "Jobs Completed"
vector 9 queue_sim.sink totalDelay:vector ETV
attr recordingmode vector
attr title "Total System Delay"
attr unit s
0	175	103.26748559314	30
0	181	103.90325254045	31
0	184	105.248117321165	32
0	193	108.351161388817	33
0	199	112.902851147413	34
0	205	120.472406577673	35
0	211	130.321877124303	36
0	217	131.10477904989	37
0	223	141.440533099264	38
0	229	144.57273086079	39
0	235	159.563813871709	40
0	238	160.644900937193	41
0	247	162.612040848618	42
0	253	167.078567662231	43
0	259	172.091260995056	44
0	265	172.805275388138	45
0	271	175.108340711448	46
0	277	182.178476837548	47
0	283	182.425228888399	48
0	289	183.981086015906	49
0	295	201.734389279122	50
0	301	209.999753804383	51
0	307	213.077634859021	52
0	310	215.390363900153	53
0	319	217.405330476907	54
0	325	224.604275840466	55
0	331	237.872471855822	56
0	337	239.803087241723	57
0	343	240.205919058127	58
0	349	245.085959795842	59
0	352	245.830156254739	60
0	354	246.150420874238	61
0	364	248.089123633898	62
0	370	249.811050335389	63
0	379	262.517490089414	64
0	385	263.776607019404	65
0	391	269.367048389537	66
0	397	270.440466628079	67
0	400	270.712757192698	68
0	409	272.692651341798	69
0	412	273.134492016768	70
0	421	279.024273154477	71
0	427	286.860184341281	72
0	433	293.073045902949	73
0	439	295.804934777516	74
0	445	296.622645831825	75
0	448	296.708278086291	76
0	454	297.214766245001	77
0	456	298.077348208511	78
0	462	299.113838579452	79
0	475	302.188948317115	80
0	481	306.311728248804	81
0	487	312.267430503078	82
0	493	315.637203870825	83
0	499	324.786576291677	84
0	505	331.248769743991	85
0	511	337.41964183315	86
0	517	343.422826436247	87
0	523	354.024737969193	88
0	529	356.571102280335	89
0	535	369.460179441305	90
0	541	374.264944902444	91
0	547	378.380571934841	92
0	553	382.504618396746	93
0	559	386.427732204567	94
0	565	389.757481291038	95
0	571	397.966499334736	96
0	577	405.237118680022	97
0	583	409.257357149089	98
0	586	409.297754398701	99
0	595	413.603534298119	100
0	601	423.078842484054	101
0	607	427.060368525976	102
0	613	439.343261541745	103
0	619	447.314437481405	104
0	625	453.199605179339	105
0	628	455.114819131487	106
0	634	458.265823194024	107
0	643	461.798402476693	108
0	649	468.001537013947	109
0	655	471.653829884771	110
0	661	480.352733509492	111
0	667	483.680801265029	112
0	673	490.252238159569	113
0	679	491.821332747213	114
0	685	495.56256390157	115
0	688	495.678370566753	116
0	697	501.101383128579	117
0	703	502.282044290427	118
0	709	508.456827168752	119
0	715	510.427411710425	120
0	718	510.909175600184	121
0	720	510.954861407652	122
0	733	514.39026058428	123
0	736	514.901426843866	124
0	742	515.958482856748	125
0	744	519.425091022632	126
0	754	522.986921027783	127
0	763	525.700870184651	128
0	769	529.272351495284	129
0	775	531.090756740727	130
0	778	531.541177081782	131
0	787	535.689816046058	132
0	790	536.406823267148	133
0	799	542.808593663199	134
0	805	554.269136078676	135
0	811	562.357078170384	136
0	817	563.877755506501	137
0	823	571.544258899787	138
0	829	573.389244928568	139
0	835	587.583595759184	140
0	841	590.351748898091	141
0	847	591.237877564686	142
1	175	103.26748559314	0.6357669473097
1	181	103.90325254045	1.3448647807149
1	184	105.248117321165	3.1030440676518
1	193	108.351161388817	4.5516897585964
1	199	112.902851147413	7.5695554302596
1	205	120.472406577673	9.8494705466304
1	211	130.321877124303	0.7829019255867
1	217	131.10477904989	10.335754049374
1	223	141.440533099264	3.1321977615256
1	229	144.57273086079	14.991083010919
1	235	159.563813871709	1.0810870654837
1	238	160.644900937193	1.9671399114249
1	247	162.612040848618	4.4665268136134
1	253	167.078567662231	5.0126933328252
1	259	172.091260995056	0.71401439308153
1	265	172.805275388138	2.3030653233103
1	271	175.108340711448	7.0701361260996
1	277	182.178476837548	0.24675205085074
1	283	182.425228888399	1.5558571275066
1	289	183.981086015906	17.753303263216
1	295	201.734389279122	8.2653645252612
1	301	209.999753804383	3.0778810546378
1	307	213.077634859021	2.3127290411317
1	310	215.390363900153	2.0149665767537
1	319	217.405330476907	7.1989453635588
1	325	224.604275840466	13.268196015356
1	331	237.872471855822	1.9306153859013
1	337	239.803087241723	0.40283181640438
1	343	240.205919058127	4.8800407377147
1	349	245.085959795842	0.74419645889721
1	352	245.830156254739	0.32026461949911
1	354	246.150420874238	1.9387027596599
1	364	248.089123633898	1.721926701491
1	370	249.811050335389	12.706439754025
1	379	262.517490089414	1.2591169299898
1	385	263.776607019404	5.5904413701328
1	391	269.367048389537	1.0734182385425
1	397	270.440466628079	0.27229056461934
1	400	270.712757192698	1.9798941491
1	409	272.692651341798	0.44184067496973
1	412	273.134492016768	5.8897811377087
1	421	279.024273154477	7.8359111868036
1	427	286.860184341281	6.212861561668
1	433	293.073045902949	2.7318888745671
1	439	295.804934777516	0.81771105430931
1	445	296.622645831825	0.085632254466091
1	448	296.708278086291	0.50648815871041
1	454	297.214766245001	0.86258196351015
1	456	298.077348208511	1.0364903709407
1	462	299.113838579452	3.0751097376633
1	475	302.188948317115	4.1227799316887
1	481	306.311728248804	5.9557022542735
1	487	312.267430503078	3.3697733677475
1	493	315.637203870825	9.1493724208521
1	499	324.786576291677	6.462193452314
1	505	331.248769743991	6.1708720891589
1	511	337.41964183315	6.0031846030966
1	517	343.422826436247	10.601911532946
1	523	354.024737969193	2.5463643111421
1	529	356.571102280335	12.88907716097
1	535	369.460179441305	4.8047654611392
1	541	374.264944902444	4.1156270323974
1	547	378.380571934841	4.1240464619051
1	553	382.504618396746	3.9231138078213
1	559	386.427732204567	3.3297490864707
1	565	389.757481291038	8.2090180436981
1	571	397.966499334736	7.2706193452857
1	577	405.237118680022	4.020238469067
1	583	409.257357149089	0.040397249611554
1	586	409.297754398701	4.3057798994184
1	595	413.603534298119	9.4753081859345
1	601	423.078842484054	3.9815260419221
1	607	427.060368525976	12.282893015769
1	613	439.343261541745	7.9711759396601
1	619	447.314437481405	5.8851676979341
1	625	453.199605179339	1.9152139521482
1	628	455.114819131487	3.151004062537
1	634	458.265823194024	3.5325792826689
1	643	461.798402476693	6.2031345372545
1	649	468.001537013947	3.6522928708244
1	655	471.653829884771	8.6989036247211
1	661	480.352733509492	3.3280677555367
1	667	483.680801265029	6.57143689454
1	673	490.252238159569	1.5690945876443
1	679	491.821332747213	3.7412311543571
1	685	495.56256390157	0.11580666518266
1	688	495.678370566753	5.4230125618257
1	697	501.101383128579	1.1806611618483
1	703	502.282044290427	6.1747828783247
1	709	508.456827168752	1.9705845416735
1	715	510.427411710425	0.48176388975947
1	718	510.909175600184	0.045685807468187
1	720	510.954861407652	3.4353991766281
1	733	514.39026058428	0.51116625958642
1	736	514.901426843866	1.0570560128824
1	742	515.958482856748	3.4666081658838
1	744	519.425091022632	3.5618300051514
1	754	522.986921027783	2.7139491568682
1	763	525.700870184651	3.571481310633
1	769	529.272351495284	1.8184052454434
1	775	531.090756740727	0.45042034105527
1	778	531.541177081782	4.1486389642757
1	787	535.689816046058	0.71700722108978
1	790	536.406823267148	6.4017703960509
1	799	542.808593663199	11.460542415477
1	805	554.269136078676	8.0879420917081
1	811	562.357078170384	1.5206773361168
1	817	563.877755506501	7.6665033932857
1	823	571.544258899787	1.8449860287812
1	829	573.389244928568	14.194350830616
1	835	587.583595759184	2.768153138907
1	841	590.351748898091	0.88612866659467
1	847	591.237877564686	9.9081930276979
2	176	103.26748559314	1
2	176	103.26748559314	0
2	182	103.90325254045	1
2	182	103.90325254045	0
2	185	105.248117321165	1
2	188	105.291962718567	0
2	194	108.351161388817	1
2	194	108.351161388817	0
2	200	112.902851147413	1
2	200	112.902851147413	0
2	206	120.472406577673	1
2	206	120.472406577673	0
2	212	130.321877124303	1
2	212	130.321877124303	0
2	218	131.10477904989	1
2	218	131.10477904989	0
2	224	141.440533099264	1
2	224	141.440533099264	0
2	230	144.57273086079	1
2	230	144.57273086079	0
2	236	159.563813871709	1
2	236	159.563813871709	0
2	239	160.644900937193	1
2	242	161.039101860966	0
2	248	162.612040848618	1
2	248	162.612040848618	0
2	254	167.078567662231	1
2	254	167.078567662231	0
2	260	172.091260995056	1
2	260	172.091260995056	0
2	266	172.805275388138	1
2	266	172.805275388138	0
2	272	175.108340711448	1
2	272	175.108340711448	0
2	278	182.178476837548	1
2	278	182.178476837548	0
2	284	182.425228888399	1
2	284	182.425228888399	0
2	290	183.981086015906	1
2	290	183.981086015906	0
2	296	201.734389279122	1
2	296	201.734389279122	0
2	302	209.999753804383	1
2	302	209.999753804383	0
2	308	213.077634859021	1
2	308	213.077634859021	0
2	311	215.390363900153	1
2	314	215.9003043397	0
2	320	217.405330476907	1
2	320	217.405330476907	0
2	326	224.604275840466	1
2	326	224.604275840466	0
2	332	237.872471855822	1
2	332	237.872471855822	0
2	338	239.803087241723	1
2	338	239.803087241723	0
2	344	240.205919058127	1
2	344	240.205919058127	0
2	350	245.085959795842	1
2	350	245.085959795842	0
2	353	245.830156254739	1
2	355	246.150420874238	2
2	358	246.226453483716	1
2	362	246.748194151395	0
2	365	248.089123633898	1
2	368	249.328029739194	0
2	371	249.811050335389	1
2	374	249.827488423689	0
2	380	262.517490089414	1
2	380	262.517490089414	0
2	386	263.776607019404	1
2	386	263.776607019404	0
2	392	269.367048389537	1
2	392	269.367048389537	0
2	398	270.440466628079	1
2	398	270.440466628079	0
2	401	270.712757192698	1
2	404	270.900998154003	0
2	410	272.692651341798	1
2	410	272.692651341798	0
2	413	273.134492016768	1
2	416	273.766114264504	0
2	422	279.024273154477	1
2	422	279.024273154477	0
2	428	286.860184341281	1
2	428	286.860184341281	0
2	434	293.073045902949	1
2	434	293.073045902949	0
2	440	295.804934777516	1
2	440	295.804934777516	0
2	446	296.622645831825	1
2	446	296.622645831825	0
2	449	296.708278086291	1
2	452	296.768790829148	0
2	455	297.214766245001	1
2	457	298.077348208511	2
2	460	298.735575891305	1
2	463	299.113838579452	2
2	466	299.22280956768	1
2	470	301.209692392691	0
2	476	302.188948317115	1
2	476	302.188948317115	0
2	482	306.311728248804	1
2	482	306.311728248804	0
2	488	312.267430503078	1
2	488	312.267430503078	0
2	494	315.637203870825	1
2	494	315.637203870825	0
2	500	324.786576291677	1
2	500	324.786576291677	0
2	506	331.248769743991	1
2	506	331.248769743991	0
2	512	337.41964183315	1
2	512	337.41964183315	0
2	518	343.422826436247	1
2	518	343.422826436247	0
2	524	354.024737969193	1
2	524	354.024737969193	0
2	530	356.571102280335	1
2	530	356.571102280335	0
2	536	369.460179441305	1
2	536	369.460179441305	0
2	542	374.264944902444	1
2	542	374.264944902444	0
2	548	378.380571934841	1
2	548	378.380571934841	0
2	554	382.504618396746	1
2	554	382.504618396746	0
2	560	386.427732204567	1
2	560	386.427732204567	0
2	566	389.757481291038	1
2	566	389.757481291038	0
2	572	397.966499334736	1
2	572	397.966499334736	0
2	578	405.237118680022	1
2	578	405.237118680022	0
2	584	409.257357149089	1
2	584	409.257357149089	0
2	587	409.297754398701	1
2	590	409.743432407455	0
2	596	413.603534298119	1
2	596	413.603534298119	0
2	602	423.078842484054	1
2	602	423.078842484054	0
2	608	427.060368525976	1
2	608	427.060368525976	0
2	614	439.343261541745	1
2	614	439.343261541745	0
2	620	447.314437481405	1
2	620	447.314437481405	0
2	626	453.199605179339	1
2	626	453.199605179339	0
2	629	455.114819131487	1
2	632	455.867533086318	0
2	635	458.265823194024	1
2	638	458.32055646471	0
2	644	461.798402476693	1
2	644	461.798402476693	0
2	650	468.001537013947	1
2	650	468.001537013947	0
2	656	471.653829884771	1
2	656	471.653829884771	0
2	662	480.352733509492	1
2	662	480.352733509492	0
2	668	483.680801265029	1
2	668	483.680801265029	0
2	674	490.252238159569	1
2	674	490.252238159569	0
2	680	491.821332747213	1
2	680	491.821332747213	0
2	686	495.56256390157	1
2	686	495.56256390157	0
2	689	495.678370566753	1
2	692	499.140459696473	0
2	698	501.101383128579	1
2	698	501.101383128579	0
2	704	502.282044290427	1
2	704	502.282044290427	0
2	710	508.456827168752	1
2	710	508.456827168752	0
2	716	510.427411710425	1
2	716	510.427411710425	0
2	719	510.909175600184	1
2	721	510.954861407652	2
2	724	511.80356292778	1
2	728	511.892759770966	0
2	734	514.39026058428	1
2	734	514.39026058428	0
2	737	514.901426843866	1
2	740	515.476059465244	0
2	743	515.958482856748	1
2	745	519.425091022632	2
2	748	521.331114611906	1
2	752	522.779336995436	0
2	755	522.986921027783	1
2	758	524.109579184888	0
2	764	525.700870184651	1
2	764	525.700870184651	0
2	770	529.272351495284	1
2	770	529.272351495284	0
2	776	531.090756740727	1
2	776	531.090756740727	0
2	779	531.541177081782	1
2	782	532.589624676135	0
2	788	535.689816046058	1
2	788	535.689816046058	0
2	791	536.406823267148	1
2	794	537.057593246058	0
2	800	542.808593663199	1
2	800	542.808593663199	0
2	806	554.269136078676	1
2	806	554.269136078676	0
2	812	562.357078170384	1
2	812	562.357078170384	0
2	818	563.877755506501	1
2	818	563.877755506501	0
2	824	571.544258899787	1
2	824	571.544258899787	0
2	830	573.389244928568	1
2	830	573.389244928568	0
2	836	587.583595759184	1
2	836	587.583595759184	0
2	842	590.351748898091	1
2	842	590.351748898091	0
2	848	591.237877564686	1
2	848	591.237877564686	0
3	176	103.26748559314	0
3	182	103.90325254045	0
3	188	105.291962718567	0.043845397402
3	194	108.351161388817	0
3	200	112.902851147413	0
3	206	120.472406577673	0
3	212	130.321877124303	0
3	218	131.10477904989	0
3	224	141.440533099264	0
3	230	144.57273086079	0
3	236	159.563813871709	0
3	242	161.039101860966	0.394200923773
3	248	162.612040848618	0
3	254	167.078567662231	0
3	260	172.091260995056	0
3	266	172.805275388138	0
3	272	175.108340711448	0
3	278	182.178476837548	0
3	284	182.425228888399	0
3	290	183.981086015906	0
3	296	201.734389279122	0
3	302	209.999753804383	0
3	308	213.077634859021	0
3	314	215.9003043397	0.509940439547
3	320	217.405330476907	0
3	326	224.604275840466	0
3	332	237.872471855822	0
3	338	239.803087241723	0
3	344	240.205919058127	0
3	350	245.085959795842	0
3	358	246.226453483716	0.396297228977
3	362	246.748194151395	0.597773277157
3	368	249.328029739194	1.238906105296
3	374	249.827488423689	0.0164380883
3	380	262.517490089414	0
3	386	263.776607019404	0
3	392	269.367048389537	0
3	398	270.440466628079	0
3	404	270.900998154003	0.188240961305
3	410	272.692651341798	0
3	416	273.766114264504	0.631622247736
3	422	279.024273154477	0
3	428	286.860184341281	0
3	434	293.073045902949	0
3	440	295.804934777516	0
3	446	296.622645831825	0
3	452	296.768790829148	0.060512742857
3	460	298.735575891305	1.520809646304
3	466	299.22280956768	1.145461359169
3	470	301.209692392691	2.095853813239
3	476	302.188948317115	0
3	482	306.311728248804	0
3	488	312.267430503078	0
3	494	315.637203870825	0
3	500	324.786576291677	0
3	506	331.248769743991	0
3	512	337.41964183315	0
3	518	343.422826436247	0
3	524	354.024737969193	0
3	530	356.571102280335	0
3	536	369.460179441305	0
3	542	374.264944902444	0
3	548	378.380571934841	0
3	554	382.504618396746	0
3	560	386.427732204567	0
3	566	389.757481291038	0
3	572	397.966499334736	0
3	578	405.237118680022	0
3	584	409.257357149089	0
3	590	409.743432407455	0.445678008754
3	596	413.603534298119	0
3	602	423.078842484054	0
3	608	427.060368525976	0
3	614	439.343261541745	0
3	620	447.314437481405	0
3	626	453.199605179339	0
3	632	455.867533086318	0.752713954831
3	638	458.32055646471	0.054733270686
3	644	461.798402476693	0
3	650	468.001537013947	0
3	656	471.653829884771	0
3	662	480.352733509492	0
3	668	483.680801265029	0
3	674	490.252238159569	0
3	680	491.821332747213	0
3	686	495.56256390157	0
3	692	499.140459696473	3.46208912972
3	698	501.101383128579	0
3	704	502.282044290427	0
3	710	508.456827168752	0
3	716	510.427411710425	0
3	724	511.80356292778	0.894387327596
3	728	511.892759770966	0.937898363314
3	734	514.39026058428	0
3	740	515.476059465244	0.574632621378
3	748	521.331114611906	5.372631755158
3	752	522.779336995436	3.354245972804
3	758	524.109579184888	1.122658157105
3	764	525.700870184651	0
3	770	529.272351495284	0
3	776	531.090756740727	0
3	782	532.589624676135	1.048447594353
3	788	535.689816046058	0
3	794	537.057593246058	0.65076997891
3	800	542.808593663199	0
3	806	554.269136078676	0
3	812	562.357078170384	0
3	818	563.877755506501	0
3	824	571.544258899787	0
3	830	573.389244928568	0
3	836	587.583595759184	0
3	842	590.351748898091	0
3	848	591.237877564686	0
4	853	600	0.047825663951538
5	174	102.887571526575	0
5	176	103.26748559314	1
5	176	103.26748559314	1
5	180	103.627620481621	0
5	182	103.90325254045	1
5	182	103.90325254045	1
5	185	105.248117321165	2
5	188	105.291962718567	1
5	188	105.291962718567	1
5	192	105.497173798954	0
5	194	108.351161388817	1
5	194	108.351161388817	1
5	198	108.99004290776	0
5	200	112.902851147413	1
5	200	112.902851147413	1
5	204	113.016399274569	0
5	206	120.472406577673	1
5	206	120.472406577673	1
5	210	120.647738810746	0
5	212	130.321877124303	1
5	212	130.321877124303	1
5	216	130.553653586762	0
5	218	131.10477904989	1
5	218	131.10477904989	1
5	222	132.900217110159	0
5	224	141.440533099264	1
5	224	141.440533099264	1
5	228	141.757580748566	0
5	230	144.57273086079	1
5	230	144.57273086079	1
5	234	144.883128986798	0
5	236	159.563813871709	1
5	236	159.563813871709	1
5	239	160.644900937193	2
5	242	161.039101860966	1
5	242	161.039101860966	1
5	246	161.375499824111	0
5	248	162.612040848618	1
5	248	162.612040848618	1
5	252	164.673169546098	0
5	254	167.078567662231	1
5	254	167.078567662231	1
5	258	167.435441412809	0
5	260	172.091260995056	1
5	260	172.091260995056	1
5	264	172.217044058363	0
5	266	172.805275388138	1
5	266	172.805275388138	1
5	270	173.439828494233	0
5	272	175.108340711448	1
5	272	175.108340711448	1
5	276	176.141614968673	0
5	278	182.178476837548	1
5	278	182.178476837548	1
5	282	182.244541688821	0
5	284	182.425228888399	1
5	284	182.425228888399	1
5	288	183.712727930908	0
5	290	183.981086015906	1
5	290	183.981086015906	1
5	294	185.088178820025	0
5	296	201.734389279122	1
5	296	201.734389279122	1
5	300	202.274041504859	0
5	302	209.999753804383	1
5	302	209.999753804383	1
5	306	210.208032240264	0
5	308	213.077634859021	1
5	308	213.077634859021	1
5	311	215.390363900153	2
5	314	215.9003043397	1
5	314	215.9003043397	1
5	318	216.327838988366	0
5	320	217.405330476907	1
5	320	217.405330476907	1
5	324	217.813434396373	0
5	326	224.604275840466	1
5	326	224.604275840466	1
5	330	226.447658372424	0
5	332	237.872471855822	1
5	332	237.872471855822	1
5	336	238.879298562094	0
5	338	239.803087241723	1
5	338	239.803087241723	1
5	342	240.001202351303	0
5	344	240.205919058127	1
5	344	240.205919058127	1
5	348	240.779159813342	0
5	350	245.085959795842	1
5	350	245.085959795842	1
5	353	245.830156254739	2
5	355	246.150420874238	3
5	358	246.226453483716	2
5	358	246.226453483716	2
5	362	246.748194151395	1
5	362	246.748194151395	1
5	365	248.089123633898	2
5	368	249.328029739194	1
5	368	249.328029739194	1
5	371	249.811050335389	2
5	374	249.827488423689	1
5	374	249.827488423689	1
5	378	250.214965307391	0
5	380	262.517490089414	1
5	380	262.517490089414	1
5	384	263.019295536891	0
5	386	263.776607019404	1
5	386	263.776607019404	1
5	390	264.387942858471	0
5	392	269.367048389537	1
5	392	269.367048389537	1
5	396	270.377736737319	0
5	398	270.440466628079	1
5	398	270.440466628079	1
5	401	270.712757192698	2
5	404	270.900998154003	1
5	404	270.900998154003	1
5	408	271.372362662183	0
5	410	272.692651341798	1
5	410	272.692651341798	1
5	413	273.134492016768	2
5	416	273.766114264504	1
5	416	273.766114264504	1
5	420	274.014558238931	0
5	422	279.024273154477	1
5	422	279.024273154477	1
5	426	279.055393095319	0
5	428	286.860184341281	1
5	428	286.860184341281	1
5	432	287.083534688775	0
5	434	293.073045902949	1
5	434	293.073045902949	1
5	438	293.444117720704	0
5	440	295.804934777516	1
5	440	295.804934777516	1
5	444	296.176457766209	0
5	446	296.622645831825	1
5	446	296.622645831825	1
5	449	296.708278086291	2
5	452	296.768790829148	1
5	452	296.768790829148	1
5	455	297.214766245001	2
5	457	298.077348208511	3
5	460	298.735575891305	2
5	460	298.735575891305	2
5	463	299.113838579452	3
5	466	299.22280956768	2
5	466	299.22280956768	2
5	470	301.209692392691	1
5	470	301.209692392691	1
5	474	301.221894327596	0
5	476	302.188948317115	1
5	476	302.188948317115	1
5	480	302.995007537062	0
5	482	306.311728248804	1
5	482	306.311728248804	1
5	486	306.67246562518	0
5	488	312.267430503078	1
5	488	312.267430503078	1
5	492	314.313291906463	0
5	494	315.637203870825	1
5	494	315.637203870825	1
5	498	315.637704326035	0
5	500	324.786576291677	1
5	500	324.786576291677	1
5	504	327.827438364789	0
5	506	331.248769743991	1
5	506	331.248769743991	1
5	510	331.291683352467	0
5	512	337.41964183315	1
5	512	337.41964183315	1
5	516	338.172359381146	0
5	518	343.422826436247	1
5	518	343.422826436247	1
5	522	347.776136374846	0
5	524	354.024737969193	1
5	524	354.024737969193	1
5	528	354.673246697757	0
5	530	356.571102280335	1
5	530	356.571102280335	1
5	534	356.87617781702	0
5	536	369.460179441305	1
5	536	369.460179441305	1
5	540	369.504242978521	0
5	542	374.264944902444	1
5	542	374.264944902444	1
5	546	375.999515791042	0
5	548	378.380571934841	1
5	548	378.380571934841	1
5	552	378.951816397271	0
5	554	382.504618396746	1
5	554	382.504618396746	1
5	558	382.603463752015	0
5	560	386.427732204567	1
5	560	386.427732204567	1
5	564	387.46096510615	0
5	566	389.757481291038	1
5	566	389.757481291038	1
5	570	390.221351641899	0
5	572	397.966499334736	1
5	572	397.966499334736	1
5	576	398.455829860497	0
5	578	405.237118680022	1
5	578	405.237118680022	1
5	582	405.376737124837	0
5	584	409.257357149089	1
5	584	409.257357149089	1
5	587	409.297754398701	2
5	590	409.743432407455	1
5	590	409.743432407455	1
5	594	409.87846294975	0
5	596	413.603534298119	1
5	596	413.603534298119	1
5	600	414.766508396512	0
5	602	423.078842484054	1
5	602	423.078842484054	1
5	606	423.569838159116	0
5	608	427.060368525976	1
5	608	427.060368525976	1
5	612	429.70642163205	0
5	614	439.343261541745	1
5	614	439.343261541745	1
5	618	441.34350669161	0
5	620	447.314437481405	1
5	620	447.314437481405	1
5	624	447.705632577844	0
5	626	453.199605179339	1
5	626	453.199605179339	1
5	629	455.114819131487	2
5	632	455.867533086318	1
5	632	455.867533086318	1
5	635	458.265823194024	2
5	638	458.32055646471	1
5	638	458.32055646471	1
5	642	459.117228093117	0
5	644	461.798402476693	1
5	644	461.798402476693	1
5	648	463.959999764476	0
5	650	468.001537013947	1
5	650	468.001537013947	1
5	654	468.092647007768	0
5	656	471.653829884771	1
5	656	471.653829884771	1
5	660	471.699062894545	0
5	662	480.352733509492	1
5	662	480.352733509492	1
5	666	480.393770995536	0
5	668	483.680801265029	1
5	668	483.680801265029	1
5	672	485.152764074528	0
5	674	490.252238159569	1
5	674	490.252238159569	1
5	678	491.410313264619	0
5	680	491.821332747213	1
5	680	491.821332747213	1
5	684	493.156826617801	0
5	686	495.56256390157	1
5	686	495.56256390157	1
5	689	495.678370566753	2
5	692	499.140459696473	1
5	692	499.140459696473	1
5	696	500.319696545183	0
5	698	501.101383128579	1
5	698	501.101383128579	1
5	702	502.11021866898	0
5	704	502.282044290427	1
5	704	502.282044290427	1
5	708	503.456683766156	0
5	710	508.456827168752	1
5	710	508.456827168752	1
5	714	509.091588885879	0
5	716	510.427411710425	1
5	716	510.427411710425	1
5	719	510.909175600184	2
5	721	510.954861407652	3
5	724	511.80356292778	2
5	724	511.80356292778	2
5	728	511.892759770966	1
5	728	511.892759770966	1
5	732	513.513737026338	0
5	734	514.39026058428	1
5	734	514.39026058428	1
5	737	514.901426843866	2
5	740	515.476059465244	1
5	740	515.476059465244	1
5	743	515.958482856748	2
5	745	519.425091022632	3
5	748	521.331114611906	2
5	748	521.331114611906	2
5	752	522.779336995436	1
5	752	522.779336995436	1
5	755	522.986921027783	2
5	758	524.109579184888	1
5	758	524.109579184888	1
5	762	524.929010790055	0
5	764	525.700870184651	1
5	764	525.700870184651	1
5	768	528.483514546368	0
5	770	529.272351495284	1
5	770	529.272351495284	1
5	774	529.42341024308	0
5	776	531.090756740727	1
5	776	531.090756740727	1
5	779	531.541177081782	2
5	782	532.589624676135	1
5	782	532.589624676135	1
5	786	532.810017574134	0
5	788	535.689816046058	1
5	788	535.689816046058	1
5	791	536.406823267148	2
5	794	537.057593246058	1
5	794	537.057593246058	1
5	798	537.996687683368	0
5	800	542.808593663199	1
5	800	542.808593663199	1
5	804	543.195465104719	0
5	806	554.269136078676	1
5	806	554.269136078676	1
5	810	555.922901696372	0
5	812	562.357078170384	1
5	812	562.357078170384	1
5	816	562.623152564574	0
5	818	563.877755506501	1
5	818	563.877755506501	1
5	822	565.557717980402	0
5	824	571.544258899787	1
5	824	571.544258899787	1
5	828	572.073586780898	0
5	830	573.389244928568	1
5	830	573.389244928568	1
5	834	573.602786810924	0
5	836	587.583595759184	1
5	836	587.583595759184	1
5	840	587.701123726915	0
5	842	590.351748898091	1
5	842	590.351748898091	1
5	846	590.463499291717	0
5	848	591.237877564686	1
5	848	591.237877564686	1
5	852	591.958456046461	0
6	177	103.26748559314	0.36013488848054
6	183	103.90325254045	1.3887101781173
6	189	105.291962718567	0.20521108038742
6	195	108.351161388817	0.63888151894327
6	201	112.902851147413	0.11354812715579
6	207	120.472406577673	0.17533223307328
6	213	130.321877124303	0.23177646245867
6	219	131.10477904989	1.7954380602692
6	225	141.440533099264	0.31704764930205
6	231	144.57273086079	0.31039812600774
6	237	159.563813871709	1.4752879892567
6	243	161.039101860966	0.3363979631446
6	249	162.612040848618	2.0611286974803
6	255	167.078567662231	0.35687375057816
6	261	172.091260995056	0.12578306330729
6	267	172.805275388138	0.63455310609459
6	273	175.108340711448	1.0332742572252
6	279	182.178476837548	0.06606485127268
6	285	182.425228888399	1.2874990425094
6	291	183.981086015906	1.1070928041189
6	297	201.734389279122	0.53965222573703
6	303	209.999753804383	0.20827843588106
6	309	213.077634859021	2.8226694806793
6	315	215.9003043397	0.42753464866568
6	321	217.405330476907	0.40810391946614
6	327	224.604275840466	1.8433825319576
6	333	237.872471855822	1.0068267062717
6	339	239.803087241723	0.19811510957956
6	345	240.205919058127	0.5732407552147
6	351	245.085959795842	1.1404936878738
6	359	246.226453483716	0.52174066767903
6	363	246.748194151395	2.5798355877991
6	369	249.328029739194	0.49945868449454
6	375	249.827488423689	0.38747688370156
6	381	262.517490089414	0.50180544747694
6	387	263.776607019404	0.61133583906665
6	393	269.367048389537	1.0106883477823
6	399	270.440466628079	0.46053152592435
6	405	270.900998154003	0.47136450818033
6	411	272.692651341798	1.073462922706
6	417	273.766114264504	0.24844397442724
6	423	279.024273154477	0.031119940842427
6	429	286.860184341281	0.22335034749422
6	435	293.073045902949	0.37107181775489
6	441	295.804934777516	0.37152298869267
6	447	296.622645831825	0.14614499732265
6	453	296.768790829148	1.9667850621572
6	461	298.735575891305	0.48723367637493
6	467	299.22280956768	1.9868828250115
6	471	301.209692392691	0.012201934904951
6	477	302.188948317115	0.80605921994743
6	483	306.311728248804	0.3607373763762
6	489	312.267430503078	2.0458614033849
6	495	315.637203870825	0.00050045520979928
6	501	324.786576291677	3.0408620731119
6	507	331.248769743991	0.042913608476161
6	513	337.41964183315	0.75271754799601
6	519	343.422826436247	4.3533099385989
6	525	354.024737969193	0.64850872856401
6	531	356.571102280335	0.30507553668496
6	537	369.460179441305	0.0440635372164
6	543	374.264944902444	1.7345708885975
6	549	378.380571934841	0.57124446243015
6	555	382.504618396746	0.09884535526869
6	561	386.427732204567	1.0332329015826
6	567	389.757481291038	0.46387035086134
6	573	397.966499334736	0.48933052576119
6	579	405.237118680022	0.13961844481502
6	585	409.257357149089	0.48607525836551
6	591	409.743432407455	0.1350305422953
6	597	413.603534298119	1.1629740983934
6	603	423.078842484054	0.49099567506181
6	609	427.060368525976	2.646053106074
6	615	439.343261541745	2.0002451498645
6	621	447.314437481405	0.39119509643903
6	627	453.199605179339	2.6679279069788
6	633	455.867533086318	2.4530233783923
6	639	458.32055646471	0.79667162840722
6	645	461.798402476693	2.161597287783
6	651	468.001537013947	0.09110999382079
6	657	471.653829884771	0.045233009773964
6	663	480.352733509492	0.041037486044222
6	669	483.680801265029	1.4719628094993
6	675	490.252238159569	1.1580751050499
6	681	491.821332747213	1.3354938705879
6	687	495.56256390157	3.5778957949026
6	693	499.140459696473	1.1792368487103
6	699	501.101383128579	1.0088355404014
6	705	502.282044290427	1.1746394757291
6	711	508.456827168752	0.63476171712702
6	717	510.427411710425	1.3761512173554
6	725	511.80356292778	0.089196843186311
6	729	511.892759770966	1.6209772553723
6	735	514.39026058428	1.0857988809643
6	741	515.476059465244	5.8550551466624
6	749	521.331114611906	1.4482223835303
6	753	522.779336995436	1.3302421894519
6	759	524.109579184888	0.81943160516714
6	765	525.700870184651	2.7826443617166
6	771	529.272351495284	0.15105874779648
6	777	531.090756740727	1.4988679354077
6	783	532.589624676135	0.2203928979994
6	789	535.689816046058	1.3677772000004
6	795	537.057593246058	0.93909443731018
6	801	542.808593663199	0.38687144151994
6	807	554.269136078676	1.653765617696
6	813	562.357078170384	0.26607439419026
6	819	563.877755506501	1.6799624739007
6	825	571.544258899787	0.52932788111118
6	831	573.389244928568	0.21354188235565
6	837	587.583595759184	0.11752796773081
6	843	590.351748898091	0.11175039362613
6	849	591.237877564686	0.72057848177464
7	172	102.887571526575	25.827663541699
7	178	103.627620481621	25.990745096156
7	186	105.291962718567	26.898825072156
7	190	105.497173798954	27.04102007648
7	196	108.99004290776	26.760603710121
7	202	113.016399274569	25.907692849122
7	208	120.647738810746	24.414277562608
7	214	130.553653586762	22.739348515433
7	220	132.900217110159	23.688816341736
7	226	141.757580748566	22.432335421058
7	232	144.883128986798	22.16264540175
7	240	161.039101860966	20.855321301132
7	244	161.375499824111	21.020303648124
7	250	164.673169546098	21.851008803297
7	256	167.435441412809	21.703662150697
7	262	172.217044058363	21.174097945679
7	268	173.439828494233	21.390679993321
7	274	176.141614968673	21.649190032789
7	280	182.244541688821	20.960461942333
7	286	183.712727930908	21.493773071631
7	292	185.088178820025	21.932189245195
7	298	202.274041504859	20.335551496874
7	304	210.208032240264	19.66709828845
7	312	215.9003043397	20.455964583589
7	316	216.327838988366	20.613169645102
7	322	217.813434396373	20.659941607564
7	328	226.447658372424	20.686242122512
7	334	238.879298562094	20.031178040952
7	340	240.001202351303	20.020088331558
7	346	240.779159813342	20.193480823024
7	356	246.226453483716	20.209927262714
7	360	246.748194151395	20.378640658844
7	366	249.328029739194	21.202495147214
7	372	249.827488423689	21.360028244807
7	376	250.214965307391	21.481808215692
7	382	263.019295536891	20.626815348672
7	388	264.387942858471	20.751264096112
7	394	270.377736737319	20.665358502836
7	402	270.900998154003	20.795442068663
7	406	271.372362662183	20.933017675584
7	414	273.766114264504	21.142093396376
7	418	274.014558238931	21.21359241401
7	424	279.055393095319	20.841543621712
7	430	287.083534688775	20.336520480524
7	436	293.444117720704	20.022167798869
7	442	296.176457766209	19.962895457854
7	450	296.768790829148	19.972296098375
7	458	298.735575891305	20.499174399103
7	464	299.22280956768	20.628628031292
7	468	301.209692392691	21.152188925065
7	472	301.221894327596	21.15538290225
7	478	302.995007537062	21.297613077822
7	484	306.67246562518	21.159852611629
7	490	314.313291906463	21.296364122597
7	496	315.637704326035	21.207163361
7	502	327.827438364789	21.346189326768
7	508	331.291683352467	21.135930295124
7	514	338.172359381146	20.928468827089
7	520	347.776136374846	21.602289201505
7	526	354.673246697757	21.365049714802
7	532	356.87617781702	21.31865216786
7	538	369.504242978521	20.601997406672
7	544	375.999515791042	20.707427051009
7	550	378.951816397271	20.696844958459
7	556	382.603463752015	20.525144882947
7	562	387.46096510615	20.534493879161
7	568	390.221351641899	20.508108584525
7	574	398.455829860497	20.20709524282
7	580	405.376737124837	19.896545632429
7	588	409.743432407455	19.803134431444
7	592	409.87846294975	19.829554522342
7	598	414.766508396512	19.876254643381
7	604	423.569838159116	19.579071876279
7	610	429.70642163205	19.915247214705
7	616	441.34350669161	19.8433510378
7	622	447.705632577844	19.648744623845
7	630	455.867533086318	19.882193343567
7	636	458.32055646471	20.310999885149
7	640	459.117228093117	20.449278219315
7	646	463.959999764476	20.701732188574
7	652	468.092647007768	20.538427001947
7	658	471.699062894545	20.390988064873
7	664	480.393770995536	20.030471440872
7	670	485.152764074528	20.137389116777
7	676	491.410313264619	20.116626035137
7	682	493.156826617801	20.316188173904
7	690	499.140459696473	20.78945167982
7	694	500.319696545183	20.976148302061
7	700	502.11021866898	21.102266620468
7	706	503.456683766156	21.279144761067
7	712	509.091588885879	21.168300678634
7	722	511.80356292778	21.325015570037
7	726	511.892759770966	21.338724613806
7	730	513.513737026338	21.587029827641
7	738	515.476059465244	21.715492001316
7	746	521.331114611906	22.594703118041
7	750	522.779336995436	22.809134094201
7	756	524.109579184888	23.005052181842
7	760	524.929010790055	23.125243850399
7	766	528.483514546368	23.496240607427
7	772	529.42341024308	23.483059965013
7	780	532.589624676135	23.62488471459
7	784	532.810017574134	23.656476712559
7	792	537.057593246058	23.724058002701
7	796	537.996687683368	23.857200667833
7	802	543.195465104719	23.700091233939
7	808	555.922901696372	23.454976585467
7	814	562.623152564574	23.222944207815
7	820	565.557717980402	23.399490288418
7	826	572.073586780898	23.225500048514
7	832	573.602786810924	23.2008100584
7	838	587.701123726915	22.664244740718
7	844	590.463499291717	22.577140090616
7	850	591.958456046461	22.641850712966
8	173	102.887571526575	29
8	179	103.627620481621	30
8	187	105.291962718567	31
8	191	105.497173798954	32
8	197	108.99004290776	33
8	203	113.016399274569	34
8	209	120.647738810746	35
8	215	130.553653586762	36
8	221	132.900217110159	37
8	227	141.757580748566	38
8	233	144.883128986798	39
8	241	161.039101860966	40
8	245	161.375499824111	41
8	251	164.673169546098	42
8	257	167.435441412809	43
8	263	172.217044058363	44
8	269	173.439828494233	45
8	275	176.141614968673	46
8	281	182.244541688821	47
8	287	183.712727930908	48
8	293	185.088178820025	49
8	299	202.274041504859	50
8	305	210.208032240264	51
8	313	215.9003043397	52
8	317	216.327838988366	53
8	323	217.813434396373	54
8	329	226.447658372424	55
8	335	238.879298562094	56
8	341	240.001202351303	57
8	347	240.779159813342	58
8	357	246.226453483716	59
8	361	246.748194151395	60
8	367	249.328029739194	61
8	373	249.827488423689	62
8	377	250.214965307391	63
8	383	263.019295536891	64
8	389	264.387942858471	65
8	395	270.377736737319	66
8	403	270.900998154003	67
8	407	271.372362662183	68
8	415	273.766114264504	69
8	419	274.014558238931	70
8	425	279.055393095319	71
8	431	287.083534688775	72
8	437	293.444117720704	73
8	443	296.176457766209	74
8	451	296.768790829148	75
8	459	298.735575891305	76
8	465	299.22280956768	77
8	469	301.209692392691	78
8	473	301.221894327596	79
8	479	302.995007537062	80
8	485	306.67246562518	81
8	491	314.313291906463	82
8	497	315.637704326035	83
8	503	327.827438364789	84
8	509	331.291683352467	85
8	515	338.172359381146	86
8	521	347.776136374846	87
8	527	354.673246697757	88
8	533	356.87617781702	89
8	539	369.504242978521	90
8	545	375.999515791042	91
8	551	378.951816397271	92
8	557	382.603463752015	93
8	563	387.46096510615	94
8	569	390.221351641899	95
8	575	398.455829860497	96
8	581	405.376737124837	97
8	589	409.743432407455	98
8	593	409.87846294975	99
8	599	414.766508396512	100
8	605	423.569838159116	101
8	611	429.70642163205	102
8	617	441.34350669161	103
8	623	447.705632577844	104
8	631	455.867533086318	105
8	637	458.32055646471	106
8	641	459.117228093117	107
8	647	463.959999764476	108
8	653	468.092647007768	109
8	659	471.699062894545	110
8	665	480.393770995536	111
8	671	485.152764074528	112
8	677	491.410313264619	113
8	683	493.156826617801	114
8	691	499.140459696473	115
8	695	500.319696545183	116
8	701	502.11021866898	117
8	707	503.456683766156	118
8	713	509.091588885879	119
8	723	511.80356292778	120
8	727	511.892759770966	121
8	731	513.513737026338	122
8	739	515.476059465244	123
8	747	521.331114611906	124
8	751	522.779336995436	125
8	757	524.109579184888	126
8	761	524.929010790055	127
8	767	528.483514546368	128
8	773	529.42341024308	129
8	781	532.589624676135	130
8	785	532.810017574134	131
8	793	537.057593246058	132
8	797	537.996687683368	133
8	803	543.195465104719	134
8	809	555.922901696372	135
8	815	562.623152564574	136
8	821	565.557717980402	137
8	827	572.073586780898	138
8	833	573.602786810924	139
8	839	587.701123726915	140
8	845	590.463499291717	141
8	851	591.958456046461	142
9	173	102.887571526575	2.900923585469
9	179	103.627620481621	0.360134888481
9	187	105.291962718567	1.388710178117
9	191	105.497173798954	0.249056477789
9	197	108.99004290776	0.638881518943
9	203	113.016399274569	0.113548127156
9	209	120.647738810746	0.175332233073
9	215	130.553653586762	0.231776462459
9	221	132.900217110159	1.795438060269
9	227	141.757580748566	0.317047649302
9	233	144.883128986798	0.310398126008
9	241	161.039101860966	1.475287989257
9	245	161.375499824111	0.730598886918
9	251	164.673169546098	2.06112869748
9	257	167.435441412809	0.356873750578
9	263	172.217044058363	0.125783063307
9	269	173.439828494233	0.634553106095
9	275	176.141614968673	1.033274257225
9	281	182.244541688821	0.066064851273
9	287	183.712727930908	1.287499042509
9	293	185.088178820025	1.107092804119
9	299	202.274041504859	0.539652225737
9	305	210.208032240264	0.208278435881
9	313	215.9003043397	2.822669480679
9	317	216.327838988366	0.937475088213
9	323	217.813434396373	0.408103919466
9	329	226.447658372424	1.843382531958
9	335	238.879298562094	1.006826706272
9	341	240.001202351303	0.19811510958
9	347	240.779159813342	0.573240755215
9	357	246.226453483716	1.140493687874
9	361	246.748194151395	0.918037896656
9	367	249.328029739194	3.177608864956
9	373	249.827488423689	1.738364789791
9	377	250.214965307391	0.403914972002
9	383	263.019295536891	0.501805447477
9	389	264.387942858471	0.611335839067
9	395	270.377736737319	1.010688347782
9	403	270.900998154003	0.460531525924
9	407	271.372362662183	0.659605469485
9	415	273.766114264504	1.073462922706
9	419	274.014558238931	0.880066222163
9	425	279.055393095319	0.031119940842
9	431	287.083534688775	0.223350347494
9	437	293.444117720704	0.371071817755
9	443	296.176457766209	0.371522988693
9	451	296.768790829148	0.146144997323
9	459	298.735575891305	2.027297805014
9	465	299.22280956768	2.008043322679
9	469	301.209692392691	3.13234418418
9	473	301.221894327596	2.108055748144
9	479	302.995007537062	0.806059219947
9	485	306.67246562518	0.360737376376
9	491	314.313291906463	2.045861403385
9	497	315.637704326035	0.00050045521
9	503	327.827438364789	3.040862073112
9	509	331.291683352467	0.042913608476
9	515	338.172359381146	0.752717547996
9	521	347.776136374846	4.353309938599
9	527	354.673246697757	0.648508728564
9	533	356.87617781702	0.305075536685
9	539	369.504242978521	0.044063537216
9	545	375.999515791042	1.734570888598
9	551	378.951816397271	0.57124446243
9	557	382.603463752015	0.098845355269
9	563	387.46096510615	1.033232901583
9	569	390.221351641899	0.463870350861
9	575	398.455829860497	0.489330525761
9	581	405.376737124837	0.139618444815
9	589	409.743432407455	0.486075258366
9	593	409.87846294975	0.580708551049
9	599	414.766508396512	1.162974098393
9	605	423.569838159116	0.490995675062
9	611	429.70642163205	2.646053106074
9	617	441.34350669161	2.000245149865
9	623	447.705632577844	0.391195096439
9	631	455.867533086318	2.667927906979
9	637	458.32055646471	3.205737333223
9	641	459.117228093117	0.851404899093
9	647	463.959999764476	2.161597287783
9	653	468.092647007768	0.091109993821
9	659	471.699062894545	0.045233009774
9	665	480.393770995536	0.041037486044
9	671	485.152764074528	1.471962809499
9	677	491.410313264619	1.15807510505
9	683	493.156826617801	1.335493870588
9	691	499.140459696473	3.577895794903
9	695	500.319696545183	4.64132597843
9	701	502.11021866898	1.008835540401
9	707	503.456683766156	1.174639475729
9	713	509.091588885879	0.634761717127
9	723	511.80356292778	1.376151217355
9	727	511.892759770966	0.983584170782
9	731	513.513737026338	2.558875618686
9	739	515.476059465244	1.085798880964
9	747	521.331114611906	6.42968776804
9	751	522.779336995436	6.820854138688
9	757	524.109579184888	4.684488162256
9	761	524.929010790055	1.942089762272
9	767	528.483514546368	2.782644361717
9	773	529.42341024308	0.151058747796
9	781	532.589624676135	1.498867935408
9	785	532.810017574134	1.268840492352
9	793	537.057593246058	1.3677772
9	797	537.996687683368	1.58986441622
9	803	543.195465104719	0.38687144152
9	809	555.922901696372	1.653765617696
9	815	562.623152564574	0.26607439419
9	821	565.557717980402	1.679962473901
9	827	572.073586780898	0.529327881111
9	833	573.602786810924	0.213541882356
9	839	587.701123726915	0.117527967731
9	845	590.463499291717	0.111750393626
9	851	591.958456046461	0.720578481775

