version 3
run ParameterStudy-224-20251202-16:20:04-1436
attr configname ParameterStudy
attr datetime 20251202-16:20:04
attr datetimef 20251202-162004
attr experiment ParameterStudy
attr inifile omnetpp.ini
attr iterationvars $betaProducer=5.4s
attr iterationvarsd betaProducer=5.4s
attr iterationvarsf betaProducer=5.4s-
attr measurement $betaProducer=5.4s
attr network queue_sim
attr processid 1436
attr repetition 4
attr replication #4
attr resultdir results
attr runnumber 224
attr seedset 224
itervar betaProducer 5.4s
config description "Parameter study: β_producer = 1s to 10s (0.1s steps), β_service = 1s, 5 repetitions"
config *.serviceUnit.meanServiceTime 1s
config *.producer.warmupPeriod 100s
config *.queue.warmupPeriod 100s
config *.serviceUnit.warmupPeriod 100s
config *.sink.warmupPeriod 100s
config *.producer.meanInterArrivalTime 5.4s
config network queue_sim
config sim-time-limit 600s
config warmup-period 100s
config repeat 5
config **.vector-recording true
config **.scalar-recording true
config debug-on-errors true

vector 0 queue_sim.producer jobGenerated:vector ETV
attr recordingmode vector
attr title "Jobs Generated"
vector 1 queue_sim.producer interArrivalTime:vector ETV
attr recordingmode vector
attr title "Inter-arrival Time"
attr unit s
vector 2 queue_sim.queue queueLength:vector ETV
attr recordingmode vector
attr title "Queue Length"
vector 3 queue_sim.queue queueingDelay:vector ETV
attr recordingmode vector
attr title "Queueing Delay"
attr unit s
vector 4 queue_sim.queue queueUtilization:vector ETV
attr recordingmode vector
attr title "Queue Utilization"
vector 5 queue_sim.queue systemSize:vector ETV
attr recordingmode vector
attr title "System Size"
vector 6 queue_sim.serviceUnit serviceTime:vector ETV
attr recordingmode vector
attr title "Service Time"
attr unit s
vector 7 queue_sim.serviceUnit utilization:vector ETV
attr recordingmode vector
attr title "Server Utilization"
vector 8 queue_sim.sink jobCompleted:vector ETV
attr recordingmode vector
attr title "Jobs Completed"
vector 9 queue_sim.sink totalDelay:vector ETV
attr recordingmode vector
attr title "Total System Delay"
attr unit s
0	139	108.095758377052	24
0	145	109.977678923675	25
0	151	111.713482970005	26
0	157	118.296788051233	27
0	163	121.080807794182	28
0	169	121.88608785602	29
0	172	123.136696495667	30
0	181	130.904585526837	31
0	187	135.342159623188	32
0	193	137.649547024113	33
0	199	143.403021289807	34
0	205	150.198129757615	35
0	211	152.207374432938	36
0	217	177.006689998409	37
0	223	180.644056479167	38
0	226	180.794526000542	39
0	232	181.635021192834	40
0	241	190.853145463216	41
0	247	193.930768317205	42
0	253	195.217936379657	43
0	259	198.253708941948	44
0	265	207.589725718837	45
0	271	214.429459808991	46
0	277	216.136919598025	47
0	283	220.859094774454	48
0	289	232.962098696033	49
0	295	234.043025146328	50
0	301	264.967084986449	51
0	307	265.348330059115	52
0	313	275.288955406599	53
0	319	285.567113871268	54
0	325	287.379982069836	55
0	331	292.63645212848	56
0	337	305.670058022888	57
0	343	308.496982366474	58
0	349	312.380035937591	59
0	355	320.06924504303	60
0	361	321.919626865218	61
0	367	323.683443700444	62
0	373	329.393908184484	63
0	379	336.876578052972	64
0	382	337.209101506979	65
0	391	338.899611155753	66
0	397	342.482025678324	67
0	403	343.578447045798	68
0	409	346.846762045035	69
0	412	346.981048324875	70
0	418	353.619602817524	71
0	420	354.441957173273	72
0	433	363.482842470096	73
0	436	364.735847395461	74
0	445	367.991851780017	75
0	451	376.235673347514	76
0	454	379.42123964256	77
0	456	379.670154982675	78
0	469	386.106917040861	79
0	475	388.607664157897	80
0	481	400.232640858679	81
0	487	409.056554757558	82
0	493	412.194947773212	83
0	499	417.476872517256	84
0	505	425.588061512624	85
0	511	434.218008197024	86
0	517	441.938624884686	87
0	520	442.828019705858	88
0	529	458.411669378877	89
0	535	461.519024961674	90
0	541	463.404498662361	91
0	547	464.523808022756	92
0	553	476.588842189275	93
0	556	476.758843712387	94
0	558	476.813480742998	95
0	571	478.401405778373	96
0	577	488.474281345608	97
0	583	504.016542339657	98
0	589	512.943285728162	99
0	595	521.03233678058	100
0	601	522.533457435157	101
0	607	534.319523670089	102
0	613	538.311077147968	103
0	619	545.683235689016	104
0	622	545.939405540344	105
0	631	550.76018590895	106
0	634	550.867968877268	107
0	643	556.101863528026	108
0	649	557.49632245531	109
0	655	563.588045508353	110
0	661	567.182015558073	111
0	667	567.734755618368	112
0	673	572.629966564131	113
0	676	574.548206360138	114
0	678	574.868980297824	115
0	680	575.436756065258	116
0	697	583.185235045553	117
0	703	584.836764366182	118
0	709	589.536826984591	119
0	715	591.517674000074	120
0	718	592.447873135159	121
1	139	108.095758377052	1.8819205466226
1	145	109.977678923675	1.7358040463299
1	151	111.713482970005	6.583305081228
1	157	118.296788051233	2.784019742949
1	163	121.080807794182	0.80528006183776
1	169	121.88608785602	1.2506086396475
1	172	123.136696495667	7.7678890311698
1	181	130.904585526837	4.4375740963514
1	187	135.342159623188	2.3073874009253
1	193	137.649547024113	5.7534742656937
1	199	143.403021289807	6.7951084678076
1	205	150.198129757615	2.009244675323
1	211	152.207374432938	24.799315565471
1	217	177.006689998409	3.6373664807577
1	223	180.644056479167	0.15046952137547
1	226	180.794526000542	0.84049519229177
1	232	181.635021192834	9.2181242703816
1	241	190.853145463216	3.077622853989
1	247	193.930768317205	1.2871680624516
1	253	195.217936379657	3.0357725622905
1	259	198.253708941948	9.3360167768893
1	265	207.589725718837	6.8397340901544
1	271	214.429459808991	1.7074597890343
1	277	216.136919598025	4.7221751764294
1	283	220.859094774454	12.103003921579
1	289	232.962098696033	1.080926450295
1	295	234.043025146328	30.924059840121
1	301	264.967084986449	0.38124507266635
1	307	265.348330059115	9.9406253474841
1	313	275.288955406599	10.278158464669
1	319	285.567113871268	1.8128681985676
1	325	287.379982069836	5.2564700586435
1	331	292.63645212848	13.033605894408
1	337	305.670058022888	2.8269243435855
1	343	308.496982366474	3.8830535711174
1	349	312.380035937591	7.6892091054387
1	355	320.06924504303	1.850381822188
1	361	321.919626865218	1.763816835226
1	367	323.683443700444	5.7104644840403
1	373	329.393908184484	7.482669868488
1	379	336.876578052972	0.33252345400693
1	382	337.209101506979	1.6905096487737
1	391	338.899611155753	3.582414522571
1	397	342.482025678324	1.0964213674739
1	403	343.578447045798	3.2683149992369
1	409	346.846762045035	0.13428627983999
1	412	346.981048324875	6.6385544926486
1	418	353.619602817524	0.82235435574874
1	420	354.441957173273	9.0408852968231
1	433	363.482842470096	1.2530049253654
1	436	364.735847395461	3.2560043845561
1	445	367.991851780017	8.243821567497
1	451	376.235673347514	3.1855662950456
1	454	379.42123964256	0.24891534011453
1	456	379.670154982675	6.4367620581863
1	469	386.106917040861	2.500747117036
1	475	388.607664157897	11.624976700782
1	481	400.232640858679	8.8239138988794
1	487	409.056554757558	3.1383930156538
1	493	412.194947773212	5.2819247440441
1	499	417.476872517256	8.111188995368
1	505	425.588061512624	8.6299466844002
1	511	434.218008197024	7.7206166876622
1	517	441.938624884686	0.88939482117226
1	520	442.828019705858	15.583649673019
1	529	458.411669378877	3.1073555827974
1	535	461.519024961674	1.8854737006872
1	541	463.404498662361	1.119309360395
1	547	464.523808022756	12.065034166519
1	553	476.588842189275	0.17000152311158
1	556	476.758843712387	0.054637030610874
1	558	476.813480742998	1.5879250353752
1	571	478.401405778373	10.072875567235
1	577	488.474281345608	15.542260994049
1	583	504.016542339657	8.9267433885052
1	589	512.943285728162	8.0890510524183
1	595	521.03233678058	1.501120654577
1	601	522.533457435157	11.786066234932
1	607	534.319523670089	3.9915534778794
1	613	538.311077147968	7.3721585410481
1	619	545.683235689016	0.25616985132763
1	622	545.939405540344	4.820780368606
1	631	550.76018590895	0.10778296831795
1	634	550.867968877268	5.2338946507581
1	643	556.101863528026	1.3944589272843
1	649	557.49632245531	6.0917230530426
1	655	563.588045508353	3.5939700497199
1	661	567.182015558073	0.55274006029525
1	667	567.734755618368	4.8952109457629
1	673	572.629966564131	1.9182397960072
1	676	574.548206360138	0.3207739376856
1	678	574.868980297824	0.56777576743387
1	680	575.436756065258	7.7484789802946
1	697	583.185235045553	1.6515293206288
1	703	584.836764366182	4.7000626184093
1	709	589.536826984591	1.980847015483
1	715	591.517674000074	0.93019913508451
1	718	592.447873135159	11.571117777974
2	140	108.095758377052	1
2	140	108.095758377052	0
2	146	109.977678923675	1
2	146	109.977678923675	0
2	152	111.713482970005	1
2	152	111.713482970005	0
2	158	118.296788051233	1
2	158	118.296788051233	0
2	164	121.080807794182	1
2	164	121.080807794182	0
2	170	121.88608785602	1
2	170	121.88608785602	0
2	173	123.136696495667	1
2	176	123.449676047467	0
2	182	130.904585526837	1
2	182	130.904585526837	0
2	188	135.342159623188	1
2	188	135.342159623188	0
2	194	137.649547024113	1
2	194	137.649547024113	0
2	200	143.403021289807	1
2	200	143.403021289807	0
2	206	150.198129757615	1
2	206	150.198129757615	0
2	212	152.207374432938	1
2	212	152.207374432938	0
2	218	177.006689998409	1
2	218	177.006689998409	0
2	224	180.644056479167	1
2	224	180.644056479167	0
2	227	180.794526000542	1
2	230	181.084343428462	0
2	233	181.635021192834	1
2	236	181.651532930464	0
2	242	190.853145463216	1
2	242	190.853145463216	0
2	248	193.930768317205	1
2	248	193.930768317205	0
2	254	195.217936379657	1
2	254	195.217936379657	0
2	260	198.253708941948	1
2	260	198.253708941948	0
2	266	207.589725718837	1
2	266	207.589725718837	0
2	272	214.429459808991	1
2	272	214.429459808991	0
2	278	216.136919598025	1
2	278	216.136919598025	0
2	284	220.859094774454	1
2	284	220.859094774454	0
2	290	232.962098696033	1
2	290	232.962098696033	0
2	296	234.043025146328	1
2	296	234.043025146328	0
2	302	264.967084986449	1
2	302	264.967084986449	0
2	308	265.348330059115	1
2	308	265.348330059115	0
2	314	275.288955406599	1
2	314	275.288955406599	0
2	320	285.567113871268	1
2	320	285.567113871268	0
2	326	287.379982069836	1
2	326	287.379982069836	0
2	332	292.63645212848	1
2	332	292.63645212848	0
2	338	305.670058022888	1
2	338	305.670058022888	0
2	344	308.496982366474	1
2	344	308.496982366474	0
2	350	312.380035937591	1
2	350	312.380035937591	0
2	356	320.06924504303	1
2	356	320.06924504303	0
2	362	321.919626865218	1
2	362	321.919626865218	0
2	368	323.683443700444	1
2	368	323.683443700444	0
2	374	329.393908184484	1
2	374	329.393908184484	0
2	380	336.876578052972	1
2	380	336.876578052972	0
2	383	337.209101506979	1
2	386	337.344173423412	0
2	392	338.899611155753	1
2	392	338.899611155753	0
2	398	342.482025678324	1
2	398	342.482025678324	0
2	404	343.578447045798	1
2	404	343.578447045798	0
2	410	346.846762045035	1
2	410	346.846762045035	0
2	413	346.981048324875	1
2	416	352.140521977003	0
2	419	353.619602817524	1
2	421	354.441957173273	2
2	424	357.466301709547	1
2	428	361.862795575756	0
2	434	363.482842470096	1
2	434	363.482842470096	0
2	437	364.735847395461	1
2	440	365.574200241181	0
2	446	367.991851780017	1
2	446	367.991851780017	0
2	452	376.235673347514	1
2	452	376.235673347514	0
2	455	379.42123964256	1
2	457	379.670154982675	2
2	460	381.776312852405	1
2	464	381.91634382228	0
2	470	386.106917040861	1
2	470	386.106917040861	0
2	476	388.607664157897	1
2	476	388.607664157897	0
2	482	400.232640858679	1
2	482	400.232640858679	0
2	488	409.056554757558	1
2	488	409.056554757558	0
2	494	412.194947773212	1
2	494	412.194947773212	0
2	500	417.476872517256	1
2	500	417.476872517256	0
2	506	425.588061512624	1
2	506	425.588061512624	0
2	512	434.218008197024	1
2	512	434.218008197024	0
2	518	441.938624884686	1
2	518	441.938624884686	0
2	521	442.828019705858	1
2	524	446.854938880427	0
2	530	458.411669378877	1
2	530	458.411669378877	0
2	536	461.519024961674	1
2	536	461.519024961674	0
2	542	463.404498662361	1
2	542	463.404498662361	0
2	548	464.523808022756	1
2	548	464.523808022756	0
2	554	476.588842189275	1
2	554	476.588842189275	0
2	557	476.758843712387	1
2	559	476.813480742998	2
2	562	477.177822614346	1
2	566	477.204999940638	0
2	572	478.401405778373	1
2	572	478.401405778373	0
2	578	488.474281345608	1
2	578	488.474281345608	0
2	584	504.016542339657	1
2	584	504.016542339657	0
2	590	512.943285728162	1
2	590	512.943285728162	0
2	596	521.03233678058	1
2	596	521.03233678058	0
2	602	522.533457435157	1
2	602	522.533457435157	0
2	608	534.319523670089	1
2	608	534.319523670089	0
2	614	538.311077147968	1
2	614	538.311077147968	0
2	620	545.683235689016	1
2	620	545.683235689016	0
2	623	545.939405540344	1
2	626	546.418551183831	0
2	632	550.76018590895	1
2	632	550.76018590895	0
2	635	550.867968877268	1
2	638	552.411854398283	0
2	644	556.101863528026	1
2	644	556.101863528026	0
2	650	557.49632245531	1
2	650	557.49632245531	0
2	656	563.588045508353	1
2	656	563.588045508353	0
2	662	567.182015558073	1
2	662	567.182015558073	0
2	668	567.734755618368	1
2	668	567.734755618368	0
2	674	572.629966564131	1
2	674	572.629966564131	0
2	677	574.548206360138	1
2	679	574.868980297824	2
2	681	575.436756065258	3
2	684	575.712535067203	2
2	688	576.162814883039	1
2	692	577.018774320987	0
2	698	583.185235045553	1
2	698	583.185235045553	0
2	704	584.836764366182	1
2	704	584.836764366182	0
2	710	589.536826984591	1
2	710	589.536826984591	0
2	716	591.517674000074	1
2	716	591.517674000074	0
2	719	592.447873135159	1
2	722	592.494226317968	0
3	140	108.095758377052	0
3	146	109.977678923675	0
3	152	111.713482970005	0
3	158	118.296788051233	0
3	164	121.080807794182	0
3	170	121.88608785602	0
3	176	123.449676047467	0.3129795518
3	182	130.904585526837	0
3	188	135.342159623188	0
3	194	137.649547024113	0
3	200	143.403021289807	0
3	206	150.198129757615	0
3	212	152.207374432938	0
3	218	177.006689998409	0
3	224	180.644056479167	0
3	230	181.084343428462	0.28981742792
3	236	181.651532930464	0.01651173763
3	242	190.853145463216	0
3	248	193.930768317205	0
3	254	195.217936379657	0
3	260	198.253708941948	0
3	266	207.589725718837	0
3	272	214.429459808991	0
3	278	216.136919598025	0
3	284	220.859094774454	0
3	290	232.962098696033	0
3	296	234.043025146328	0
3	302	264.967084986449	0
3	308	265.348330059115	0
3	314	275.288955406599	0
3	320	285.567113871268	0
3	326	287.379982069836	0
3	332	292.63645212848	0
3	338	305.670058022888	0
3	344	308.496982366474	0
3	350	312.380035937591	0
3	356	320.06924504303	0
3	362	321.919626865218	0
3	368	323.683443700444	0
3	374	329.393908184484	0
3	380	336.876578052972	0
3	386	337.344173423412	0.135071916433
3	392	338.899611155753	0
3	398	342.482025678324	0
3	404	343.578447045798	0
3	410	346.846762045035	0
3	416	352.140521977003	5.159473652128
3	424	357.466301709547	3.846698892023
3	428	361.862795575756	7.420838402483
3	434	363.482842470096	0
3	440	365.574200241181	0.83835284572
3	446	367.991851780017	0
3	452	376.235673347514	0
3	460	381.776312852405	2.355073209845
3	464	381.91634382228	2.246188839605
3	470	386.106917040861	0
3	476	388.607664157897	0
3	482	400.232640858679	0
3	488	409.056554757558	0
3	494	412.194947773212	0
3	500	417.476872517256	0
3	506	425.588061512624	0
3	512	434.218008197024	0
3	518	441.938624884686	0
3	524	446.854938880427	4.026919174569
3	530	458.411669378877	0
3	536	461.519024961674	0
3	542	463.404498662361	0
3	548	464.523808022756	0
3	554	476.588842189275	0
3	562	477.177822614346	0.418978901959
3	566	477.204999940638	0.39151919764
3	572	478.401405778373	0
3	578	488.474281345608	0
3	584	504.016542339657	0
3	590	512.943285728162	0
3	596	521.03233678058	0
3	602	522.533457435157	0
3	608	534.319523670089	0
3	614	538.311077147968	0
3	620	545.683235689016	0
3	626	546.418551183831	0.479145643487
3	632	550.76018590895	0
3	638	552.411854398283	1.543885521015
3	644	556.101863528026	0
3	650	557.49632245531	0
3	656	563.588045508353	0
3	662	567.182015558073	0
3	668	567.734755618368	0
3	674	572.629966564131	0
3	684	575.712535067203	1.164328707065
3	688	576.162814883039	1.293834585215
3	692	577.018774320987	1.582018255729
3	698	583.185235045553	0
3	704	584.836764366182	0
3	710	589.536826984591	0
3	716	591.517674000074	0
3	722	592.494226317968	0.046353182809
4	727	600	0.053007063561126
5	140	108.095758377052	1
5	140	108.095758377052	1
5	144	108.503389419268	0
5	146	109.977678923675	1
5	146	109.977678923675	1
5	150	111.086701890085	0
5	152	111.713482970005	1
5	152	111.713482970005	1
5	156	112.006089486181	0
5	158	118.296788051233	1
5	158	118.296788051233	1
5	162	118.329495684313	0
5	164	121.080807794182	1
5	164	121.080807794182	1
5	168	121.627271883873	0
5	170	121.88608785602	1
5	170	121.88608785602	1
5	173	123.136696495667	2
5	176	123.449676047467	1
5	176	123.449676047467	1
5	180	123.735294165293	0
5	182	130.904585526837	1
5	182	130.904585526837	1
5	186	130.970536280286	0
5	188	135.342159623188	1
5	188	135.342159623188	1
5	192	135.722615887454	0
5	194	137.649547024113	1
5	194	137.649547024113	1
5	198	138.145734502396	0
5	200	143.403021289807	1
5	200	143.403021289807	1
5	204	143.489084387647	0
5	206	150.198129757615	1
5	206	150.198129757615	1
5	210	150.523013473452	0
5	212	152.207374432938	1
5	212	152.207374432938	1
5	216	152.86195507193	0
5	218	177.006689998409	1
5	218	177.006689998409	1
5	222	178.047123124204	0
5	224	180.644056479167	1
5	224	180.644056479167	1
5	227	180.794526000542	2
5	230	181.084343428462	1
5	230	181.084343428462	1
5	233	181.635021192834	2
5	236	181.651532930464	1
5	236	181.651532930464	1
5	240	183.01969205043	0
5	242	190.853145463216	1
5	242	190.853145463216	1
5	246	191.788527885963	0
5	248	193.930768317205	1
5	248	193.930768317205	1
5	252	194.923136100253	0
5	254	195.217936379657	1
5	254	195.217936379657	1
5	258	196.55900473096	0
5	260	198.253708941948	1
5	260	198.253708941948	1
5	264	198.378942684936	0
5	266	207.589725718837	1
5	266	207.589725718837	1
5	270	213.0965310094	0
5	272	214.429459808991	1
5	272	214.429459808991	1
5	276	214.98461194909	0
5	278	216.136919598025	1
5	278	216.136919598025	1
5	282	216.321252964842	0
5	284	220.859094774454	1
5	284	220.859094774454	1
5	288	221.597010370633	0
5	290	232.962098696033	1
5	290	232.962098696033	1
5	294	233.502250042762	0
5	296	234.043025146328	1
5	296	234.043025146328	1
5	300	235.164850567849	0
5	302	264.967084986449	1
5	302	264.967084986449	1
5	306	265.204214961825	0
5	308	265.348330059115	1
5	308	265.348330059115	1
5	312	265.819853168066	0
5	314	275.288955406599	1
5	314	275.288955406599	1
5	318	275.805743937847	0
5	320	285.567113871268	1
5	320	285.567113871268	1
5	324	285.684599774508	0
5	326	287.379982069836	1
5	326	287.379982069836	1
5	330	291.594429015805	0
5	332	292.63645212848	1
5	332	292.63645212848	1
5	336	293.657923261228	0
5	338	305.670058022888	1
5	338	305.670058022888	1
5	342	307.840738356137	0
5	344	308.496982366474	1
5	344	308.496982366474	1
5	348	312.281792091159	0
5	350	312.380035937591	1
5	350	312.380035937591	1
5	354	312.426049213542	0
5	356	320.06924504303	1
5	356	320.06924504303	1
5	360	320.675451796534	0
5	362	321.919626865218	1
5	362	321.919626865218	1
5	366	322.039765715235	0
5	368	323.683443700444	1
5	368	323.683443700444	1
5	372	324.583564252735	0
5	374	329.393908184484	1
5	374	329.393908184484	1
5	378	330.675990787384	0
5	380	336.876578052972	1
5	380	336.876578052972	1
5	383	337.209101506979	2
5	386	337.344173423412	1
5	386	337.344173423412	1
5	390	338.265542596091	0
5	392	338.899611155753	1
5	392	338.899611155753	1
5	396	340.099001338385	0
5	398	342.482025678324	1
5	398	342.482025678324	1
5	402	343.486587825681	0
5	404	343.578447045798	1
5	404	343.578447045798	1
5	408	343.662323124589	0
5	410	346.846762045035	1
5	410	346.846762045035	1
5	413	346.981048324875	2
5	416	352.140521977003	1
5	416	352.140521977003	1
5	419	353.619602817524	2
5	421	354.441957173273	3
5	424	357.466301709547	2
5	424	357.466301709547	2
5	428	361.862795575756	1
5	428	361.862795575756	1
5	432	361.886959587076	0
5	434	363.482842470096	1
5	434	363.482842470096	1
5	437	364.735847395461	2
5	440	365.574200241181	1
5	440	365.574200241181	1
5	444	365.639552732418	0
5	446	367.991851780017	1
5	446	367.991851780017	1
5	450	368.940391411766	0
5	452	376.235673347514	1
5	452	376.235673347514	1
5	455	379.42123964256	2
5	457	379.670154982675	3
5	460	381.776312852405	2
5	460	381.776312852405	2
5	464	381.91634382228	1
5	464	381.91634382228	1
5	468	381.918349285083	0
5	470	386.106917040861	1
5	470	386.106917040861	1
5	474	386.132382990637	0
5	476	388.607664157897	1
5	476	388.607664157897	1
5	480	389.209884444305	0
5	482	400.232640858679	1
5	482	400.232640858679	1
5	486	401.040272389344	0
5	488	409.056554757558	1
5	488	409.056554757558	1
5	492	410.204988345536	0
5	494	412.194947773212	1
5	494	412.194947773212	1
5	498	412.70369945822	0
5	500	417.476872517256	1
5	500	417.476872517256	1
5	504	417.723940789657	0
5	506	425.588061512624	1
5	506	425.588061512624	1
5	510	426.346337968988	0
5	512	434.218008197024	1
5	512	434.218008197024	1
5	516	434.360960680934	0
5	518	441.938624884686	1
5	518	441.938624884686	1
5	521	442.828019705858	2
5	524	446.854938880427	1
5	524	446.854938880427	1
5	528	448.824250993429	0
5	530	458.411669378877	1
5	530	458.411669378877	1
5	534	461.44023712709	0
5	536	461.519024961674	1
5	536	461.519024961674	1
5	540	462.01826787318	0
5	542	463.404498662361	1
5	542	463.404498662361	1
5	546	463.898754163522	0
5	548	464.523808022756	1
5	548	464.523808022756	1
5	552	466.868792149523	0
5	554	476.588842189275	1
5	554	476.588842189275	1
5	557	476.758843712387	2
5	559	476.813480742998	3
5	562	477.177822614346	2
5	562	477.177822614346	2
5	566	477.204999940638	1
5	566	477.204999940638	1
5	570	477.621941975525	0
5	572	478.401405778373	1
5	572	478.401405778373	1
5	576	479.818199004132	0
5	578	488.474281345608	1
5	578	488.474281345608	1
5	582	489.245317010014	0
5	584	504.016542339657	1
5	584	504.016542339657	1
5	588	504.394129590723	0
5	590	512.943285728162	1
5	590	512.943285728162	1
5	594	513.568019679503	0
5	596	521.03233678058	1
5	596	521.03233678058	1
5	600	521.491516858963	0
5	602	522.533457435157	1
5	602	522.533457435157	1
5	606	522.630003467881	0
5	608	534.319523670089	1
5	608	534.319523670089	1
5	612	534.486599928942	0
5	614	538.311077147968	1
5	614	538.311077147968	1
5	618	538.424909228572	0
5	620	545.683235689016	1
5	620	545.683235689016	1
5	623	545.939405540344	2
5	626	546.418551183831	1
5	626	546.418551183831	1
5	630	547.142828707687	0
5	632	550.76018590895	1
5	632	550.76018590895	1
5	635	550.867968877268	2
5	638	552.411854398283	1
5	638	552.411854398283	1
5	642	553.196613331303	0
5	644	556.101863528026	1
5	644	556.101863528026	1
5	648	557.078572108208	0
5	650	557.49632245531	1
5	650	557.49632245531	1
5	654	557.722229394023	0
5	656	563.588045508353	1
5	656	563.588045508353	1
5	660	563.88674498415	0
5	662	567.182015558073	1
5	662	567.182015558073	1
5	666	567.238589301188	0
5	668	567.734755618368	1
5	668	567.734755618368	1
5	672	567.938184059875	0
5	674	572.629966564131	1
5	674	572.629966564131	1
5	677	574.548206360138	2
5	679	574.868980297824	3
5	681	575.436756065258	4
5	684	575.712535067203	3
5	684	575.712535067203	3
5	688	576.162814883039	2
5	688	576.162814883039	2
5	692	577.018774320987	1
5	692	577.018774320987	1
5	696	578.06112824888	0
5	698	583.185235045553	1
5	698	583.185235045553	1
5	702	584.771174435114	0
5	704	584.836764366182	1
5	704	584.836764366182	1
5	708	586.221283535062	0
5	710	589.536826984591	1
5	710	589.536826984591	1
5	714	589.952732392671	0
5	716	591.517674000074	1
5	716	591.517674000074	1
5	719	592.447873135159	2
5	722	592.494226317968	1
5	722	592.494226317968	1
5	726	592.846345748055	0
6	141	108.095758377052	0.40763104221572
6	147	109.977678923675	1.1090229664103
6	153	111.713482970005	0.2926065161762
6	159	118.296788051233	0.032707633079657
6	165	121.080807794182	0.54646408969117
6	171	121.88608785602	1.5635881914474
6	177	123.449676047467	0.28561811782586
6	183	130.904585526837	0.065950753449204
6	189	135.342159623188	0.38045626426638
6	195	137.649547024113	0.49618747828333
6	201	143.403021289807	0.086063097839588
6	207	150.198129757615	0.32488371583717
6	213	152.207374432938	0.65458063899177
6	219	177.006689998409	1.0404331257952
6	225	180.644056479167	0.44028694929527
6	231	181.084343428462	0.56718950200225
6	237	181.651532930464	1.3681591199656
6	243	190.853145463216	0.93538242274676
6	249	193.930768317205	0.99236778304764
6	255	195.217936379657	1.3410683513031
6	261	198.253708941948	0.12523374298796
6	267	207.589725718837	5.5068052905634
6	273	214.429459808991	0.55515214009941
6	279	216.136919598025	0.18433336681722
6	285	220.859094774454	0.73791559617881
6	291	232.962098696033	0.54015134672943
6	297	234.043025146328	1.1218254215206
6	303	264.967084986449	0.23712997537565
6	309	265.348330059115	0.47152310895071
6	315	275.288955406599	0.51678853124764
6	321	285.567113871268	0.11748590324025
6	327	287.379982069836	4.2144469459686
6	333	292.63645212848	1.0214711327481
6	339	305.670058022888	2.1706803332494
6	345	308.496982366474	3.784809724685
6	351	312.380035937591	0.046013275951028
6	357	320.06924504303	0.60620675350364
6	363	321.919626865218	0.12013885001666
6	369	323.683443700444	0.90012055229123
6	375	329.393908184484	1.2820826029003
6	381	336.876578052972	0.46759537043965
6	387	337.344173423412	0.92136917267884
6	393	338.899611155753	1.1993901826325
6	399	342.482025678324	1.0045621473574
6	405	343.578447045798	0.083876078791172
6	411	346.846762045035	5.2937599319675
6	417	352.140521977003	5.3257797325438
6	425	357.466301709547	4.3964938662093
6	429	361.862795575756	0.024164011319534
6	435	363.482842470096	2.0913577710847
6	441	365.574200241181	0.065352491236987
6	447	367.991851780017	0.94853963174913
6	453	376.235673347514	5.5406395048911
6	461	381.776312852405	0.14003096987462
6	465	381.91634382228	0.0020054628031833
6	471	386.106917040861	0.025465949776327
6	477	388.607664157897	0.60222028640812
6	483	400.232640858679	0.80763153066462
6	489	409.056554757558	1.1484335879778
6	495	412.194947773212	0.50875168500773
6	501	417.476872517256	0.24706827240065
6	507	425.588061512624	0.75827645636382
6	513	434.218008197024	0.14295248390989
6	519	441.938624884686	4.9163139957414
6	525	446.854938880427	1.9693121130025
6	531	458.411669378877	3.0285677482129
6	537	461.519024961674	0.49924291150611
6	543	463.404498662361	0.49425550116115
6	549	464.523808022756	2.3449841267671
6	555	476.588842189275	0.58898042507058
6	563	477.177822614346	0.027177326292404
6	567	477.204999940638	0.41694203488688
6	573	478.401405778373	1.416793225759
6	579	488.474281345608	0.77103566440578
6	585	504.016542339657	0.37758725106564
6	591	512.943285728162	0.62473395134072
6	597	521.03233678058	0.45918007838256
6	603	522.533457435157	0.096546032723538
6	609	534.319523670089	0.16707625885286
6	615	538.311077147968	0.11383208060357
6	621	545.683235689016	0.73531549481545
6	627	546.418551183831	0.72427752385561
6	633	550.76018590895	1.6516684893326
6	639	552.411854398283	0.78475893302027
6	645	556.101863528026	0.97670858018163
6	651	557.49632245531	0.22590693871339
6	657	563.588045508353	0.29869947579702
6	663	567.182015558073	0.056573743114726
6	669	567.734755618368	0.2034284415067
6	675	572.629966564131	3.0825685030717
6	685	575.712535067203	0.45027981583594
6	689	576.162814883039	0.85595943794789
6	693	577.018774320987	1.0423539278931
6	699	583.185235045553	1.5859393895609
6	705	584.836764366182	1.3845191688805
6	711	589.536826984591	0.41590540808021
6	717	591.517674000074	0.97655231789353
6	723	592.494226317968	0.35211943008729
7	142	108.503389419268	21.474356977481
7	148	111.086701890085	21.973312491645
7	154	112.006089486181	22.054188993174
7	160	118.329495684313	20.903277030957
7	166	121.627271883873	20.785804030904
7	174	123.449676047467	21.745536669567
7	178	123.735294165293	21.926171408254
7	184	130.970536280286	20.765253176055
7	190	135.722615887454	20.3185147358
7	196	138.145734502396	20.321298582477
7	202	143.489084387647	19.624538274252
7	208	150.523013473452	18.923321652665
7	214	152.86195507193	19.061992649607
7	220	178.047123124204	16.949988989488
7	228	181.084343428462	16.908836034764
7	234	181.651532930464	17.168280230747
7	238	183.01969205043	17.787486675447
7	244	191.788527885963	17.461933791773
7	250	194.923136100253	17.6902312535
7	256	196.55900473096	18.225276396289
7	262	198.378942684936	18.121205381205
7	268	213.0965310094	19.453841285542
7	274	214.98461194909	19.541218642017
7	280	216.321252964842	19.505686961483
7	286	221.597010370633	19.374296593105
7	292	233.502250042762	18.617813476927
7	298	235.164850567849	18.963224602327
7	304	265.204214961825	16.904696926004
7	310	265.819853168066	17.042930143593
7	316	275.805743937847	16.613243712868
7	322	285.684599774508	16.079888924353
7	328	291.594429015805	17.199304332723
7	334	293.657923261228	17.426291049167
7	340	307.840738356137	17.328559246105
7	346	312.281792091159	18.294109967737
7	352	312.426049213542	18.300390724221
7	358	320.675451796534	18.018652241735
7	364	322.039765715235	17.979622238654
7	370	324.583564252735	18.116029387228
7	376	330.675990787384	18.169972469417
7	384	337.344173423412	17.949422764589
7	388	338.265542596091	18.172912487737
7	394	340.099001338385	18.427602247627
7	400	343.486587825681	18.538323072592
7	406	343.662323124589	18.553249847474
7	414	352.140521977003	19.60986738624
7	422	357.466301709547	20.807575077632
7	426	361.862795575756	21.769732598876
7	430	361.886959587076	21.774956210882
7	438	365.574200241181	22.127405243777
7	442	365.639552732418	22.141323781934
7	448	368.940391411766	22.200327961824
7	458	381.776312852405	22.905196953837
7	462	381.91634382228	22.933464034357
7	466	381.918349285083	22.933868712665
7	472	386.132382990637	22.690176380912
7	478	389.209884444305	22.665492983754
7	484	401.040272389344	22.198262047618
7	490	410.204988345536	21.982278795081
7	496	412.70369945822	21.972460138713
7	502	417.723940789657	21.767539575291
7	508	426.346337968988	21.505169018219
7	514	434.360960680934	21.141276813453
7	522	446.854938880427	21.650374348611
7	526	448.824250993429	21.994150039214
7	532	461.44023712709	22.049149323764
7	538	462.01826787318	22.129620611377
7	544	463.898754163522	22.146458556889
7	550	466.868792149523	22.507850434746
7	560	477.177822614346	22.145016989608
7	564	477.204999940638	22.149450912717
7	568	477.621941975525	22.217410869119
7	574	479.818199004132	22.410992892456
7	580	489.245317010014	22.136759285059
7	586	504.394129590723	21.546770474745
7	592	513.568019679503	21.28352528854
7	598	521.491516858963	21.048196542459
7	604	522.630003467881	21.020818690942
7	610	534.486599928942	20.585769919569
7	616	538.424909228572	20.4563369757
7	624	546.418551183831	20.29164805029
7	628	547.142828707687	20.397161573911
7	636	552.411854398283	20.501601187445
7	640	553.196613331303	20.614376784992
7	646	557.078572108208	20.646053998963
7	652	557.722229394023	20.662732033836
7	658	563.88674498415	20.489814711262
7	664	567.238589301188	20.378712794231
7	670	567.938184059875	20.389428755337
7	682	575.712535067203	20.649527789496
7	686	576.162814883039	20.711541364636
7	690	577.018774320987	20.829159209166
7	694	578.06112824888	20.971919261417
7	700	584.771174435114	21.002480603835
7	706	586.221283535062	21.186704601967
7	712	589.952732392671	21.123196863434
7	720	592.494226317968	21.197409831806
7	724	592.846345748055	21.244214409988
8	143	108.503389419268	24
8	149	111.086701890085	25
8	155	112.006089486181	26
8	161	118.329495684313	27
8	167	121.627271883873	28
8	175	123.449676047467	29
8	179	123.735294165293	30
8	185	130.970536280286	31
8	191	135.722615887454	32
8	197	138.145734502396	33
8	203	143.489084387647	34
8	209	150.523013473452	35
8	215	152.86195507193	36
8	221	178.047123124204	37
8	229	181.084343428462	38
8	235	181.651532930464	39
8	239	183.01969205043	40
8	245	191.788527885963	41
8	251	194.923136100253	42
8	257	196.55900473096	43
8	263	198.378942684936	44
8	269	213.0965310094	45
8	275	214.98461194909	46
8	281	216.321252964842	47
8	287	221.597010370633	48
8	293	233.502250042762	49
8	299	235.164850567849	50
8	305	265.204214961825	51
8	311	265.819853168066	52
8	317	275.805743937847	53
8	323	285.684599774508	54
8	329	291.594429015805	55
8	335	293.657923261228	56
8	341	307.840738356137	57
8	347	312.281792091159	58
8	353	312.426049213542	59
8	359	320.675451796534	60
8	365	322.039765715235	61
8	371	324.583564252735	62
8	377	330.675990787384	63
8	385	337.344173423412	64
8	389	338.265542596091	65
8	395	340.099001338385	66
8	401	343.486587825681	67
8	407	343.662323124589	68
8	415	352.140521977003	69
8	423	357.466301709547	70
8	427	361.862795575756	71
8	431	361.886959587076	72
8	439	365.574200241181	73
8	443	365.639552732418	74
8	449	368.940391411766	75
8	459	381.776312852405	76
8	463	381.91634382228	77
8	467	381.918349285083	78
8	473	386.132382990637	79
8	479	389.209884444305	80
8	485	401.040272389344	81
8	491	410.204988345536	82
8	497	412.70369945822	83
8	503	417.723940789657	84
8	509	426.346337968988	85
8	515	434.360960680934	86
8	523	446.854938880427	87
8	527	448.824250993429	88
8	533	461.44023712709	89
8	539	462.01826787318	90
8	545	463.898754163522	91
8	551	466.868792149523	92
8	561	477.177822614346	93
8	565	477.204999940638	94
8	569	477.621941975525	95
8	575	479.818199004132	96
8	581	489.245317010014	97
8	587	504.394129590723	98
8	593	513.568019679503	99
8	599	521.491516858963	100
8	605	522.630003467881	101
8	611	534.486599928942	102
8	617	538.424909228572	103
8	625	546.418551183831	104
8	629	547.142828707687	105
8	637	552.411854398283	106
8	641	553.196613331303	107
8	647	557.078572108208	108
8	653	557.722229394023	109
8	659	563.88674498415	110
8	665	567.238589301188	111
8	671	567.938184059875	112
8	683	575.712535067203	113
8	687	576.162814883039	114
8	691	577.018774320987	115
8	695	578.06112824888	116
8	701	584.771174435114	117
8	707	586.221283535062	118
8	713	589.952732392671	119
8	721	592.494226317968	120
8	725	592.846345748055	121
9	143	108.503389419268	0.407631042216
9	149	111.086701890085	1.10902296641
9	155	112.006089486181	0.292606516176
9	161	118.329495684313	0.03270763308
9	167	121.627271883873	0.546464089691
9	175	123.449676047467	1.563588191447
9	179	123.735294165293	0.598597669626
9	185	130.970536280286	0.065950753449
9	191	135.722615887454	0.380456264266
9	197	138.145734502396	0.496187478283
9	203	143.489084387647	0.08606309784
9	209	150.523013473452	0.324883715837
9	215	152.86195507193	0.654580638992
9	221	178.047123124204	1.040433125795
9	229	181.084343428462	0.440286949295
9	235	181.651532930464	0.857006929922
9	239	183.01969205043	1.384670857596
9	245	191.788527885963	0.935382422747
9	251	194.923136100253	0.992367783048
9	257	196.55900473096	1.341068351303
9	263	198.378942684936	0.125233742988
9	269	213.0965310094	5.506805290563
9	275	214.98461194909	0.555152140099
9	281	216.321252964842	0.184333366817
9	287	221.597010370633	0.737915596179
9	293	233.502250042762	0.540151346729
9	299	235.164850567849	1.121825421521
9	305	265.204214961825	0.237129975376
9	311	265.819853168066	0.471523108951
9	317	275.805743937847	0.516788531248
9	323	285.684599774508	0.11748590324
9	329	291.594429015805	4.214446945969
9	335	293.657923261228	1.021471132748
9	341	307.840738356137	2.170680333249
9	347	312.281792091159	3.784809724685
9	353	312.426049213542	0.046013275951
9	359	320.675451796534	0.606206753504
9	365	322.039765715235	0.120138850017
9	371	324.583564252735	0.900120552291
9	377	330.675990787384	1.2820826029
9	385	337.344173423412	0.46759537044
9	389	338.265542596091	1.056441089112
9	395	340.099001338385	1.199390182632
9	401	343.486587825681	1.004562147357
9	407	343.662323124589	0.083876078791
9	415	352.140521977003	5.293759931968
9	423	357.466301709547	10.485253384672
9	427	361.862795575756	8.243192758232
9	431	361.886959587076	7.445002413803
9	439	365.574200241181	2.091357771085
9	443	365.639552732418	0.903705336957
9	449	368.940391411766	0.948539631749
9	459	381.776312852405	5.540639504891
9	463	381.91634382228	2.49510417972
9	467	381.918349285083	2.248194302408
9	473	386.132382990637	0.025465949776
9	479	389.209884444305	0.602220286408
9	485	401.040272389344	0.807631530665
9	491	410.204988345536	1.148433587978
9	497	412.70369945822	0.508751685008
9	503	417.723940789657	0.247068272401
9	509	426.346337968988	0.758276456364
9	515	434.360960680934	0.14295248391
9	523	446.854938880427	4.916313995741
9	527	448.824250993429	5.996231287571
9	533	461.44023712709	3.028567748213
9	539	462.01826787318	0.499242911506
9	545	463.898754163522	0.494255501161
9	551	466.868792149523	2.344984126767
9	561	477.177822614346	0.588980425071
9	565	477.204999940638	0.446156228251
9	569	477.621941975525	0.808461232527
9	575	479.818199004132	1.416793225759
9	581	489.245317010014	0.771035664406
9	587	504.394129590723	0.377587251066
9	593	513.568019679503	0.624733951341
9	599	521.491516858963	0.459180078383
9	605	522.630003467881	0.096546032724
9	611	534.486599928942	0.167076258853
9	617	538.424909228572	0.113832080604
9	625	546.418551183831	0.735315494815
9	629	547.142828707687	1.203423167343
9	637	552.411854398283	1.651668489333
9	641	553.196613331303	2.328644454035
9	647	557.078572108208	0.976708580182
9	653	557.722229394023	0.225906938713
9	659	563.88674498415	0.298699475797
9	665	567.238589301188	0.056573743115
9	671	567.938184059875	0.203428441507
9	683	575.712535067203	3.082568503072
9	687	576.162814883039	1.614608522901
9	691	577.018774320987	2.149794023163
9	695	578.06112824888	2.624372183622
9	701	584.771174435114	1.585939389561
9	707	586.221283535062	1.38451916888
9	713	589.952732392671	0.41590540808
9	721	592.494226317968	0.976552317894
9	725	592.846345748055	0.398472612896

