version 3
run ParameterStudy-229-20251202-16:20:04-1436
attr configname ParameterStudy
attr datetime 20251202-16:20:04
attr datetimef 20251202-162004
attr experiment ParameterStudy
attr inifile omnetpp.ini
attr iterationvars $betaProducer=5.5s
attr iterationvarsd betaProducer=5.5s
attr iterationvarsf betaProducer=5.5s-
attr measurement $betaProducer=5.5s
attr network queue_sim
attr processid 1436
attr repetition 4
attr replication #4
attr resultdir results
attr runnumber 229
attr seedset 229
itervar betaProducer 5.5s
config description "Parameter study: β_producer = 1s to 10s (0.1s steps), β_service = 1s, 5 repetitions"
config *.serviceUnit.meanServiceTime 1s
config *.producer.warmupPeriod 100s
config *.queue.warmupPeriod 100s
config *.serviceUnit.warmupPeriod 100s
config *.sink.warmupPeriod 100s
config *.producer.meanInterArrivalTime 5.5s
config network queue_sim
config sim-time-limit 600s
config warmup-period 100s
config repeat 5
config **.vector-recording true
config **.scalar-recording true
config debug-on-errors true

vector 0 queue_sim.producer jobGenerated:vector ETV
attr recordingmode vector
attr title "Jobs Generated"
vector 1 queue_sim.producer interArrivalTime:vector ETV
attr recordingmode vector
attr title "Inter-arrival Time"
attr unit s
vector 2 queue_sim.queue queueLength:vector ETV
attr recordingmode vector
attr title "Queue Length"
vector 3 queue_sim.queue queueingDelay:vector ETV
attr recordingmode vector
attr title "Queueing Delay"
attr unit s
vector 4 queue_sim.queue queueUtilization:vector ETV
attr recordingmode vector
attr title "Queue Utilization"
vector 5 queue_sim.queue systemSize:vector ETV
attr recordingmode vector
attr title "System Size"
vector 6 queue_sim.serviceUnit serviceTime:vector ETV
attr recordingmode vector
attr title "Service Time"
attr unit s
vector 7 queue_sim.serviceUnit utilization:vector ETV
attr recordingmode vector
attr title "Server Utilization"
vector 8 queue_sim.sink jobCompleted:vector ETV
attr recordingmode vector
attr title "Jobs Completed"
vector 9 queue_sim.sink totalDelay:vector ETV
attr recordingmode vector
attr title "Total System Delay"
attr unit s
0	115	106.11683548074	20
0	121	112.205075853582	21
0	127	129.330340941147	22
0	133	131.412291546624	23
0	136	131.429902163747	24
0	145	140.940644748317	25
0	151	142.914800579752	26
0	157	145.218342729468	27
0	163	155.935615254028	28
0	169	162.499597754349	29
0	175	172.908418040448	30
0	181	187.647649075019	31
0	187	188.305276387892	32
0	193	196.621984109427	33
0	199	200.292807294619	34
0	205	208.255407349939	35
0	211	215.174887186284	36
0	217	220.09582040651	37
0	223	221.696926519573	38
0	229	234.409224472934	39
0	235	237.10624198109	40
0	238	237.396868338109	41
0	247	239.498911906701	42
0	253	253.071566152722	43
0	259	254.903952008866	44
0	265	261.408964611226	45
0	271	265.850236200463	46
0	274	266.181638557063	47
0	283	269.277813682452	48
0	289	274.402732188659	49
0	295	293.86957167644	50
0	301	294.586701205812	51
0	307	296.245446271208	52
0	313	304.373486785012	53
0	319	321.717120704305	54
0	325	332.603124824023	55
0	328	332.981733865795	56
0	330	333.746110743033	57
0	343	338.60875024849	58
0	349	340.440907484792	59
0	355	341.964202716554	60
0	361	347.057558878055	61
0	364	348.161979888436	62
0	373	350.785754668036	63
0	379	356.218334975402	64
0	385	365.331147234256	65
0	391	370.639356088082	66
0	394	371.83636939397	67
0	403	376.934624787833	68
0	409	377.878789655774	69
0	415	380.290753512765	70
0	421	393.708036022166	71
0	427	394.013247297491	72
0	433	395.528473298813	73
0	439	398.509990293873	74
0	445	407.06888235627	75
0	451	414.595175576408	76
0	457	418.929072390373	77
0	460	419.126563203997	78
0	462	419.286863983296	79
0	475	429.282149672766	80
0	481	435.948886714807	81
0	487	440.965188251104	82
0	493	445.430976975133	83
0	499	458.306109837323	84
0	502	459.755887036284	85
0	511	468.064425674744	86
0	517	472.842253057622	87
0	523	475.287897328165	88
0	529	482.130270347481	89
0	535	486.155579006676	90
0	541	498.439418562445	91
0	544	499.476932542979	92
0	553	500.940435163423	93
0	559	511.81654051231	94
0	565	513.613030279589	95
0	568	514.129390637878	96
0	570	516.140744686983	97
0	576	519.123824050692	98
0	589	522.250392089114	99
0	595	526.231690531087	100
0	601	528.418365226188	101
0	607	531.012029002876	102
0	613	532.004377375063	103
0	619	556.804777893389	104
0	625	569.87689949725	105
0	631	575.786723795696	106
0	634	578.985091298349	107
0	643	581.668729050482	108
0	649	583.84834531138	109
0	655	588.260379969113	110
1	115	106.11683548074	6.0882403728424
1	121	112.205075853582	17.125265087565
1	127	129.330340941147	2.0819506054768
1	133	131.412291546624	0.017610617122637
1	136	131.429902163747	9.5107425845705
1	145	140.940644748317	1.9741558314354
1	151	142.914800579752	2.3035421497162
1	157	145.218342729468	10.71727252456
1	163	155.935615254028	6.563982500321
1	169	162.499597754349	10.408820286099
1	175	172.908418040448	14.739231034571
1	181	187.647649075019	0.65762731287261
1	187	188.305276387892	8.3167077215347
1	193	196.621984109427	3.670823185192
1	199	200.292807294619	7.9626000553199
1	205	208.255407349939	6.919479836345
1	211	215.174887186284	4.9209332202259
1	217	220.09582040651	1.6011061130635
1	223	221.696926519573	12.712297953361
1	229	234.409224472934	2.6970175081561
1	235	237.10624198109	0.2906263570192
1	238	237.396868338109	2.1020435685922
1	247	239.498911906701	13.572654246021
1	253	253.071566152722	1.8323858561441
1	259	254.903952008866	6.5050126023598
1	265	261.408964611226	4.441271589237
1	271	265.850236200463	0.33140235659983
1	274	266.181638557063	3.0961751253885
1	283	269.277813682452	5.1249185062066
1	289	274.402732188659	19.466839487781
1	295	293.86957167644	0.71712952937182
1	301	294.586701205812	1.6587450653959
1	307	296.245446271208	8.1280405138043
1	313	304.373486785012	17.343633919293
1	319	321.717120704305	10.886004119718
1	325	332.603124824023	0.37860904177186
1	328	332.981733865795	0.76437687723767
1	330	333.746110743033	4.8626395054571
1	343	338.60875024849	1.8321572363015
1	349	340.440907484792	1.5232952317624
1	355	341.964202716554	5.0933561615009
1	361	347.057558878055	1.1044210103813
1	364	348.161979888436	2.6237747795997
1	373	350.785754668036	5.4325803073655
1	379	356.218334975402	9.1128122588537
1	385	365.331147234256	5.3082088538255
1	391	370.639356088082	1.1970133058885
1	394	371.83636939397	5.0982553938629
1	403	376.934624787833	0.94416486794085
1	409	377.878789655774	2.4119638569909
1	415	380.290753512765	13.417282509401
1	421	393.708036022166	0.30521127532525
1	427	394.013247297491	1.5152260013222
1	433	395.528473298813	2.9815169950602
1	439	398.509990293873	8.5588920623967
1	445	407.06888235627	7.5262932201381
1	451	414.595175576408	4.3338968139652
1	457	418.929072390373	0.19749081362389
1	460	419.126563203997	0.16030077929861
1	462	419.286863983296	9.99528568947
1	475	429.282149672766	6.6667370420413
1	481	435.948886714807	5.0163015362971
1	487	440.965188251104	4.4657887240294
1	493	445.430976975133	12.87513286219
1	499	458.306109837323	1.4497771989612
1	502	459.755887036284	8.3085386384597
1	511	468.064425674744	4.777827382878
1	517	472.842253057622	2.4456442705431
1	523	475.287897328165	6.8423730193159
1	529	482.130270347481	4.0253086591945
1	535	486.155579006676	12.283839555769
1	541	498.439418562445	1.0375139805337
1	544	499.476932542979	1.463502620444
1	553	500.940435163423	10.876105348887
1	559	511.81654051231	1.7964897672788
1	565	513.613030279589	0.51636035828894
1	568	514.129390637878	2.0113540491055
1	570	516.140744686983	2.9830793637088
1	576	519.123824050692	3.1265680384219
1	589	522.250392089114	3.981298441973
1	595	526.231690531087	2.1866746951011
1	601	528.418365226188	2.5936637766875
1	607	531.012029002876	0.99234837218705
1	613	532.004377375063	24.800400518326
1	619	556.804777893389	13.072121603861
1	625	569.87689949725	5.9098242984461
1	631	575.786723795696	3.1983675026527
1	634	578.985091298349	2.6836377521328
1	643	581.668729050482	2.1796162608984
1	649	583.84834531138	4.4120346577331
1	655	588.260379969113	19.814515867118
2	116	106.11683548074	1
2	116	106.11683548074	0
2	122	112.205075853582	1
2	122	112.205075853582	0
2	128	129.330340941147	1
2	128	129.330340941147	0
2	134	131.412291546624	1
2	134	131.412291546624	0
2	137	131.429902163747	1
2	140	132.52985582784	0
2	146	140.940644748317	1
2	146	140.940644748317	0
2	152	142.914800579752	1
2	152	142.914800579752	0
2	158	145.218342729468	1
2	158	145.218342729468	0
2	164	155.935615254028	1
2	164	155.935615254028	0
2	170	162.499597754349	1
2	170	162.499597754349	0
2	176	172.908418040448	1
2	176	172.908418040448	0
2	182	187.647649075019	1
2	182	187.647649075019	0
2	188	188.305276387892	1
2	188	188.305276387892	0
2	194	196.621984109427	1
2	194	196.621984109427	0
2	200	200.292807294619	1
2	200	200.292807294619	0
2	206	208.255407349939	1
2	206	208.255407349939	0
2	212	215.174887186284	1
2	212	215.174887186284	0
2	218	220.09582040651	1
2	218	220.09582040651	0
2	224	221.696926519573	1
2	224	221.696926519573	0
2	230	234.409224472934	1
2	230	234.409224472934	0
2	236	237.10624198109	1
2	236	237.10624198109	0
2	239	237.396868338109	1
2	242	237.658065310391	0
2	248	239.498911906701	1
2	248	239.498911906701	0
2	254	253.071566152722	1
2	254	253.071566152722	0
2	260	254.903952008866	1
2	260	254.903952008866	0
2	266	261.408964611226	1
2	266	261.408964611226	0
2	272	265.850236200463	1
2	272	265.850236200463	0
2	275	266.181638557063	1
2	278	266.198447477796	0
2	284	269.277813682452	1
2	284	269.277813682452	0
2	290	274.402732188659	1
2	290	274.402732188659	0
2	296	293.86957167644	1
2	296	293.86957167644	0
2	302	294.586701205812	1
2	302	294.586701205812	0
2	308	296.245446271208	1
2	308	296.245446271208	0
2	314	304.373486785012	1
2	314	304.373486785012	0
2	320	321.717120704305	1
2	320	321.717120704305	0
2	326	332.603124824023	1
2	326	332.603124824023	0
2	329	332.981733865795	1
2	331	333.746110743033	2
2	334	333.9288523105	1
2	338	334.714298446587	0
2	344	338.60875024849	1
2	344	338.60875024849	0
2	350	340.440907484792	1
2	350	340.440907484792	0
2	356	341.964202716554	1
2	356	341.964202716554	0
2	362	347.057558878055	1
2	362	347.057558878055	0
2	365	348.161979888436	1
2	368	348.581503809615	0
2	374	350.785754668036	1
2	374	350.785754668036	0
2	380	356.218334975402	1
2	380	356.218334975402	0
2	386	365.331147234256	1
2	386	365.331147234256	0
2	392	370.639356088082	1
2	392	370.639356088082	0
2	395	371.83636939397	1
2	398	374.984904892298	0
2	404	376.934624787833	1
2	404	376.934624787833	0
2	410	377.878789655774	1
2	410	377.878789655774	0
2	416	380.290753512765	1
2	416	380.290753512765	0
2	422	393.708036022166	1
2	422	393.708036022166	0
2	428	394.013247297491	1
2	428	394.013247297491	0
2	434	395.528473298813	1
2	434	395.528473298813	0
2	440	398.509990293873	1
2	440	398.509990293873	0
2	446	407.06888235627	1
2	446	407.06888235627	0
2	452	414.595175576408	1
2	452	414.595175576408	0
2	458	418.929072390373	1
2	458	418.929072390373	0
2	461	419.126563203997	1
2	463	419.286863983296	2
2	466	419.499948615331	1
2	470	420.302816021556	0
2	476	429.282149672766	1
2	476	429.282149672766	0
2	482	435.948886714807	1
2	482	435.948886714807	0
2	488	440.965188251104	1
2	488	440.965188251104	0
2	494	445.430976975133	1
2	494	445.430976975133	0
2	500	458.306109837323	1
2	500	458.306109837323	0
2	503	459.755887036284	1
2	506	460.675685948983	0
2	512	468.064425674744	1
2	512	468.064425674744	0
2	518	472.842253057622	1
2	518	472.842253057622	0
2	524	475.287897328165	1
2	524	475.287897328165	0
2	530	482.130270347481	1
2	530	482.130270347481	0
2	536	486.155579006676	1
2	536	486.155579006676	0
2	542	498.439418562445	1
2	542	498.439418562445	0
2	545	499.476932542979	1
2	548	500.495810857861	0
2	554	500.940435163423	1
2	554	500.940435163423	0
2	560	511.81654051231	1
2	560	511.81654051231	0
2	566	513.613030279589	1
2	566	513.613030279589	0
2	569	514.129390637878	1
2	571	516.140744686983	2
2	574	516.584819158596	1
2	577	519.123824050692	2
2	580	519.741721293025	1
2	584	519.81929491794	0
2	590	522.250392089114	1
2	590	522.250392089114	0
2	596	526.231690531087	1
2	596	526.231690531087	0
2	602	528.418365226188	1
2	602	528.418365226188	0
2	608	531.012029002876	1
2	608	531.012029002876	0
2	614	532.004377375063	1
2	614	532.004377375063	0
2	620	556.804777893389	1
2	620	556.804777893389	0
2	626	569.87689949725	1
2	626	569.87689949725	0
2	632	575.786723795696	1
2	632	575.786723795696	0
2	635	578.985091298349	1
2	638	579.034007655412	0
2	644	581.668729050482	1
2	644	581.668729050482	0
2	650	583.84834531138	1
2	650	583.84834531138	0
2	656	588.260379969113	1
2	656	588.260379969113	0
3	116	106.11683548074	0
3	122	112.205075853582	0
3	128	129.330340941147	0
3	134	131.412291546624	0
3	140	132.52985582784	1.099953664093
3	146	140.940644748317	0
3	152	142.914800579752	0
3	158	145.218342729468	0
3	164	155.935615254028	0
3	170	162.499597754349	0
3	176	172.908418040448	0
3	182	187.647649075019	0
3	188	188.305276387892	0
3	194	196.621984109427	0
3	200	200.292807294619	0
3	206	208.255407349939	0
3	212	215.174887186284	0
3	218	220.09582040651	0
3	224	221.696926519573	0
3	230	234.409224472934	0
3	236	237.10624198109	0
3	242	237.658065310391	0.261196972282
3	248	239.498911906701	0
3	254	253.071566152722	0
3	260	254.903952008866	0
3	266	261.408964611226	0
3	272	265.850236200463	0
3	278	266.198447477796	0.016808920733
3	284	269.277813682452	0
3	290	274.402732188659	0
3	296	293.86957167644	0
3	302	294.586701205812	0
3	308	296.245446271208	0
3	314	304.373486785012	0
3	320	321.717120704305	0
3	326	332.603124824023	0
3	334	333.9288523105	0.947118444705
3	338	334.714298446587	0.968187703554
3	344	338.60875024849	0
3	350	340.440907484792	0
3	356	341.964202716554	0
3	362	347.057558878055	0
3	368	348.581503809615	0.419523921179
3	374	350.785754668036	0
3	380	356.218334975402	0
3	386	365.331147234256	0
3	392	370.639356088082	0
3	398	374.984904892298	3.148535498328
3	404	376.934624787833	0
3	410	377.878789655774	0
3	416	380.290753512765	0
3	422	393.708036022166	0
3	428	394.013247297491	0
3	434	395.528473298813	0
3	440	398.509990293873	0
3	446	407.06888235627	0
3	452	414.595175576408	0
3	458	418.929072390373	0
3	466	419.499948615331	0.373385411334
3	470	420.302816021556	1.01595203826
3	476	429.282149672766	0
3	482	435.948886714807	0
3	488	440.965188251104	0
3	494	445.430976975133	0
3	500	458.306109837323	0
3	506	460.675685948983	0.919798912699
3	512	468.064425674744	0
3	518	472.842253057622	0
3	524	475.287897328165	0
3	530	482.130270347481	0
3	536	486.155579006676	0
3	542	498.439418562445	0
3	548	500.495810857861	1.018878314882
3	554	500.940435163423	0
3	560	511.81654051231	0
3	566	513.613030279589	0
3	574	516.584819158596	2.455428520718
3	580	519.741721293025	3.600976606042
3	584	519.81929491794	0.695470867248
3	590	522.250392089114	0
3	596	526.231690531087	0
3	602	528.418365226188	0
3	608	531.012029002876	0
3	614	532.004377375063	0
3	620	556.804777893389	0
3	626	569.87689949725	0
3	632	575.786723795696	0
3	638	579.034007655412	0.048916357063
3	644	581.668729050482	0
3	650	583.84834531138	0
3	656	588.260379969113	0
4	661	600	0.031064668479344
5	116	106.11683548074	1
5	116	106.11683548074	1
5	120	108.243863136196	0
5	122	112.205075853582	1
5	122	112.205075853582	1
5	126	112.630688495388	0
5	128	129.330340941147	1
5	128	129.330340941147	1
5	132	130.366806875636	0
5	134	131.412291546624	1
5	134	131.412291546624	1
5	137	131.429902163747	2
5	140	132.52985582784	1
5	140	132.52985582784	1
5	144	133.879775239721	0
5	146	140.940644748317	1
5	146	140.940644748317	1
5	150	140.957143521165	0
5	152	142.914800579752	1
5	152	142.914800579752	1
5	156	143.187040452446	0
5	158	145.218342729468	1
5	158	145.218342729468	1
5	162	145.900960328543	0
5	164	155.935615254028	1
5	164	155.935615254028	1
5	168	156.433544325535	0
5	170	162.499597754349	1
5	170	162.499597754349	1
5	174	163.052085941069	0
5	176	172.908418040448	1
5	176	172.908418040448	1
5	180	173.069971209979	0
5	182	187.647649075019	1
5	182	187.647649075019	1
5	186	187.766454237184	0
5	188	188.305276387892	1
5	188	188.305276387892	1
5	192	188.350083956891	0
5	194	196.621984109427	1
5	194	196.621984109427	1
5	198	196.742394642377	0
5	200	200.292807294619	1
5	200	200.292807294619	1
5	204	203.936345131437	0
5	206	208.255407349939	1
5	206	208.255407349939	1
5	210	210.267704942339	0
5	212	215.174887186284	1
5	212	215.174887186284	1
5	216	216.760050055315	0
5	218	220.09582040651	1
5	218	220.09582040651	1
5	222	220.257117177609	0
5	224	221.696926519573	1
5	224	221.696926519573	1
5	228	224.166396003616	0
5	230	234.409224472934	1
5	230	234.409224472934	1
5	234	235.896799636008	0
5	236	237.10624198109	1
5	236	237.10624198109	1
5	239	237.396868338109	2
5	242	237.658065310391	1
5	242	237.658065310391	1
5	246	237.762715179504	0
5	248	239.498911906701	1
5	248	239.498911906701	1
5	252	239.77867331479	0
5	254	253.071566152722	1
5	254	253.071566152722	1
5	258	253.920881654922	0
5	260	254.903952008866	1
5	260	254.903952008866	1
5	264	255.817872479479	0
5	266	261.408964611226	1
5	266	261.408964611226	1
5	270	261.878821938908	0
5	272	265.850236200463	1
5	272	265.850236200463	1
5	275	266.181638557063	2
5	278	266.198447477796	1
5	278	266.198447477796	1
5	282	266.526677938325	0
5	284	269.277813682452	1
5	284	269.277813682452	1
5	288	269.44355254844	0
5	290	274.402732188659	1
5	290	274.402732188659	1
5	294	274.471351268429	0
5	296	293.86957167644	1
5	296	293.86957167644	1
5	300	294.067101899432	0
5	302	294.586701205812	1
5	302	294.586701205812	1
5	306	295.007007735318	0
5	308	296.245446271208	1
5	308	296.245446271208	1
5	312	298.410185616509	0
5	314	304.373486785012	1
5	314	304.373486785012	1
5	318	305.621263637241	0
5	320	321.717120704305	1
5	320	321.717120704305	1
5	324	321.987626856319	0
5	326	332.603124824023	1
5	326	332.603124824023	1
5	329	332.981733865795	2
5	331	333.746110743033	3
5	334	333.9288523105	2
5	334	333.9288523105	2
5	338	334.714298446587	1
5	338	334.714298446587	1
5	342	336.794649816177	0
5	344	338.60875024849	1
5	344	338.60875024849	1
5	348	339.622061986804	0
5	350	340.440907484792	1
5	350	340.440907484792	1
5	354	341.089741071236	0
5	356	341.964202716554	1
5	356	341.964202716554	1
5	360	342.545158310983	0
5	362	347.057558878055	1
5	362	347.057558878055	1
5	365	348.161979888436	2
5	368	348.581503809615	1
5	368	348.581503809615	1
5	372	348.871114227442	0
5	374	350.785754668036	1
5	374	350.785754668036	1
5	378	352.506410463678	0
5	380	356.218334975402	1
5	380	356.218334975402	1
5	384	356.785222846535	0
5	386	365.331147234256	1
5	386	365.331147234256	1
5	390	365.832470222526	0
5	392	370.639356088082	1
5	392	370.639356088082	1
5	395	371.83636939397	2
5	398	374.984904892298	1
5	398	374.984904892298	1
5	402	375.170370641619	0
5	404	376.934624787833	1
5	404	376.934624787833	1
5	408	377.179559741477	0
5	410	377.878789655774	1
5	410	377.878789655774	1
5	414	379.128394369441	0
5	416	380.290753512765	1
5	416	380.290753512765	1
5	420	380.9150931655	0
5	422	393.708036022166	1
5	422	393.708036022166	1
5	426	393.881473147145	0
5	428	394.013247297491	1
5	428	394.013247297491	1
5	432	395.236456382108	0
5	434	395.528473298813	1
5	434	395.528473298813	1
5	438	396.29684881957	0
5	440	398.509990293873	1
5	440	398.509990293873	1
5	444	400.783885566156	0
5	446	407.06888235627	1
5	446	407.06888235627	1
5	450	407.338442885097	0
5	452	414.595175576408	1
5	452	414.595175576408	1
5	456	416.054975202829	0
5	458	418.929072390373	1
5	458	418.929072390373	1
5	461	419.126563203997	2
5	463	419.286863983296	3
5	466	419.499948615331	2
5	466	419.499948615331	2
5	470	420.302816021556	1
5	470	420.302816021556	1
5	474	421.122072131817	0
5	476	429.282149672766	1
5	476	429.282149672766	1
5	480	430.71418278303	0
5	482	435.948886714807	1
5	482	435.948886714807	1
5	486	437.090282416993	0
5	488	440.965188251104	1
5	488	440.965188251104	1
5	492	441.354892744193	0
5	494	445.430976975133	1
5	494	445.430976975133	1
5	498	446.214511870967	0
5	500	458.306109837323	1
5	500	458.306109837323	1
5	503	459.755887036284	2
5	506	460.675685948983	1
5	506	460.675685948983	1
5	510	462.524493730912	0
5	512	468.064425674744	1
5	512	468.064425674744	1
5	516	468.234879258283	0
5	518	472.842253057622	1
5	518	472.842253057622	1
5	522	473.521504536126	0
5	524	475.287897328165	1
5	524	475.287897328165	1
5	528	475.850232697149	0
5	530	482.130270347481	1
5	530	482.130270347481	1
5	534	482.485990800256	0
5	536	486.155579006676	1
5	536	486.155579006676	1
5	540	486.49290791985	0
5	542	498.439418562445	1
5	542	498.439418562445	1
5	545	499.476932542979	2
5	548	500.495810857861	1
5	548	500.495810857861	1
5	552	500.737731233046	0
5	554	500.940435163423	1
5	554	500.940435163423	1
5	558	500.963932282473	0
5	560	511.81654051231	1
5	560	511.81654051231	1
5	564	512.419149063577	0
5	566	513.613030279589	1
5	566	513.613030279589	1
5	569	514.129390637878	2
5	571	516.140744686983	3
5	574	516.584819158596	2
5	574	516.584819158596	2
5	577	519.123824050692	3
5	580	519.741721293025	2
5	580	519.741721293025	2
5	584	519.81929491794	1
5	584	519.81929491794	1
5	588	521.835196545456	0
5	590	522.250392089114	1
5	590	522.250392089114	1
5	594	525.277482541279	0
5	596	526.231690531087	1
5	596	526.231690531087	1
5	600	526.36318100087	0
5	602	528.418365226188	1
5	602	528.418365226188	1
5	606	528.906026725485	0
5	608	531.012029002876	1
5	608	531.012029002876	1
5	612	531.169725300779	0
5	614	532.004377375063	1
5	614	532.004377375063	1
5	618	532.426006432948	0
5	620	556.804777893389	1
5	620	556.804777893389	1
5	624	559.088234533289	0
5	626	569.87689949725	1
5	626	569.87689949725	1
5	630	570.702683611681	0
5	632	575.786723795696	1
5	632	575.786723795696	1
5	635	578.985091298349	2
5	638	579.034007655412	1
5	638	579.034007655412	1
5	642	579.471499684305	0
5	644	581.668729050482	1
5	644	581.668729050482	1
5	648	582.092033063268	0
5	650	583.84834531138	1
5	650	583.84834531138	1
5	654	585.773750183726	0
5	656	588.260379969113	1
5	656	588.260379969113	1
5	660	588.424763502819	0
6	117	106.11683548074	2.1270276554558
6	123	112.205075853582	0.42561264180621
6	129	129.330340941147	1.0364659344887
6	135	131.412291546624	1.1175642812161
6	141	132.52985582784	1.349919411881
6	147	140.940644748317	0.016498772848325
6	153	142.914800579752	0.27223987269388
6	159	145.218342729468	0.68261759907474
6	165	155.935615254028	0.49792907150666
6	171	162.499597754349	0.55248818671989
6	177	172.908418040448	0.16155316953116
6	183	187.647649075019	0.11880516216536
6	189	188.305276387892	0.044807568998776
6	195	196.621984109427	0.1204105329501
6	201	200.292807294619	3.6435378368181
6	207	208.255407349939	2.0122975924
6	213	215.174887186284	1.5851628690306
6	219	220.09582040651	0.16129677109916
6	225	221.696926519573	2.4694694840435
6	231	234.409224472934	1.4875751630744
6	237	237.10624198109	0.55182332930106
6	243	237.658065310391	0.10464986911313
6	249	239.498911906701	0.27976140808878
6	255	253.071566152722	0.84931550220018
6	261	254.903952008866	0.91392047061254
6	267	261.408964611226	0.46985732768174
6	273	265.850236200463	0.3482112773334
6	279	266.198447477796	0.32823046052927
6	285	269.277813682452	0.16573886598756
6	291	274.402732188659	0.068619079769638
6	297	293.86957167644	0.19753022299195
6	303	294.586701205812	0.42030652950568
6	309	296.245446271208	2.1647393453009
6	315	304.373486785012	1.2477768522286
6	321	321.717120704305	0.27050615201359
6	327	332.603124824023	1.3257274864766
6	335	333.9288523105	0.7854461360867
6	339	334.714298446587	2.0803513695901
6	345	338.60875024849	1.0133117383135
6	351	340.440907484792	0.64883358644391
6	357	341.964202716554	0.58095559442943
6	363	347.057558878055	1.5239449315602
6	369	348.581503809615	0.28961041782692
6	375	350.785754668036	1.7206557956424
6	381	356.218334975402	0.56688787113304
6	387	365.331147234256	0.50132298827041
6	393	370.639356088082	4.3455488042163
6	399	374.984904892298	0.18546574932099
6	405	376.934624787833	0.24493495364448
6	411	377.878789655774	1.2496047136674
6	417	380.290753512765	0.6243396527349
6	423	393.708036022166	0.17343712497941
6	429	394.013247297491	1.2232090846166
6	435	395.528473298813	0.76837552075716
6	441	398.509990293873	2.273895272283
6	447	407.06888235627	0.26956052882661
6	453	414.595175576408	1.4597996264214
6	459	418.929072390373	0.57087622495755
6	467	419.499948615331	0.80286740622474
6	471	420.302816021556	0.81925611026056
6	477	429.282149672766	1.4320331102643
6	483	435.948886714807	1.1413957021861
6	489	440.965188251104	0.38970449308922
6	495	445.430976975133	0.78353489583359
6	501	458.306109837323	2.3695761116601
6	507	460.675685948983	1.8488077819292
6	513	468.064425674744	0.17045358353914
6	519	472.842253057622	0.67925147850449
6	525	475.287897328165	0.56233536898353
6	531	482.130270347481	0.35572045277473
6	537	486.155579006676	0.33732891317388
6	543	498.439418562445	2.0563922954159
6	549	500.495810857861	0.24192037518509
6	555	500.940435163423	0.023497119050199
6	561	511.81654051231	0.60260855126674
6	567	513.613030279589	2.9717888790072
6	575	516.584819158596	3.1569021344287
6	581	519.741721293025	0.077573624915345
6	585	519.81929491794	2.0159016275156
6	591	522.250392089114	3.0270904521645
6	597	526.231690531087	0.13149046978346
6	603	528.418365226188	0.48766149929711
6	609	531.012029002876	0.15769629790317
6	615	532.004377375063	0.42162905788529
6	621	556.804777893389	2.2834566398998
6	627	569.87689949725	0.82578411443101
6	633	575.786723795696	3.2472838597163
6	639	579.034007655412	0.43749202889282
6	645	581.668729050482	0.42330401278552
6	651	583.84834531138	1.9254048723462
6	657	588.260379969113	0.16438353370582
7	118	108.243863136196	19.680184587066
7	124	112.630688495388	19.291549222901
7	130	130.366806875636	17.462014443129
7	138	132.52985582784	18.020267793778
7	142	133.879775239721	18.846875335416
7	148	140.957143521165	17.91229055931
7	154	143.187040452446	17.823465659788
7	160	145.900960328543	17.959793084554
7	166	156.433544325535	17.068870855042
7	172	163.052085941069	16.714859969016
7	178	173.069971209979	15.840691957982
7	184	187.766454237184	14.66411361133
7	190	188.350083956891	14.64246426809
7	196	196.742394642377	14.079072446793
7	202	203.936345131437	15.369031984893
7	208	210.267704942339	15.863272828141
7	214	216.760050055315	16.119438321124
7	220	220.257117177609	15.936737842754
7	226	224.166396003616	16.760437558197
7	232	235.896799636008	16.557598090346
7	240	237.658065310391	16.667083134455
7	244	237.762715179504	16.703761630645
7	250	239.77867331479	16.679998285634
7	256	253.920881654922	16.085480577344
7	262	255.817872479479	16.323454716553
7	268	261.878821938908	16.125080900421
7	276	266.198447477796	15.994226705474
7	280	266.526677938325	16.097680715665
7	286	269.44355254844	15.984926005912
7	292	274.471351268429	15.717112690624
7	298	294.067101899432	14.7369432097
7	304	295.007007735318	14.832464038988
7	310	298.410185616509	15.388733325327
7	316	305.621263637241	15.433914502871
7	322	321.987626856319	14.733432817761
7	332	333.9288523105	14.603577328955
7	336	334.714298446587	14.803969993786
7	340	336.794649816177	15.330218489134
7	346	339.622061986804	15.500956300328
7	352	341.089741071236	15.624480769758
7	358	342.545158310983	15.727694666994
7	366	348.581503809615	15.892524681269
7	370	348.871114227442	15.962345311513
7	376	352.506410463678	16.285850707009
7	382	356.785222846535	16.24942735838
7	388	365.832470222526	15.984605894765
7	396	374.984904892298	16.753321689686
7	400	375.170370641619	16.794474746482
7	406	377.179559741477	16.769951200613
7	412	379.128394369441	17.013347926177
7	418	380.9150931655	17.09745128042
7	424	393.881473147145	16.578644605181
7	430	395.236456382108	16.831296204877
7	436	396.29684881957	16.980148695234
7	442	400.783885566156	17.357406817418
7	448	407.338442885097	17.144281671666
7	454	416.054975202829	17.135968533212
7	464	419.499948615331	17.131331265663
7	468	420.302816021556	17.289627976006
7	472	421.122072131817	17.450533761161
7	478	430.71418278303	17.394384832939
7	484	437.090282416993	17.401777446278
7	490	441.354892744193	17.321929344264
7	496	446.214511870967	17.308876228743
7	504	460.675685948983	17.279899094764
7	508	462.524493730912	17.610548754076
7	514	468.234879258283	17.432181724878
7	520	473.521504536126	17.381007143634
7	526	475.850232697149	17.414122386653
7	532	482.485990800256	17.24834791862
7	538	486.49290791985	17.175623715108
7	546	500.495810857861	17.105954076553
7	550	500.737731233046	17.146002503982
7	556	500.963932282473	17.142950923307
7	562	512.419149063577	16.877318063535
7	572	516.584819158596	17.316497730349
7	578	519.741721293025	17.818715878524
7	582	519.81929491794	17.830979948311
7	586	521.835196545456	18.148407102229
7	592	525.277482541279	18.605759731243
7	598	526.36318100087	18.592363661845
7	604	528.906026725485	18.595178221344
7	610	531.169725300779	18.54561920583
7	616	532.426006432948	18.581050221723
7	622	559.088234533289	18.10336795465
7	628	570.702683611681	17.879639842833
7	636	579.034007655412	18.183192501799
7	640	579.471499684305	18.244962927315
7	646	582.092033063268	18.235546661916
7	652	585.773750183726	18.449626522697
7	658	588.424763502819	18.394442148606
8	119	108.243863136196	20
8	125	112.630688495388	21
8	131	130.366806875636	22
8	139	132.52985582784	23
8	143	133.879775239721	24
8	149	140.957143521165	25
8	155	143.187040452446	26
8	161	145.900960328543	27
8	167	156.433544325535	28
8	173	163.052085941069	29
8	179	173.069971209979	30
8	185	187.766454237184	31
8	191	188.350083956891	32
8	197	196.742394642377	33
8	203	203.936345131437	34
8	209	210.267704942339	35
8	215	216.760050055315	36
8	221	220.257117177609	37
8	227	224.166396003616	38
8	233	235.896799636008	39
8	241	237.658065310391	40
8	245	237.762715179504	41
8	251	239.77867331479	42
8	257	253.920881654922	43
8	263	255.817872479479	44
8	269	261.878821938908	45
8	277	266.198447477796	46
8	281	266.526677938325	47
8	287	269.44355254844	48
8	293	274.471351268429	49
8	299	294.067101899432	50
8	305	295.007007735318	51
8	311	298.410185616509	52
8	317	305.621263637241	53
8	323	321.987626856319	54
8	333	333.9288523105	55
8	337	334.714298446587	56
8	341	336.794649816177	57
8	347	339.622061986804	58
8	353	341.089741071236	59
8	359	342.545158310983	60
8	367	348.581503809615	61
8	371	348.871114227442	62
8	377	352.506410463678	63
8	383	356.785222846535	64
8	389	365.832470222526	65
8	397	374.984904892298	66
8	401	375.170370641619	67
8	407	377.179559741477	68
8	413	379.128394369441	69
8	419	380.9150931655	70
8	425	393.881473147145	71
8	431	395.236456382108	72
8	437	396.29684881957	73
8	443	400.783885566156	74
8	449	407.338442885097	75
8	455	416.054975202829	76
8	465	419.499948615331	77
8	469	420.302816021556	78
8	473	421.122072131817	79
8	479	430.71418278303	80
8	485	437.090282416993	81
8	491	441.354892744193	82
8	497	446.214511870967	83
8	505	460.675685948983	84
8	509	462.524493730912	85
8	515	468.234879258283	86
8	521	473.521504536126	87
8	527	475.850232697149	88
8	533	482.485990800256	89
8	539	486.49290791985	90
8	547	500.495810857861	91
8	551	500.737731233046	92
8	557	500.963932282473	93
8	563	512.419149063577	94
8	573	516.584819158596	95
8	579	519.741721293025	96
8	583	519.81929491794	97
8	587	521.835196545456	98
8	593	525.277482541279	99
8	599	526.36318100087	100
8	605	528.906026725485	101
8	611	531.169725300779	102
8	617	532.426006432948	103
8	623	559.088234533289	104
8	629	570.702683611681	105
8	637	579.034007655412	106
8	641	579.471499684305	107
8	647	582.092033063268	108
8	653	585.773750183726	109
8	659	588.424763502819	110
9	119	108.243863136196	2.127027655456
9	125	112.630688495388	0.425612641806
9	131	130.366806875636	1.036465934489
9	139	132.52985582784	1.117564281216
9	143	133.879775239721	2.449873075974
9	149	140.957143521165	0.016498772848
9	155	143.187040452446	0.272239872694
9	161	145.900960328543	0.682617599075
9	167	156.433544325535	0.497929071507
9	173	163.052085941069	0.55248818672
9	179	173.069971209979	0.161553169531
9	185	187.766454237184	0.118805162165
9	191	188.350083956891	0.044807568999
9	197	196.742394642377	0.12041053295
9	203	203.936345131437	3.643537836818
9	209	210.267704942339	2.0122975924
9	215	216.760050055315	1.585162869031
9	221	220.257117177609	0.161296771099
9	227	224.166396003616	2.469469484043
9	233	235.896799636008	1.487575163074
9	241	237.658065310391	0.551823329301
9	245	237.762715179504	0.365846841395
9	251	239.77867331479	0.279761408089
9	257	253.920881654922	0.8493155022
9	263	255.817872479479	0.913920470613
9	269	261.878821938908	0.469857327682
9	277	266.198447477796	0.348211277333
9	281	266.526677938325	0.345039381262
9	287	269.44355254844	0.165738865988
9	293	274.471351268429	0.06861907977
9	299	294.067101899432	0.197530222992
9	305	295.007007735318	0.420306529506
9	311	298.410185616509	2.164739345301
9	317	305.621263637241	1.247776852229
9	323	321.987626856319	0.270506152014
9	333	333.9288523105	1.325727486477
9	337	334.714298446587	1.732564580792
9	341	336.794649816177	3.048539073144
9	347	339.622061986804	1.013311738314
9	353	341.089741071236	0.648833586444
9	359	342.545158310983	0.580955594429
9	367	348.581503809615	1.52394493156
9	371	348.871114227442	0.709134339006
9	377	352.506410463678	1.720655795642
9	383	356.785222846535	0.566887871133
9	389	365.832470222526	0.50132298827
9	397	374.984904892298	4.345548804216
9	401	375.170370641619	3.334001247649
9	407	377.179559741477	0.244934953644
9	413	379.128394369441	1.249604713667
9	419	380.9150931655	0.624339652735
9	425	393.881473147145	0.173437124979
9	431	395.236456382108	1.223209084617
9	437	396.29684881957	0.768375520757
9	443	400.783885566156	2.273895272283
9	449	407.338442885097	0.269560528827
9	455	416.054975202829	1.459799626421
9	465	419.499948615331	0.570876224958
9	469	420.302816021556	1.176252817559
9	473	421.122072131817	1.835208148521
9	479	430.71418278303	1.432033110264
9	485	437.090282416993	1.141395702186
9	491	441.354892744193	0.389704493089
9	497	446.214511870967	0.783534895834
9	505	460.675685948983	2.36957611166
9	509	462.524493730912	2.768606694628
9	515	468.234879258283	0.170453583539
9	521	473.521504536126	0.679251478504
9	527	475.850232697149	0.562335368984
9	533	482.485990800256	0.355720452775
9	539	486.49290791985	0.337328913174
9	547	500.495810857861	2.056392295416
9	551	500.737731233046	1.260798690067
9	557	500.963932282473	0.02349711905
9	563	512.419149063577	0.602608551267
9	573	516.584819158596	2.971788879007
9	579	519.741721293025	5.612330655147
9	583	519.81929491794	3.678550230957
9	587	521.835196545456	2.711372494764
9	593	525.277482541279	3.027090452165
9	599	526.36318100087	0.131490469783
9	605	528.906026725485	0.487661499297
9	611	531.169725300779	0.157696297903
9	617	532.426006432948	0.421629057885
9	623	559.088234533289	2.2834566399
9	629	570.702683611681	0.825784114431
9	637	579.034007655412	3.247283859716
9	641	579.471499684305	0.486408385956
9	647	582.092033063268	0.423304012786
9	653	585.773750183726	1.925404872346
9	659	588.424763502819	0.164383533706

