version 3
run ParameterStudy-432-20251202-16:16:53-1431
attr configname ParameterStudy
attr datetime 20251202-16:16:53
attr datetimef 20251202-161653
attr experiment ParameterStudy
attr inifile omnetpp.ini
attr iterationvars $betaProducer=9.6s
attr iterationvarsd betaProducer=9.6s
attr iterationvarsf betaProducer=9.6s-
attr measurement $betaProducer=9.6s
attr network queue_sim
attr processid 1431
attr repetition 2
attr replication #2
attr resultdir results
attr runnumber 432
attr seedset 432
itervar betaProducer 9.6s
config description "Parameter study: β_producer = 1s to 10s (0.1s steps), β_service = 1s, 5 repetitions"
config *.serviceUnit.meanServiceTime 1s
config *.producer.warmupPeriod 100s
config *.queue.warmupPeriod 100s
config *.serviceUnit.warmupPeriod 100s
config *.sink.warmupPeriod 100s
config *.producer.meanInterArrivalTime 9.6s
config network queue_sim
config sim-time-limit 600s
config warmup-period 100s
config repeat 5
config **.vector-recording true
config **.scalar-recording true
config debug-on-errors true

vector 0 queue_sim.producer jobGenerated:vector ETV
attr recordingmode vector
attr title "Jobs Generated"
vector 1 queue_sim.producer interArrivalTime:vector ETV
attr recordingmode vector
attr title "Inter-arrival Time"
attr unit s
vector 2 queue_sim.queue queueLength:vector ETV
attr recordingmode vector
attr title "Queue Length"
vector 3 queue_sim.queue queueingDelay:vector ETV
attr recordingmode vector
attr title "Queueing Delay"
attr unit s
vector 4 queue_sim.queue queueUtilization:vector ETV
attr recordingmode vector
attr title "Queue Utilization"
vector 5 queue_sim.queue systemSize:vector ETV
attr recordingmode vector
attr title "System Size"
vector 6 queue_sim.serviceUnit serviceTime:vector ETV
attr recordingmode vector
attr title "Service Time"
attr unit s
vector 7 queue_sim.serviceUnit utilization:vector ETV
attr recordingmode vector
attr title "Server Utilization"
vector 8 queue_sim.sink jobCompleted:vector ETV
attr recordingmode vector
attr title "Jobs Completed"
vector 9 queue_sim.sink totalDelay:vector ETV
attr recordingmode vector
attr title "Total System Delay"
attr unit s
0	31	113.060742579741	6
0	37	115.309306176521	7
0	43	129.278261283835	8
0	49	129.598477106241	9
0	55	132.978033946175	10
0	61	141.088178024986	11
0	67	158.366286670296	12
0	73	160.048421733744	13
0	79	164.160500098479	14
0	82	164.461726616891	15
0	91	205.68646329985	16
0	97	212.369067191557	17
0	103	217.897588166513	18
0	109	228.050220833835	19
0	115	234.162976605304	20
0	121	262.634611380474	21
0	127	271.143476642736	22
0	130	271.340870399412	23
0	139	287.679836584812	24
0	145	323.972766825197	25
0	151	325.846811973832	26
0	157	344.052416427487	27
0	163	366.816609506255	28
0	169	378.36140714708	29
0	175	390.489653530116	30
0	181	398.749196214109	31
0	187	403.634005128286	32
0	193	406.347021948629	33
0	199	413.469124859171	34
0	205	419.58842576026	35
0	211	419.785316145529	36
0	217	429.451778361275	37
0	223	454.697203148791	38
0	229	475.78648058825	39
0	235	487.471744955594	40
0	241	489.662059291431	41
0	247	507.048755754323	42
0	253	521.341341954781	43
0	259	545.527537524572	44
0	265	553.612571065787	45
0	271	568.124028696495	46
0	277	570.099105048533	47
0	283	589.603429766785	48
0	289	599.979370263906	49
1	31	113.060742579741	2.2485635967797
1	37	115.309306176521	13.968955107314
1	43	129.278261283835	0.32021582240565
1	49	129.598477106241	3.3795568399338
1	55	132.978033946175	8.1101440788115
1	61	141.088178024986	17.27810864531
1	67	158.366286670296	1.6821350634477
1	73	160.048421733744	4.1120783647347
1	79	164.160500098479	0.30122651841194
1	82	164.461726616891	41.224736682959
1	91	205.68646329985	6.682603891707
1	97	212.369067191557	5.5285209749564
1	103	217.897588166513	10.152632667322
1	109	228.050220833835	6.1127557714693
1	115	234.162976605304	28.47163477517
1	121	262.634611380474	8.5088652622616
1	127	271.143476642736	0.19739375667629
1	130	271.340870399412	16.3389661854
1	139	287.679836584812	36.292930240385
1	145	323.972766825197	1.8740451486353
1	151	325.846811973832	18.205604453655
1	157	344.052416427487	22.764193078768
1	163	366.816609506255	11.544797640825
1	169	378.36140714708	12.128246383036
1	175	390.489653530116	8.2595426839926
1	181	398.749196214109	4.8848089141768
1	187	403.634005128286	2.7130168203425
1	193	406.347021948629	7.1221029105421
1	199	413.469124859171	6.119300901089
1	205	419.58842576026	0.19689038526865
1	211	419.785316145529	9.6664622157461
1	217	429.451778361275	25.245424787516
1	223	454.697203148791	21.089277439459
1	229	475.78648058825	11.685264367344
1	235	487.471744955594	2.190314335837
1	241	489.662059291431	17.386696462892
1	247	507.048755754323	14.292586200458
1	253	521.341341954781	24.186195569791
1	259	545.527537524572	8.0850335412151
1	265	553.612571065787	14.511457630708
1	271	568.124028696495	1.9750763520382
1	277	570.099105048533	19.504324718252
1	283	589.603429766785	10.375940497121
1	289	599.979370263906	3.1054106739773
2	32	113.060742579741	1
2	32	113.060742579741	0
2	38	115.309306176521	1
2	38	115.309306176521	0
2	44	129.278261283835	1
2	44	129.278261283835	0
2	50	129.598477106241	1
2	50	129.598477106241	0
2	56	132.978033946175	1
2	56	132.978033946175	0
2	62	141.088178024986	1
2	62	141.088178024986	0
2	68	158.366286670296	1
2	68	158.366286670296	0
2	74	160.048421733744	1
2	74	160.048421733744	0
2	80	164.160500098479	1
2	80	164.160500098479	0
2	83	164.461726616891	1
2	86	165.381832670914	0
2	92	205.68646329985	1
2	92	205.68646329985	0
2	98	212.369067191557	1
2	98	212.369067191557	0
2	104	217.897588166513	1
2	104	217.897588166513	0
2	110	228.050220833835	1
2	110	228.050220833835	0
2	116	234.162976605304	1
2	116	234.162976605304	0
2	122	262.634611380474	1
2	122	262.634611380474	0
2	128	271.143476642736	1
2	128	271.143476642736	0
2	131	271.340870399412	1
2	134	272.829298190071	0
2	140	287.679836584812	1
2	140	287.679836584812	0
2	146	323.972766825197	1
2	146	323.972766825197	0
2	152	325.846811973832	1
2	152	325.846811973832	0
2	158	344.052416427487	1
2	158	344.052416427487	0
2	164	366.816609506255	1
2	164	366.816609506255	0
2	170	378.36140714708	1
2	170	378.36140714708	0
2	176	390.489653530116	1
2	176	390.489653530116	0
2	182	398.749196214109	1
2	182	398.749196214109	0
2	188	403.634005128286	1
2	188	403.634005128286	0
2	194	406.347021948629	1
2	194	406.347021948629	0
2	200	413.469124859171	1
2	200	413.469124859171	0
2	206	419.58842576026	1
2	206	419.58842576026	0
2	212	419.785316145529	1
2	212	419.785316145529	0
2	218	429.451778361275	1
2	218	429.451778361275	0
2	224	454.697203148791	1
2	224	454.697203148791	0
2	230	475.78648058825	1
2	230	475.78648058825	0
2	236	487.471744955594	1
2	236	487.471744955594	0
2	242	489.662059291431	1
2	242	489.662059291431	0
2	248	507.048755754323	1
2	248	507.048755754323	0
2	254	521.341341954781	1
2	254	521.341341954781	0
2	260	545.527537524572	1
2	260	545.527537524572	0
2	266	553.612571065787	1
2	266	553.612571065787	0
2	272	568.124028696495	1
2	272	568.124028696495	0
2	278	570.099105048533	1
2	278	570.099105048533	0
2	284	589.603429766785	1
2	284	589.603429766785	0
2	290	599.979370263906	1
2	290	599.979370263906	0
3	32	113.060742579741	0
3	38	115.309306176521	0
3	44	129.278261283835	0
3	50	129.598477106241	0
3	56	132.978033946175	0
3	62	141.088178024986	0
3	68	158.366286670296	0
3	74	160.048421733744	0
3	80	164.160500098479	0
3	86	165.381832670914	0.920106054023
3	92	205.68646329985	0
3	98	212.369067191557	0
3	104	217.897588166513	0
3	110	228.050220833835	0
3	116	234.162976605304	0
3	122	262.634611380474	0
3	128	271.143476642736	0
3	134	272.829298190071	1.488427790659
3	140	287.679836584812	0
3	146	323.972766825197	0
3	152	325.846811973832	0
3	158	344.052416427487	0
3	164	366.816609506255	0
3	170	378.36140714708	0
3	176	390.489653530116	0
3	182	398.749196214109	0
3	188	403.634005128286	0
3	194	406.347021948629	0
3	200	413.469124859171	0
3	206	419.58842576026	0
3	212	419.785316145529	0
3	218	429.451778361275	0
3	224	454.697203148791	0
3	230	475.78648058825	0
3	236	487.471744955594	0
3	242	489.662059291431	0
3	248	507.048755754323	0
3	254	521.341341954781	0
3	260	545.527537524572	0
3	266	553.612571065787	0
3	272	568.124028696495	0
3	278	570.099105048533	0
3	284	589.603429766785	0
3	290	599.979370263906	0
4	292	600	0.004817067689364
5	32	113.060742579741	1
5	32	113.060742579741	1
5	36	113.075975338099	0
5	38	115.309306176521	1
5	38	115.309306176521	1
5	42	117.124502334339	0
5	44	129.278261283835	1
5	44	129.278261283835	1
5	48	129.4067941381	0
5	50	129.598477106241	1
5	50	129.598477106241	1
5	54	130.585336291854	0
5	56	132.978033946175	1
5	56	132.978033946175	1
5	60	133.373595655918	0
5	62	141.088178024986	1
5	62	141.088178024986	1
5	66	141.146998052618	0
5	68	158.366286670296	1
5	68	158.366286670296	1
5	72	158.547093762464	0
5	74	160.048421733744	1
5	74	160.048421733744	1
5	78	160.83156972839	0
5	80	164.160500098479	1
5	80	164.160500098479	1
5	83	164.461726616891	2
5	86	165.381832670914	1
5	86	165.381832670914	1
5	90	166.081540511146	0
5	92	205.68646329985	1
5	92	205.68646329985	1
5	96	205.84402591437	0
5	98	212.369067191557	1
5	98	212.369067191557	1
5	102	214.329928099956	0
5	104	217.897588166513	1
5	104	217.897588166513	1
5	108	218.32188014602	0
5	110	228.050220833835	1
5	110	228.050220833835	1
5	114	229.43537330156	0
5	116	234.162976605304	1
5	116	234.162976605304	1
5	120	236.357903167536	0
5	122	262.634611380474	1
5	122	262.634611380474	1
5	126	262.636236348705	0
5	128	271.143476642736	1
5	128	271.143476642736	1
5	131	271.340870399412	2
5	134	272.829298190071	1
5	134	272.829298190071	1
5	138	272.846265838443	0
5	140	287.679836584812	1
5	140	287.679836584812	1
5	144	287.960239772555	0
5	146	323.972766825197	1
5	146	323.972766825197	1
5	150	325.31566948332	0
5	152	325.846811973832	1
5	152	325.846811973832	1
5	156	326.260188785619	0
5	158	344.052416427487	1
5	158	344.052416427487	1
5	162	344.482378620895	0
5	164	366.816609506255	1
5	164	366.816609506255	1
5	168	368.505458072442	0
5	170	378.36140714708	1
5	170	378.36140714708	1
5	174	381.148147990507	0
5	176	390.489653530116	1
5	176	390.489653530116	1
5	180	393.195896578571	0
5	182	398.749196214109	1
5	182	398.749196214109	1
5	186	398.967795267278	0
5	188	403.634005128286	1
5	188	403.634005128286	1
5	192	404.018949082904	0
5	194	406.347021948629	1
5	194	406.347021948629	1
5	198	408.793780454597	0
5	200	413.469124859171	1
5	200	413.469124859171	1
5	204	414.411439547487	0
5	206	419.58842576026	1
5	206	419.58842576026	1
5	210	419.766683006427	0
5	212	419.785316145529	1
5	212	419.785316145529	1
5	216	422.171622927186	0
5	218	429.451778361275	1
5	218	429.451778361275	1
5	222	429.696064402657	0
5	224	454.697203148791	1
5	224	454.697203148791	1
5	228	456.345451175698	0
5	230	475.78648058825	1
5	230	475.78648058825	1
5	234	476.432889688701	0
5	236	487.471744955594	1
5	236	487.471744955594	1
5	240	488.487314070529	0
5	242	489.662059291431	1
5	242	489.662059291431	1
5	246	489.937428878272	0
5	248	507.048755754323	1
5	248	507.048755754323	1
5	252	507.16842234338	0
5	254	521.341341954781	1
5	254	521.341341954781	1
5	258	521.626352798111	0
5	260	545.527537524572	1
5	260	545.527537524572	1
5	264	548.266676690382	0
5	266	553.612571065787	1
5	266	553.612571065787	1
5	270	554.222416606253	0
5	272	568.124028696495	1
5	272	568.124028696495	1
5	276	569.338694037603	0
5	278	570.099105048533	1
5	278	570.099105048533	1
5	282	571.845234558624	0
5	284	589.603429766785	1
5	284	589.603429766785	1
5	288	592.180781357614	0
5	290	599.979370263906	1
5	290	599.979370263906	1
6	33	113.060742579741	0.015232758357767
6	39	115.309306176521	1.8151961578179
6	45	129.278261283835	0.12853285426526
6	51	129.598477106241	0.9868591856126
6	57	132.978033946175	0.3955617097433
6	63	141.088178024986	0.058820027631551
6	69	158.366286670296	0.18080709216847
6	75	160.048421733744	0.78314799464601
6	81	164.160500098479	1.2213325724347
6	87	165.381832670914	0.69970784023188
6	93	205.68646329985	0.15756261452042
6	99	212.369067191557	1.9608609083992
6	105	217.897588166513	0.42429197950733
6	111	228.050220833835	1.3851524677252
6	117	234.162976605304	2.1949265622319
6	123	262.634611380474	0.00162496823051
6	129	271.143476642736	1.6858215473353
6	135	272.829298190071	0.016967648371666
6	141	287.679836584812	0.28040318774291
6	147	323.972766825197	1.3429026581228
6	153	325.846811973832	0.4133768117868
6	159	344.052416427487	0.42996219340776
6	165	366.816609506255	1.6888485661875
6	171	378.36140714708	2.7867408434266
6	177	390.489653530116	2.7062430484547
6	183	398.749196214109	0.21859905316861
6	189	403.634005128286	0.38494395461849
6	195	406.347021948629	2.4467585059678
6	201	413.469124859171	0.94231468831571
6	207	419.58842576026	0.17825724616678
6	213	419.785316145529	2.3863067816574
6	219	429.451778361275	0.2442860413821
6	225	454.697203148791	1.6482480269071
6	231	475.78648058825	0.64640910045105
6	237	487.471744955594	1.0155691149351
6	243	489.662059291431	0.27536958684139
6	249	507.048755754323	0.11966658905659
6	255	521.341341954781	0.28501084332979
6	261	545.527537524572	2.7391391658096
6	267	553.612571065787	0.60984554046563
6	273	568.124028696495	1.2146653411079
6	279	570.099105048533	1.7461295100914
6	285	589.603429766785	2.5773515908292
6	291	599.979370263906	1.0272131543248
7	34	113.075975338099	3.7419955485331
7	40	117.124502334339	5.1624502140209
7	46	129.4067941381	4.7717950335012
7	52	130.585336291854	5.4844489930335
7	58	133.373595655918	5.6663748426997
7	64	141.146998052618	5.3959829140991
7	70	158.547093762464	4.9178290221659
7	76	160.83156972839	5.3349121692881
7	84	165.381832670914	5.9266216848834
7	88	166.081540511146	6.3229564019243
7	94	205.84402591437	5.1781080190872
7	100	214.329928099956	5.8879723578303
7	106	218.32188014602	5.9746548957282
7	112	229.43537330156	6.2889741719774
7	118	236.357903167536	7.0334258798884
7	124	262.636236348705	6.3303080831176
7	132	272.829298190071	6.7117074916771
7	136	272.846265838443	6.7175088646211
7	142	287.960239772555	6.4623071910644
7	148	325.31566948332	6.1330516209192
7	154	326.260188785619	6.2419980899109
7	160	344.482378620895	6.0366271937617
7	166	368.505458072442	6.1013928068639
7	172	381.148147990507	6.6301532588817
7	178	393.195896578571	7.1152699321277
7	184	398.967795267278	7.0671239110653
7	190	404.018949082904	7.074047510959
7	196	408.793780454597	7.5899518047624
7	202	414.411439547487	7.7144505568174
7	208	419.766683006427	7.6584979592963
7	214	422.171622927186	8.180116274529
7	220	429.696064402657	8.0937245080984
7	226	456.345451175698	7.9822563384716
7	232	476.432889688701	7.7813840321715
7	238	488.487314070529	7.797263269704
7	244	489.937428878272	7.8303900136517
7	250	507.16842234338	7.5879483811844
7	256	521.626352798111	7.432271918098
7	262	548.266676690382	7.5707369911273
7	268	554.222416606253	7.5994171979896
7	274	569.338694037603	7.6109949029628
7	280	571.845234558624	7.8829840260331
7	286	592.180781357614	8.0475121086272
8	35	113.075975338099	6
8	41	117.124502334339	7
8	47	129.4067941381	8
8	53	130.585336291854	9
8	59	133.373595655918	10
8	65	141.146998052618	11
8	71	158.547093762464	12
8	77	160.83156972839	13
8	85	165.381832670914	14
8	89	166.081540511146	15
8	95	205.84402591437	16
8	101	214.329928099956	17
8	107	218.32188014602	18
8	113	229.43537330156	19
8	119	236.357903167536	20
8	125	262.636236348705	21
8	133	272.829298190071	22
8	137	272.846265838443	23
8	143	287.960239772555	24
8	149	325.31566948332	25
8	155	326.260188785619	26
8	161	344.482378620895	27
8	167	368.505458072442	28
8	173	381.148147990507	29
8	179	393.195896578571	30
8	185	398.967795267278	31
8	191	404.018949082904	32
8	197	408.793780454597	33
8	203	414.411439547487	34
8	209	419.766683006427	35
8	215	422.171622927186	36
8	221	429.696064402657	37
8	227	456.345451175698	38
8	233	476.432889688701	39
8	239	488.487314070529	40
8	245	489.937428878272	41
8	251	507.16842234338	42
8	257	521.626352798111	43
8	263	548.266676690382	44
8	269	554.222416606253	45
8	275	569.338694037603	46
8	281	571.845234558624	47
8	287	592.180781357614	48
9	35	113.075975338099	0.015232758358
9	41	117.124502334339	1.815196157818
9	47	129.4067941381	0.128532854265
9	53	130.585336291854	0.986859185613
9	59	133.373595655918	0.395561709743
9	65	141.146998052618	0.058820027632
9	71	158.547093762464	0.180807092168
9	77	160.83156972839	0.783147994646
9	85	165.381832670914	1.221332572435
9	89	166.081540511146	1.619813894255
9	95	205.84402591437	0.15756261452
9	101	214.329928099956	1.960860908399
9	107	218.32188014602	0.424291979507
9	113	229.43537330156	1.385152467725
9	119	236.357903167536	2.194926562232
9	125	262.636236348705	0.001624968231
9	133	272.829298190071	1.685821547335
9	137	272.846265838443	1.505395439031
9	143	287.960239772555	0.280403187743
9	149	325.31566948332	1.342902658123
9	155	326.260188785619	0.413376811787
9	161	344.482378620895	0.429962193408
9	167	368.505458072442	1.688848566187
9	173	381.148147990507	2.786740843427
9	179	393.195896578571	2.706243048455
9	185	398.967795267278	0.218599053169
9	191	404.018949082904	0.384943954618
9	197	408.793780454597	2.446758505968
9	203	414.411439547487	0.942314688316
9	209	419.766683006427	0.178257246167
9	215	422.171622927186	2.386306781657
9	221	429.696064402657	0.244286041382
9	227	456.345451175698	1.648248026907
9	233	476.432889688701	0.646409100451
9	239	488.487314070529	1.015569114935
9	245	489.937428878272	0.275369586841
9	251	507.16842234338	0.119666589057
9	257	521.626352798111	0.28501084333
9	263	548.266676690382	2.73913916581
9	269	554.222416606253	0.609845540466
9	275	569.338694037603	1.214665341108
9	281	571.845234558624	1.746129510091
9	287	592.180781357614	2.577351590829

