version 3
run ParameterStudy-5-20251130-20:03:55-476
attr configname ParameterStudy
attr datetime 20251130-20:03:55
attr datetimef 20251130-200355
attr experiment ParameterStudy
attr inifile omnetpp.ini
attr iterationvars $betaProducer=1.1s
attr iterationvarsd betaProducer=1.1s
attr iterationvarsf betaProducer=1.1s-
attr measurement $betaProducer=1.1s
attr network queue_sim
attr processid 476
attr repetition 0
attr replication #0
attr resultdir results
attr runnumber 5
attr seedset 5
itervar betaProducer 1.1s
config description "Parameter study: β_producer = 1s to 10s (0.1s steps), β_service = 1s, 5 repetitions"
config *.serviceUnit.meanServiceTime 1s
config *.producer.warmupPeriod 100s
config *.queue.warmupPeriod 100s
config *.serviceUnit.warmupPeriod 100s
config *.sink.warmupPeriod 100s
config *.producer.meanInterArrivalTime 1.1s
config network queue_sim
config sim-time-limit 600s
config warmup-period 100s
config repeat 5
config **.vector-recording true
config **.scalar-recording true
config debug-on-errors true

vector 0 queue_sim.producer jobGenerated:vector ETV
attr recordingmode vector
attr title "Jobs Generated"
vector 1 queue_sim.producer interArrivalTime:vector ETV
attr recordingmode vector
attr title "Inter-arrival Time"
attr unit s
vector 2 queue_sim.queue queueLength:vector ETV
attr recordingmode vector
attr title "Queue Length"
vector 3 queue_sim.queue queueingDelay:vector ETV
attr recordingmode vector
attr title "Queueing Delay"
attr unit s
vector 4 queue_sim.queue queueUtilization:vector ETV
attr recordingmode vector
attr title "Queue Utilization"
vector 5 queue_sim.queue systemSize:vector ETV
attr recordingmode vector
attr title "System Size"
vector 6 queue_sim.serviceUnit serviceTime:vector ETV
attr recordingmode vector
attr title "Service Time"
attr unit s
vector 7 queue_sim.serviceUnit utilization:vector ETV
attr recordingmode vector
attr title "Server Utilization"
vector 8 queue_sim.sink jobCompleted:vector ETV
attr recordingmode vector
attr title "Jobs Completed"
vector 9 queue_sim.sink totalDelay:vector ETV
attr recordingmode vector
attr title "Total System Delay"
attr unit s
0	170	100.275915528442	84
0	172	102.524253749709	85
0	174	102.769389133925	86
0	176	105.586162785547	87
0	178	106.898371764013	88
0	180	106.900810101265	89
0	182	107.843114115347	90
0	184	108.540418860887	91
0	186	109.493940056456	92
0	188	113.881065877678	93
0	190	113.954415534362	94
0	192	114.514390897397	95
0	194	114.728998899933	96
0	196	116.577627372466	97
0	198	117.03724244728	98
0	200	117.906972941455	99
0	202	118.939089030036	100
0	204	120.559824984574	101
0	206	120.799078485325	102
0	208	121.52887850186	103
0	210	121.671432501655	104
0	212	121.703930580107	105
0	214	124.705225131812	106
0	216	124.804775155879	107
0	218	125.214508507758	108
0	220	125.344494020655	109
0	222	126.05185571788	110
0	224	126.370133683029	111
0	226	126.440787665339	112
0	228	130.125776740772	113
0	230	130.480040923174	114
0	232	131.578981416344	115
0	234	131.860766651372	116
0	236	133.726822053736	117
0	238	136.879030059649	118
0	240	137.797419731662	119
0	242	138.318434386181	120
0	244	139.428152115923	121
0	246	139.96093736811	122
0	248	141.798811070896	123
0	250	142.194303958877	124
0	252	145.068557319965	125
0	254	145.307340618777	126
0	256	147.988663528139	127
0	258	149.454962111803	128
0	260	151.371039197009	129
0	262	154.254625607498	130
0	264	154.363459348124	131
0	266	155.631484237175	132
0	268	156.124203493429	133
0	270	156.731408792124	134
0	272	156.771179086703	135
0	274	157.690251849367	136
0	276	158.559744339093	137
0	278	158.825993941191	138
0	280	160.575362621252	139
0	282	160.763270371541	140
0	284	160.821017037941	141
0	286	162.808449036211	142
0	288	163.038434402597	143
0	290	165.089589610241	144
0	292	165.589960857041	145
0	294	166.725085922014	146
0	296	167.033194519958	147
0	298	167.19175776773	148
0	300	168.935447067549	149
0	302	169.149355143022	150
0	304	169.626767355197	151
0	306	170.049166308761	152
0	308	171.169558708822	153
0	310	174.606696756634	154
0	312	175.354766339354	155
0	314	175.637400056336	156
0	316	176.600855073371	157
0	318	179.035761693855	158
0	320	182.117742656199	159
0	322	185.084477938696	160
0	324	188.246124752204	161
0	326	188.343965358822	162
0	328	188.474246307702	163
0	330	190.309094932401	164
0	332	192.349650518441	165
0	334	198.059291450244	166
0	336	198.526451518735	167
0	338	199.004930798804	168
0	340	199.121838943292	169
0	342	199.849780853334	170
0	344	200.381685260862	171
0	346	201.872515377118	172
0	348	202.657997019863	173
0	350	203.171090747659	174
0	352	206.742615229699	175
0	354	206.781984679355	176
0	356	207.292867944376	177
0	358	207.475090563485	178
0	360	207.488781766857	179
0	362	207.915758830274	180
0	364	210.076182398732	181
0	366	210.213688306774	182
0	368	210.34324919927	183
0	370	210.83362351597	184
0	372	211.549434670618	185
0	374	212.865033771882	186
0	376	214.95171932499	187
0	378	216.68023519671	188
0	380	217.475608079083	189
0	382	218.12559557235	190
0	384	218.776452763029	191
0	386	222.66143543743	192
0	388	224.434440569138	193
0	390	225.220728393789	194
0	392	225.243390763085	195
0	394	225.975687778054	196
0	396	226.910774209041	197
0	398	226.971155521482	198
0	400	227.554134196043	199
0	402	227.865219143536	200
0	404	232.494972305676	201
0	406	234.04628688423	202
0	408	235.824404134417	203
0	410	236.910664587574	204
0	412	236.97168449698	205
0	414	238.487954817832	206
0	416	238.720396971349	207
0	418	243.558036415334	208
0	420	244.220505473253	209
0	422	245.201093739945	210
0	424	246.536304671896	211
0	426	247.312883574309	212
0	428	247.756776679415	213
0	430	248.026259008298	214
0	432	248.517145941722	215
0	434	249.455983218094	216
0	436	252.25469312428	217
0	438	253.929849942679	218
0	440	257.308074802849	219
0	442	259.258622715606	220
0	444	259.834712435574	221
0	446	260.138143711812	222
0	448	262.655381233935	223
0	450	264.779229311307	224
0	452	265.220170506632	225
0	454	265.38942745505	226
0	456	265.484426477287	227
0	458	267.05373666448	228
0	460	267.87660590423	229
0	462	270.858932931338	230
0	464	272.048358799352	231
0	466	273.432933588742	232
0	468	275.891191239003	233
0	470	276.041918490336	234
0	472	279.73452910756	235
0	474	279.878047136532	236
0	476	281.494368753516	237
0	478	282.516989898389	238
0	480	284.082696563228	239
0	482	288.603988839031	240
0	484	289.965836666024	241
0	486	292.549065392239	242
0	488	293.879143976855	243
0	490	294.211900922688	244
0	492	295.815854988915	245
0	494	296.814821596244	246
0	496	300.844332059806	247
0	498	301.291469178209	248
0	500	301.80621303947	249
0	502	302.454877262948	250
0	504	302.55025515805	251
0	506	303.689225568547	252
0	508	303.990585807916	253
0	510	304.45044640395	254
0	512	304.725846961747	255
0	514	306.770523736957	256
0	516	307.267644165661	257
0	518	308.35630516432	258
0	520	310.184930239909	259
0	522	310.430641855214	260
0	524	310.498817345577	261
0	526	311.026367566426	262
0	528	311.6834755013	263
0	530	312.498920037538	264
0	532	314.344234937869	265
0	534	315.581831825093	266
0	536	315.919365825723	267
0	538	316.282645343495	268
0	540	316.354695377758	269
0	542	317.894835727973	270
0	544	318.19977107387	271
0	546	319.529876916377	272
0	548	319.627675967289	273
0	550	319.738724718152	274
0	552	321.552736274583	275
0	554	321.671065910701	276
0	556	321.876359925279	277
0	558	322.340066145116	278
0	560	322.579141463234	279
0	562	324.465427420817	280
0	564	326.319440263036	281
0	566	329.163550793101	282
0	568	330.992009435386	283
0	570	332.553401110368	284
0	572	333.532480466508	285
0	574	335.856383592304	286
0	576	338.564565368891	287
0	578	340.682222047923	288
0	580	340.750076291194	289
0	582	340.955633183795	290
0	584	344.643175626518	291
0	586	345.609851028011	292
0	588	346.540715675668	293
0	590	347.015751226485	294
0	592	347.412057827813	295
0	594	348.888147654844	296
0	596	350.809859525129	297
0	598	350.842198166694	298
0	600	352.027005136572	299
0	602	352.235900006343	300
0	604	356.971589892393	301
0	606	357.129706243283	302
0	608	357.254794977284	303
0	610	361.570715892265	304
0	612	362.527374802361	305
0	614	365.485410841144	306
0	616	366.189662403456	307
0	618	367.537081744121	308
0	620	368.699046088449	309
0	622	371.723552044013	310
0	624	372.028126604904	311
0	626	373.498066367875	312
0	628	373.532853756994	313
0	630	374.066731817201	314
0	632	374.931081162197	315
0	634	377.355964259877	316
0	636	377.855005631868	317
0	638	378.798797741731	318
0	640	381.250383856923	319
0	642	383.195432858644	320
0	644	383.871905382724	321
0	646	383.982089406751	322
0	648	384.578739698924	323
0	650	384.725419800821	324
0	652	385.827769493708	325
0	654	387.242166563874	326
0	656	388.06610841065	327
0	658	388.322314962134	328
0	660	391.896899487646	329
0	662	392.392050320138	330
0	664	394.103589883172	331
0	666	397.289240011746	332
0	668	398.044455949503	333
0	670	399.53574606733	334
0	672	399.79663052074	335
0	674	400.410475110698	336
0	676	401.429406234016	337
0	678	401.629046824339	338
0	680	403.147721956539	339
0	682	403.974569301034	340
0	684	405.525601374221	341
0	686	405.652769398581	342
0	688	411.192995555586	343
0	690	412.53070702003	344
0	692	412.80189803621	345
0	694	414.490217134991	346
0	696	415.100160820195	347
0	698	417.255400065113	348
0	700	417.861925257198	349
0	702	419.194463449204	350
0	704	419.616504763881	351
0	706	422.160582712353	352
0	708	422.660703051549	353
0	710	424.252550889795	354
0	712	424.967523683725	355
0	714	426.535414687061	356
0	716	427.394606565161	357
0	718	427.482633972079	358
0	720	427.821651876115	359
0	722	427.936483790749	360
0	724	428.095203308522	361
0	726	428.453436237104	362
0	728	428.848746545328	363
0	730	429.030722349522	364
0	732	429.192134517531	365
0	734	429.320220851075	366
0	736	429.740735597096	367
0	738	430.458200187818	368
0	740	431.708771963154	369
0	742	432.138623267745	370
0	744	433.150237439852	371
0	746	434.464289790965	372
0	748	440.940290508322	373
0	750	441.550575201185	374
0	752	442.455942662001	375
0	754	444.516475640467	376
0	756	445.391724771952	377
0	758	446.085796713388	378
0	760	447.216815751218	379
0	762	449.391219962442	380
0	764	450.818483459324	381
0	766	450.887703771762	382
0	768	451.939993777069	383
0	770	452.113356413321	384
0	772	453.090097474398	385
0	774	454.240316537211	386
0	776	455.26208501931	387
0	778	455.80015372696	388
0	780	456.282143370463	389
0	782	456.964671283699	390
0	784	458.617199054035	391
0	786	458.741866186945	392
0	788	459.762518519556	393
0	790	459.977681821372	394
0	792	460.384626240785	395
0	794	461.32548976136	396
0	796	461.635550768279	397
0	798	462.516279388063	398
0	800	462.597605574695	399
0	802	463.293713225981	400
0	804	463.763738178799	401
0	806	465.804706117234	402
0	808	465.818930572027	403
0	810	466.209429201338	404
0	812	466.408630957582	405
0	814	467.511749518816	406
0	816	467.580241349034	407
0	818	468.154278923265	408
0	820	468.512819679246	409
0	822	469.223808263618	410
0	824	469.694850299597	411
0	826	471.938170797447	412
0	828	472.922213005566	413
0	830	473.443852425534	414
0	832	475.084736990577	415
0	834	475.81173005802	416
0	836	476.889922239976	417
0	838	477.056321391428	418
0	840	477.24769237596	419
0	842	477.333977183729	420
0	844	479.800264703128	421
0	846	481.081807280531	422
0	848	482.524485437102	423
0	850	484.411149964378	424
0	852	485.168712425178	425
0	854	486.223547258079	426
0	856	487.35854313809	427
0	858	489.84909878128	428
0	860	490.63260592518	429
0	862	491.727854251576	430
0	864	491.930444616409	431
0	866	493.702605670606	432
0	868	494.830906867207	433
0	870	495.325376896355	434
0	872	500.205997257614	435
0	874	500.236912140946	436
0	876	501.855132030967	437
0	878	504.769841607338	438
0	880	504.990126426417	439
0	882	505.899991644327	440
0	884	506.040319665881	441
0	886	508.134424176498	442
0	888	511.064995240026	443
0	890	511.681682235212	444
0	892	514.331613860798	445
0	894	515.696432698767	446
0	896	517.217774830869	447
0	898	519.423486189369	448
0	900	520.99575310644	449
0	902	521.608454014874	450
0	904	521.778043697197	451
0	906	525.954203460293	452
0	908	527.792321593358	453
0	910	528.958607700509	454
0	912	529.193500537176	455
0	914	529.467406505985	456
0	916	529.652335269501	457
0	918	529.676523714071	458
0	920	530.25148715841	459
0	922	531.441166219187	460
0	924	531.441587489338	461
0	926	531.703762473862	462
0	928	533.758206635839	463
0	930	534.102925124443	464
0	932	534.296197821664	465
0	934	536.038826122538	466
0	936	537.51744174316	467
0	938	537.58506385575	468
0	940	538.546964579985	469
0	942	539.00380960859	470
0	944	540.621697352357	471
0	946	541.545221706058	472
0	948	542.553122718553	473
0	950	543.723937683051	474
0	952	547.305815761794	475
0	954	548.059830020662	476
0	956	548.585276284339	477
0	958	549.516749148777	478
0	960	550.272653396853	479
0	962	554.551862119654	480
0	964	555.006163669408	481
0	966	556.574742224011	482
0	968	558.068222986552	483
0	970	564.386711025529	484
0	972	564.779832959794	485
0	974	567.483387465385	486
0	976	569.247113830529	487
0	978	572.17108107846	488
0	980	572.269937818521	489
0	982	572.390425137382	490
0	984	572.686047198262	491
0	986	572.70786022723	492
0	988	573.342069629891	493
0	990	573.652486247956	494
0	992	573.800686353314	495
0	994	573.835054177081	496
0	996	574.084688984826	497
0	998	574.29320964625	498
0	1000	576.319707048293	499
0	1002	578.25446331387	500
0	1004	578.766957673565	501
0	1006	581.729756397371	502
0	1008	582.001206354749	503
0	1010	584.360568832576	504
0	1012	586.419400960409	505
0	1014	586.436661706942	506
0	1016	587.378864580415	507
0	1018	587.760262262046	508
0	1020	588.865044608407	509
0	1022	590.521212124506	510
0	1024	592.938551838397	511
0	1026	593.671829923666	512
0	1028	595.048612289823	513
0	1030	596.712815015073	514
0	1032	597.051656895523	515
1	170	100.275915528442	2.2483382212671
1	172	102.524253749709	0.24513538421562
1	174	102.769389133925	2.8167736516218
1	176	105.586162785547	1.3122089784661
1	178	106.898371764013	0.002438337252274
1	180	106.900810101265	0.94230401408154
1	182	107.843114115347	0.69730474553975
1	184	108.540418860887	0.9535211955691
1	186	109.493940056456	4.3871258212225
1	188	113.881065877678	0.073349656684408
1	190	113.954415534362	0.55997536303452
1	192	114.514390897397	0.21460800253575
1	194	114.728998899933	1.8486284725332
1	196	116.577627372466	0.459615074814
1	198	117.03724244728	0.86973049417477
1	200	117.906972941455	1.032116088581
1	202	118.939089030036	1.6207359545378
1	204	120.559824984574	0.23925350075128
1	206	120.799078485325	0.72980001653487
1	208	121.52887850186	0.14255399979491
1	210	121.671432501655	0.032498078452476
1	212	121.703930580107	3.0012945517054
1	214	124.705225131812	0.099550024067228
1	216	124.804775155879	0.40973335187883
1	218	125.214508507758	0.12998551289693
1	220	125.344494020655	0.70736169722536
1	222	126.05185571788	0.31827796514928
1	224	126.370133683029	0.070653982309808
1	226	126.440787665339	3.6849890754331
1	228	130.125776740772	0.35426418240233
1	230	130.480040923174	1.0989404931702
1	232	131.578981416344	0.28178523502822
1	234	131.860766651372	1.8660554023642
1	236	133.726822053736	3.1522080059127
1	238	136.879030059649	0.9183896720134
1	240	137.797419731662	0.52101465451883
1	242	138.318434386181	1.1097177297419
1	244	139.428152115923	0.5327852521875
1	246	139.96093736811	1.8378737027857
1	248	141.798811070896	0.39549288798148
1	250	142.194303958877	2.8742533610876
1	252	145.068557319965	0.23878329881192
1	254	145.307340618777	2.6813229093625
1	256	147.988663528139	1.4662985836636
1	258	149.454962111803	1.9160770852055
1	260	151.371039197009	2.8835864104893
1	262	154.254625607498	0.10883374062612
1	264	154.363459348124	1.2680248890508
1	266	155.631484237175	0.49271925625424
1	268	156.124203493429	0.60720529869452
1	270	156.731408792124	0.039770294578865
1	272	156.771179086703	0.9190727626639
1	274	157.690251849367	0.86949248972629
1	276	158.559744339093	0.26624960209838
1	278	158.825993941191	1.7493686800609
1	280	160.575362621252	0.18790775028918
1	282	160.763270371541	0.057746666399551
1	284	160.821017037941	1.9874319982702
1	286	162.808449036211	0.22998536638581
1	288	163.038434402597	2.0511552076438
1	290	165.089589610241	0.50037124679956
1	292	165.589960857041	1.135125064973
1	294	166.725085922014	0.3081085979436
1	296	167.033194519958	0.15856324777168
1	298	167.19175776773	1.7436892998195
1	300	168.935447067549	0.2139080754728
1	302	169.149355143022	0.47741221217451
1	304	169.626767355197	0.42239895356387
1	306	170.049166308761	1.1203924000605
1	308	171.169558708822	3.4371380478123
1	310	174.606696756634	0.74806958271978
1	312	175.354766339354	0.28263371698175
1	314	175.637400056336	0.96345501703513
1	316	176.600855073371	2.4349066204843
1	318	179.035761693855	3.0819809623437
1	320	182.117742656199	2.966735282497
1	322	185.084477938696	3.1616468135084
1	324	188.246124752204	0.097840606617675
1	326	188.343965358822	0.13028094887968
1	328	188.474246307702	1.8348486246988
1	330	190.309094932401	2.0405555860404
1	332	192.349650518441	5.7096409318029
1	334	198.059291450244	0.46716006849095
1	336	198.526451518735	0.47847928006913
1	338	199.004930798804	0.11690814448766
1	340	199.121838943292	0.72794191004188
1	342	199.849780853334	0.53190440752805
1	344	200.381685260862	1.4908301162564
1	346	201.872515377118	0.78548164274531
1	348	202.657997019863	0.51309372779554
1	350	203.171090747659	3.5715244820403
1	352	206.742615229699	0.039369449655909
1	354	206.781984679355	0.5108832650211
1	356	207.292867944376	0.18222261910941
1	358	207.475090563485	0.013691203372285
1	360	207.488781766857	0.42697706341724
1	362	207.915758830274	2.1604235684579
1	364	210.076182398732	0.13750590804212
1	366	210.213688306774	0.12956089249578
1	368	210.34324919927	0.49037431670028
1	370	210.83362351597	0.71581115464816
1	372	211.549434670618	1.3155991012637
1	374	212.865033771882	2.0866855531082
1	376	214.95171932499	1.72851587172
1	378	216.68023519671	0.79537288237317
1	380	217.475608079083	0.64998749326745
1	382	218.12559557235	0.65085719067913
1	384	218.776452763029	3.8849826744014
1	386	222.66143543743	1.7730051317081
1	388	224.434440569138	0.78628782465051
1	390	225.220728393789	0.022662369295631
1	392	225.243390763085	0.73229701496861
1	394	225.975687778054	0.93508643098747
1	396	226.910774209041	0.060381312440536
1	398	226.971155521482	0.58297867456134
1	400	227.554134196043	0.31108494749334
1	402	227.865219143536	4.6297531621398
1	404	232.494972305676	1.5513145785537
1	406	234.04628688423	1.7781172501868
1	408	235.824404134417	1.0862604531567
1	410	236.910664587574	0.061019909406247
1	412	236.97168449698	1.5162703208525
1	414	238.487954817832	0.23244215351738
1	416	238.720396971349	4.8376394439849
1	418	243.558036415334	0.66246905791878
1	420	244.220505473253	0.98058826669205
1	422	245.201093739945	1.3352109319508
1	424	246.536304671896	0.77657890241257
1	426	247.312883574309	0.44389310510613
1	428	247.756776679415	0.2694823288827
1	430	248.026259008298	0.49088693342444
1	432	248.517145941722	0.93883727637161
1	434	249.455983218094	2.7987099061861
1	436	252.25469312428	1.675156818399
1	438	253.929849942679	3.3782248601701
1	440	257.308074802849	1.9505479127566
1	442	259.258622715606	0.5760897199684
1	444	259.834712435574	0.30343127623826
1	446	260.138143711812	2.5172375221233
1	448	262.655381233935	2.1238480773721
1	450	264.779229311307	0.44094119532474
1	452	265.220170506632	0.16925694841845
1	454	265.38942745505	0.094999022236824
1	456	265.484426477287	1.5693101871931
1	458	267.05373666448	0.82286923975009
1	460	267.87660590423	2.9823270271078
1	462	270.858932931338	1.1894258680141
1	464	272.048358799352	1.38457478939
1	466	273.432933588742	2.4582576502612
1	468	275.891191239003	0.15072725133279
1	470	276.041918490336	3.6926106172242
1	472	279.73452910756	0.14351802897246
1	474	279.878047136532	1.6163216169839
1	476	281.494368753516	1.0226211448725
1	478	282.516989898389	1.5657066648395
1	480	284.082696563228	4.5212922758031
1	482	288.603988839031	1.3618478269929
1	484	289.965836666024	2.5832287262147
1	486	292.549065392239	1.3300785846157
1	488	293.879143976855	0.33275694583308
1	490	294.211900922688	1.6039540662273
1	492	295.815854988915	0.99896660732925
1	494	296.814821596244	4.0295104635621
1	496	300.844332059806	0.44713711840349
1	498	301.291469178209	0.51474386126127
1	500	301.80621303947	0.64866422347846
1	502	302.454877262948	0.095377895101539
1	504	302.55025515805	1.1389704104966
1	506	303.689225568547	0.30136023936859
1	508	303.990585807916	0.45986059603393
1	510	304.45044640395	0.27540055779719
1	512	304.725846961747	2.0446767752097
1	514	306.770523736957	0.49712042870437
1	516	307.267644165661	1.0886609986591
1	518	308.35630516432	1.8286250755891
1	520	310.184930239909	0.24571161530499
1	522	310.430641855214	0.068175490362889
1	524	310.498817345577	0.52755022084855
1	526	311.026367566426	0.65710793487433
1	528	311.6834755013	0.81544453623803
1	530	312.498920037538	1.8453149003309
1	532	314.344234937869	1.2375968872241
1	534	315.581831825093	0.33753400062969
1	536	315.919365825723	0.36327951777212
1	538	316.282645343495	0.072050034262662
1	540	316.354695377758	1.5401403502149
1	542	317.894835727973	0.30493534589665
1	544	318.19977107387	1.330105842507
1	546	319.529876916377	0.097799050912492
1	548	319.627675967289	0.11104875086288
1	550	319.738724718152	1.8140115564315
1	552	321.552736274583	0.11832963611779
1	554	321.671065910701	0.20529401457816
1	556	321.876359925279	0.46370621983707
1	558	322.340066145116	0.23907531811801
1	560	322.579141463234	1.8862859575833
1	562	324.465427420817	1.8540128422186
1	564	326.319440263036	2.844110530065
1	566	329.163550793101	1.8284586422854
1	568	330.992009435386	1.5613916749817
1	570	332.553401110368	0.97907935614027
1	572	333.532480466508	2.3239031257955
1	574	335.856383592304	2.7081817765867
1	576	338.564565368891	2.1176566790316
1	578	340.682222047923	0.067854243271001
1	580	340.750076291194	0.20555689260103
1	582	340.955633183795	3.6875424427227
1	584	344.643175626518	0.96667540149315
1	586	345.609851028011	0.93086464765697
1	588	346.540715675668	0.47503555081666
1	590	347.015751226485	0.3963066013283
1	592	347.412057827813	1.4760898270308
1	594	348.888147654844	1.9217118702853
1	596	350.809859525129	0.032338641564706
1	598	350.842198166694	1.1848069698783
1	600	352.027005136572	0.20889486977068
1	602	352.235900006343	4.7356898860504
1	604	356.971589892393	0.15811635089043
1	606	357.129706243283	0.12508873400116
1	608	357.254794977284	4.3159209149813
1	610	361.570715892265	0.95665891009605
1	612	362.527374802361	2.9580360387826
1	614	365.485410841144	0.70425156231186
1	616	366.189662403456	1.3474193406647
1	618	367.537081744121	1.1619643443283
1	620	368.699046088449	3.0245059555645
1	622	371.723552044013	0.30457456089069
1	624	372.028126604904	1.4699397629708
1	626	373.498066367875	0.0347873891195
1	628	373.532853756994	0.53387806020747
1	630	374.066731817201	0.86434934499622
1	632	374.931081162197	2.4248830976798
1	634	377.355964259877	0.49904137199086
1	636	377.855005631868	0.94379210986268
1	638	378.798797741731	2.4515861151922
1	640	381.250383856923	1.9450490017211
1	642	383.195432858644	0.67647252408033
1	644	383.871905382724	0.11018402402728
1	646	383.982089406751	0.59665029217268
1	648	384.578739698924	0.14668010189701
1	650	384.725419800821	1.102349692887
1	652	385.827769493708	1.4143970701661
1	654	387.242166563874	0.82394184677637
1	656	388.06610841065	0.25620655148368
1	658	388.322314962134	3.5745845255123
1	660	391.896899487646	0.49515083249235
1	662	392.392050320138	1.7115395630337
1	664	394.103589883172	3.1856501285739
1	666	397.289240011746	0.75521593775742
1	668	398.044455949503	1.4912901178273
1	670	399.53574606733	0.26088445341007
1	672	399.79663052074	0.61384458995819
1	674	400.410475110698	1.0189311233176
1	676	401.429406234016	0.19964059032314
1	678	401.629046824339	1.5186751321997
1	680	403.147721956539	0.82684734449518
1	682	403.974569301034	1.5510320731873
1	684	405.525601374221	0.12716802435955
1	686	405.652769398581	5.5402261570052
1	688	411.192995555586	1.337711464444
1	690	412.53070702003	0.27119101617962
1	692	412.80189803621	1.6883190987812
1	694	414.490217134991	0.60994368520355
1	696	415.100160820195	2.1552392449178
1	698	417.255400065113	0.60652519208501
1	700	417.861925257198	1.3325381920056
1	702	419.194463449204	0.42204131467729
1	704	419.616504763881	2.544077948472
1	706	422.160582712353	0.50012033919597
1	708	422.660703051549	1.5918478382458
1	710	424.252550889795	0.71497279392982
1	712	424.967523683725	1.5678910033361
1	714	426.535414687061	0.85919187810013
1	716	427.394606565161	0.088027406917663
1	718	427.482633972079	0.33901790403568
1	720	427.821651876115	0.11483191463426
1	722	427.936483790749	0.15871951777291
1	724	428.095203308522	0.35823292858201
1	726	428.453436237104	0.39531030822434
1	728	428.848746545328	0.18197580419431
1	730	429.030722349522	0.16141216800936
1	732	429.192134517531	0.12808633354373
1	734	429.320220851075	0.42051474602076
1	736	429.740735597096	0.71746459072183
1	738	430.458200187818	1.2505717753357
1	740	431.708771963154	0.42985130459076
1	742	432.138623267745	1.0116141721071
1	744	433.150237439852	1.3140523511131
1	746	434.464289790965	6.4760007173575
1	748	440.940290508322	0.61028469286296
1	750	441.550575201185	0.90536746081621
1	752	442.455942662001	2.0605329784659
1	754	444.516475640467	0.87524913148537
1	756	445.391724771952	0.69407194143635
1	758	446.085796713388	1.1310190378296
1	760	447.216815751218	2.1744042112236
1	762	449.391219962442	1.4272634968818
1	764	450.818483459324	0.06922031243776
1	766	450.887703771762	1.0522900053069
1	768	451.939993777069	0.17336263625194
1	770	452.113356413321	0.97674106107726
1	772	453.090097474398	1.1502190628134
1	774	454.240316537211	1.0217684820987
1	776	455.26208501931	0.53806870765035
1	778	455.80015372696	0.48198964350281
1	780	456.282143370463	0.68252791323635
1	782	456.964671283699	1.6525277703364
1	784	458.617199054035	0.12466713290993
1	786	458.741866186945	1.0206523326114
1	788	459.762518519556	0.21516330181603
1	790	459.977681821372	0.40694441941312
1	792	460.384626240785	0.9408635205748
1	794	461.32548976136	0.31006100691904
1	796	461.635550768279	0.88072861978404
1	798	462.516279388063	0.081326186631568
1	800	462.597605574695	0.69610765128557
1	802	463.293713225981	0.47002495281758
1	804	463.763738178799	2.0409679384347
1	806	465.804706117234	0.014224454792905
1	808	465.818930572027	0.39049862931126
1	810	466.209429201338	0.19920175624444
1	812	466.408630957582	1.1031185612339
1	814	467.511749518816	0.068491830217589
1	816	467.580241349034	0.57403757423124
1	818	468.154278923265	0.35854075598097
1	820	468.512819679246	0.71098858437177
1	822	469.223808263618	0.47104203597914
1	824	469.694850299597	2.2433204978502
1	826	471.938170797447	0.98404220811915
1	828	472.922213005566	0.52163941996828
1	830	473.443852425534	1.6408845650431
1	832	475.084736990577	0.72699306744292
1	834	475.81173005802	1.0781921819561
1	836	476.889922239976	0.16639915145215
1	838	477.056321391428	0.19137098453188
1	840	477.24769237596	0.086284807769181
1	842	477.333977183729	2.4662875193988
1	844	479.800264703128	1.2815425774034
1	846	481.081807280531	1.4426781565708
1	848	482.524485437102	1.8866645272759
1	850	484.411149964378	0.75756246079961
1	852	485.168712425178	1.0548348329008
1	854	486.223547258079	1.1349958800107
1	856	487.35854313809	2.4905556431905
1	858	489.84909878128	0.78350714390033
1	860	490.63260592518	1.0952483263961
1	862	491.727854251576	0.20259036483302
1	864	491.930444616409	1.772161054197
1	866	493.702605670606	1.1283011966006
1	868	494.830906867207	0.49447002914777
1	870	495.325376896355	4.8806203612587
1	872	500.205997257614	0.030914883332207
1	874	500.236912140946	1.6182198900215
1	876	501.855132030967	2.9147095763714
1	878	504.769841607338	0.22028481907909
1	880	504.990126426417	0.90986521791042
1	882	505.899991644327	0.14032802155369
1	884	506.040319665881	2.0941045106166
1	886	508.134424176498	2.9305710635285
1	888	511.064995240026	0.61668699518604
1	890	511.681682235212	2.6499316255859
1	892	514.331613860798	1.3648188379694
1	894	515.696432698767	1.5213421321021
1	896	517.217774830869	2.2057113585005
1	898	519.423486189369	1.5722669170713
1	900	520.99575310644	0.61270090843396
1	902	521.608454014874	0.16958968232324
1	904	521.778043697197	4.1761597630959
1	906	525.954203460293	1.8381181330649
1	908	527.792321593358	1.1662861071509
1	910	528.958607700509	0.234892836667
1	912	529.193500537176	0.27390596880942
1	914	529.467406505985	0.18492876351553
1	916	529.652335269501	0.024188444570363
1	918	529.676523714071	0.57496344433933
1	920	530.25148715841	1.1896790607769
1	922	531.441166219187	0.00042127015072099
1	924	531.441587489338	0.26217498452387
1	926	531.703762473862	2.0544441619766
1	928	533.758206635839	0.34471848860417
1	930	534.102925124443	0.19327269722131
1	932	534.296197821664	1.7426283008743
1	934	536.038826122538	1.4786156206223
1	936	537.51744174316	0.067622112589504
1	938	537.58506385575	0.96190072423527
1	940	538.546964579985	0.45684502860487
1	942	539.00380960859	1.6178877437673
1	944	540.621697352357	0.92352435370079
1	946	541.545221706058	1.0079010124946
1	948	542.553122718553	1.1708149644982
1	950	543.723937683051	3.5818780787434
1	952	547.305815761794	0.7540142588684
1	954	548.059830020662	0.52544626367652
1	956	548.585276284339	0.93147286443818
1	958	549.516749148777	0.75590424807617
1	960	550.272653396853	4.2792087228013
1	962	554.551862119654	0.45430154975437
1	964	555.006163669408	1.5685785546026
1	966	556.574742224011	1.4934807625407
1	968	558.068222986552	6.3184880389774
1	970	564.386711025529	0.39312193426544
1	972	564.779832959794	2.7035545055905
1	974	567.483387465385	1.7637263651436
1	976	569.247113830529	2.9239672479313
1	978	572.17108107846	0.098856740060632
1	980	572.269937818521	0.12048731886119
1	982	572.390425137382	0.29562206088048
1	984	572.686047198262	0.021813028967589
1	986	572.70786022723	0.63420940266146
1	988	573.342069629891	0.31041661806479
1	990	573.652486247956	0.14820010535821
1	992	573.800686353314	0.034367823766836
1	994	573.835054177081	0.24963480774528
1	996	574.084688984826	0.2085206614242
1	998	574.29320964625	2.0264974020433
1	1000	576.319707048293	1.9347562655775
1	1002	578.25446331387	0.51249435969465
1	1004	578.766957673565	2.9627987238065
1	1006	581.729756397371	0.27144995737844
1	1008	582.001206354749	2.359362477827
1	1010	584.360568832576	2.0588321278327
1	1012	586.419400960409	0.017260746532901
1	1014	586.436661706942	0.94220287347267
1	1016	587.378864580415	0.38139768163083
1	1018	587.760262262046	1.1047823463605
1	1020	588.865044608407	1.6561675160995
1	1022	590.521212124506	2.4173397138913
1	1024	592.938551838397	0.73327808526931
1	1026	593.671829923666	1.3767823661569
1	1028	595.048612289823	1.6642027252497
1	1030	596.712815015073	0.33884188045
1	1032	597.051656895523	6.2807057263258
2	171	100.275915528442	83
2	173	102.524253749709	84
2	175	102.769389133925	85
2	177	105.586162785547	86
2	179	106.898371764013	87
2	181	106.900810101265	88
2	183	107.843114115347	89
2	185	108.540418860887	90
2	187	109.493940056456	91
2	189	113.881065877678	92
2	191	113.954415534362	93
2	193	114.514390897397	94
2	195	114.728998899933	95
2	197	116.577627372466	96
2	199	117.03724244728	97
2	201	117.906972941455	98
2	203	118.939089030036	99
2	205	120.559824984574	100
2	207	120.799078485325	101
2	209	121.52887850186	102
2	211	121.671432501655	103
2	213	121.703930580107	104
2	215	124.705225131812	105
2	217	124.804775155879	106
2	219	125.214508507758	107
2	221	125.344494020655	108
2	223	126.05185571788	109
2	225	126.370133683029	110
2	227	126.440787665339	111
2	229	130.125776740772	112
2	231	130.480040923174	113
2	233	131.578981416344	114
2	235	131.860766651372	115
2	237	133.726822053736	116
2	239	136.879030059649	117
2	241	137.797419731662	118
2	243	138.318434386181	119
2	245	139.428152115923	120
2	247	139.96093736811	121
2	249	141.798811070896	122
2	251	142.194303958877	123
2	253	145.068557319965	124
2	255	145.307340618777	125
2	257	147.988663528139	126
2	259	149.454962111803	127
2	261	151.371039197009	128
2	263	154.254625607498	129
2	265	154.363459348124	130
2	267	155.631484237175	131
2	269	156.124203493429	132
2	271	156.731408792124	133
2	273	156.771179086703	134
2	275	157.690251849367	135
2	277	158.559744339093	136
2	279	158.825993941191	137
2	281	160.575362621252	138
2	283	160.763270371541	139
2	285	160.821017037941	140
2	287	162.808449036211	141
2	289	163.038434402597	142
2	291	165.089589610241	143
2	293	165.589960857041	144
2	295	166.725085922014	145
2	297	167.033194519958	146
2	299	167.19175776773	147
2	301	168.935447067549	148
2	303	169.149355143022	149
2	305	169.626767355197	150
2	307	170.049166308761	151
2	309	171.169558708822	152
2	311	174.606696756634	153
2	313	175.354766339354	154
2	315	175.637400056336	155
2	317	176.600855073371	156
2	319	179.035761693855	157
2	321	182.117742656199	158
2	323	185.084477938696	159
2	325	188.246124752204	160
2	327	188.343965358822	161
2	329	188.474246307702	162
2	331	190.309094932401	163
2	333	192.349650518441	164
2	335	198.059291450244	165
2	337	198.526451518735	166
2	339	199.004930798804	167
2	341	199.121838943292	168
2	343	199.849780853334	169
2	345	200.381685260862	170
2	347	201.872515377118	171
2	349	202.657997019863	172
2	351	203.171090747659	173
2	353	206.742615229699	174
2	355	206.781984679355	175
2	357	207.292867944376	176
2	359	207.475090563485	177
2	361	207.488781766857	178
2	363	207.915758830274	179
2	365	210.076182398732	180
2	367	210.213688306774	181
2	369	210.34324919927	182
2	371	210.83362351597	183
2	373	211.549434670618	184
2	375	212.865033771882	185
2	377	214.95171932499	186
2	379	216.68023519671	187
2	381	217.475608079083	188
2	383	218.12559557235	189
2	385	218.776452763029	190
2	387	222.66143543743	191
2	389	224.434440569138	192
2	391	225.220728393789	193
2	393	225.243390763085	194
2	395	225.975687778054	195
2	397	226.910774209041	196
2	399	226.971155521482	197
2	401	227.554134196043	198
2	403	227.865219143536	199
2	405	232.494972305676	200
2	407	234.04628688423	201
2	409	235.824404134417	202
2	411	236.910664587574	203
2	413	236.97168449698	204
2	415	238.487954817832	205
2	417	238.720396971349	206
2	419	243.558036415334	207
2	421	244.220505473253	208
2	423	245.201093739945	209
2	425	246.536304671896	210
2	427	247.312883574309	211
2	429	247.756776679415	212
2	431	248.026259008298	213
2	433	248.517145941722	214
2	435	249.455983218094	215
2	437	252.25469312428	216
2	439	253.929849942679	217
2	441	257.308074802849	218
2	443	259.258622715606	219
2	445	259.834712435574	220
2	447	260.138143711812	221
2	449	262.655381233935	222
2	451	264.779229311307	223
2	453	265.220170506632	224
2	455	265.38942745505	225
2	457	265.484426477287	226
2	459	267.05373666448	227
2	461	267.87660590423	228
2	463	270.858932931338	229
2	465	272.048358799352	230
2	467	273.432933588742	231
2	469	275.891191239003	232
2	471	276.041918490336	233
2	473	279.73452910756	234
2	475	279.878047136532	235
2	477	281.494368753516	236
2	479	282.516989898389	237
2	481	284.082696563228	238
2	483	288.603988839031	239
2	485	289.965836666024	240
2	487	292.549065392239	241
2	489	293.879143976855	242
2	491	294.211900922688	243
2	493	295.815854988915	244
2	495	296.814821596244	245
2	497	300.844332059806	246
2	499	301.291469178209	247
2	501	301.80621303947	248
2	503	302.454877262948	249
2	505	302.55025515805	250
2	507	303.689225568547	251
2	509	303.990585807916	252
2	511	304.45044640395	253
2	513	304.725846961747	254
2	515	306.770523736957	255
2	517	307.267644165661	256
2	519	308.35630516432	257
2	521	310.184930239909	258
2	523	310.430641855214	259
2	525	310.498817345577	260
2	527	311.026367566426	261
2	529	311.6834755013	262
2	531	312.498920037538	263
2	533	314.344234937869	264
2	535	315.581831825093	265
2	537	315.919365825723	266
2	539	316.282645343495	267
2	541	316.354695377758	268
2	543	317.894835727973	269
2	545	318.19977107387	270
2	547	319.529876916377	271
2	549	319.627675967289	272
2	551	319.738724718152	273
2	553	321.552736274583	274
2	555	321.671065910701	275
2	557	321.876359925279	276
2	559	322.340066145116	277
2	561	322.579141463234	278
2	563	324.465427420817	279
2	565	326.319440263036	280
2	567	329.163550793101	281
2	569	330.992009435386	282
2	571	332.553401110368	283
2	573	333.532480466508	284
2	575	335.856383592304	285
2	577	338.564565368891	286
2	579	340.682222047923	287
2	581	340.750076291194	288
2	583	340.955633183795	289
2	585	344.643175626518	290
2	587	345.609851028011	291
2	589	346.540715675668	292
2	591	347.015751226485	293
2	593	347.412057827813	294
2	595	348.888147654844	295
2	597	350.809859525129	296
2	599	350.842198166694	297
2	601	352.027005136572	298
2	603	352.235900006343	299
2	605	356.971589892393	300
2	607	357.129706243283	301
2	609	357.254794977284	302
2	611	361.570715892265	303
2	613	362.527374802361	304
2	615	365.485410841144	305
2	617	366.189662403456	306
2	619	367.537081744121	307
2	621	368.699046088449	308
2	623	371.723552044013	309
2	625	372.028126604904	310
2	627	373.498066367875	311
2	629	373.532853756994	312
2	631	374.066731817201	313
2	633	374.931081162197	314
2	635	377.355964259877	315
2	637	377.855005631868	316
2	639	378.798797741731	317
2	641	381.250383856923	318
2	643	383.195432858644	319
2	645	383.871905382724	320
2	647	383.982089406751	321
2	649	384.578739698924	322
2	651	384.725419800821	323
2	653	385.827769493708	324
2	655	387.242166563874	325
2	657	388.06610841065	326
2	659	388.322314962134	327
2	661	391.896899487646	328
2	663	392.392050320138	329
2	665	394.103589883172	330
2	667	397.289240011746	331
2	669	398.044455949503	332
2	671	399.53574606733	333
2	673	399.79663052074	334
2	675	400.410475110698	335
2	677	401.429406234016	336
2	679	401.629046824339	337
2	681	403.147721956539	338
2	683	403.974569301034	339
2	685	405.525601374221	340
2	687	405.652769398581	341
2	689	411.192995555586	342
2	691	412.53070702003	343
2	693	412.80189803621	344
2	695	414.490217134991	345
2	697	415.100160820195	346
2	699	417.255400065113	347
2	701	417.861925257198	348
2	703	419.194463449204	349
2	705	419.616504763881	350
2	707	422.160582712353	351
2	709	422.660703051549	352
2	711	424.252550889795	353
2	713	424.967523683725	354
2	715	426.535414687061	355
2	717	427.394606565161	356
2	719	427.482633972079	357
2	721	427.821651876115	358
2	723	427.936483790749	359
2	725	428.095203308522	360
2	727	428.453436237104	361
2	729	428.848746545328	362
2	731	429.030722349522	363
2	733	429.192134517531	364
2	735	429.320220851075	365
2	737	429.740735597096	366
2	739	430.458200187818	367
2	741	431.708771963154	368
2	743	432.138623267745	369
2	745	433.150237439852	370
2	747	434.464289790965	371
2	749	440.940290508322	372
2	751	441.550575201185	373
2	753	442.455942662001	374
2	755	444.516475640467	375
2	757	445.391724771952	376
2	759	446.085796713388	377
2	761	447.216815751218	378
2	763	449.391219962442	379
2	765	450.818483459324	380
2	767	450.887703771762	381
2	769	451.939993777069	382
2	771	452.113356413321	383
2	773	453.090097474398	384
2	775	454.240316537211	385
2	777	455.26208501931	386
2	779	455.80015372696	387
2	781	456.282143370463	388
2	783	456.964671283699	389
2	785	458.617199054035	390
2	787	458.741866186945	391
2	789	459.762518519556	392
2	791	459.977681821372	393
2	793	460.384626240785	394
2	795	461.32548976136	395
2	797	461.635550768279	396
2	799	462.516279388063	397
2	801	462.597605574695	398
2	803	463.293713225981	399
2	805	463.763738178799	400
2	807	465.804706117234	401
2	809	465.818930572027	402
2	811	466.209429201338	403
2	813	466.408630957582	404
2	815	467.511749518816	405
2	817	467.580241349034	406
2	819	468.154278923265	407
2	821	468.512819679246	408
2	823	469.223808263618	409
2	825	469.694850299597	410
2	827	471.938170797447	411
2	829	472.922213005566	412
2	831	473.443852425534	413
2	833	475.084736990577	414
2	835	475.81173005802	415
2	837	476.889922239976	416
2	839	477.056321391428	417
2	841	477.24769237596	418
2	843	477.333977183729	419
2	845	479.800264703128	420
2	847	481.081807280531	421
2	849	482.524485437102	422
2	851	484.411149964378	423
2	853	485.168712425178	424
2	855	486.223547258079	425
2	857	487.35854313809	426
2	859	489.84909878128	427
2	861	490.63260592518	428
2	863	491.727854251576	429
2	865	491.930444616409	430
2	867	493.702605670606	431
2	869	494.830906867207	432
2	871	495.325376896355	433
2	873	500.205997257614	434
2	875	500.236912140946	435
2	877	501.855132030967	436
2	879	504.769841607338	437
2	881	504.990126426417	438
2	883	505.899991644327	439
2	885	506.040319665881	440
2	887	508.134424176498	441
2	889	511.064995240026	442
2	891	511.681682235212	443
2	893	514.331613860798	444
2	895	515.696432698767	445
2	897	517.217774830869	446
2	899	519.423486189369	447
2	901	520.99575310644	448
2	903	521.608454014874	449
2	905	521.778043697197	450
2	907	525.954203460293	451
2	909	527.792321593358	452
2	911	528.958607700509	453
2	913	529.193500537176	454
2	915	529.467406505985	455
2	917	529.652335269501	456
2	919	529.676523714071	457
2	921	530.25148715841	458
2	923	531.441166219187	459
2	925	531.441587489338	460
2	927	531.703762473862	461
2	929	533.758206635839	462
2	931	534.102925124443	463
2	933	534.296197821664	464
2	935	536.038826122538	465
2	937	537.51744174316	466
2	939	537.58506385575	467
2	941	538.546964579985	468
2	943	539.00380960859	469
2	945	540.621697352357	470
2	947	541.545221706058	471
2	949	542.553122718553	472
2	951	543.723937683051	473
2	953	547.305815761794	474
2	955	548.059830020662	475
2	957	548.585276284339	476
2	959	549.516749148777	477
2	961	550.272653396853	478
2	963	554.551862119654	479
2	965	555.006163669408	480
2	967	556.574742224011	481
2	969	558.068222986552	482
2	971	564.386711025529	483
2	973	564.779832959794	484
2	975	567.483387465385	485
2	977	569.247113830529	486
2	979	572.17108107846	487
2	981	572.269937818521	488
2	983	572.390425137382	489
2	985	572.686047198262	490
2	987	572.70786022723	491
2	989	573.342069629891	492
2	991	573.652486247956	493
2	993	573.800686353314	494
2	995	573.835054177081	495
2	997	574.084688984826	496
2	999	574.29320964625	497
2	1001	576.319707048293	498
2	1003	578.25446331387	499
2	1005	578.766957673565	500
2	1007	581.729756397371	501
2	1009	582.001206354749	502
2	1011	584.360568832576	503
2	1013	586.419400960409	504
2	1015	586.436661706942	505
2	1017	587.378864580415	506
2	1019	587.760262262046	507
2	1021	588.865044608407	508
2	1023	590.521212124506	509
2	1025	592.938551838397	510
2	1027	593.671829923666	511
2	1029	595.048612289823	512
2	1031	596.712815015073	513
2	1033	597.051656895523	514
4	1034	600	1.0018677077702
5	171	100.275915528442	84
5	173	102.524253749709	85
5	175	102.769389133925	86
5	177	105.586162785547	87
5	179	106.898371764013	88
5	181	106.900810101265	89
5	183	107.843114115347	90
5	185	108.540418860887	91
5	187	109.493940056456	92
5	189	113.881065877678	93
5	191	113.954415534362	94
5	193	114.514390897397	95
5	195	114.728998899933	96
5	197	116.577627372466	97
5	199	117.03724244728	98
5	201	117.906972941455	99
5	203	118.939089030036	100
5	205	120.559824984574	101
5	207	120.799078485325	102
5	209	121.52887850186	103
5	211	121.671432501655	104
5	213	121.703930580107	105
5	215	124.705225131812	106
5	217	124.804775155879	107
5	219	125.214508507758	108
5	221	125.344494020655	109
5	223	126.05185571788	110
5	225	126.370133683029	111
5	227	126.440787665339	112
5	229	130.125776740772	113
5	231	130.480040923174	114
5	233	131.578981416344	115
5	235	131.860766651372	116
5	237	133.726822053736	117
5	239	136.879030059649	118
5	241	137.797419731662	119
5	243	138.318434386181	120
5	245	139.428152115923	121
5	247	139.96093736811	122
5	249	141.798811070896	123
5	251	142.194303958877	124
5	253	145.068557319965	125
5	255	145.307340618777	126
5	257	147.988663528139	127
5	259	149.454962111803	128
5	261	151.371039197009	129
5	263	154.254625607498	130
5	265	154.363459348124	131
5	267	155.631484237175	132
5	269	156.124203493429	133
5	271	156.731408792124	134
5	273	156.771179086703	135
5	275	157.690251849367	136
5	277	158.559744339093	137
5	279	158.825993941191	138
5	281	160.575362621252	139
5	283	160.763270371541	140
5	285	160.821017037941	141
5	287	162.808449036211	142
5	289	163.038434402597	143
5	291	165.089589610241	144
5	293	165.589960857041	145
5	295	166.725085922014	146
5	297	167.033194519958	147
5	299	167.19175776773	148
5	301	168.935447067549	149
5	303	169.149355143022	150
5	305	169.626767355197	151
5	307	170.049166308761	152
5	309	171.169558708822	153
5	311	174.606696756634	154
5	313	175.354766339354	155
5	315	175.637400056336	156
5	317	176.600855073371	157
5	319	179.035761693855	158
5	321	182.117742656199	159
5	323	185.084477938696	160
5	325	188.246124752204	161
5	327	188.343965358822	162
5	329	188.474246307702	163
5	331	190.309094932401	164
5	333	192.349650518441	165
5	335	198.059291450244	166
5	337	198.526451518735	167
5	339	199.004930798804	168
5	341	199.121838943292	169
5	343	199.849780853334	170
5	345	200.381685260862	171
5	347	201.872515377118	172
5	349	202.657997019863	173
5	351	203.171090747659	174
5	353	206.742615229699	175
5	355	206.781984679355	176
5	357	207.292867944376	177
5	359	207.475090563485	178
5	361	207.488781766857	179
5	363	207.915758830274	180
5	365	210.076182398732	181
5	367	210.213688306774	182
5	369	210.34324919927	183
5	371	210.83362351597	184
5	373	211.549434670618	185
5	375	212.865033771882	186
5	377	214.95171932499	187
5	379	216.68023519671	188
5	381	217.475608079083	189
5	383	218.12559557235	190
5	385	218.776452763029	191
5	387	222.66143543743	192
5	389	224.434440569138	193
5	391	225.220728393789	194
5	393	225.243390763085	195
5	395	225.975687778054	196
5	397	226.910774209041	197
5	399	226.971155521482	198
5	401	227.554134196043	199
5	403	227.865219143536	200
5	405	232.494972305676	201
5	407	234.04628688423	202
5	409	235.824404134417	203
5	411	236.910664587574	204
5	413	236.97168449698	205
5	415	238.487954817832	206
5	417	238.720396971349	207
5	419	243.558036415334	208
5	421	244.220505473253	209
5	423	245.201093739945	210
5	425	246.536304671896	211
5	427	247.312883574309	212
5	429	247.756776679415	213
5	431	248.026259008298	214
5	433	248.517145941722	215
5	435	249.455983218094	216
5	437	252.25469312428	217
5	439	253.929849942679	218
5	441	257.308074802849	219
5	443	259.258622715606	220
5	445	259.834712435574	221
5	447	260.138143711812	222
5	449	262.655381233935	223
5	451	264.779229311307	224
5	453	265.220170506632	225
5	455	265.38942745505	226
5	457	265.484426477287	227
5	459	267.05373666448	228
5	461	267.87660590423	229
5	463	270.858932931338	230
5	465	272.048358799352	231
5	467	273.432933588742	232
5	469	275.891191239003	233
5	471	276.041918490336	234
5	473	279.73452910756	235
5	475	279.878047136532	236
5	477	281.494368753516	237
5	479	282.516989898389	238
5	481	284.082696563228	239
5	483	288.603988839031	240
5	485	289.965836666024	241
5	487	292.549065392239	242
5	489	293.879143976855	243
5	491	294.211900922688	244
5	493	295.815854988915	245
5	495	296.814821596244	246
5	497	300.844332059806	247
5	499	301.291469178209	248
5	501	301.80621303947	249
5	503	302.454877262948	250
5	505	302.55025515805	251
5	507	303.689225568547	252
5	509	303.990585807916	253
5	511	304.45044640395	254
5	513	304.725846961747	255
5	515	306.770523736957	256
5	517	307.267644165661	257
5	519	308.35630516432	258
5	521	310.184930239909	259
5	523	310.430641855214	260
5	525	310.498817345577	261
5	527	311.026367566426	262
5	529	311.6834755013	263
5	531	312.498920037538	264
5	533	314.344234937869	265
5	535	315.581831825093	266
5	537	315.919365825723	267
5	539	316.282645343495	268
5	541	316.354695377758	269
5	543	317.894835727973	270
5	545	318.19977107387	271
5	547	319.529876916377	272
5	549	319.627675967289	273
5	551	319.738724718152	274
5	553	321.552736274583	275
5	555	321.671065910701	276
5	557	321.876359925279	277
5	559	322.340066145116	278
5	561	322.579141463234	279
5	563	324.465427420817	280
5	565	326.319440263036	281
5	567	329.163550793101	282
5	569	330.992009435386	283
5	571	332.553401110368	284
5	573	333.532480466508	285
5	575	335.856383592304	286
5	577	338.564565368891	287
5	579	340.682222047923	288
5	581	340.750076291194	289
5	583	340.955633183795	290
5	585	344.643175626518	291
5	587	345.609851028011	292
5	589	346.540715675668	293
5	591	347.015751226485	294
5	593	347.412057827813	295
5	595	348.888147654844	296
5	597	350.809859525129	297
5	599	350.842198166694	298
5	601	352.027005136572	299
5	603	352.235900006343	300
5	605	356.971589892393	301
5	607	357.129706243283	302
5	609	357.254794977284	303
5	611	361.570715892265	304
5	613	362.527374802361	305
5	615	365.485410841144	306
5	617	366.189662403456	307
5	619	367.537081744121	308
5	621	368.699046088449	309
5	623	371.723552044013	310
5	625	372.028126604904	311
5	627	373.498066367875	312
5	629	373.532853756994	313
5	631	374.066731817201	314
5	633	374.931081162197	315
5	635	377.355964259877	316
5	637	377.855005631868	317
5	639	378.798797741731	318
5	641	381.250383856923	319
5	643	383.195432858644	320
5	645	383.871905382724	321
5	647	383.982089406751	322
5	649	384.578739698924	323
5	651	384.725419800821	324
5	653	385.827769493708	325
5	655	387.242166563874	326
5	657	388.06610841065	327
5	659	388.322314962134	328
5	661	391.896899487646	329
5	663	392.392050320138	330
5	665	394.103589883172	331
5	667	397.289240011746	332
5	669	398.044455949503	333
5	671	399.53574606733	334
5	673	399.79663052074	335
5	675	400.410475110698	336
5	677	401.429406234016	337
5	679	401.629046824339	338
5	681	403.147721956539	339
5	683	403.974569301034	340
5	685	405.525601374221	341
5	687	405.652769398581	342
5	689	411.192995555586	343
5	691	412.53070702003	344
5	693	412.80189803621	345
5	695	414.490217134991	346
5	697	415.100160820195	347
5	699	417.255400065113	348
5	701	417.861925257198	349
5	703	419.194463449204	350
5	705	419.616504763881	351
5	707	422.160582712353	352
5	709	422.660703051549	353
5	711	424.252550889795	354
5	713	424.967523683725	355
5	715	426.535414687061	356
5	717	427.394606565161	357
5	719	427.482633972079	358
5	721	427.821651876115	359
5	723	427.936483790749	360
5	725	428.095203308522	361
5	727	428.453436237104	362
5	729	428.848746545328	363
5	731	429.030722349522	364
5	733	429.192134517531	365
5	735	429.320220851075	366
5	737	429.740735597096	367
5	739	430.458200187818	368
5	741	431.708771963154	369
5	743	432.138623267745	370
5	745	433.150237439852	371
5	747	434.464289790965	372
5	749	440.940290508322	373
5	751	441.550575201185	374
5	753	442.455942662001	375
5	755	444.516475640467	376
5	757	445.391724771952	377
5	759	446.085796713388	378
5	761	447.216815751218	379
5	763	449.391219962442	380
5	765	450.818483459324	381
5	767	450.887703771762	382
5	769	451.939993777069	383
5	771	452.113356413321	384
5	773	453.090097474398	385
5	775	454.240316537211	386
5	777	455.26208501931	387
5	779	455.80015372696	388
5	781	456.282143370463	389
5	783	456.964671283699	390
5	785	458.617199054035	391
5	787	458.741866186945	392
5	789	459.762518519556	393
5	791	459.977681821372	394
5	793	460.384626240785	395
5	795	461.32548976136	396
5	797	461.635550768279	397
5	799	462.516279388063	398
5	801	462.597605574695	399
5	803	463.293713225981	400
5	805	463.763738178799	401
5	807	465.804706117234	402
5	809	465.818930572027	403
5	811	466.209429201338	404
5	813	466.408630957582	405
5	815	467.511749518816	406
5	817	467.580241349034	407
5	819	468.154278923265	408
5	821	468.512819679246	409
5	823	469.223808263618	410
5	825	469.694850299597	411
5	827	471.938170797447	412
5	829	472.922213005566	413
5	831	473.443852425534	414
5	833	475.084736990577	415
5	835	475.81173005802	416
5	837	476.889922239976	417
5	839	477.056321391428	418
5	841	477.24769237596	419
5	843	477.333977183729	420
5	845	479.800264703128	421
5	847	481.081807280531	422
5	849	482.524485437102	423
5	851	484.411149964378	424
5	853	485.168712425178	425
5	855	486.223547258079	426
5	857	487.35854313809	427
5	859	489.84909878128	428
5	861	490.63260592518	429
5	863	491.727854251576	430
5	865	491.930444616409	431
5	867	493.702605670606	432
5	869	494.830906867207	433
5	871	495.325376896355	434
5	873	500.205997257614	435
5	875	500.236912140946	436
5	877	501.855132030967	437
5	879	504.769841607338	438
5	881	504.990126426417	439
5	883	505.899991644327	440
5	885	506.040319665881	441
5	887	508.134424176498	442
5	889	511.064995240026	443
5	891	511.681682235212	444
5	893	514.331613860798	445
5	895	515.696432698767	446
5	897	517.217774830869	447
5	899	519.423486189369	448
5	901	520.99575310644	449
5	903	521.608454014874	450
5	905	521.778043697197	451
5	907	525.954203460293	452
5	909	527.792321593358	453
5	911	528.958607700509	454
5	913	529.193500537176	455
5	915	529.467406505985	456
5	917	529.652335269501	457
5	919	529.676523714071	458
5	921	530.25148715841	459
5	923	531.441166219187	460
5	925	531.441587489338	461
5	927	531.703762473862	462
5	929	533.758206635839	463
5	931	534.102925124443	464
5	933	534.296197821664	465
5	935	536.038826122538	466
5	937	537.51744174316	467
5	939	537.58506385575	468
5	941	538.546964579985	469
5	943	539.00380960859	470
5	945	540.621697352357	471
5	947	541.545221706058	472
5	949	542.553122718553	473
5	951	543.723937683051	474
5	953	547.305815761794	475
5	955	548.059830020662	476
5	957	548.585276284339	477
5	959	549.516749148777	478
5	961	550.272653396853	479
5	963	554.551862119654	480
5	965	555.006163669408	481
5	967	556.574742224011	482
5	969	558.068222986552	483
5	971	564.386711025529	484
5	973	564.779832959794	485
5	975	567.483387465385	486
5	977	569.247113830529	487
5	979	572.17108107846	488
5	981	572.269937818521	489
5	983	572.390425137382	490
5	985	572.686047198262	491
5	987	572.70786022723	492
5	989	573.342069629891	493
5	991	573.652486247956	494
5	993	573.800686353314	495
5	995	573.835054177081	496
5	997	574.084688984826	497
5	999	574.29320964625	498
5	1001	576.319707048293	499
5	1003	578.25446331387	500
5	1005	578.766957673565	501
5	1007	581.729756397371	502
5	1009	582.001206354749	503
5	1011	584.360568832576	504
5	1013	586.419400960409	505
5	1015	586.436661706942	506
5	1017	587.378864580415	507
5	1019	587.760262262046	508
5	1021	588.865044608407	509
5	1023	590.521212124506	510
5	1025	592.938551838397	511
5	1027	593.671829923666	512
5	1029	595.048612289823	513
5	1031	596.712815015073	514
5	1033	597.051656895523	515

