version 3
run ParameterStudy-428-20251202-16:16:53-1431
attr configname ParameterStudy
attr datetime 20251202-16:16:53
attr datetimef 20251202-161653
attr experiment ParameterStudy
attr inifile omnetpp.ini
attr iterationvars $betaProducer=9.5s
attr iterationvarsd betaProducer=9.5s
attr iterationvarsf betaProducer=9.5s-
attr measurement $betaProducer=9.5s
attr network queue_sim
attr processid 1431
attr repetition 3
attr replication #3
attr resultdir results
attr runnumber 428
attr seedset 428
itervar betaProducer 9.5s
config description "Parameter study: β_producer = 1s to 10s (0.1s steps), β_service = 1s, 5 repetitions"
config *.serviceUnit.meanServiceTime 1s
config *.producer.warmupPeriod 100s
config *.queue.warmupPeriod 100s
config *.serviceUnit.warmupPeriod 100s
config *.sink.warmupPeriod 100s
config *.producer.meanInterArrivalTime 9.5s
config network queue_sim
config sim-time-limit 600s
config warmup-period 100s
config repeat 5
config **.vector-recording true
config **.scalar-recording true
config debug-on-errors true

vector 0 queue_sim.producer jobGenerated:vector ETV
attr recordingmode vector
attr title "Jobs Generated"
vector 1 queue_sim.producer interArrivalTime:vector ETV
attr recordingmode vector
attr title "Inter-arrival Time"
attr unit s
vector 2 queue_sim.queue queueLength:vector ETV
attr recordingmode vector
attr title "Queue Length"
vector 3 queue_sim.queue queueingDelay:vector ETV
attr recordingmode vector
attr title "Queueing Delay"
attr unit s
vector 4 queue_sim.queue queueUtilization:vector ETV
attr recordingmode vector
attr title "Queue Utilization"
vector 5 queue_sim.queue systemSize:vector ETV
attr recordingmode vector
attr title "System Size"
vector 6 queue_sim.serviceUnit serviceTime:vector ETV
attr recordingmode vector
attr title "Service Time"
attr unit s
vector 7 queue_sim.serviceUnit utilization:vector ETV
attr recordingmode vector
attr title "Server Utilization"
vector 8 queue_sim.sink jobCompleted:vector ETV
attr recordingmode vector
attr title "Jobs Completed"
vector 9 queue_sim.sink totalDelay:vector ETV
attr recordingmode vector
attr title "Total System Delay"
attr unit s
0	67	100.457937071703	12
0	73	105.348863892698	13
0	79	107.684157207292	14
0	85	124.773722876889	15
0	88	126.683858072299	16
0	97	131.835920787984	17
0	103	135.353334479641	18
0	109	176.507573913249	19
0	115	176.903906859172	20
0	121	180.228722612753	21
0	127	189.392939962979	22
0	133	208.415877806311	23
0	139	224.241809475641	24
0	145	228.601799904456	25
0	151	233.024630777991	26
0	157	238.41790652105	27
0	163	244.572299731401	28
0	169	252.779586143066	29
0	175	260.87726403918	30
0	181	267.025952747865	31
0	187	285.672254411582	32
0	193	293.003243137847	33
0	199	303.009823901586	34
0	202	303.220240048016	35
0	211	307.56400869566	36
0	217	320.255910488081	37
0	223	323.382155291504	38
0	229	329.618608239526	39
0	235	356.623163836026	40
0	241	366.292312650404	41
0	247	369.37793864721	42
0	253	385.031793757704	43
0	259	393.537018600123	44
0	265	399.393677174774	45
0	271	413.497952502519	46
0	277	427.558063418968	47
0	283	433.329794520077	48
0	289	449.921701330665	49
0	295	453.383265037231	50
0	301	480.59967612475	51
0	307	494.453378781026	52
0	310	495.263424011276	53
0	319	501.719522164341	54
0	325	521.190060145287	55
0	331	522.195485357828	56
0	337	530.708946204246	57
0	343	540.971677012382	58
0	349	548.184314295551	59
0	355	551.504497907606	60
0	358	553.100057999851	61
0	367	559.868544584638	62
0	373	561.780041346786	63
0	379	562.840169694977	64
0	385	563.573391633117	65
0	391	584.883906871914	66
0	397	588.439786244487	67
0	400	589.386209358082	68
0	409	596.031733131453	69
1	67	100.457937071703	4.890926820995
1	73	105.348863892698	2.3352933145942
1	79	107.684157207292	17.089565669597
1	85	124.773722876889	1.9101351954104
1	88	126.683858072299	5.1520627156846
1	97	131.835920787984	3.5174136916574
1	103	135.353334479641	41.154239433608
1	109	176.507573913249	0.39633294592252
1	115	176.903906859172	3.324815753581
1	121	180.228722612753	9.1642173502264
1	127	189.392939962979	19.022937843332
1	133	208.415877806311	15.82593166933
1	139	224.241809475641	4.3599904288154
1	145	228.601799904456	4.4228308735347
1	151	233.024630777991	5.3932757430595
1	157	238.41790652105	6.1543932103509
1	163	244.572299731401	8.2072864116648
1	169	252.779586143066	8.0976778961141
1	175	260.87726403918	6.1486887086848
1	181	267.025952747865	18.646301663717
1	187	285.672254411582	7.3309887262649
1	193	293.003243137847	10.006580763739
1	199	303.009823901586	0.21041614642966
1	202	303.220240048016	4.3437686476442
1	211	307.56400869566	12.691901792421
1	217	320.255910488081	3.1262448034232
1	223	323.382155291504	6.2364529480218
1	229	329.618608239526	27.0045555965
1	235	356.623163836026	9.6691488143777
1	241	366.292312650404	3.0856259968058
1	247	369.37793864721	15.653855110494
1	253	385.031793757704	8.5052248424193
1	259	393.537018600123	5.8566585746514
1	265	399.393677174774	14.104275327745
1	271	413.497952502519	14.060110916449
1	277	427.558063418968	5.7717311011094
1	283	433.329794520077	16.591906810588
1	289	449.921701330665	3.4615637065664
1	295	453.383265037231	27.216411087519
1	301	480.59967612475	13.853702656276
1	307	494.453378781026	0.81004523024984
1	310	495.263424011276	6.4560981530649
1	319	501.719522164341	19.470537980946
1	325	521.190060145287	1.0054252125412
1	331	522.195485357828	8.5134608464178
1	337	530.708946204246	10.262730808136
1	343	540.971677012382	7.2126372831687
1	349	548.184314295551	3.3201836120553
1	355	551.504497907606	1.5955600922454
1	358	553.100057999851	6.7684865847869
1	367	559.868544584638	1.9114967621475
1	373	561.780041346786	1.0601283481913
1	379	562.840169694977	0.73322193813994
1	385	563.573391633117	21.310515238797
1	391	584.883906871914	3.5558793725735
1	397	588.439786244487	0.9464231135945
1	400	589.386209358082	6.6455237733711
1	409	596.031733131453	8.6280094546273
2	68	100.457937071703	1
2	68	100.457937071703	0
2	74	105.348863892698	1
2	74	105.348863892698	0
2	80	107.684157207292	1
2	80	107.684157207292	0
2	86	124.773722876889	1
2	86	124.773722876889	0
2	89	126.683858072299	1
2	92	127.212653590992	0
2	98	131.835920787984	1
2	98	131.835920787984	0
2	104	135.353334479641	1
2	104	135.353334479641	0
2	110	176.507573913249	1
2	110	176.507573913249	0
2	116	176.903906859172	1
2	116	176.903906859172	0
2	122	180.228722612753	1
2	122	180.228722612753	0
2	128	189.392939962979	1
2	128	189.392939962979	0
2	134	208.415877806311	1
2	134	208.415877806311	0
2	140	224.241809475641	1
2	140	224.241809475641	0
2	146	228.601799904456	1
2	146	228.601799904456	0
2	152	233.024630777991	1
2	152	233.024630777991	0
2	158	238.41790652105	1
2	158	238.41790652105	0
2	164	244.572299731401	1
2	164	244.572299731401	0
2	170	252.779586143066	1
2	170	252.779586143066	0
2	176	260.87726403918	1
2	176	260.87726403918	0
2	182	267.025952747865	1
2	182	267.025952747865	0
2	188	285.672254411582	1
2	188	285.672254411582	0
2	194	293.003243137847	1
2	194	293.003243137847	0
2	200	303.009823901586	1
2	200	303.009823901586	0
2	203	303.220240048016	1
2	206	304.664660888608	0
2	212	307.56400869566	1
2	212	307.56400869566	0
2	218	320.255910488081	1
2	218	320.255910488081	0
2	224	323.382155291504	1
2	224	323.382155291504	0
2	230	329.618608239526	1
2	230	329.618608239526	0
2	236	356.623163836026	1
2	236	356.623163836026	0
2	242	366.292312650404	1
2	242	366.292312650404	0
2	248	369.37793864721	1
2	248	369.37793864721	0
2	254	385.031793757704	1
2	254	385.031793757704	0
2	260	393.537018600123	1
2	260	393.537018600123	0
2	266	399.393677174774	1
2	266	399.393677174774	0
2	272	413.497952502519	1
2	272	413.497952502519	0
2	278	427.558063418968	1
2	278	427.558063418968	0
2	284	433.329794520077	1
2	284	433.329794520077	0
2	290	449.921701330665	1
2	290	449.921701330665	0
2	296	453.383265037231	1
2	296	453.383265037231	0
2	302	480.59967612475	1
2	302	480.59967612475	0
2	308	494.453378781026	1
2	308	494.453378781026	0
2	311	495.263424011276	1
2	314	495.925366670335	0
2	320	501.719522164341	1
2	320	501.719522164341	0
2	326	521.190060145287	1
2	326	521.190060145287	0
2	332	522.195485357828	1
2	332	522.195485357828	0
2	338	530.708946204246	1
2	338	530.708946204246	0
2	344	540.971677012382	1
2	344	540.971677012382	0
2	350	548.184314295551	1
2	350	548.184314295551	0
2	356	551.504497907606	1
2	356	551.504497907606	0
2	359	553.100057999851	1
2	362	553.416653592173	0
2	368	559.868544584638	1
2	368	559.868544584638	0
2	374	561.780041346786	1
2	374	561.780041346786	0
2	380	562.840169694977	1
2	380	562.840169694977	0
2	386	563.573391633117	1
2	386	563.573391633117	0
2	392	584.883906871914	1
2	392	584.883906871914	0
2	398	588.439786244487	1
2	398	588.439786244487	0
2	401	589.386209358082	1
2	404	589.59360402029	0
2	410	596.031733131453	1
2	410	596.031733131453	0
3	68	100.457937071703	0
3	74	105.348863892698	0
3	80	107.684157207292	0
3	86	124.773722876889	0
3	92	127.212653590992	0.528795518693
3	98	131.835920787984	0
3	104	135.353334479641	0
3	110	176.507573913249	0
3	116	176.903906859172	0
3	122	180.228722612753	0
3	128	189.392939962979	0
3	134	208.415877806311	0
3	140	224.241809475641	0
3	146	228.601799904456	0
3	152	233.024630777991	0
3	158	238.41790652105	0
3	164	244.572299731401	0
3	170	252.779586143066	0
3	176	260.87726403918	0
3	182	267.025952747865	0
3	188	285.672254411582	0
3	194	293.003243137847	0
3	200	303.009823901586	0
3	206	304.664660888608	1.444420840592
3	212	307.56400869566	0
3	218	320.255910488081	0
3	224	323.382155291504	0
3	230	329.618608239526	0
3	236	356.623163836026	0
3	242	366.292312650404	0
3	248	369.37793864721	0
3	254	385.031793757704	0
3	260	393.537018600123	0
3	266	399.393677174774	0
3	272	413.497952502519	0
3	278	427.558063418968	0
3	284	433.329794520077	0
3	290	449.921701330665	0
3	296	453.383265037231	0
3	302	480.59967612475	0
3	308	494.453378781026	0
3	314	495.925366670335	0.661942659059
3	320	501.719522164341	0
3	326	521.190060145287	0
3	332	522.195485357828	0
3	338	530.708946204246	0
3	344	540.971677012382	0
3	350	548.184314295551	0
3	356	551.504497907606	0
3	362	553.416653592173	0.316595592322
3	368	559.868544584638	0
3	374	561.780041346786	0
3	380	562.840169694977	0
3	386	563.573391633117	0
3	392	584.883906871914	0
3	398	588.439786244487	0
3	404	589.59360402029	0.207394662208
3	410	596.031733131453	0
4	415	600	0.006318298545748
5	68	100.457937071703	1
5	68	100.457937071703	1
5	72	102.671957252187	0
5	74	105.348863892698	1
5	74	105.348863892698	1
5	78	105.832058507852	0
5	80	107.684157207292	1
5	80	107.684157207292	1
5	84	107.779966815359	0
5	86	124.773722876889	1
5	86	124.773722876889	1
5	89	126.683858072299	2
5	92	127.212653590992	1
5	92	127.212653590992	1
5	96	127.57662492687	0
5	98	131.835920787984	1
5	98	131.835920787984	1
5	102	133.581098620084	0
5	104	135.353334479641	1
5	104	135.353334479641	1
5	108	135.760261064094	0
5	110	176.507573913249	1
5	110	176.507573913249	1
5	114	176.714490749693	0
5	116	176.903906859172	1
5	116	176.903906859172	1
5	120	177.590053298884	0
5	122	180.228722612753	1
5	122	180.228722612753	1
5	126	180.965953771512	0
5	128	189.392939962979	1
5	128	189.392939962979	1
5	132	189.452896178923	0
5	134	208.415877806311	1
5	134	208.415877806311	1
5	138	210.732504185323	0
5	140	224.241809475641	1
5	140	224.241809475641	1
5	144	224.342118568514	0
5	146	228.601799904456	1
5	146	228.601799904456	1
5	150	229.762417924916	0
5	152	233.024630777991	1
5	152	233.024630777991	1
5	156	235.683899914386	0
5	158	238.41790652105	1
5	158	238.41790652105	1
5	162	241.299991512925	0
5	164	244.572299731401	1
5	164	244.572299731401	1
5	168	244.770441490641	0
5	170	252.779586143066	1
5	170	252.779586143066	1
5	174	253.936421879903	0
5	176	260.87726403918	1
5	176	260.87726403918	1
5	180	263.882283397251	0
5	182	267.025952747865	1
5	182	267.025952747865	1
5	186	267.501820504348	0
5	188	285.672254411582	1
5	188	285.672254411582	1
5	192	286.223674498765	0
5	194	293.003243137847	1
5	194	293.003243137847	1
5	198	294.470265595693	0
5	200	303.009823901586	1
5	200	303.009823901586	1
5	203	303.220240048016	2
5	206	304.664660888608	1
5	206	304.664660888608	1
5	210	307.148398438996	0
5	212	307.56400869566	1
5	212	307.56400869566	1
5	216	310.241150954589	0
5	218	320.255910488081	1
5	218	320.255910488081	1
5	222	321.616907463816	0
5	224	323.382155291504	1
5	224	323.382155291504	1
5	228	323.898707741205	0
5	230	329.618608239526	1
5	230	329.618608239526	1
5	234	330.603706999201	0
5	236	356.623163836026	1
5	236	356.623163836026	1
5	240	357.055916597943	0
5	242	366.292312650404	1
5	242	366.292312650404	1
5	246	367.288208982459	0
5	248	369.37793864721	1
5	248	369.37793864721	1
5	252	369.988021015539	0
5	254	385.031793757704	1
5	254	385.031793757704	1
5	258	385.053380344477	0
5	260	393.537018600123	1
5	260	393.537018600123	1
5	264	393.739308882007	0
5	266	399.393677174774	1
5	266	399.393677174774	1
5	270	399.901897158686	0
5	272	413.497952502519	1
5	272	413.497952502519	1
5	276	414.671600984897	0
5	278	427.558063418968	1
5	278	427.558063418968	1
5	282	429.894415713999	0
5	284	433.329794520077	1
5	284	433.329794520077	1
5	288	433.396074103635	0
5	290	449.921701330665	1
5	290	449.921701330665	1
5	294	450.150729476703	0
5	296	453.383265037231	1
5	296	453.383265037231	1
5	300	453.731117842241	0
5	302	480.59967612475	1
5	302	480.59967612475	1
5	306	481.11108248521	0
5	308	494.453378781026	1
5	308	494.453378781026	1
5	311	495.263424011276	2
5	314	495.925366670335	1
5	314	495.925366670335	1
5	318	497.228662517197	0
5	320	501.719522164341	1
5	320	501.719522164341	1
5	324	503.08457488243	0
5	326	521.190060145287	1
5	326	521.190060145287	1
5	330	521.19642598985	0
5	332	522.195485357828	1
5	332	522.195485357828	1
5	336	522.477481956561	0
5	338	530.708946204246	1
5	338	530.708946204246	1
5	342	530.961165535128	0
5	344	540.971677012382	1
5	344	540.971677012382	1
5	348	541.030604065813	0
5	350	548.184314295551	1
5	350	548.184314295551	1
5	354	548.498871002596	0
5	356	551.504497907606	1
5	356	551.504497907606	1
5	359	553.100057999851	2
5	362	553.416653592173	1
5	362	553.416653592173	1
5	366	554.192032011989	0
5	368	559.868544584638	1
5	368	559.868544584638	1
5	372	560.776467509147	0
5	374	561.780041346786	1
5	374	561.780041346786	1
5	378	562.13195705049	0
5	380	562.840169694977	1
5	380	562.840169694977	1
5	384	563.205228734603	0
5	386	563.573391633117	1
5	386	563.573391633117	1
5	390	565.961605424311	0
5	392	584.883906871914	1
5	392	584.883906871914	1
5	396	585.482951618109	0
5	398	588.439786244487	1
5	398	588.439786244487	1
5	401	589.386209358082	2
5	404	589.59360402029	1
5	404	589.59360402029	1
5	408	590.962090402147	0
5	410	596.031733131453	1
5	410	596.031733131453	1
5	414	598.672158423708	0
6	69	100.457937071703	2.2140201804835
6	75	105.348863892698	0.48319461515391
6	81	107.684157207292	0.095809608066946
6	87	124.773722876889	2.4389307141025
6	93	127.212653590992	0.36397133587778
6	99	131.835920787984	1.7451778320995
6	105	135.353334479641	0.40692658445296
6	111	176.507573913249	0.20691683644419
6	117	176.903906859172	0.6861464397121
6	123	180.228722612753	0.7372311587592
6	129	189.392939962979	0.059956215943981
6	135	208.415877806311	2.316626379012
6	141	224.241809475641	0.10030909287254
6	147	228.601799904456	1.16061802046
6	153	233.024630777991	2.6592691363949
6	159	238.41790652105	2.8820849918747
6	165	244.572299731401	0.19814175924042
6	171	252.779586143066	1.1568357368366
6	177	260.87726403918	3.0050193580712
6	183	267.025952747865	0.47586775648289
6	189	285.672254411582	0.55142008718264
6	195	293.003243137847	1.4670224578464
6	201	303.009823901586	1.6548369870225
6	207	304.664660888608	2.4837375503879
6	213	307.56400869566	2.6771422589289
6	219	320.255910488081	1.3609969757348
6	225	323.382155291504	0.5165524497013
6	231	329.618608239526	0.9850987596751
6	237	356.623163836026	0.43275276191734
6	243	366.292312650404	0.99589633205507
6	249	369.37793864721	0.61008236832859
6	255	385.031793757704	0.021586586772676
6	261	393.537018600123	0.20229028188445
6	267	399.393677174774	0.50821998391214
6	273	413.497952502519	1.1736484823782
6	279	427.558063418968	2.3363522950308
6	285	433.329794520077	0.066279583557535
6	291	449.921701330665	0.22902814603777
6	297	453.383265037231	0.34785280501042
6	303	480.59967612475	0.5114063604603
6	309	494.453378781026	1.4719878893091
6	315	495.925366670335	1.3032958468622
6	321	501.719522164341	1.3650527180893
6	327	521.190060145287	0.0063658445630746
6	333	522.195485357828	0.28199659873333
6	339	530.708946204246	0.25221933088177
6	345	540.971677012382	0.05892705343102
6	351	548.184314295551	0.31455670704531
6	357	551.504497907606	1.9121556845666
6	363	553.416653592173	0.77537841981594
6	369	559.868544584638	0.9079229245092
6	375	561.780041346786	0.35191570370374
6	381	562.840169694977	0.36505903962603
6	387	563.573391633117	2.3882137911939
6	393	584.883906871914	0.59904474619506
6	399	588.439786244487	1.1538177758032
6	405	589.59360402029	1.3684863818571
6	411	596.031733131453	2.6404252922553
7	70	102.671957252187	13.774315300088
7	76	105.832058507852	13.819587314138
7	82	107.779966815359	13.658719495738
7	90	127.212653590992	13.489455309363
7	94	127.57662492687	13.736266655381
7	100	133.581098620084	14.42527679518
7	106	135.760261064094	14.493467861817
7	112	176.714490749693	11.251644705838
7	118	177.590053298884	11.582536690825
7	124	180.965953771512	11.773852372397
7	130	189.452896178923	11.278064832075
7	136	210.732504185323	11.238535283331
7	142	224.342118568514	10.601467116806
7	148	229.762417924916	10.856507419677
7	154	235.683899914386	11.712061407703
7	160	241.299991512925	12.633870348182
7	166	244.770441490641	12.535692484066
7	172	253.936421879903	12.538770664829
7	178	263.882283397251	13.204950511819
7	184	267.501820504348	13.204169086383
7	190	286.223674498765	12.533139628841
7	196	294.470265595693	12.680341479654
7	204	304.664660888608	12.799210813248
7	208	307.148398438996	13.504354892225
7	214	310.241150954589	14.232654789364
7	220	321.616907463816	14.152411751168
7	226	323.898707741205	14.212190525975
7	232	330.603706999201	14.221921660165
7	238	357.055916597943	13.289501943858
7	244	367.288208982459	13.190417803832
7	250	369.988021015539	13.259059453513
7	256	385.053380344477	12.745899859441
7	262	393.739308882007	12.516100738307
7	268	399.901897158686	12.450310659602
7	274	414.671600984897	12.289888405966
7	280	429.894415713999	12.398167400891
7	286	433.396074103635	12.313288485881
7	292	450.150729476703	11.905864753169
7	298	453.731117842241	11.888580641865
7	304	481.11108248521	11.318300115035
7	312	495.925366670335	11.277016230722
7	316	497.228662517197	11.50956979206
7	322	503.08457488243	11.64693484596
7	328	521.19642598985	11.243419098644
7	334	522.477481956561	11.269824467732
7	340	530.961165535128	11.137257914373
7	346	541.030604065813	10.940867492413
7	352	548.498871002596	10.849247161168
7	360	553.416653592173	11.098356631876
7	364	554.192032011989	11.222740260243
7	370	560.776467509147	11.252871487363
7	376	562.13195705049	11.288340776218
7	382	563.205228734603	11.331647276588
7	388	565.961605424311	11.698433801894
7	394	585.482951618109	11.410697496188
7	402	589.59360402029	11.526839133479
7	406	590.962090402147	11.731715753777
7	412	598.672158423708	12.02167445707
8	71	102.671957252187	12
8	77	105.832058507852	13
8	83	107.779966815359	14
8	91	127.212653590992	15
8	95	127.57662492687	16
8	101	133.581098620084	17
8	107	135.760261064094	18
8	113	176.714490749693	19
8	119	177.590053298884	20
8	125	180.965953771512	21
8	131	189.452896178923	22
8	137	210.732504185323	23
8	143	224.342118568514	24
8	149	229.762417924916	25
8	155	235.683899914386	26
8	161	241.299991512925	27
8	167	244.770441490641	28
8	173	253.936421879903	29
8	179	263.882283397251	30
8	185	267.501820504348	31
8	191	286.223674498765	32
8	197	294.470265595693	33
8	205	304.664660888608	34
8	209	307.148398438996	35
8	215	310.241150954589	36
8	221	321.616907463816	37
8	227	323.898707741205	38
8	233	330.603706999201	39
8	239	357.055916597943	40
8	245	367.288208982459	41
8	251	369.988021015539	42
8	257	385.053380344477	43
8	263	393.739308882007	44
8	269	399.901897158686	45
8	275	414.671600984897	46
8	281	429.894415713999	47
8	287	433.396074103635	48
8	293	450.150729476703	49
8	299	453.731117842241	50
8	305	481.11108248521	51
8	313	495.925366670335	52
8	317	497.228662517197	53
8	323	503.08457488243	54
8	329	521.19642598985	55
8	335	522.477481956561	56
8	341	530.961165535128	57
8	347	541.030604065813	58
8	353	548.498871002596	59
8	361	553.416653592173	60
8	365	554.192032011989	61
8	371	560.776467509147	62
8	377	562.13195705049	63
8	383	563.205228734603	64
8	389	565.961605424311	65
8	395	585.482951618109	66
8	403	589.59360402029	67
8	407	590.962090402147	68
8	413	598.672158423708	69
9	71	102.671957252187	2.214020180484
9	77	105.832058507852	0.483194615154
9	83	107.779966815359	0.095809608067
9	91	127.212653590992	2.438930714103
9	95	127.57662492687	0.892766854571
9	101	133.581098620084	1.7451778321
9	107	135.760261064094	0.406926584453
9	113	176.714490749693	0.206916836444
9	119	177.590053298884	0.686146439712
9	125	180.965953771512	0.737231158759
9	131	189.452896178923	0.059956215944
9	137	210.732504185323	2.316626379012
9	143	224.342118568514	0.100309092873
9	149	229.762417924916	1.16061802046
9	155	235.683899914386	2.659269136395
9	161	241.299991512925	2.882084991875
9	167	244.770441490641	0.19814175924
9	173	253.936421879903	1.156835736837
9	179	263.882283397251	3.005019358071
9	185	267.501820504348	0.475867756483
9	191	286.223674498765	0.551420087183
9	197	294.470265595693	1.467022457846
9	205	304.664660888608	1.654836987022
9	209	307.148398438996	3.92815839098
9	215	310.241150954589	2.677142258929
9	221	321.616907463816	1.360996975735
9	227	323.898707741205	0.516552449701
9	233	330.603706999201	0.985098759675
9	239	357.055916597943	0.432752761917
9	245	367.288208982459	0.995896332055
9	251	369.988021015539	0.610082368329
9	257	385.053380344477	0.021586586773
9	263	393.739308882007	0.202290281884
9	269	399.901897158686	0.508219983912
9	275	414.671600984897	1.173648482378
9	281	429.894415713999	2.336352295031
9	287	433.396074103635	0.066279583558
9	293	450.150729476703	0.229028146038
9	299	453.731117842241	0.34785280501
9	305	481.11108248521	0.51140636046
9	313	495.925366670335	1.471987889309
9	317	497.228662517197	1.965238505921
9	323	503.08457488243	1.365052718089
9	329	521.19642598985	0.006365844563
9	335	522.477481956561	0.281996598733
9	341	530.961165535128	0.252219330882
9	347	541.030604065813	0.058927053431
9	353	548.498871002596	0.314556707045
9	361	553.416653592173	1.912155684567
9	365	554.192032011989	1.091974012138
9	371	560.776467509147	0.907922924509
9	377	562.13195705049	0.351915703704
9	383	563.205228734603	0.365059039626
9	389	565.961605424311	2.388213791194
9	395	585.482951618109	0.599044746195
9	403	589.59360402029	1.153817775803
9	407	590.962090402147	1.575881044065
9	413	598.672158423708	2.640425292255

