version 3
run ParameterStudy-352-20251202-16:20:06-1436
attr configname ParameterStudy
attr datetime 20251202-16:20:06
attr datetimef 20251202-162006
attr experiment ParameterStudy
attr inifile omnetpp.ini
attr iterationvars $betaProducer=8.0s
attr iterationvarsd betaProducer=8.0s
attr iterationvarsf betaProducer=8.0s-
attr measurement $betaProducer=8.0s
attr network queue_sim
attr processid 1436
attr repetition 2
attr replication #2
attr resultdir results
attr runnumber 352
attr seedset 352
itervar betaProducer 8.0s
config description "Parameter study: β_producer = 1s to 10s (0.1s steps), β_service = 1s, 5 repetitions"
config *.serviceUnit.meanServiceTime 1s
config *.producer.warmupPeriod 100s
config *.queue.warmupPeriod 100s
config *.serviceUnit.warmupPeriod 100s
config *.sink.warmupPeriod 100s
config *.producer.meanInterArrivalTime 8.0s
config network queue_sim
config sim-time-limit 600s
config warmup-period 100s
config repeat 5
config **.vector-recording true
config **.scalar-recording true
config debug-on-errors true

vector 0 queue_sim.producer jobGenerated:vector ETV
attr recordingmode vector
attr title "Jobs Generated"
vector 1 queue_sim.producer interArrivalTime:vector ETV
attr recordingmode vector
attr title "Inter-arrival Time"
attr unit s
vector 2 queue_sim.queue queueLength:vector ETV
attr recordingmode vector
attr title "Queue Length"
vector 3 queue_sim.queue queueingDelay:vector ETV
attr recordingmode vector
attr title "Queueing Delay"
attr unit s
vector 4 queue_sim.queue queueUtilization:vector ETV
attr recordingmode vector
attr title "Queue Utilization"
vector 5 queue_sim.queue systemSize:vector ETV
attr recordingmode vector
attr title "System Size"
vector 6 queue_sim.serviceUnit serviceTime:vector ETV
attr recordingmode vector
attr title "Service Time"
attr unit s
vector 7 queue_sim.serviceUnit utilization:vector ETV
attr recordingmode vector
attr title "Server Utilization"
vector 8 queue_sim.sink jobCompleted:vector ETV
attr recordingmode vector
attr title "Jobs Completed"
vector 9 queue_sim.sink totalDelay:vector ETV
attr recordingmode vector
attr title "Total System Delay"
attr unit s
0	109	104.385979272115	19
0	115	112.672857866128	20
0	121	145.846532244117	21
0	127	148.735945719398	22
0	133	166.549866823152	23
0	139	176.712727096171	24
0	145	184.601620009857	25
0	151	200.006602749428	26
0	157	201.483411664825	27
0	163	203.767478261382	28
0	169	216.71394700125	29
0	175	226.088023598104	30
0	181	242.126073638158	31
0	187	249.80464592416	32
0	193	259.086223572854	33
0	199	270.717705506157	34
0	205	289.500944938043	35
0	211	291.261654421479	36
0	217	305.584068997899	37
0	223	323.669253311119	38
0	229	362.43185480883	39
0	235	372.890750626071	40
0	241	394.968539781673	41
0	247	399.42298028396	42
0	253	400.311401409812	43
0	259	425.617627413257	44
0	265	447.338139984481	45
0	268	447.957497415708	46
0	277	459.319833253087	47
0	283	463.587836058381	48
0	289	481.023011198961	49
0	295	482.43748979791	50
0	301	489.699557854349	51
0	307	502.648626731329	52
0	313	510.487118247034	53
0	319	519.647493734513	54
0	325	527.732715870583	55
0	331	535.188816234551	56
0	337	537.663838275515	57
0	343	538.315708761898	58
0	349	553.330511533346	59
0	355	563.332743787185	60
0	361	574.124352049441	61
0	367	579.605346619939	62
1	109	104.385979272115	8.2868785940127
1	115	112.672857866128	33.173674377989
1	121	145.846532244117	2.8894134752812
1	127	148.735945719398	17.813921103754
1	133	166.549866823152	10.162860273019
1	139	176.712727096171	7.8888929136859
1	145	184.601620009857	15.404982739571
1	151	200.006602749428	1.4768089153969
1	157	201.483411664825	2.2840665965569
1	163	203.767478261382	12.946468739868
1	169	216.71394700125	9.3740765968542
1	175	226.088023598104	16.038050040054
1	181	242.126073638158	7.6785722860018
1	187	249.80464592416	9.2815776486944
1	193	259.086223572854	11.631481933303
1	199	270.717705506157	18.783239431886
1	205	289.500944938043	1.7607094834364
1	211	291.261654421479	14.32241457642
1	217	305.584068997899	18.08518431322
1	223	323.669253311119	38.762601497711
1	229	362.43185480883	10.458895817241
1	235	372.890750626071	22.077789155602
1	241	394.968539781673	4.4544405022872
1	247	399.42298028396	0.88842112585199
1	253	400.311401409812	25.306226003445
1	259	425.617627413257	21.720512571224
1	265	447.338139984481	0.61935743122718
1	268	447.957497415708	11.362335837379
1	277	459.319833253087	4.2680028052944
1	283	463.587836058381	17.43517514058
1	289	481.023011198961	1.4144785989486
1	295	482.43748979791	7.2620680564387
1	301	489.699557854349	12.94906887698
1	307	502.648626731329	7.838491515705
1	313	510.487118247034	9.160375487479
1	319	519.647493734513	8.0852221360698
1	325	527.732715870583	7.4561003639677
1	331	535.188816234551	2.4750220409637
1	337	537.663838275515	0.65187048638262
1	343	538.315708761898	15.014802771448
1	349	553.330511533346	10.002232253839
1	355	563.332743787185	10.791608262256
1	361	574.124352049441	5.4809945704978
1	367	579.605346619939	31.243077311052
2	110	104.385979272115	1
2	110	104.385979272115	0
2	116	112.672857866128	1
2	116	112.672857866128	0
2	122	145.846532244117	1
2	122	145.846532244117	0
2	128	148.735945719398	1
2	128	148.735945719398	0
2	134	166.549866823152	1
2	134	166.549866823152	0
2	140	176.712727096171	1
2	140	176.712727096171	0
2	146	184.601620009857	1
2	146	184.601620009857	0
2	152	200.006602749428	1
2	152	200.006602749428	0
2	158	201.483411664825	1
2	158	201.483411664825	0
2	164	203.767478261382	1
2	164	203.767478261382	0
2	170	216.71394700125	1
2	170	216.71394700125	0
2	176	226.088023598104	1
2	176	226.088023598104	0
2	182	242.126073638158	1
2	182	242.126073638158	0
2	188	249.80464592416	1
2	188	249.80464592416	0
2	194	259.086223572854	1
2	194	259.086223572854	0
2	200	270.717705506157	1
2	200	270.717705506157	0
2	206	289.500944938043	1
2	206	289.500944938043	0
2	212	291.261654421479	1
2	212	291.261654421479	0
2	218	305.584068997899	1
2	218	305.584068997899	0
2	224	323.669253311119	1
2	224	323.669253311119	0
2	230	362.43185480883	1
2	230	362.43185480883	0
2	236	372.890750626071	1
2	236	372.890750626071	0
2	242	394.968539781673	1
2	242	394.968539781673	0
2	248	399.42298028396	1
2	248	399.42298028396	0
2	254	400.311401409812	1
2	254	400.311401409812	0
2	260	425.617627413257	1
2	260	425.617627413257	0
2	266	447.338139984481	1
2	266	447.338139984481	0
2	269	447.957497415708	1
2	272	447.980242080574	0
2	278	459.319833253087	1
2	278	459.319833253087	0
2	284	463.587836058381	1
2	284	463.587836058381	0
2	290	481.023011198961	1
2	290	481.023011198961	0
2	296	482.43748979791	1
2	296	482.43748979791	0
2	302	489.699557854349	1
2	302	489.699557854349	0
2	308	502.648626731329	1
2	308	502.648626731329	0
2	314	510.487118247034	1
2	314	510.487118247034	0
2	320	519.647493734513	1
2	320	519.647493734513	0
2	326	527.732715870583	1
2	326	527.732715870583	0
2	332	535.188816234551	1
2	332	535.188816234551	0
2	338	537.663838275515	1
2	338	537.663838275515	0
2	344	538.315708761898	1
2	344	538.315708761898	0
2	350	553.330511533346	1
2	350	553.330511533346	0
2	356	563.332743787185	1
2	356	563.332743787185	0
2	362	574.124352049441	1
2	362	574.124352049441	0
2	368	579.605346619939	1
2	368	579.605346619939	0
3	110	104.385979272115	0
3	116	112.672857866128	0
3	122	145.846532244117	0
3	128	148.735945719398	0
3	134	166.549866823152	0
3	140	176.712727096171	0
3	146	184.601620009857	0
3	152	200.006602749428	0
3	158	201.483411664825	0
3	164	203.767478261382	0
3	170	216.71394700125	0
3	176	226.088023598104	0
3	182	242.126073638158	0
3	188	249.80464592416	0
3	194	259.086223572854	0
3	200	270.717705506157	0
3	206	289.500944938043	0
3	212	291.261654421479	0
3	218	305.584068997899	0
3	224	323.669253311119	0
3	230	362.43185480883	0
3	236	372.890750626071	0
3	242	394.968539781673	0
3	248	399.42298028396	0
3	254	400.311401409812	0
3	260	425.617627413257	0
3	266	447.338139984481	0
3	272	447.980242080574	0.022744664866
3	278	459.319833253087	0
3	284	463.587836058381	0
3	290	481.023011198961	0
3	296	482.43748979791	0
3	302	489.699557854349	0
3	308	502.648626731329	0
3	314	510.487118247034	0
3	320	519.647493734513	0
3	326	527.732715870583	0
3	332	535.188816234551	0
3	338	537.663838275515	0
3	344	538.315708761898	0
3	350	553.330511533346	0
3	356	563.332743787185	0
3	362	574.124352049441	0
3	368	579.605346619939	0
4	373	600	4.5489329732e-05
5	110	104.385979272115	1
5	110	104.385979272115	1
5	114	105.126256624537	0
5	116	112.672857866128	1
5	116	112.672857866128	1
5	120	112.954328353961	0
5	122	145.846532244117	1
5	122	145.846532244117	1
5	126	146.115429679426	0
5	128	148.735945719398	1
5	128	148.735945719398	1
5	132	149.011220332072	0
5	134	166.549866823152	1
5	134	166.549866823152	1
5	138	166.733970955787	0
5	140	176.712727096171	1
5	140	176.712727096171	1
5	144	177.168740040184	0
5	146	184.601620009857	1
5	146	184.601620009857	1
5	150	185.33269859259	0
5	152	200.006602749428	1
5	152	200.006602749428	1
5	156	200.15671299836	0
5	158	201.483411664825	1
5	158	201.483411664825	1
5	162	201.979985307032	0
5	164	203.767478261382	1
5	164	203.767478261382	1
5	168	204.03241018507	0
5	170	216.71394700125	1
5	170	216.71394700125	1
5	174	218.344909840744	0
5	176	226.088023598104	1
5	176	226.088023598104	1
5	180	227.312350082533	0
5	182	242.126073638158	1
5	182	242.126073638158	1
5	186	242.23951686754	0
5	188	249.80464592416	1
5	188	249.80464592416	1
5	192	249.991361712989	0
5	194	259.086223572854	1
5	194	259.086223572854	1
5	198	260.600782012277	0
5	200	270.717705506157	1
5	200	270.717705506157	1
5	204	271.384002001019	0
5	206	289.500944938043	1
5	206	289.500944938043	1
5	210	290.616991714783	0
5	212	291.261654421479	1
5	212	291.261654421479	1
5	216	291.511014047979	0
5	218	305.584068997899	1
5	218	305.584068997899	1
5	222	307.628704696365	0
5	224	323.669253311119	1
5	224	323.669253311119	1
5	228	324.841744830248	0
5	230	362.43185480883	1
5	230	362.43185480883	1
5	234	364.413571554665	0
5	236	372.890750626071	1
5	236	372.890750626071	1
5	240	373.98669890287	0
5	242	394.968539781673	1
5	242	394.968539781673	1
5	246	395.948045071001	0
5	248	399.42298028396	1
5	248	399.42298028396	1
5	252	399.88640742574	0
5	254	400.311401409812	1
5	254	400.311401409812	1
5	258	401.767378438226	0
5	260	425.617627413257	1
5	260	425.617627413257	1
5	264	426.923812047538	0
5	266	447.338139984481	1
5	266	447.338139984481	1
5	269	447.957497415708	2
5	272	447.980242080574	1
5	272	447.980242080574	1
5	276	448.135728862211	0
5	278	459.319833253087	1
5	278	459.319833253087	1
5	282	460.992418450562	0
5	284	463.587836058381	1
5	284	463.587836058381	1
5	288	464.246706683238	0
5	290	481.023011198961	1
5	290	481.023011198961	1
5	294	481.459782307933	0
5	296	482.43748979791	1
5	296	482.43748979791	1
5	300	483.297639654178	0
5	302	489.699557854349	1
5	302	489.699557854349	1
5	306	490.595734384637	0
5	308	502.648626731329	1
5	308	502.648626731329	1
5	312	502.871619283523	0
5	314	510.487118247034	1
5	314	510.487118247034	1
5	318	511.899441438387	0
5	320	519.647493734513	1
5	320	519.647493734513	1
5	324	520.536127946223	0
5	326	527.732715870583	1
5	326	527.732715870583	1
5	330	528.149700686503	0
5	332	535.188816234551	1
5	332	535.188816234551	1
5	336	535.397054039062	0
5	338	537.663838275515	1
5	338	537.663838275515	1
5	342	537.948429312391	0
5	344	538.315708761898	1
5	344	538.315708761898	1
5	348	540.033385339272	0
5	350	553.330511533346	1
5	350	553.330511533346	1
5	354	554.667873183531	0
5	356	563.332743787185	1
5	356	563.332743787185	1
5	360	563.570830343808	0
5	362	574.124352049441	1
5	362	574.124352049441	1
5	366	574.681296499677	0
5	368	579.605346619939	1
5	368	579.605346619939	1
5	372	580.689093277666	0
6	111	104.385979272115	0.74027735242168
6	117	112.672857866128	0.28147048783256
6	123	145.846532244117	0.26889743530896
6	129	148.735945719398	0.27527461267354
6	135	166.549866823152	0.18410413263525
6	141	176.712727096171	0.4560129440133
6	147	184.601620009857	0.73107858273304
6	153	200.006602749428	0.15011024893211
6	159	201.483411664825	0.49657364220721
6	165	203.767478261382	0.26493192368789
6	171	216.71394700125	1.6309628394944
6	177	226.088023598104	1.2243264844289
6	183	242.126073638158	0.11344322938167
6	189	249.80464592416	0.18671578882905
6	195	259.086223572854	1.5145584394231
6	201	270.717705506157	0.66629649486218
6	207	289.500944938043	1.1160467767401
6	213	291.261654421479	0.24935962649951
6	219	305.584068997899	2.0446356984665
6	225	323.669253311119	1.1724915191288
6	231	362.43185480883	1.9817167458348
6	237	372.890750626071	1.0959482767991
6	243	394.968539781673	0.97950528932768
6	249	399.42298028396	0.46342714177983
6	255	400.311401409812	1.4559770284143
6	261	425.617627413257	1.306184634281
6	267	447.338139984481	0.64210209609301
6	273	447.980242080574	0.15548678163749
6	279	459.319833253087	1.6725851974751
6	285	463.587836058381	0.6588706248571
6	291	481.023011198961	0.43677110897227
6	297	482.43748979791	0.86014985626847
6	303	489.699557854349	0.89617653028791
6	309	502.648626731329	0.22299255219393
6	315	510.487118247034	1.4123231913532
6	321	519.647493734513	0.88863421170976
6	327	527.732715870583	0.41698481591969
6	333	535.188816234551	0.20823780451058
6	339	537.663838275515	0.28459103687609
6	345	538.315708761898	1.7176765773736
6	351	553.330511533346	1.3373616501851
6	357	563.332743787185	0.23808655662251
6	363	574.124352049441	0.55694445023613
6	369	579.605346619939	1.0837466577268
7	112	105.126256624537	14.596939924951
7	118	112.954328353961	13.834518110451
7	124	146.115429679426	10.878785685297
7	130	149.011220332072	10.852108334267
7	136	166.733970955787	9.8090167825619
7	142	177.168740040184	9.488680753436
7	148	185.33269859259	9.4651698557485
7	154	200.15671299836	8.8391564309452
7	160	201.979985307032	9.0052183059233
7	166	204.03241018507	9.0444800010544
7	172	218.344909840744	9.1985809923397
7	178	227.312350082533	9.3743080175996
7	184	242.23951686754	8.8434799429843
7	190	249.991361712989	8.6439462263504
7	196	260.600782012277	8.8732186979107
7	202	271.384002001019	8.7661666258381
7	208	290.616991714783	8.5700496867231
7	214	291.511014047979	8.6293069566067
7	220	307.628704696365	8.8418328646639
7	226	324.841744830248	8.7342553362218
7	232	364.413571554665	8.3296085951051
7	238	373.98669890287	8.4094360967939
7	244	395.948045071001	8.1903871348219
7	250	399.88640742574	8.2256121426089
7	256	401.767378438226	8.5494949957838
7	262	426.923812047538	8.351669675567
7	270	447.980242080574	8.1024485535488
7	274	448.135728862211	8.1343336579814
7	280	460.992418450562	8.2702966681962
7	286	464.246706683238	8.3542458546882
7	292	481.459782307933	8.1462842378178
7	298	483.297639654178	8.2932811843507
7	304	490.595734384637	8.352581539572
7	310	502.871619283523	8.1930257577539
7	316	511.899441438387	8.3244326987247
7	322	520.536127946223	8.3570296784261
7	328	528.149700686503	8.3155104430107
7	334	535.397054039062	8.2418423835047
7	340	537.948429312391	8.2556561069375
7	346	540.033385339272	8.5418513348201
7	352	554.667873183531	8.5575914667328
7	358	563.570830343808	8.4646497959773
7	364	574.681296499677	8.3979140934419
7	370	580.689093277666	8.4976605932657
8	113	105.126256624537	19
8	119	112.954328353961	20
8	125	146.115429679426	21
8	131	149.011220332072	22
8	137	166.733970955787	23
8	143	177.168740040184	24
8	149	185.33269859259	25
8	155	200.15671299836	26
8	161	201.979985307032	27
8	167	204.03241018507	28
8	173	218.344909840744	29
8	179	227.312350082533	30
8	185	242.23951686754	31
8	191	249.991361712989	32
8	197	260.600782012277	33
8	203	271.384002001019	34
8	209	290.616991714783	35
8	215	291.511014047979	36
8	221	307.628704696365	37
8	227	324.841744830248	38
8	233	364.413571554665	39
8	239	373.98669890287	40
8	245	395.948045071001	41
8	251	399.88640742574	42
8	257	401.767378438226	43
8	263	426.923812047538	44
8	271	447.980242080574	45
8	275	448.135728862211	46
8	281	460.992418450562	47
8	287	464.246706683238	48
8	293	481.459782307933	49
8	299	483.297639654178	50
8	305	490.595734384637	51
8	311	502.871619283523	52
8	317	511.899441438387	53
8	323	520.536127946223	54
8	329	528.149700686503	55
8	335	535.397054039062	56
8	341	537.948429312391	57
8	347	540.033385339272	58
8	353	554.667873183531	59
8	359	563.570830343808	60
8	365	574.681296499677	61
8	371	580.689093277666	62
9	113	105.126256624537	0.740277352422
9	119	112.954328353961	0.281470487833
9	125	146.115429679426	0.268897435309
9	131	149.011220332072	0.275274612674
9	137	166.733970955787	0.184104132635
9	143	177.168740040184	0.456012944013
9	149	185.33269859259	0.731078582733
9	155	200.15671299836	0.150110248932
9	161	201.979985307032	0.496573642207
9	167	204.03241018507	0.264931923688
9	173	218.344909840744	1.630962839494
9	179	227.312350082533	1.224326484429
9	185	242.23951686754	0.113443229382
9	191	249.991361712989	0.186715788829
9	197	260.600782012277	1.514558439423
9	203	271.384002001019	0.666296494862
9	209	290.616991714783	1.11604677674
9	215	291.511014047979	0.2493596265
9	221	307.628704696365	2.044635698466
9	227	324.841744830248	1.172491519129
9	233	364.413571554665	1.981716745835
9	239	373.98669890287	1.095948276799
9	245	395.948045071001	0.979505289328
9	251	399.88640742574	0.46342714178
9	257	401.767378438226	1.455977028414
9	263	426.923812047538	1.306184634281
9	271	447.980242080574	0.642102096093
9	275	448.135728862211	0.178231446503
9	281	460.992418450562	1.672585197475
9	287	464.246706683238	0.658870624857
9	293	481.459782307933	0.436771108972
9	299	483.297639654178	0.860149856268
9	305	490.595734384637	0.896176530288
9	311	502.871619283523	0.222992552194
9	317	511.899441438387	1.412323191353
9	323	520.536127946223	0.88863421171
9	329	528.149700686503	0.41698481592
9	335	535.397054039062	0.208237804511
9	341	537.948429312391	0.284591036876
9	347	540.033385339272	1.717676577374
9	353	554.667873183531	1.337361650185
9	359	563.570830343808	0.238086556623
9	365	574.681296499677	0.556944450236
9	371	580.689093277666	1.083746657727

