version 3
run ParameterStudy-89-20251202-16:20:01-1436
attr configname ParameterStudy
attr datetime 20251202-16:20:01
attr datetimef 20251202-162001
attr experiment ParameterStudy
attr inifile omnetpp.ini
attr iterationvars $betaProducer=2.7s
attr iterationvarsd betaProducer=2.7s
attr iterationvarsf betaProducer=2.7s-
attr measurement $betaProducer=2.7s
attr network queue_sim
attr processid 1436
attr repetition 4
attr replication #4
attr resultdir results
attr runnumber 89
attr seedset 89
itervar betaProducer 2.7s
config description "Parameter study: β_producer = 1s to 10s (0.1s steps), β_service = 1s, 5 repetitions"
config *.serviceUnit.meanServiceTime 1s
config *.producer.warmupPeriod 100s
config *.queue.warmupPeriod 100s
config *.serviceUnit.warmupPeriod 100s
config *.sink.warmupPeriod 100s
config *.producer.meanInterArrivalTime 2.7s
config network queue_sim
config sim-time-limit 600s
config warmup-period 100s
config repeat 5
config **.vector-recording true
config **.scalar-recording true
config debug-on-errors true

vector 0 queue_sim.producer jobGenerated:vector ETV
attr recordingmode vector
attr title "Jobs Generated"
vector 1 queue_sim.producer interArrivalTime:vector ETV
attr recordingmode vector
attr title "Inter-arrival Time"
attr unit s
vector 2 queue_sim.queue queueLength:vector ETV
attr recordingmode vector
attr title "Queue Length"
vector 3 queue_sim.queue queueingDelay:vector ETV
attr recordingmode vector
attr title "Queueing Delay"
attr unit s
vector 4 queue_sim.queue queueUtilization:vector ETV
attr recordingmode vector
attr title "Queue Utilization"
vector 5 queue_sim.queue systemSize:vector ETV
attr recordingmode vector
attr title "System Size"
vector 6 queue_sim.serviceUnit serviceTime:vector ETV
attr recordingmode vector
attr title "Service Time"
attr unit s
vector 7 queue_sim.serviceUnit utilization:vector ETV
attr recordingmode vector
attr title "Server Utilization"
vector 8 queue_sim.sink jobCompleted:vector ETV
attr recordingmode vector
attr title "Jobs Completed"
vector 9 queue_sim.sink totalDelay:vector ETV
attr recordingmode vector
attr title "Total System Delay"
attr unit s
0	346	100.651758535082	59
0	355	109.134918893291	60
0	358	109.407654573745	61
0	367	112.214891325473	62
0	370	112.380424562924	63
0	376	115.194371913584	64
0	385	120.504259156003	65
0	391	122.801238459386	66
0	397	129.705997054892	67
0	403	130.897116868344	68
0	409	142.876903531145	69
0	412	143.481958651323	70
0	414	144.189174252457	71
0	427	147.493650561856	72
0	433	150.804020428083	73
0	439	152.282557168438	74
0	445	155.807306574687	75
0	451	156.669609268747	76
0	457	158.147655948558	77
0	460	158.172539786291	78
0	469	159.16176110312	79
0	475	163.390874287248	80
0	481	164.373198805114	81
0	487	167.254131510641	82
0	493	170.272790688764	83
0	499	171.449197774498	84
0	505	178.173871987777	85
0	511	180.177628454202	86
0	517	183.792040985849	87
0	523	184.358864945783	88
0	526	184.60611319917	89
0	528	185.325730931658	90
0	534	186.993069092757	91
0	536	187.87555219837	92
0	538	188.606962746447	93
0	540	190.796008056985	94
0	550	196.76263682288	95
0	556	199.742044662013	96
0	562	200.60821875073	97
0	568	204.39105961734	98
0	586	206.587645789505	99
0	595	209.664636715328	100
0	598	210.574119380914	101
0	600	211.458626544385	102
0	602	211.692952406308	103
0	619	218.034563378297	104
0	625	219.501918344701	105
0	631	220.736100606211	106
0	634	221.420128629596	107
0	643	223.024289308432	108
0	646	224.549312531478	109
0	648	224.902579390905	110
0	661	232.658941400288	111
0	667	237.071780318712	112
0	673	249.746657246839	113
0	679	250.488226545877	114
0	682	251.528871748938	115
0	691	254.221789270565	116
0	697	256.651422390499	117
0	703	262.125601755115	118
0	709	263.615519031967	119
0	712	263.917388786953	120
0	721	265.878719828446	121
0	727	271.262948821813	122
0	733	272.550361538807	123
0	739	273.694367056385	124
0	745	277.735734771243	125
0	748	278.862035087244	126
0	754	285.201579995372	127
0	756	287.090257084182	128
0	769	294.483759097453	129
0	775	299.494609540983	130
0	781	309.276312045439	131
0	784	310.185437421628	132
0	793	314.710137058426	133
0	796	314.794429191751	134
0	805	317.39029639358	135
0	811	327.593123306423	136
0	814	327.725665463039	137
0	823	332.438226112184	138
0	829	335.311723915436	139
0	835	347.431335723437	140
0	841	348.087646586595	141
0	844	350.189997424876	142
0	853	357.094147254291	143
0	859	358.123707217985	144
0	865	365.01099673484	145
0	871	367.521590439552	146
0	877	370.552801263014	147
0	883	378.2831474237	148
0	886	378.951257613613	149
0	888	379.046519904373	150
0	894	381.393239651772	151
0	904	382.60388901539	152
0	913	393.805733104575	153
0	919	394.965084091688	154
0	925	396.705553753174	155
0	931	398.357222186914	156
0	937	399.084799874252	157
0	943	400.899870368371	158
0	946	401.37912935785	159
0	948	402.800598224188	160
0	961	407.769358094558	161
0	964	408.098461617209	162
0	970	408.767638000894	163
0	972	408.801174102041	164
0	974	409.261514402678	165
0	976	409.428220455931	166
0	978	409.77874108705	167
0	980	410.2561908919	168
0	990	412.141613787694	169
0	992	412.270851003031	170
0	994	414.961232826003	171
0	1027	420.68919707274	172
0	1033	422.530664479073	173
0	1039	422.826776642252	174
0	1045	425.883364644825	175
0	1051	426.646642073807	176
0	1057	428.671422555559	177
0	1063	429.58270396212	178
0	1069	435.979363342441	179
0	1072	436.048764571252	180
0	1078	436.462849965076	181
0	1087	440.704742026519	182
0	1093	448.566481929665	183
0	1099	456.943289651009	184
0	1105	457.290225132045	185
0	1111	458.251623413774	186
0	1114	459.696979277659	187
0	1123	468.059040922528	188
0	1126	468.560006375211	189
0	1132	469.271178099989	190
0	1141	470.527288763359	191
0	1144	470.891620815811	192
0	1153	474.287183823164	193
0	1159	475.349233688087	194
0	1165	476.030392294345	195
0	1171	478.180425003972	196
0	1177	483.614685745443	197
0	1183	484.959806319993	198
0	1189	486.937339888767	199
0	1195	492.979403487416	200
0	1198	493.329028890678	201
0	1200	493.351024321175	202
0	1210	495.278631017509	203
0	1216	495.412366274972	204
0	1225	498.012144237564	205
0	1231	500.485531422332	206
0	1237	500.77476725206	207
0	1240	500.927032760336	208
0	1242	501.450927847787	209
0	1255	509.384934585133	210
0	1258	509.710297207842	211
0	1267	512.108377545528	212
0	1273	513.454203390673	213
0	1276	515.461425952891	214
0	1285	520.752739319632	215
0	1291	527.079730300794	216
0	1297	529.880727775232	217
0	1300	531.266024984493	218
0	1306	533.502679109807	219
0	1312	533.855184525976	220
0	1321	538.653664614727	221
0	1327	540.625412555825	222
0	1333	544.290502255045	223
0	1336	547.03994135667	224
0	1342	548.465565177947	225
0	1344	548.877944794952	226
0	1357	552.015221295276	227
0	1363	552.811103448626	228
0	1369	553.567881010246	229
0	1375	553.949927776898	230
0	1378	554.417454158805	231
0	1387	557.868288533392	232
0	1393	564.302050559698	233
0	1396	564.403166911559	234
0	1405	568.086366883493	235
0	1408	568.54088969469	236
0	1417	577.191768623739	237
0	1423	578.944030374068	238
0	1429	582.163651999207	239
0	1432	582.185601781735	240
0	1438	583.303867182579	241
0	1447	585.130707595334	242
0	1450	585.639160882857	243
0	1459	587.977271487458	244
0	1465	591.390867141476	245
0	1468	591.450059500362	246
0	1474	591.875749894091	247
0	1480	593.410235569839	248
0	1486	594.511246668881	249
0	1488	594.861374053351	250
0	1490	595.536062525717	251
0	1492	595.74560043909	252
1	346	100.651758535082	8.4831603582093
1	355	109.134918893291	0.27273568045361
1	358	109.407654573745	2.8072367517284
1	367	112.214891325473	0.16553323745074
1	370	112.380424562924	2.8139473506596
1	376	115.194371913584	5.3098872424193
1	385	120.504259156003	2.2969793033826
1	391	122.801238459386	6.9047585955055
1	397	129.705997054892	1.1911198134516
1	403	130.897116868344	11.979786662801
1	409	142.876903531145	0.60505512017757
1	412	143.481958651323	0.70721560113425
1	414	144.189174252457	3.3044763093986
1	427	147.493650561856	3.3103698662275
1	433	150.804020428083	1.4785367403552
1	439	152.282557168438	3.5247494062492
1	445	155.807306574687	0.86230269406003
1	451	156.669609268747	1.4780466798109
1	457	158.147655948558	0.02488383773301
1	460	158.172539786291	0.98922131682926
1	469	159.16176110312	4.2291131841281
1	475	163.390874287248	0.98232451786572
1	481	164.373198805114	2.8809327055265
1	487	167.254131510641	3.0186591781229
1	493	170.272790688764	1.1764070857335
1	499	171.449197774498	6.7246742132793
1	505	178.173871987777	2.0037564664246
1	511	180.177628454202	3.6144125316467
1	517	183.792040985849	0.56682395993417
1	523	184.358864945783	0.24724825338692
1	526	184.60611319917	0.71961773248779
1	528	185.325730931658	1.6673381610985
1	534	186.993069092757	0.8824831056131
1	536	187.87555219837	0.73141054807735
1	538	188.606962746447	2.1890453105377
1	540	190.796008056985	5.9666287658954
1	550	196.76263682288	2.9794078391328
1	556	199.742044662013	0.86617408871694
1	562	200.60821875073	3.7828408666099
1	568	204.39105961734	2.1965861721653
1	586	206.587645789505	3.0769909258226
1	595	209.664636715328	0.90948266558637
1	598	210.574119380914	0.88450716347053
1	600	211.458626544385	0.23432586192272
1	602	211.692952406308	6.3416109719894
1	619	218.034563378297	1.4673549664043
1	625	219.501918344701	1.2341822615097
1	631	220.736100606211	0.68402802338475
1	634	221.420128629596	1.6041606788364
1	643	223.024289308432	1.525023223046
1	646	224.549312531478	0.35326685942709
1	648	224.902579390905	7.7563620093829
1	661	232.658941400288	4.4128389184244
1	667	237.071780318712	12.674876928127
1	673	249.746657246839	0.74156929903825
1	679	250.488226545877	1.0406452030615
1	682	251.528871748938	2.6929175216267
1	691	254.221789270565	2.4296331199337
1	697	256.651422390499	5.4741793646163
1	703	262.125601755115	1.4899172768524
1	709	263.615519031967	0.30186975498573
1	712	263.917388786953	1.9613310414935
1	721	265.878719828446	5.3842289933673
1	727	271.262948821813	1.2874127169944
1	733	272.550361538807	1.1440055175777
1	739	273.694367056385	4.0413677148578
1	745	277.735734771243	1.126300316001
1	748	278.862035087244	6.3395449081277
1	754	285.201579995372	1.88867708881
1	756	287.090257084182	7.3935020132705
1	769	294.483759097453	5.0108504435297
1	775	299.494609540983	9.7817025044563
1	781	309.276312045439	0.90912537618855
1	784	310.185437421628	4.5246996367976
1	793	314.710137058426	0.084292133324676
1	796	314.794429191751	2.595867201829
1	805	317.39029639358	10.202826912843
1	811	327.593123306423	0.13254215661561
1	814	327.725665463039	4.7125606491454
1	823	332.438226112184	2.8734978032522
1	829	335.311723915436	12.119611808001
1	835	347.431335723437	0.65631086315792
1	841	348.087646586595	2.1023508382805
1	844	350.189997424876	6.9041498294154
1	853	357.094147254291	1.0295599636942
1	859	358.123707217985	6.887289516855
1	865	365.01099673484	2.510593704712
1	871	367.521590439552	3.031210823462
1	877	370.552801263014	7.7303461606863
1	883	378.2831474237	0.6681101899135
1	886	378.951257613613	0.095262290759585
1	888	379.046519904373	2.3467197473986
1	894	381.393239651772	1.2106493636176
1	904	382.60388901539	11.201844089185
1	913	393.805733104575	1.1593509871132
1	919	394.965084091688	1.7404696614858
1	925	396.705553753174	1.6516684337403
1	931	398.357222186914	0.72757768733793
1	937	399.084799874252	1.8150704941189
1	943	400.899870368371	0.47925898947898
1	946	401.37912935785	1.4214688663378
1	948	402.800598224188	4.9687598703704
1	961	407.769358094558	0.32910352265127
1	964	408.098461617209	0.66917638368507
1	970	408.767638000894	0.033536101147452
1	972	408.801174102041	0.46034030063682
1	974	409.261514402678	0.16670605325285
1	976	409.428220455931	0.35052063111902
1	978	409.77874108705	0.47744980484976
1	980	410.2561908919	1.8854228957938
1	990	412.141613787694	0.12923721533743
1	992	412.270851003031	2.6903818229715
1	994	414.961232826003	5.7279642467374
1	1027	420.68919707274	1.8414674063328
1	1033	422.530664479073	0.29611216317851
1	1039	422.826776642252	3.0565880025725
1	1045	425.883364644825	0.76327742898235
1	1051	426.646642073807	2.0247804817524
1	1057	428.671422555559	0.91128140656066
1	1063	429.58270396212	6.3966593803213
1	1069	435.979363342441	0.069401228811011
1	1072	436.048764571252	0.41408539382394
1	1078	436.462849965076	4.2418920614431
1	1087	440.704742026519	7.8617399031462
1	1093	448.566481929665	8.3768077213441
1	1099	456.943289651009	0.34693548103617
1	1105	457.290225132045	0.96139828172899
1	1111	458.251623413774	1.4453558638853
1	1114	459.696979277659	8.3620616448695
1	1123	468.059040922528	0.50096545268275
1	1126	468.560006375211	0.71117172477808
1	1132	469.271178099989	1.2561106633697
1	1141	470.527288763359	0.3643320524521
1	1144	470.891620815811	3.3955630073529
1	1153	474.287183823164	1.062049864923
1	1159	475.349233688087	0.68115860625845
1	1165	476.030392294345	2.1500327096266
1	1171	478.180425003972	5.4342607414709
1	1177	483.614685745443	1.3451205745502
1	1183	484.959806319993	1.9775335687744
1	1189	486.937339888767	6.0420635986494
1	1195	492.979403487416	0.34962540326161
1	1198	493.329028890678	0.021995430496926
1	1200	493.351024321175	1.9276066963337
1	1210	495.278631017509	0.1337352574627
1	1216	495.412366274972	2.5997779625921
1	1225	498.012144237564	2.4733871847675
1	1231	500.485531422332	0.28923582972812
1	1237	500.77476725206	0.15226550827637
1	1240	500.927032760336	0.52389508745078
1	1242	501.450927847787	7.9340067373458
1	1255	509.384934585133	0.32536262270894
1	1258	509.710297207842	2.3980803376856
1	1267	512.108377545528	1.3458258451449
1	1273	513.454203390673	2.0072225622184
1	1276	515.461425952891	5.2913133667412
1	1285	520.752739319632	6.3269909811618
1	1291	527.079730300794	2.8009974744384
1	1297	529.880727775232	1.3852972092611
1	1300	531.266024984493	2.2366541253145
1	1306	533.502679109807	0.35250541616871
1	1312	533.855184525976	4.7984800887506
1	1321	538.653664614727	1.9717479410976
1	1327	540.625412555825	3.6650896992202
1	1333	544.290502255045	2.7494391016251
1	1336	547.03994135667	1.4256238212766
1	1342	548.465565177947	0.41237961700529
1	1344	548.877944794952	3.1372765003235
1	1357	552.015221295276	0.79588215335029
1	1363	552.811103448626	0.75677756161955
1	1369	553.567881010246	0.3820467666522
1	1375	553.949927776898	0.46752638190741
1	1378	554.417454158805	3.450834374587
1	1387	557.868288533392	6.4337620263064
1	1393	564.302050559698	0.1011163518606
1	1396	564.403166911559	3.683199971934
1	1405	568.086366883493	0.45452281119664
1	1408	568.54088969469	8.6508789290492
1	1417	577.191768623739	1.7522617503295
1	1423	578.944030374068	3.2196216251392
1	1429	582.163651999207	0.021949782527924
1	1432	582.185601781735	1.1182654008438
1	1438	583.303867182579	1.826840412755
1	1447	585.130707595334	0.50845328752323
1	1450	585.639160882857	2.3381106046014
1	1459	587.977271487458	3.4135956540178
1	1465	591.390867141476	0.059192358886382
1	1468	591.450059500362	0.42569039372892
1	1474	591.875749894091	1.5344856757482
1	1480	593.410235569839	1.1010110990418
1	1486	594.511246668881	0.35012738446995
1	1488	594.861374053351	0.67468847236584
1	1490	595.536062525717	0.20953791337299
1	1492	595.74560043909	6.6818124644309
2	340	100.026801209094	1
2	344	100.327675358674	0
2	347	100.651758535082	1
2	350	102.561072982811	0
2	356	109.134918893291	1
2	356	109.134918893291	0
2	359	109.407654573745	1
2	362	109.747128794804	0
2	368	112.214891325473	1
2	368	112.214891325473	0
2	371	112.380424562924	1
2	374	113.567119044797	0
2	377	115.194371913584	1
2	380	116.963005534884	0
2	386	120.504259156003	1
2	386	120.504259156003	0
2	392	122.801238459386	1
2	392	122.801238459386	0
2	398	129.705997054892	1
2	398	129.705997054892	0
2	404	130.897116868344	1
2	404	130.897116868344	0
2	410	142.876903531145	1
2	410	142.876903531145	0
2	413	143.481958651323	1
2	415	144.189174252457	2
2	418	144.250724060055	1
2	422	145.52814410851	0
2	428	147.493650561856	1
2	428	147.493650561856	0
2	434	150.804020428083	1
2	434	150.804020428083	0
2	440	152.282557168438	1
2	440	152.282557168438	0
2	446	155.807306574687	1
2	446	155.807306574687	0
2	452	156.669609268747	1
2	452	156.669609268747	0
2	458	158.147655948558	1
2	458	158.147655948558	0
2	461	158.172539786291	1
2	464	158.243974420047	0
2	470	159.16176110312	1
2	470	159.16176110312	0
2	476	163.390874287248	1
2	476	163.390874287248	0
2	482	164.373198805114	1
2	482	164.373198805114	0
2	488	167.254131510641	1
2	488	167.254131510641	0
2	494	170.272790688764	1
2	494	170.272790688764	0
2	500	171.449197774498	1
2	500	171.449197774498	0
2	506	178.173871987777	1
2	506	178.173871987777	0
2	512	180.177628454202	1
2	512	180.177628454202	0
2	518	183.792040985849	1
2	518	183.792040985849	0
2	524	184.358864945783	1
2	524	184.358864945783	0
2	527	184.60611319917	1
2	529	185.325730931658	2
2	532	186.219473021633	1
2	535	186.993069092757	2
2	537	187.87555219837	3
2	539	188.606962746447	4
2	541	190.796008056985	5
2	544	193.352938269214	4
2	548	196.223176304155	3
2	551	196.76263682288	4
2	554	198.978606751048	3
2	557	199.742044662013	4
2	560	200.388845180845	3
2	563	200.60821875073	4
2	566	203.991690456563	3
2	569	204.39105961734	4
2	572	205.163649630642	3
2	576	205.207987177414	2
2	580	206.118045874999	1
2	584	206.201175406013	0
2	587	206.587645789505	1
2	590	207.454500676898	0
2	596	209.664636715328	1
2	596	209.664636715328	0
2	599	210.574119380914	1
2	601	211.458626544385	2
2	603	211.692952406308	3
2	606	213.027522243205	2
2	610	213.274391605497	1
2	614	215.635471622327	0
2	620	218.034563378297	1
2	620	218.034563378297	0
2	626	219.501918344701	1
2	626	219.501918344701	0
2	632	220.736100606211	1
2	632	220.736100606211	0
2	635	221.420128629596	1
2	638	222.047528297737	0
2	644	223.024289308432	1
2	644	223.024289308432	0
2	647	224.549312531478	1
2	649	224.902579390905	2
2	652	225.872621791631	1
2	656	226.222564153674	0
2	662	232.658941400288	1
2	662	232.658941400288	0
2	668	237.071780318712	1
2	668	237.071780318712	0
2	674	249.746657246839	1
2	674	249.746657246839	0
2	680	250.488226545877	1
2	680	250.488226545877	0
2	683	251.528871748938	1
2	686	251.60526746447	0
2	692	254.221789270565	1
2	692	254.221789270565	0
2	698	256.651422390499	1
2	698	256.651422390499	0
2	704	262.125601755115	1
2	704	262.125601755115	0
2	710	263.615519031967	1
2	710	263.615519031967	0
2	713	263.917388786953	1
2	716	265.834835445074	0
2	722	265.878719828446	1
2	722	265.878719828446	0
2	728	271.262948821813	1
2	728	271.262948821813	0
2	734	272.550361538807	1
2	734	272.550361538807	0
2	740	273.694367056385	1
2	740	273.694367056385	0
2	746	277.735734771243	1
2	746	277.735734771243	0
2	749	278.862035087244	1
2	752	284.154578512744	0
2	755	285.201579995372	1
2	757	287.090257084182	2
2	760	287.117824563455	1
2	764	287.486948357613	0
2	770	294.483759097453	1
2	770	294.483759097453	0
2	776	299.494609540983	1
2	776	299.494609540983	0
2	782	309.276312045439	1
2	782	309.276312045439	0
2	785	310.185437421628	1
2	788	311.309395239375	0
2	794	314.710137058426	1
2	794	314.710137058426	0
2	797	314.794429191751	1
2	800	316.648906777353	0
2	806	317.39029639358	1
2	806	317.39029639358	0
2	812	327.593123306423	1
2	812	327.593123306423	0
2	815	327.725665463039	1
2	818	330.023962137228	0
2	824	332.438226112184	1
2	824	332.438226112184	0
2	830	335.311723915436	1
2	830	335.311723915436	0
2	836	347.431335723437	1
2	836	347.431335723437	0
2	842	348.087646586595	1
2	842	348.087646586595	0
2	845	350.189997424876	1
2	848	350.538950672398	0
2	854	357.094147254291	1
2	854	357.094147254291	0
2	860	358.123707217985	1
2	860	358.123707217985	0
2	866	365.01099673484	1
2	866	365.01099673484	0
2	872	367.521590439552	1
2	872	367.521590439552	0
2	878	370.552801263014	1
2	878	370.552801263014	0
2	884	378.2831474237	1
2	884	378.2831474237	0
2	887	378.951257613613	1
2	889	379.046519904373	2
2	892	380.577298901355	1
2	895	381.393239651772	2
2	898	381.601457895525	1
2	902	381.759222156697	0
2	905	382.60388901539	1
2	908	384.716164826064	0
2	914	393.805733104575	1
2	914	393.805733104575	0
2	920	394.965084091688	1
2	920	394.965084091688	0
2	926	396.705553753174	1
2	926	396.705553753174	0
2	932	398.357222186914	1
2	932	398.357222186914	0
2	938	399.084799874252	1
2	938	399.084799874252	0
2	944	400.899870368371	1
2	944	400.899870368371	0
2	947	401.37912935785	1
2	949	402.800598224188	2
2	952	403.844002602264	1
2	956	405.498486080894	0
2	962	407.769358094558	1
2	962	407.769358094558	0
2	965	408.098461617209	1
2	968	408.661939017275	0
2	971	408.767638000894	1
2	973	408.801174102041	2
2	975	409.261514402678	3
2	977	409.428220455931	4
2	979	409.77874108705	5
2	981	410.2561908919	6
2	984	411.067703264006	5
2	988	412.058392363583	4
2	991	412.141613787694	5
2	993	412.270851003031	6
2	995	414.961232826003	7
2	998	415.063389434215	6
2	1002	415.149998026487	5
2	1006	416.132647255675	4
2	1010	417.204550469967	3
2	1014	417.406148553148	2
2	1018	418.060808114663	1
2	1022	418.696178066985	0
2	1028	420.68919707274	1
2	1028	420.68919707274	0
2	1034	422.530664479073	1
2	1034	422.530664479073	0
2	1040	422.826776642252	1
2	1040	422.826776642252	0
2	1046	425.883364644825	1
2	1046	425.883364644825	0
2	1052	426.646642073807	1
2	1052	426.646642073807	0
2	1058	428.671422555559	1
2	1058	428.671422555559	0
2	1064	429.58270396212	1
2	1064	429.58270396212	0
2	1070	435.979363342441	1
2	1070	435.979363342441	0
2	1073	436.048764571252	1
2	1076	436.076297946585	0
2	1079	436.462849965076	1
2	1082	437.446377520459	0
2	1088	440.704742026519	1
2	1088	440.704742026519	0
2	1094	448.566481929665	1
2	1094	448.566481929665	0
2	1100	456.943289651009	1
2	1100	456.943289651009	0
2	1106	457.290225132045	1
2	1106	457.290225132045	0
2	1112	458.251623413774	1
2	1112	458.251623413774	0
2	1115	459.696979277659	1
2	1118	461.558121977751	0
2	1124	468.059040922528	1
2	1124	468.059040922528	0
2	1127	468.560006375211	1
2	1130	468.970172579487	0
2	1133	469.271178099989	1
2	1136	469.990358805292	0
2	1142	470.527288763359	1
2	1142	470.527288763359	0
2	1145	470.891620815811	1
2	1148	470.963129088733	0
2	1154	474.287183823164	1
2	1154	474.287183823164	0
2	1160	475.349233688087	1
2	1160	475.349233688087	0
2	1166	476.030392294345	1
2	1166	476.030392294345	0
2	1172	478.180425003972	1
2	1172	478.180425003972	0
2	1178	483.614685745443	1
2	1178	483.614685745443	0
2	1184	484.959806319993	1
2	1184	484.959806319993	0
2	1190	486.937339888767	1
2	1190	486.937339888767	0
2	1196	492.979403487416	1
2	1196	492.979403487416	0
2	1199	493.329028890678	1
2	1201	493.351024321175	2
2	1204	494.234057011215	1
2	1208	494.253345622362	0
2	1211	495.278631017509	1
2	1214	495.351244771351	0
2	1217	495.412366274972	1
2	1220	495.460139715958	0
2	1226	498.012144237564	1
2	1226	498.012144237564	0
2	1232	500.485531422332	1
2	1232	500.485531422332	0
2	1238	500.77476725206	1
2	1238	500.77476725206	0
2	1241	500.927032760336	1
2	1243	501.450927847787	2
2	1246	501.806184659966	1
2	1250	501.930354685135	0
2	1256	509.384934585133	1
2	1256	509.384934585133	0
2	1259	509.710297207842	1
2	1262	511.242216555458	0
2	1268	512.108377545528	1
2	1268	512.108377545528	0
2	1274	513.454203390673	1
2	1274	513.454203390673	0
2	1277	515.461425952891	1
2	1280	516.041215436654	0
2	1286	520.752739319632	1
2	1286	520.752739319632	0
2	1292	527.079730300794	1
2	1292	527.079730300794	0
2	1298	529.880727775232	1
2	1298	529.880727775232	0
2	1301	531.266024984493	1
2	1304	531.680942546183	0
2	1307	533.502679109807	1
2	1310	533.7757037901	0
2	1313	533.855184525976	1
2	1316	536.718931763917	0
2	1322	538.653664614727	1
2	1322	538.653664614727	0
2	1328	540.625412555825	1
2	1328	540.625412555825	0
2	1334	544.290502255045	1
2	1334	544.290502255045	0
2	1337	547.03994135667	1
2	1340	547.171645031371	0
2	1343	548.465565177947	1
2	1345	548.877944794952	2
2	1348	549.719290629739	1
2	1352	549.946316716844	0
2	1358	552.015221295276	1
2	1358	552.015221295276	0
2	1364	552.811103448626	1
2	1364	552.811103448626	0
2	1370	553.567881010246	1
2	1370	553.567881010246	0
2	1376	553.949927776898	1
2	1376	553.949927776898	0
2	1379	554.417454158805	1
2	1382	556.079725129144	0
2	1388	557.868288533392	1
2	1388	557.868288533392	0
2	1394	564.302050559698	1
2	1394	564.302050559698	0
2	1397	564.403166911559	1
2	1400	565.550473730409	0
2	1406	568.086366883493	1
2	1406	568.086366883493	0
2	1409	568.54088969469	1
2	1412	569.865187334869	0
2	1418	577.191768623739	1
2	1418	577.191768623739	0
2	1424	578.944030374068	1
2	1424	578.944030374068	0
2	1430	582.163651999207	1
2	1430	582.163651999207	0
2	1433	582.185601781735	1
2	1436	583.29098407936	0
2	1439	583.303867182579	1
2	1442	583.394216063265	0
2	1448	585.130707595334	1
2	1448	585.130707595334	0
2	1451	585.639160882857	1
2	1454	587.148874611558	0
2	1460	587.977271487458	1
2	1460	587.977271487458	0
2	1466	591.390867141476	1
2	1466	591.390867141476	0
2	1469	591.450059500362	1
2	1472	591.865845594299	0
2	1475	591.875749894091	1
2	1478	592.994192946994	0
2	1481	593.410235569839	1
2	1484	594.184389836039	0
2	1487	594.511246668881	1
2	1489	594.861374053351	2
2	1491	595.536062525717	3
2	1493	595.74560043909	4
2	1496	596.120429042489	3
2	1500	596.54481316091	2
2	1504	596.697034985185	1
2	1508	598.472870384464	0
3	340	100.026801209094	2.299518980225
3	344	100.327675358674	2.257616195303
3	350	102.561072982811	1.909314447729
3	356	109.134918893291	0
3	362	109.747128794804	0.339474221059
3	368	112.214891325473	0
3	374	113.567119044797	1.186694481873
3	380	116.963005534884	1.7686336213
3	386	120.504259156003	0
3	392	122.801238459386	0
3	398	129.705997054892	0
3	404	130.897116868344	0
3	410	142.876903531145	0
3	418	144.250724060055	0.768765408732
3	422	145.52814410851	1.338969856053
3	428	147.493650561856	0
3	434	150.804020428083	0
3	440	152.282557168438	0
3	446	155.807306574687	0
3	452	156.669609268747	0
3	458	158.147655948558	0
3	464	158.243974420047	0.071434633756
3	470	159.16176110312	0
3	476	163.390874287248	0
3	482	164.373198805114	0
3	488	167.254131510641	0
3	494	170.272790688764	0
3	500	171.449197774498	0
3	506	178.173871987777	0
3	512	180.177628454202	0
3	518	183.792040985849	0
3	524	184.358864945783	0
3	532	186.219473021633	1.613359822463
3	544	193.352938269214	8.027207337556
3	548	196.223176304155	9.230107211398
3	554	198.978606751048	11.103054552678
3	560	200.388845180845	11.781882434398
3	566	203.991690456563	13.195682399578
3	572	205.163649630642	8.401012807762
3	576	205.207987177414	5.465942515401
3	580	206.118045874999	5.509827124269
3	584	206.201175406013	1.810115788673
3	590	207.454500676898	0.866854887393
3	596	209.664636715328	0
3	606	213.027522243205	2.453402862291
3	610	213.274391605497	1.815765061112
3	614	215.635471622327	3.942519216019
3	620	218.034563378297	0
3	626	219.501918344701	0
3	632	220.736100606211	0
3	638	222.047528297737	0.627399668141
3	644	223.024289308432	0
3	652	225.872621791631	1.323309260153
3	656	226.222564153674	1.319984762769
3	662	232.658941400288	0
3	668	237.071780318712	0
3	674	249.746657246839	0
3	680	250.488226545877	0
3	686	251.60526746447	0.076395715532
3	692	254.221789270565	0
3	698	256.651422390499	0
3	704	262.125601755115	0
3	710	263.615519031967	0
3	716	265.834835445074	1.917446658121
3	722	265.878719828446	0
3	728	271.262948821813	0
3	734	272.550361538807	0
3	740	273.694367056385	0
3	746	277.735734771243	0
3	752	284.154578512744	5.2925434255
3	760	287.117824563455	1.916244568083
3	764	287.486948357613	0.396691273431
3	770	294.483759097453	0
3	776	299.494609540983	0
3	782	309.276312045439	0
3	788	311.309395239375	1.123957817747
3	794	314.710137058426	0
3	800	316.648906777353	1.854477585602
3	806	317.39029639358	0
3	812	327.593123306423	0
3	818	330.023962137228	2.298296674189
3	824	332.438226112184	0
3	830	335.311723915436	0
3	836	347.431335723437	0
3	842	348.087646586595	0
3	848	350.538950672398	0.348953247522
3	854	357.094147254291	0
3	860	358.123707217985	0
3	866	365.01099673484	0
3	872	367.521590439552	0
3	878	370.552801263014	0
3	884	378.2831474237	0
3	892	380.577298901355	1.626041287742
3	898	381.601457895525	2.554937991152
3	902	381.759222156697	0.365982504925
3	908	384.716164826064	2.112275810674
3	914	393.805733104575	0
3	920	394.965084091688	0
3	926	396.705553753174	0
3	932	398.357222186914	0
3	938	399.084799874252	0
3	944	400.899870368371	0
3	952	403.844002602264	2.464873244414
3	956	405.498486080894	2.697887856706
3	962	407.769358094558	0
3	968	408.661939017275	0.563477400066
3	984	411.067703264006	2.300065263112
3	988	412.058392363583	3.257218261542
3	998	415.063389434215	5.801875031537
3	1002	415.149998026487	5.721777570556
3	1006	416.132647255675	6.353906168625
3	1010	417.204550469967	6.948359578067
3	1014	417.406148553148	5.264534765454
3	1018	418.060808114663	5.789957111632
3	1022	418.696178066985	3.734945240982
3	1028	420.68919707274	0
3	1034	422.530664479073	0
3	1040	422.826776642252	0
3	1046	425.883364644825	0
3	1052	426.646642073807	0
3	1058	428.671422555559	0
3	1064	429.58270396212	0
3	1070	435.979363342441	0
3	1076	436.076297946585	0.027533375333
3	1082	437.446377520459	0.983527555383
3	1088	440.704742026519	0
3	1094	448.566481929665	0
3	1100	456.943289651009	0
3	1106	457.290225132045	0
3	1112	458.251623413774	0
3	1118	461.558121977751	1.861142700092
3	1124	468.059040922528	0
3	1130	468.970172579487	0.410166204276
3	1136	469.990358805292	0.719180705303
3	1142	470.527288763359	0
3	1148	470.963129088733	0.071508272922
3	1154	474.287183823164	0
3	1160	475.349233688087	0
3	1166	476.030392294345	0
3	1172	478.180425003972	0
3	1178	483.614685745443	0
3	1184	484.959806319993	0
3	1190	486.937339888767	0
3	1196	492.979403487416	0
3	1204	494.234057011215	0.905028120537
3	1208	494.253345622362	0.902321301187
3	1214	495.351244771351	0.072613753842
3	1220	495.460139715958	0.047773440986
3	1226	498.012144237564	0
3	1232	500.485531422332	0
3	1238	500.77476725206	0
3	1246	501.806184659966	0.87915189963
3	1250	501.930354685135	0.479426837348
3	1256	509.384934585133	0
3	1262	511.242216555458	1.531919347616
3	1268	512.108377545528	0
3	1274	513.454203390673	0
3	1280	516.041215436654	0.579789483763
3	1286	520.752739319632	0
3	1292	527.079730300794	0
3	1298	529.880727775232	0
3	1304	531.680942546183	0.41491756169
3	1310	533.7757037901	0.273024680293
3	1316	536.718931763917	2.863747237941
3	1322	538.653664614727	0
3	1328	540.625412555825	0
3	1334	544.290502255045	0
3	1340	547.171645031371	0.131703674701
3	1348	549.719290629739	1.253725451792
3	1352	549.946316716844	1.068371921892
3	1358	552.015221295276	0
3	1364	552.811103448626	0
3	1370	553.567881010246	0
3	1376	553.949927776898	0
3	1382	556.079725129144	1.662270970339
3	1388	557.868288533392	0
3	1394	564.302050559698	0
3	1400	565.550473730409	1.14730681885
3	1406	568.086366883493	0
3	1412	569.865187334869	1.324297640179
3	1418	577.191768623739	0
3	1424	578.944030374068	0
3	1430	582.163651999207	0
3	1436	583.29098407936	1.105382297625
3	1442	583.394216063265	0.090348880686
3	1448	585.130707595334	0
3	1454	587.148874611558	1.509713728701
3	1460	587.977271487458	0
3	1466	591.390867141476	0
3	1472	591.865845594299	0.415786093937
3	1478	592.994192946994	1.118443052903
3	1484	594.184389836039	0.7741542662
3	1496	596.120429042489	1.609182373608
3	1500	596.54481316091	1.683439107559
3	1504	596.697034985185	1.160972459468
3	1508	598.472870384464	2.727269945374
4	1513	600	0.19818312782264
5	340	100.026801209094	2
5	340	100.026801209094	2
5	344	100.327675358674	1
5	344	100.327675358674	1
5	347	100.651758535082	2
5	350	102.561072982811	1
5	350	102.561072982811	1
5	354	102.689216481886	0
5	356	109.134918893291	1
5	356	109.134918893291	1
5	359	109.407654573745	2
5	362	109.747128794804	1
5	362	109.747128794804	1
5	366	110.712607828567	0
5	368	112.214891325473	1
5	368	112.214891325473	1
5	371	112.380424562924	2
5	374	113.567119044797	1
5	374	113.567119044797	1
5	377	115.194371913584	2
5	380	116.963005534884	1
5	380	116.963005534884	1
5	384	117.250302723883	0
5	386	120.504259156003	1
5	386	120.504259156003	1
5	390	120.758827813304	0
5	392	122.801238459386	1
5	392	122.801238459386	1
5	396	122.850933123556	0
5	398	129.705997054892	1
5	398	129.705997054892	1
5	402	129.913207208194	0
5	404	130.897116868344	1
5	404	130.897116868344	1
5	408	134.417558188406	0
5	410	142.876903531145	1
5	410	142.876903531145	1
5	413	143.481958651323	2
5	415	144.189174252457	3
5	418	144.250724060055	2
5	418	144.250724060055	2
5	422	145.52814410851	1
5	422	145.52814410851	1
5	426	145.808147285407	0
5	428	147.493650561856	1
5	428	147.493650561856	1
5	432	148.794921117478	0
5	434	150.804020428083	1
5	434	150.804020428083	1
5	438	151.860340117514	0
5	440	152.282557168438	1
5	440	152.282557168438	1
5	444	153.00137071949	0
5	446	155.807306574687	1
5	446	155.807306574687	1
5	450	156.15117095388	0
5	452	156.669609268747	1
5	452	156.669609268747	1
5	456	157.215837952704	0
5	458	158.147655948558	1
5	458	158.147655948558	1
5	461	158.172539786291	2
5	464	158.243974420047	1
5	464	158.243974420047	1
5	468	158.795279101021	0
5	470	159.16176110312	1
5	470	159.16176110312	1
5	474	159.774956332351	0
5	476	163.390874287248	1
5	476	163.390874287248	1
5	480	163.49011495065	0
5	482	164.373198805114	1
5	482	164.373198805114	1
5	486	167.053742472648	0
5	488	167.254131510641	1
5	488	167.254131510641	1
5	492	167.316676910096	0
5	494	170.272790688764	1
5	494	170.272790688764	1
5	498	170.276363497326	0
5	500	171.449197774498	1
5	500	171.449197774498	1
5	504	171.56872393858	0
5	506	178.173871987777	1
5	506	178.173871987777	1
5	510	179.624678309564	0
5	512	180.177628454202	1
5	512	180.177628454202	1
5	516	180.313059697516	0
5	518	183.792040985849	1
5	518	183.792040985849	1
5	522	184.058960342199	0
5	524	184.358864945783	1
5	524	184.358864945783	1
5	527	184.60611319917	2
5	529	185.325730931658	3
5	532	186.219473021633	2
5	532	186.219473021633	2
5	535	186.993069092757	3
5	537	187.87555219837	4
5	539	188.606962746447	5
5	541	190.796008056985	6
5	544	193.352938269214	5
5	544	193.352938269214	5
5	548	196.223176304155	4
5	548	196.223176304155	4
5	551	196.76263682288	5
5	554	198.978606751048	4
5	554	198.978606751048	4
5	557	199.742044662013	5
5	560	200.388845180845	4
5	560	200.388845180845	4
5	563	200.60821875073	5
5	566	203.991690456563	4
5	566	203.991690456563	4
5	569	204.39105961734	5
5	572	205.163649630642	4
5	572	205.163649630642	4
5	576	205.207987177414	3
5	576	205.207987177414	3
5	580	206.118045874999	2
5	580	206.118045874999	2
5	584	206.201175406013	1
5	584	206.201175406013	1
5	587	206.587645789505	2
5	590	207.454500676898	1
5	590	207.454500676898	1
5	594	209.086390821227	0
5	596	209.664636715328	1
5	596	209.664636715328	1
5	599	210.574119380914	2
5	601	211.458626544385	3
5	603	211.692952406308	4
5	606	213.027522243205	3
5	606	213.027522243205	3
5	610	213.274391605497	2
5	610	213.274391605497	2
5	614	215.635471622327	1
5	614	215.635471622327	1
5	618	215.836078512587	0
5	620	218.034563378297	1
5	620	218.034563378297	1
5	624	218.322838795093	0
5	626	219.501918344701	1
5	626	219.501918344701	1
5	630	219.669100800714	0
5	632	220.736100606211	1
5	632	220.736100606211	1
5	635	221.420128629596	2
5	638	222.047528297737	1
5	638	222.047528297737	1
5	642	222.715555360193	0
5	644	223.024289308432	1
5	644	223.024289308432	1
5	647	224.549312531478	2
5	649	224.902579390905	3
5	652	225.872621791631	2
5	652	225.872621791631	2
5	656	226.222564153674	1
5	656	226.222564153674	1
5	660	226.523826328877	0
5	662	232.658941400288	1
5	662	232.658941400288	1
5	666	232.849775575115	0
5	668	237.071780318712	1
5	668	237.071780318712	1
5	672	237.372084724566	0
5	674	249.746657246839	1
5	674	249.746657246839	1
5	678	249.768716317868	0
5	680	250.488226545877	1
5	680	250.488226545877	1
5	683	251.528871748938	2
5	686	251.60526746447	1
5	686	251.60526746447	1
5	690	252.380012878942	0
5	692	254.221789270565	1
5	692	254.221789270565	1
5	696	255.572381798719	0
5	698	256.651422390499	1
5	698	256.651422390499	1
5	702	259.606245234831	0
5	704	262.125601755115	1
5	704	262.125601755115	1
5	708	262.860331744385	0
5	710	263.615519031967	1
5	710	263.615519031967	1
5	713	263.917388786953	2
5	716	265.834835445074	1
5	716	265.834835445074	1
5	720	265.842002582199	0
5	722	265.878719828446	1
5	722	265.878719828446	1
5	726	266.133126569333	0
5	728	271.262948821813	1
5	728	271.262948821813	1
5	732	271.399899871186	0
5	734	272.550361538807	1
5	734	272.550361538807	1
5	738	272.988702587548	0
5	740	273.694367056385	1
5	740	273.694367056385	1
5	744	274.181250814725	0
5	746	277.735734771243	1
5	746	277.735734771243	1
5	749	278.862035087244	2
5	752	284.154578512744	1
5	752	284.154578512744	1
5	755	285.201579995372	2
5	757	287.090257084182	3
5	760	287.117824563455	2
5	760	287.117824563455	2
5	764	287.486948357613	1
5	764	287.486948357613	1
5	768	289.083626085858	0
5	770	294.483759097453	1
5	770	294.483759097453	1
5	774	294.797028183603	0
5	776	299.494609540983	1
5	776	299.494609540983	1
5	780	299.669166699716	0
5	782	309.276312045439	1
5	782	309.276312045439	1
5	785	310.185437421628	2
5	788	311.309395239375	1
5	788	311.309395239375	1
5	792	312.556470168323	0
5	794	314.710137058426	1
5	794	314.710137058426	1
5	797	314.794429191751	2
5	800	316.648906777353	1
5	800	316.648906777353	1
5	804	316.763922086743	0
5	806	317.39029639358	1
5	806	317.39029639358	1
5	810	317.497030326603	0
5	812	327.593123306423	1
5	812	327.593123306423	1
5	815	327.725665463039	2
5	818	330.023962137228	1
5	818	330.023962137228	1
5	822	330.396643513727	0
5	824	332.438226112184	1
5	824	332.438226112184	1
5	828	332.621036124171	0
5	830	335.311723915436	1
5	830	335.311723915436	1
5	834	337.208436429451	0
5	836	347.431335723437	1
5	836	347.431335723437	1
5	840	347.712783804439	0
5	842	348.087646586595	1
5	842	348.087646586595	1
5	845	350.189997424876	2
5	848	350.538950672398	1
5	848	350.538950672398	1
5	852	352.606665318709	0
5	854	357.094147254291	1
5	854	357.094147254291	1
5	858	357.741079056206	0
5	860	358.123707217985	1
5	860	358.123707217985	1
5	864	359.319936599763	0
5	866	365.01099673484	1
5	866	365.01099673484	1
5	870	365.037283445115	0
5	872	367.521590439552	1
5	872	367.521590439552	1
5	876	368.428909645909	0
5	878	370.552801263014	1
5	878	370.552801263014	1
5	882	371.146694650204	0
5	884	378.2831474237	1
5	884	378.2831474237	1
5	887	378.951257613613	2
5	889	379.046519904373	3
5	892	380.577298901355	2
5	892	380.577298901355	2
5	895	381.393239651772	3
5	898	381.601457895525	2
5	898	381.601457895525	2
5	902	381.759222156697	1
5	902	381.759222156697	1
5	905	382.60388901539	2
5	908	384.716164826064	1
5	908	384.716164826064	1
5	912	385.166166494888	0
5	914	393.805733104575	1
5	914	393.805733104575	1
5	918	394.701696644512	0
5	920	394.965084091688	1
5	920	394.965084091688	1
5	924	395.668404086646	0
5	926	396.705553753174	1
5	926	396.705553753174	1
5	930	396.876337654947	0
5	932	398.357222186914	1
5	932	398.357222186914	1
5	936	398.994565667623	0
5	938	399.084799874252	1
5	938	399.084799874252	1
5	942	399.650802125324	0
5	944	400.899870368371	1
5	944	400.899870368371	1
5	947	401.37912935785	2
5	949	402.800598224188	3
5	952	403.844002602264	2
5	952	403.844002602264	2
5	956	405.498486080894	1
5	956	405.498486080894	1
5	960	406.117022103389	0
5	962	407.769358094558	1
5	962	407.769358094558	1
5	965	408.098461617209	2
5	968	408.661939017275	1
5	968	408.661939017275	1
5	971	408.767638000894	2
5	973	408.801174102041	3
5	975	409.261514402678	4
5	977	409.428220455931	5
5	979	409.77874108705	6
5	981	410.2561908919	7
5	984	411.067703264006	6
5	984	411.067703264006	6
5	988	412.058392363583	5
5	988	412.058392363583	5
5	991	412.141613787694	6
5	993	412.270851003031	7
5	995	414.961232826003	8
5	998	415.063389434215	7
5	998	415.063389434215	7
5	1002	415.149998026487	6
5	1002	415.149998026487	6
5	1006	416.132647255675	5
5	1006	416.132647255675	5
5	1010	417.204550469967	4
5	1010	417.204550469967	4
5	1014	417.406148553148	3
5	1014	417.406148553148	3
5	1018	418.060808114663	2
5	1018	418.060808114663	2
5	1022	418.696178066985	1
5	1022	418.696178066985	1
5	1026	419.425456377068	0
5	1028	420.68919707274	1
5	1028	420.68919707274	1
5	1032	422.164776503075	0
5	1034	422.530664479073	1
5	1034	422.530664479073	1
5	1038	422.533736572942	0
5	1040	422.826776642252	1
5	1040	422.826776642252	1
5	1044	423.112621007158	0
5	1046	425.883364644825	1
5	1046	425.883364644825	1
5	1050	425.889760387112	0
5	1052	426.646642073807	1
5	1052	426.646642073807	1
5	1056	426.766073649455	0
5	1058	428.671422555559	1
5	1058	428.671422555559	1
5	1062	429.332424995776	0
5	1064	429.58270396212	1
5	1064	429.58270396212	1
5	1068	430.2000768382	0
5	1070	435.979363342441	1
5	1070	435.979363342441	1
5	1073	436.048764571252	2
5	1076	436.076297946585	1
5	1076	436.076297946585	1
5	1079	436.462849965076	2
5	1082	437.446377520459	1
5	1082	437.446377520459	1
5	1086	437.878921933638	0
5	1088	440.704742026519	1
5	1088	440.704742026519	1
5	1092	440.852224778408	0
5	1094	448.566481929665	1
5	1094	448.566481929665	1
5	1098	449.554321783072	0
5	1100	456.943289651009	1
5	1100	456.943289651009	1
5	1104	457.006874497244	0
5	1106	457.290225132045	1
5	1106	457.290225132045	1
5	1110	457.970952935928	0
5	1112	458.251623413774	1
5	1112	458.251623413774	1
5	1115	459.696979277659	2
5	1118	461.558121977751	1
5	1118	461.558121977751	1
5	1122	463.030962659547	0
5	1124	468.059040922528	1
5	1124	468.059040922528	1
5	1127	468.560006375211	2
5	1130	468.970172579487	1
5	1130	468.970172579487	1
5	1133	469.271178099989	2
5	1136	469.990358805292	1
5	1136	469.990358805292	1
5	1140	470.093180050039	0
5	1142	470.527288763359	1
5	1142	470.527288763359	1
5	1145	470.891620815811	2
5	1148	470.963129088733	1
5	1148	470.963129088733	1
5	1152	471.306348883744	0
5	1154	474.287183823164	1
5	1154	474.287183823164	1
5	1158	474.91123895931	0
5	1160	475.349233688087	1
5	1160	475.349233688087	1
5	1164	475.563899791039	0
5	1166	476.030392294345	1
5	1166	476.030392294345	1
5	1170	476.630427468143	0
5	1172	478.180425003972	1
5	1172	478.180425003972	1
5	1176	479.477423134523	0
5	1178	483.614685745443	1
5	1178	483.614685745443	1
5	1182	483.686963653117	0
5	1184	484.959806319993	1
5	1184	484.959806319993	1
5	1188	486.004587061388	0
5	1190	486.937339888767	1
5	1190	486.937339888767	1
5	1194	487.076434645558	0
5	1196	492.979403487416	1
5	1196	492.979403487416	1
5	1199	493.329028890678	2
5	1201	493.351024321175	3
5	1204	494.234057011215	2
5	1204	494.234057011215	2
5	1208	494.253345622362	1
5	1208	494.253345622362	1
5	1211	495.278631017509	2
5	1214	495.351244771351	1
5	1214	495.351244771351	1
5	1217	495.412366274972	2
5	1220	495.460139715958	1
5	1220	495.460139715958	1
5	1224	495.758241125984	0
5	1226	498.012144237564	1
5	1226	498.012144237564	1
5	1230	498.28665924296	0
5	1232	500.485531422332	1
5	1232	500.485531422332	1
5	1236	500.771478962522	0
5	1238	500.77476725206	1
5	1238	500.77476725206	1
5	1241	500.927032760336	2
5	1243	501.450927847787	3
5	1246	501.806184659966	2
5	1246	501.806184659966	2
5	1250	501.930354685135	1
5	1250	501.930354685135	1
5	1254	502.377327305995	0
5	1256	509.384934585133	1
5	1256	509.384934585133	1
5	1259	509.710297207842	2
5	1262	511.242216555458	1
5	1262	511.242216555458	1
5	1266	511.504922325884	0
5	1268	512.108377545528	1
5	1268	512.108377545528	1
5	1272	512.39605313196	0
5	1274	513.454203390673	1
5	1274	513.454203390673	1
5	1277	515.461425952891	2
5	1280	516.041215436654	1
5	1280	516.041215436654	1
5	1284	516.638159023826	0
5	1286	520.752739319632	1
5	1286	520.752739319632	1
5	1290	520.811231108152	0
5	1292	527.079730300794	1
5	1292	527.079730300794	1
5	1296	528.533206176959	0
5	1298	529.880727775232	1
5	1298	529.880727775232	1
5	1301	531.266024984493	2
5	1304	531.680942546183	1
5	1304	531.680942546183	1
5	1307	533.502679109807	2
5	1310	533.7757037901	1
5	1310	533.7757037901	1
5	1313	533.855184525976	2
5	1316	536.718931763917	1
5	1316	536.718931763917	1
5	1320	537.848366563012	0
5	1322	538.653664614727	1
5	1322	538.653664614727	1
5	1326	538.722120696554	0
5	1328	540.625412555825	1
5	1328	540.625412555825	1
5	1332	541.441256107489	0
5	1334	544.290502255045	1
5	1334	544.290502255045	1
5	1337	547.03994135667	2
5	1340	547.171645031371	1
5	1340	547.171645031371	1
5	1343	548.465565177947	2
5	1345	548.877944794952	3
5	1348	549.719290629739	2
5	1348	549.719290629739	2
5	1352	549.946316716844	1
5	1352	549.946316716844	1
5	1356	550.697087047284	0
5	1358	552.015221295276	1
5	1358	552.015221295276	1
5	1362	552.675027049394	0
5	1364	552.811103448626	1
5	1364	552.811103448626	1
5	1368	553.270341443977	0
5	1370	553.567881010246	1
5	1370	553.567881010246	1
5	1374	553.870819059709	0
5	1376	553.949927776898	1
5	1376	553.949927776898	1
5	1379	554.417454158805	2
5	1382	556.079725129144	1
5	1382	556.079725129144	1
5	1386	557.56718689049	0
5	1388	557.868288533392	1
5	1388	557.868288533392	1
5	1392	558.066413127396	0
5	1394	564.302050559698	1
5	1394	564.302050559698	1
5	1397	564.403166911559	2
5	1400	565.550473730409	1
5	1400	565.550473730409	1
5	1404	567.169421123709	0
5	1406	568.086366883493	1
5	1406	568.086366883493	1
5	1409	568.54088969469	2
5	1412	569.865187334869	1
5	1412	569.865187334869	1
5	1416	571.871233175928	0
5	1418	577.191768623739	1
5	1418	577.191768623739	1
5	1422	577.509985374645	0
5	1424	578.944030374068	1
5	1424	578.944030374068	1
5	1428	579.349469770553	0
5	1430	582.163651999207	1
5	1430	582.163651999207	1
5	1433	582.185601781735	2
5	1436	583.29098407936	1
5	1436	583.29098407936	1
5	1439	583.303867182579	2
5	1442	583.394216063265	1
5	1442	583.394216063265	1
5	1446	584.112192277935	0
5	1448	585.130707595334	1
5	1448	585.130707595334	1
5	1451	585.639160882857	2
5	1454	587.148874611558	1
5	1454	587.148874611558	1
5	1458	587.414376018592	0
5	1460	587.977271487458	1
5	1460	587.977271487458	1
5	1464	588.31158573504	0
5	1466	591.390867141476	1
5	1466	591.390867141476	1
5	1469	591.450059500362	2
5	1472	591.865845594299	1
5	1472	591.865845594299	1
5	1475	591.875749894091	2
5	1478	592.994192946994	1
5	1478	592.994192946994	1
5	1481	593.410235569839	2
5	1484	594.184389836039	1
5	1484	594.184389836039	1
5	1487	594.511246668881	2
5	1489	594.861374053351	3
5	1491	595.536062525717	4
5	1493	595.74560043909	5
5	1496	596.120429042489	4
5	1496	596.120429042489	4
5	1500	596.54481316091	3
5	1500	596.54481316091	3
5	1504	596.697034985185	2
5	1504	596.697034985185	2
5	1508	598.472870384464	1
5	1508	598.472870384464	1
5	1512	599.675411688261	0
6	341	100.026801209094	0.30087414957962
6	345	100.327675358674	2.2333976241371
6	351	102.561072982811	0.12814349907482
6	357	109.134918893291	0.612209901513
6	363	109.747128794804	0.96547903376326
6	369	112.214891325473	1.3522277193239
6	375	113.567119044797	3.3958864900865
6	381	116.963005534884	0.28729718899932
6	387	120.504259156003	0.25456865730142
6	393	122.801238459386	0.049694664169675
6	399	129.705997054892	0.20721015330243
6	405	130.897116868344	3.5204413200624
6	411	142.876903531145	1.3738205289095
6	419	144.250724060055	1.2774200484546
6	423	145.52814410851	0.28000317689653
6	429	147.493650561856	1.3012705556219
6	435	150.804020428083	1.0563196894305
6	441	152.282557168438	0.71881355105219
6	447	155.807306574687	0.3438643791928
6	453	156.669609268747	0.54622868395675
6	459	158.147655948558	0.09631847148893
6	465	158.243974420047	0.55130468097435
6	471	159.16176110312	0.61319522923144
6	477	163.390874287248	0.099240663402224
6	483	164.373198805114	2.680543667534
6	489	167.254131510641	0.062545399454858
6	495	170.272790688764	0.0035728085617541
6	501	171.449197774498	0.11952616408235
6	507	178.173871987777	1.4508063217871
6	513	180.177628454202	0.13543124331361
6	519	183.792040985849	0.2669193563496
6	525	184.358864945783	1.8606080758505
6	533	186.219473021633	7.1334652475806
6	545	193.352938269214	2.8702380349408
6	549	196.223176304155	2.7554304468933
6	555	198.978606751048	1.4102384297973
6	561	200.388845180845	3.6028452757179
6	567	203.991690456563	1.1719591740787
6	573	205.163649630642	0.044337546771963
6	577	205.207987177414	0.91005869758487
6	581	206.118045874999	0.083129531014167
6	585	206.201175406013	1.2533252708847
6	591	207.454500676898	1.6318901443287
6	597	209.664636715328	3.3628855278768
6	607	213.027522243205	0.24686936229212
6	611	213.274391605497	2.3610800168301
6	615	215.635471622327	0.20060689025985
6	621	218.034563378297	0.28827541679628
6	627	219.501918344701	0.16718245601339
6	633	220.736100606211	1.3114276915263
6	639	222.047528297737	0.66802706245602
6	645	223.024289308432	2.8483324831991
6	653	225.872621791631	0.34994236204288
6	657	226.222564153674	0.3012621752026
6	663	232.658941400288	0.19083417482681
6	669	237.071780318712	0.30030440585386
6	675	249.746657246839	0.022059071028583
6	681	250.488226545877	1.1170409185928
6	687	251.60526746447	0.77474541447245
6	693	254.221789270565	1.3505925281537
6	699	256.651422390499	2.9548228443325
6	705	262.125601755115	0.73472998927006
6	711	263.615519031967	2.2193164131071
6	717	265.834835445074	0.0071671371254468
6	723	265.878719828446	0.25440674088709
6	729	271.262948821813	0.13695104937319
6	735	272.550361538807	0.43834104874076
6	741	273.694367056385	0.48688375834033
6	747	277.735734771243	6.4188437415011
6	753	284.154578512744	2.9632460507108
6	761	287.117824563455	0.36912379415762
6	765	287.486948357613	1.5966777282455
6	771	294.483759097453	0.31326908615007
6	777	299.494609540983	0.17455715873281
6	783	309.276312045439	2.0330831939364
6	789	311.309395239375	1.2470749289477
6	795	314.710137058426	1.9387697189267
6	801	316.648906777353	0.1150153093896
6	807	317.39029639358	0.10673393302348
6	813	327.593123306423	2.4308388308049
6	819	330.023962137228	0.37268137649885
6	825	332.438226112184	0.18281001198741
6	831	335.311723915436	1.8967125140146
6	837	347.431335723437	0.2814480810016
6	843	348.087646586595	2.4513040858027
6	849	350.538950672398	2.0677146463113
6	855	357.094147254291	0.64693180191537
6	861	358.123707217985	1.1962293817776
6	867	365.01099673484	0.026286710275442
6	873	367.521590439552	0.90731920635652
6	879	370.552801263014	0.59389338719049
6	885	378.2831474237	2.2941514776552
6	893	380.577298901355	1.0241589941704
6	899	381.601457895525	0.15776426117207
6	903	381.759222156697	2.9569426693665
6	909	384.716164826064	0.45000166882404
6	915	393.805733104575	0.89596353993697
6	921	394.965084091688	0.70331999495825
6	927	396.705553753174	0.17078390177273
6	933	398.357222186914	0.63734348070921
6	939	399.084799874252	0.56600225107249
6	945	400.899870368371	2.9441322338932
6	953	403.844002602264	1.6544834786299
6	957	405.498486080894	0.61853602249523
6	963	407.769358094558	0.89258092271723
6	969	408.661939017275	2.4057642467315
6	985	411.067703264006	0.99068909957704
6	989	412.058392363583	3.0049970706318
6	999	415.063389434215	0.08660859227156
6	1003	415.149998026487	0.98264922918848
6	1007	416.132647255675	1.0719032142916
6	1011	417.204550469967	0.20159808318113
6	1015	417.406148553148	0.65465956151455
6	1019	418.060808114663	0.63536995232173
6	1023	418.696178066985	0.72927831008313
6	1029	420.68919707274	1.475579430335
6	1035	422.530664479073	0.003072093869165
6	1041	422.826776642252	0.28584436490646
6	1047	425.883364644825	0.0063957422872477
6	1053	426.646642073807	0.1194315756483
6	1059	428.671422555559	0.66100244021652
6	1065	429.58270396212	0.61737287607956
6	1071	435.979363342441	0.096934604144268
6	1077	436.076297946585	1.3700795738739
6	1083	437.446377520459	0.4325444131791
6	1089	440.704742026519	0.14748275188914
6	1095	448.566481929665	0.98783985340725
6	1101	456.943289651009	0.063584846234843
6	1107	457.290225132045	0.6807278038835
6	1113	458.251623413774	3.3064985639766
6	1119	461.558121977751	1.4728406817959
6	1125	468.059040922528	0.9111316569588
6	1131	468.970172579487	1.0201862258048
6	1137	469.990358805292	0.10282124474658
6	1143	470.527288763359	0.43584032537424
6	1149	470.963129088733	0.34321979501062
6	1155	474.287183823164	0.62405513614597
6	1161	475.349233688087	0.21466610295228
6	1167	476.030392294345	0.60003517379845
6	1173	478.180425003972	1.2969981305512
6	1179	483.614685745443	0.072277907674436
6	1185	484.959806319993	1.0447807413946
6	1191	486.937339888767	0.13909475679112
6	1197	492.979403487416	1.2546535237989
6	1205	494.234057011215	0.019288611146956
6	1209	494.253345622362	1.0978991489892
6	1215	495.351244771351	0.1088949446071
6	1221	495.460139715958	0.29810141002612
6	1227	498.012144237564	0.27451500539563
6	1233	500.485531422332	0.28594754018985
6	1239	500.77476725206	1.0314174079064
6	1247	501.806184659966	0.1241700251695
6	1251	501.930354685135	0.44697262085994
6	1257	509.384934585133	1.8572819703255
6	1263	511.242216555458	0.26270577042633
6	1269	512.108377545528	0.28767558643196
6	1275	513.454203390673	2.5870120459814
6	1281	516.041215436654	0.59694358717248
6	1287	520.752739319632	0.058491788519516
6	1293	527.079730300794	1.4534758761646
6	1299	529.880727775232	1.8002147709511
6	1305	531.680942546183	2.0947612439165
6	1311	533.7757037901	2.9432279738171
6	1317	536.718931763917	1.129434799095
6	1323	538.653664614727	0.068456081826805
6	1329	540.625412555825	0.8158435516639
6	1335	544.290502255045	2.8811427763259
6	1341	547.171645031371	2.5476455983675
6	1349	549.719290629739	0.22702608710467
6	1353	549.946316716844	0.75077033044005
6	1359	552.015221295276	0.65980575411779
6	1365	552.811103448626	0.45923799535072
6	1371	553.567881010246	0.30293804946305
6	1377	553.949927776898	2.1297973522458
6	1383	556.079725129144	1.4874617613461
6	1389	557.868288533392	0.19812459400366
6	1395	564.302050559698	1.2484231707112
6	1401	565.550473730409	1.6189473932999
6	1407	568.086366883493	1.7788204513764
6	1413	569.865187334869	2.0060458410591
6	1419	577.191768623739	0.31821675090577
6	1425	578.944030374068	0.40543939648507
6	1431	582.163651999207	1.1273320801533
6	1437	583.29098407936	0.10323198390461
6	1443	583.394216063265	0.7179762146698
6	1449	585.130707595334	2.0181670162237
6	1455	587.148874611558	0.2655014070344
6	1461	587.977271487458	0.33431424758168
6	1467	591.390867141476	0.47497845282323
6	1473	591.865845594299	1.1283473526952
6	1479	592.994192946994	1.1901968890447
6	1485	594.184389836039	1.9360392064505
6	1497	596.120429042489	0.42438411842093
6	1501	596.54481316091	0.15222182427495
6	1505	596.697034985185	1.7758353992794
6	1509	598.472870384464	1.202541303797
7	338	100.026801209094	67.048285242188
7	342	100.327675358674	67.147104626964
7	348	102.561072982811	67.862518149251
7	352	102.689216481886	67.902621769835
7	360	109.747128794804	64.093594921406
7	364	110.712607828567	64.406719884868
7	372	113.567119044797	63.978541968685
7	378	116.963005534884	65.02438361855
7	382	117.250302723883	65.110084005129
7	388	120.758827813304	63.429184138412
7	394	122.850933123556	62.389460114375
7	400	129.913207208194	59.157375701917
7	406	134.417558188406	59.794037682166
7	416	144.250724060055	56.670430222242
7	420	145.52814410851	57.05076944435
7	424	145.808147285407	57.133247146898
7	430	148.794921117478	56.860945971205
7	436	151.860340117514	56.408749860332
7	442	153.00137071949	56.457881742354
7	448	156.15117095388	55.5392551938
7	454	157.215837952704	55.510581595726
7	462	158.243974420047	55.210787519604
7	466	158.795279101021	55.36628649059
7	472	159.774956332351	55.410589007251
7	478	163.49011495065	54.212136972312
7	484	167.053742472648	54.660271221233
7	490	167.316676910096	54.611755270112
7	496	170.276363497326	53.664610314644
7	502	171.56872393858	53.330042324978
7	508	179.624678309564	51.745940641001
7	514	180.313059697516	51.623499048889
7	520	184.058960342199	50.71789487497
7	530	186.219473021633	51.12861536189
7	542	193.352938269214	52.931651442116
7	546	196.223176304155	53.620139758417
7	552	198.978606751048	54.262402166014
7	558	200.388845180845	54.584280951701
7	564	203.991690456563	55.386400922619
7	570	205.163649630642	55.641247806175
7	574	205.207987177414	55.650832024983
7	578	206.118045874999	55.846643827268
7	582	206.201175406013	55.864444151559
7	588	207.454500676898	56.131086751786
7	592	209.086390821227	56.473477506589
7	604	213.027522243205	57.007301281473
7	608	213.274391605497	57.05706618778
7	612	215.635471622327	57.527265743193
7	616	215.836078512587	57.566741641749
7	622	218.322838795093	57.043080692398
7	628	219.669100800714	56.769593495521
7	636	222.047528297737	56.752121591908
7	640	222.715555360193	56.881842001979
7	650	225.872621791631	57.347828067674
7	654	226.222564153674	57.413806463101
7	658	226.523826328877	57.470443371927
7	664	232.849775575115	55.99107028859
7	670	237.372084724566	55.050865002331
7	676	249.768716317868	52.327387878167
7	684	251.60526746447	52.389398375046
7	688	252.380012878942	52.535551372142
7	694	255.572381798719	52.407784794476
7	700	259.606245234831	52.731646177344
7	706	262.860331744385	52.358366805466
7	714	265.834835445074	52.607361582148
7	718	265.842002582199	52.608639294228
7	724	266.133126569333	52.646684303469
7	730	271.399899871186	51.675486279784
7	736	272.988702587548	51.535304478362
7	742	274.181250814725	51.488729593607
7	750	284.154578512744	51.940492158301
7	758	287.117824563455	52.436498099512
7	762	287.486948357613	52.497568072897
7	766	289.083626085858	52.759935319782
7	772	294.797028183603	51.843671617321
7	778	299.669166699716	51.059026883865
7	786	311.309395239375	49.802943937038
7	790	312.556470168323	50.003226113533
7	798	316.648906777353	49.969251383182
7	802	316.763922086743	49.987417284125
7	808	317.497030326603	49.905612442766
7	816	330.023962137228	48.747877354431
7	820	330.396643513727	48.805688812238
7	826	332.621036124171	48.534262767166
7	832	337.208436429451	48.436475058228
7	838	347.712783804439	47.054159613071
7	846	350.538950672398	47.374088401204
7	850	352.606665318709	47.682691099029
7	856	357.741079056206	47.17917194908
7	862	359.319936599763	47.304780750736
7	868	365.037283445115	46.571077153558
7	874	368.428909645909	46.388627397098
7	880	371.146694650204	46.208954566512
7	890	380.577298901355	45.66671724388
7	896	381.601457895525	45.812539328849
7	900	381.759222156697	45.83493261813
7	906	384.716164826064	46.25124732901
7	910	385.166166494888	46.314043676414
7	916	394.701696644512	45.422148331584
7	922	395.668404086646	45.488926649976
7	928	396.876337654947	45.393508486391
7	934	398.994565667623	45.312255617335
7	940	399.650802125324	45.379475977828
7	950	403.844002602264	45.637318071322
7	954	405.498486080894	45.859124470587
7	958	406.117022103389	45.941583663336
7	966	408.661939017275	45.873900773389
7	982	411.067703264006	46.190672519991
7	986	412.058392363583	46.320043296507
7	996	415.063389434215	46.708678181568
7	1000	415.149998026487	46.719795817085
7	1004	416.132647255675	46.845610871291
7	1008	417.204550469967	46.982177839452
7	1012	417.406148553148	47.007784293403
7	1016	418.060808114663	47.090767103619
7	1020	418.696178066985	47.171056675255
7	1024	419.425456377068	47.262913289882
7	1030	422.164776503075	47.305763130636
7	1036	422.533736572942	47.265182398735
7	1042	423.112621007158	47.268073728511
7	1048	425.889760387112	46.961350095102
7	1054	426.766073649455	46.892905815801
7	1060	429.332424995776	46.766562160411
7	1066	430.2000768382	46.815749026999
7	1074	436.076297946585	46.207125642805
7	1080	437.446377520459	46.375604620262
7	1084	437.878921933638	46.42857573047
7	1090	440.852224778408	46.148894843817
7	1096	449.554321783072	45.475320684754
7	1102	457.006874497244	44.747653862806
7	1108	457.970952935928	44.802095158608
7	1116	461.558121977751	45.170276671497
7	1120	463.030962659547	45.34468282055
7	1128	468.970172579487	44.964704658297
7	1134	469.990358805292	45.084167215749
7	1138	470.093180050039	45.096178694585
7	1146	470.963129088733	45.105420724299
7	1150	471.306348883744	45.145396647159
7	1156	474.91123895931	44.934117842858
7	1162	475.563899791039	44.917589825419
7	1168	476.630427468143	44.942971471124
7	1174	479.477423134523	44.946615788788
7	1180	483.686963653117	44.570387312017
7	1186	486.004587061388	44.572816715403
7	1192	487.076434645558	44.503288017589
7	1202	494.234057011215	44.112638335437
7	1206	494.253345622362	44.114819382054
7	1212	495.351244771351	44.238683595355
7	1218	495.460139715958	44.250939123044
7	1222	495.758241125984	44.284461255964
7	1228	498.28665924296	44.114843763637
7	1234	500.771478962522	43.953048048238
7	1244	501.806184659966	44.067959488786
7	1248	501.930354685135	44.081796234887
7	1252	502.377327305995	44.131547497
7	1260	511.242216555458	43.729598915132
7	1264	511.504922325884	43.758499045754
7	1270	512.39605313196	43.738539899266
7	1278	516.041215436654	43.93090268876
7	1282	516.638159023826	43.995687078944
7	1288	520.811231108152	43.654396445964
7	1294	528.533206176959	43.291598856065
7	1302	531.680942546183	43.373886809973
7	1308	533.7757037901	43.596111588024
7	1314	536.718931763917	43.905415941535
7	1318	537.848366563012	44.023209690136
7	1324	538.722120696554	43.964515509888
7	1330	541.441256107489	43.894404273714
7	1338	547.171645031371	43.961261300927
7	1346	549.719290629739	44.220969934803
7	1350	549.946316716844	44.243996354934
7	1354	550.697087047284	44.320009020091
7	1360	552.675027049394	44.280778473637
7	1366	553.270341443977	44.316136983286
7	1372	553.870819059709	44.322786470035
7	1380	556.079725129144	44.529725975247
7	1384	557.56718689049	44.677707982516
7	1390	558.066413127396	44.673242878416
7	1398	565.550473730409	44.30281627691
7	1402	567.169421123709	44.461800183736
7	1410	569.865187334869	44.563619750547
7	1414	571.871233175928	44.758082968123
7	1420	577.509985374645	44.376170846702
7	1426	579.349469770553	44.305254523623
7	1434	583.29098407936	44.199138385478
7	1440	583.394216063265	44.209012384036
7	1444	584.112192277935	44.277589281815
7	1452	587.148874611558	44.392312704421
7	1456	587.414376018592	44.417446442753
7	1462	588.31158573504	44.406533280534
7	1470	591.865845594299	44.220115168614
7	1476	592.994192946994	44.326252945563
7	1482	594.184389836039	44.437771729428
7	1494	596.120429042489	44.618222938762
7	1498	596.54481316091	44.657621733481
7	1502	596.697034985185	44.671739983256
7	1506	598.472870384464	44.835914313589
7	1510	599.675411688261	44.946535976961
8	339	100.026801209094	56
8	343	100.327675358674	57
8	349	102.561072982811	58
8	353	102.689216481886	59
8	361	109.747128794804	60
8	365	110.712607828567	61
8	373	113.567119044797	62
8	379	116.963005534884	63
8	383	117.250302723883	64
8	389	120.758827813304	65
8	395	122.850933123556	66
8	401	129.913207208194	67
8	407	134.417558188406	68
8	417	144.250724060055	69
8	421	145.52814410851	70
8	425	145.808147285407	71
8	431	148.794921117478	72
8	437	151.860340117514	73
8	443	153.00137071949	74
8	449	156.15117095388	75
8	455	157.215837952704	76
8	463	158.243974420047	77
8	467	158.795279101021	78
8	473	159.774956332351	79
8	479	163.49011495065	80
8	485	167.053742472648	81
8	491	167.316676910096	82
8	497	170.276363497326	83
8	503	171.56872393858	84
8	509	179.624678309564	85
8	515	180.313059697516	86
8	521	184.058960342199	87
8	531	186.219473021633	88
8	543	193.352938269214	89
8	547	196.223176304155	90
8	553	198.978606751048	91
8	559	200.388845180845	92
8	565	203.991690456563	93
8	571	205.163649630642	94
8	575	205.207987177414	95
8	579	206.118045874999	96
8	583	206.201175406013	97
8	589	207.454500676898	98
8	593	209.086390821227	99
8	605	213.027522243205	100
8	609	213.274391605497	101
8	613	215.635471622327	102
8	617	215.836078512587	103
8	623	218.322838795093	104
8	629	219.669100800714	105
8	637	222.047528297737	106
8	641	222.715555360193	107
8	651	225.872621791631	108
8	655	226.222564153674	109
8	659	226.523826328877	110
8	665	232.849775575115	111
8	671	237.372084724566	112
8	677	249.768716317868	113
8	685	251.60526746447	114
8	689	252.380012878942	115
8	695	255.572381798719	116
8	701	259.606245234831	117
8	707	262.860331744385	118
8	715	265.834835445074	119
8	719	265.842002582199	120
8	725	266.133126569333	121
8	731	271.399899871186	122
8	737	272.988702587548	123
8	743	274.181250814725	124
8	751	284.154578512744	125
8	759	287.117824563455	126
8	763	287.486948357613	127
8	767	289.083626085858	128
8	773	294.797028183603	129
8	779	299.669166699716	130
8	787	311.309395239375	131
8	791	312.556470168323	132
8	799	316.648906777353	133
8	803	316.763922086743	134
8	809	317.497030326603	135
8	817	330.023962137228	136
8	821	330.396643513727	137
8	827	332.621036124171	138
8	833	337.208436429451	139
8	839	347.712783804439	140
8	847	350.538950672398	141
8	851	352.606665318709	142
8	857	357.741079056206	143
8	863	359.319936599763	144
8	869	365.037283445115	145
8	875	368.428909645909	146
8	881	371.146694650204	147
8	891	380.577298901355	148
8	897	381.601457895525	149
8	901	381.759222156697	150
8	907	384.716164826064	151
8	911	385.166166494888	152
8	917	394.701696644512	153
8	923	395.668404086646	154
8	929	396.876337654947	155
8	935	398.994565667623	156
8	941	399.650802125324	157
8	951	403.844002602264	158
8	955	405.498486080894	159
8	959	406.117022103389	160
8	967	408.661939017275	161
8	983	411.067703264006	162
8	987	412.058392363583	163
8	997	415.063389434215	164
8	1001	415.149998026487	165
8	1005	416.132647255675	166
8	1009	417.204550469967	167
8	1013	417.406148553148	168
8	1017	418.060808114663	169
8	1021	418.696178066985	170
8	1025	419.425456377068	171
8	1031	422.164776503075	172
8	1037	422.533736572942	173
8	1043	423.112621007158	174
8	1049	425.889760387112	175
8	1055	426.766073649455	176
8	1061	429.332424995776	177
8	1067	430.2000768382	178
8	1075	436.076297946585	179
8	1081	437.446377520459	180
8	1085	437.878921933638	181
8	1091	440.852224778408	182
8	1097	449.554321783072	183
8	1103	457.006874497244	184
8	1109	457.970952935928	185
8	1117	461.558121977751	186
8	1121	463.030962659547	187
8	1129	468.970172579487	188
8	1135	469.990358805292	189
8	1139	470.093180050039	190
8	1147	470.963129088733	191
8	1151	471.306348883744	192
8	1157	474.91123895931	193
8	1163	475.563899791039	194
8	1169	476.630427468143	195
8	1175	479.477423134523	196
8	1181	483.686963653117	197
8	1187	486.004587061388	198
8	1193	487.076434645558	199
8	1203	494.234057011215	200
8	1207	494.253345622362	201
8	1213	495.351244771351	202
8	1219	495.460139715958	203
8	1223	495.758241125984	204
8	1229	498.28665924296	205
8	1235	500.771478962522	206
8	1245	501.806184659966	207
8	1249	501.930354685135	208
8	1253	502.377327305995	209
8	1261	511.242216555458	210
8	1265	511.504922325884	211
8	1271	512.39605313196	212
8	1279	516.041215436654	213
8	1283	516.638159023826	214
8	1289	520.811231108152	215
8	1295	528.533206176959	216
8	1303	531.680942546183	217
8	1309	533.7757037901	218
8	1315	536.718931763917	219
8	1319	537.848366563012	220
8	1325	538.722120696554	221
8	1331	541.441256107489	222
8	1339	547.171645031371	223
8	1347	549.719290629739	224
8	1351	549.946316716844	225
8	1355	550.697087047284	226
8	1361	552.675027049394	227
8	1367	553.270341443977	228
8	1373	553.870819059709	229
8	1381	556.079725129144	230
8	1385	557.56718689049	231
8	1391	558.066413127396	232
8	1399	565.550473730409	233
8	1403	567.169421123709	234
8	1411	569.865187334869	235
8	1415	571.871233175928	236
8	1421	577.509985374645	237
8	1427	579.349469770553	238
8	1435	583.29098407936	239
8	1441	583.394216063265	240
8	1445	584.112192277935	241
8	1453	587.148874611558	242
8	1457	587.414376018592	243
8	1463	588.31158573504	244
8	1471	591.865845594299	245
8	1477	592.994192946994	246
8	1483	594.184389836039	247
8	1495	596.120429042489	248
8	1499	596.54481316091	249
8	1503	596.697034985185	250
8	1507	598.472870384464	251
8	1511	599.675411688261	252
9	339	100.026801209094	4.358335368195
9	343	100.327675358674	2.600393129805
9	349	102.561072982811	4.49101381944
9	353	102.689216481886	2.037457946804
9	361	109.747128794804	0.612209901513
9	365	110.712607828567	1.304953254822
9	373	113.567119044797	1.352227719324
9	379	116.963005534884	4.58258097196
9	383	117.250302723883	2.055930810299
9	389	120.758827813304	0.254568657301
9	395	122.850933123556	0.04969466417
9	401	129.913207208194	0.207210153302
9	407	134.417558188406	3.520441320062
9	417	144.250724060055	1.37382052891
9	421	145.52814410851	2.046185457187
9	425	145.808147285407	1.61897303295
9	431	148.794921117478	1.301270555622
9	437	151.860340117514	1.056319689431
9	443	153.00137071949	0.718813551052
9	449	156.15117095388	0.343864379193
9	455	157.215837952704	0.546228683957
9	463	158.243974420047	0.096318471489
9	467	158.795279101021	0.62273931473
9	473	159.774956332351	0.613195229231
9	479	163.49011495065	0.099240663402
9	485	167.053742472648	2.680543667534
9	491	167.316676910096	0.062545399455
9	497	170.276363497326	0.003572808562
9	503	171.56872393858	0.119526164082
9	509	179.624678309564	1.450806321787
9	515	180.313059697516	0.135431243314
9	521	184.058960342199	0.26691935635
9	531	186.219473021633	1.86060807585
9	543	193.352938269214	8.746825070044
9	547	196.223176304155	10.897445372497
9	553	198.978606751048	11.985537658291
9	559	200.388845180845	12.513292982475
9	565	203.991690456563	15.384727710116
9	571	205.163649630642	14.367641573657
9	575	205.207987177414	8.445350354534
9	579	206.118045874999	6.376001212986
9	583	206.201175406013	5.592956655283
9	589	207.454500676898	3.063441059558
9	593	209.086390821227	2.498745031722
9	605	213.027522243205	3.362885527877
9	609	213.274391605497	2.700272224583
9	613	215.635471622327	4.176845077942
9	617	215.836078512587	4.143126106279
9	623	218.322838795093	0.288275416796
9	629	219.669100800714	0.167182456013
9	637	222.047528297737	1.311427691526
9	641	222.715555360193	1.295426730597
9	651	225.872621791631	2.848332483199
9	655	226.222564153674	1.673251622196
9	659	226.523826328877	1.621246937972
9	665	232.849775575115	0.190834174827
9	671	237.372084724566	0.300304405854
9	677	249.768716317868	0.022059071029
9	685	251.60526746447	1.117040918593
9	689	252.380012878942	0.851141130004
9	695	255.572381798719	1.350592528154
9	701	259.606245234831	2.954822844332
9	707	262.860331744385	0.73472998927
9	715	265.834835445074	2.219316413107
9	719	265.842002582199	1.924613795246
9	725	266.133126569333	0.254406740887
9	731	271.399899871186	0.136951049373
9	737	272.988702587548	0.438341048741
9	743	274.181250814725	0.48688375834
9	751	284.154578512744	6.418843741501
9	759	287.117824563455	8.255789476211
9	763	287.486948357613	2.285368362241
9	767	289.083626085858	1.993369001676
9	773	294.797028183603	0.31326908615
9	779	299.669166699716	0.174557158733
9	787	311.309395239375	2.033083193936
9	791	312.556470168323	2.371032746695
9	799	316.648906777353	1.938769718927
9	803	316.763922086743	1.969492894992
9	809	317.497030326603	0.106733933023
9	817	330.023962137228	2.430838830805
9	821	330.396643513727	2.670978050688
9	827	332.621036124171	0.182810011987
9	833	337.208436429451	1.896712514015
9	839	347.712783804439	0.281448081002
9	847	350.538950672398	2.451304085803
9	851	352.606665318709	2.416667893833
9	857	357.741079056206	0.646931801915
9	863	359.319936599763	1.196229381778
9	869	365.037283445115	0.026286710275
9	875	368.428909645909	0.907319206357
9	881	371.146694650204	0.59389338719
9	891	380.577298901355	2.294151477655
9	897	381.601457895525	2.650200281912
9	901	381.759222156697	2.712702252324
9	907	384.716164826064	3.322925174292
9	911	385.166166494888	2.562277479498
9	917	394.701696644512	0.895963539937
9	923	395.668404086646	0.703319994958
9	929	396.876337654947	0.170783901773
9	935	398.994565667623	0.637343480709
9	941	399.650802125324	0.566002251072
9	951	403.844002602264	2.944132233893
9	955	405.498486080894	4.119356723044
9	959	406.117022103389	3.316423879201
9	967	408.661939017275	0.892580922717
9	983	411.067703264006	2.969241646797
9	987	412.058392363583	3.290754362689
9	997	415.063389434215	6.262215332174
9	1001	415.149998026487	5.888483623809
9	1005	416.132647255675	6.704426799744
9	1009	417.204550469967	7.425809382917
9	1013	417.406148553148	7.149957661248
9	1017	418.060808114663	5.919194326969
9	1021	418.696178066985	6.425327063954
9	1025	419.425456377068	4.464223551065
9	1031	422.164776503075	1.475579430335
9	1037	422.533736572942	0.003072093869
9	1043	423.112621007158	0.285844364906
9	1049	425.889760387112	0.006395742287
9	1055	426.766073649455	0.119431575648
9	1061	429.332424995776	0.661002440217
9	1067	430.2000768382	0.61737287608
9	1075	436.076297946585	0.096934604144
9	1081	437.446377520459	1.397612949207
9	1085	437.878921933638	1.416071968562
9	1091	440.852224778408	0.147482751889
9	1097	449.554321783072	0.987839853407
9	1103	457.006874497244	0.063584846235
9	1109	457.970952935928	0.680727803883
9	1117	461.558121977751	3.306498563977
9	1121	463.030962659547	3.333983381888
9	1129	468.970172579487	0.911131656959
9	1135	469.990358805292	1.430352430081
9	1139	470.093180050039	0.82200195005
9	1147	470.963129088733	0.435840325374
9	1151	471.306348883744	0.414728067933
9	1157	474.91123895931	0.624055136146
9	1163	475.563899791039	0.214666102952
9	1169	476.630427468143	0.600035173798
9	1175	479.477423134523	1.296998130551
9	1181	483.686963653117	0.072277907674
9	1187	486.004587061388	1.044780741395
9	1193	487.076434645558	0.139094756791
9	1203	494.234057011215	1.254653523799
9	1207	494.253345622362	0.924316731684
9	1213	495.351244771351	2.000220450176
9	1219	495.460139715958	0.181508698449
9	1223	495.758241125984	0.345874851012
9	1229	498.28665924296	0.274515005396
9	1235	500.771478962522	0.28594754019
9	1245	501.806184659966	1.031417407906
9	1249	501.930354685135	1.003321924799
9	1253	502.377327305995	0.926399458208
9	1261	511.242216555458	1.857281970325
9	1265	511.504922325884	1.794625118042
9	1271	512.39605313196	0.287675586432
9	1279	516.041215436654	2.587012045981
9	1283	516.638159023826	1.176733070935
9	1289	520.811231108152	0.05849178852
9	1295	528.533206176959	1.453475876165
9	1303	531.680942546183	1.800214770951
9	1309	533.7757037901	2.509678805607
9	1315	536.718931763917	3.21625265411
9	1319	537.848366563012	3.993182037036
9	1325	538.722120696554	0.068456081827
9	1331	541.441256107489	0.815843551664
9	1339	547.171645031371	2.881142776326
9	1347	549.719290629739	2.679349273069
9	1351	549.946316716844	1.480751538897
9	1355	550.697087047284	1.819142252332
9	1361	552.675027049394	0.659805754118
9	1367	553.270341443977	0.459237995351
9	1373	553.870819059709	0.302938049463
9	1381	556.079725129144	2.129797352246
9	1385	557.56718689049	3.149732731685
9	1391	558.066413127396	0.198124594004
9	1399	565.550473730409	1.248423170711
9	1403	567.169421123709	2.76625421215
9	1411	569.865187334869	1.778820451376
9	1415	571.871233175928	3.330343481238
9	1421	577.509985374645	0.318216750906
9	1427	579.349469770553	0.405439396485
9	1435	583.29098407936	1.127332080153
9	1441	583.394216063265	1.20861428153
9	1445	584.112192277935	0.808325095356
9	1453	587.148874611558	2.018167016224
9	1457	587.414376018592	1.775215135735
9	1463	588.31158573504	0.334314247582
9	1471	591.865845594299	0.474978452823
9	1477	592.994192946994	1.544133446632
9	1483	594.184389836039	2.308639941948
9	1495	596.120429042489	2.71019347265
9	1499	596.54481316091	2.033566492029
9	1503	596.697034985185	1.835660931834
9	1507	598.472870384464	2.936807858747
9	1511	599.675411688261	3.929811249171

