version 3
run ParameterStudy-119-20251202-16:20:02-1436
attr configname ParameterStudy
attr datetime 20251202-16:20:02
attr datetimef 20251202-162002
attr experiment ParameterStudy
attr inifile omnetpp.ini
attr iterationvars $betaProducer=3.3s
attr iterationvarsd betaProducer=3.3s
attr iterationvarsf betaProducer=3.3s-
attr measurement $betaProducer=3.3s
attr network queue_sim
attr processid 1436
attr repetition 4
attr replication #4
attr resultdir results
attr runnumber 119
attr seedset 119
itervar betaProducer 3.3s
config description "Parameter study: β_producer = 1s to 10s (0.1s steps), β_service = 1s, 5 repetitions"
config *.serviceUnit.meanServiceTime 1s
config *.producer.warmupPeriod 100s
config *.queue.warmupPeriod 100s
config *.serviceUnit.warmupPeriod 100s
config *.sink.warmupPeriod 100s
config *.producer.meanInterArrivalTime 3.3s
config network queue_sim
config sim-time-limit 600s
config warmup-period 100s
config repeat 5
config **.vector-recording true
config **.scalar-recording true
config debug-on-errors true

vector 0 queue_sim.producer jobGenerated:vector ETV
attr recordingmode vector
attr title "Jobs Generated"
vector 1 queue_sim.producer interArrivalTime:vector ETV
attr recordingmode vector
attr title "Inter-arrival Time"
attr unit s
vector 2 queue_sim.queue queueLength:vector ETV
attr recordingmode vector
attr title "Queue Length"
vector 3 queue_sim.queue queueingDelay:vector ETV
attr recordingmode vector
attr title "Queueing Delay"
attr unit s
vector 4 queue_sim.queue queueUtilization:vector ETV
attr recordingmode vector
attr title "Queue Utilization"
vector 5 queue_sim.queue systemSize:vector ETV
attr recordingmode vector
attr title "System Size"
vector 6 queue_sim.serviceUnit serviceTime:vector ETV
attr recordingmode vector
attr title "Service Time"
attr unit s
vector 7 queue_sim.serviceUnit utilization:vector ETV
attr recordingmode vector
attr title "Server Utilization"
vector 8 queue_sim.sink jobCompleted:vector ETV
attr recordingmode vector
attr title "Jobs Completed"
vector 9 queue_sim.sink totalDelay:vector ETV
attr recordingmode vector
attr title "Total System Delay"
attr unit s
0	199	105.389805320517	34
0	205	111.159662679686	35
0	208	111.302114581992	36
0	217	112.958119770928	37
0	220	114.159616080511	38
0	229	118.975252499756	39
0	235	119.243403133773	40
0	241	121.529652149463	41
0	247	123.304195863329	42
0	253	127.46485831538	43
0	259	130.960285329021	44
0	265	132.312354486066	45
0	271	133.70379845095	46
0	274	134.651168882777	47
0	283	137.181365905512	48
0	289	140.466723457416	49
0	295	141.240107844791	50
0	298	141.670979933148	51
0	300	144.086725439384	52
0	310	145.266204026472	53
0	319	151.610343619542	54
0	322	151.936475877367	55
0	324	152.845409959613	56
0	326	152.97854913409	57
0	343	157.677876432831	58
0	349	158.084382684212	59
0	355	158.44462204269	60
0	361	161.540673121265	61
0	367	164.599111453929	62
0	373	165.772426743881	63
0	379	170.618309608673	64
0	385	178.30339245577	65
0	391	180.681996181941	66
0	397	184.869821529923	67
0	400	184.882042419774	68
0	409	186.162344150929	69
0	412	186.168488557482	70
0	414	186.543587404209	71
0	427	190.606789799294	72
0	430	191.110463416268	73
0	439	195.054945073071	74
0	442	195.554879902359	75
0	448	195.890869902018	76
0	457	204.536649884305	77
0	463	206.546319461794	78
0	469	209.052775770987	79
0	475	231.372105535076	80
0	481	231.883054502656	81
0	484	231.898793014362	82
0	493	236.164448739821	83
0	499	237.722393090613	84
0	505	239.071695346199	85
0	511	242.943932899999	86
0	514	243.355998778532	87
0	520	244.140186718443	88
0	529	252.693207404729	89
0	535	253.413314063206	90
0	541	259.620496226516	91
0	547	262.705995025484	92
0	553	270.458056976263	93
0	559	285.8006133899	94
0	565	290.966593888897	95
0	571	297.308744989788	96
0	577	305.976403173289	97
0	583	316.038197813924	98
0	589	324.115717575166	99
0	595	328.012675475702	100
0	601	338.879887005706	101
0	607	342.710208892379	102
0	613	344.629423886291	103
0	619	346.544446355071	104
0	625	349.905175239241	105
0	631	350.418002966204	106
0	634	350.641411978791	107
0	643	356.969723016795	108
0	646	357.20319699732	109
0	655	360.47032763001	110
0	658	361.512420630629	111
0	660	363.245876906157	112
0	666	364.335805611355	113
0	668	364.848577838799	114
0	674	367.466277369856	115
0	680	368.913815674778	116
0	694	371.583607833694	117
0	703	373.253498779327	118
0	709	373.638414132249	119
0	715	375.364165717656	120
0	721	383.523498409208	121
0	724	384.703122952215	122
0	733	387.238596797045	123
0	739	390.084116300871	124
0	745	394.761305215084	125
0	748	395.271696801814	126
0	750	396.593182011471	127
0	763	399.307207650768	128
0	769	407.337326040024	129
0	775	409.141180176011	130
0	778	410.116466793713	131
0	784	412.364382015042	132
0	786	412.765161250765	133
0	788	413.819919815523	134
0	790	414.97096308369	135
0	792	415.216805704956	136
0	802	420.148106041145	137
0	804	420.179622206432	138
0	806	420.582410865527	139
0	816	424.268339013021	140
0	841	434.592706090033	141
0	844	436.011122879699	142
0	846	436.066234641332	143
0	848	437.111961264159	144
0	865	443.017709218565	145
0	868	443.579149189633	146
0	877	446.942900809345	147
0	883	454.877408991654	148
0	889	460.244139861441	149
0	895	461.20281001229	150
0	901	462.907621969203	151
0	907	465.221614539808	152
0	913	466.834274590457	153
0	916	468.285270759411	154
0	925	472.061226444999	155
0	931	482.921686071023	156
0	937	483.981228628962	157
0	940	486.604225040164	158
0	949	489.210121679099	159
0	952	491.230345883836	160
0	961	498.981631850208	161
0	967	503.463317358855	162
0	973	508.816005647408	163
0	976	508.973234301356	164
0	982	509.821238088158	165
0	988	510.711400093067	166
0	997	513.167815888572	167
0	1003	514.840826344287	168
0	1009	517.710180435992	169
0	1012	518.832204584597	170
0	1021	529.631054161667	171
0	1024	530.114958735531	172
0	1030	531.62703778513	173
0	1036	534.409569875778	174
0	1045	538.572469328513	175
0	1051	542.416420832954	176
0	1057	544.814274740038	177
0	1060	545.47403970013	178
0	1062	545.90253373065	179
0	1072	550.041915385697	180
0	1081	552.683854415024	181
0	1087	556.954887228598	182
0	1093	564.923279618792	183
0	1099	565.379273321467	184
0	1105	566.695146924904	185
0	1111	569.281204319891	186
0	1117	571.727766143697	187
0	1123	572.913721918813	188
0	1126	573.221994676997	189
0	1135	578.739574721056	190
0	1138	582.133079306728	191
0	1147	583.78055283383	192
0	1153	584.666662619201	193
0	1159	585.783526880732	194
0	1162	587.643915806214	195
0	1171	588.91591248248	196
0	1177	590.646741409964	197
0	1183	592.849772913882	198
0	1189	593.368275007464	199
0	1195	596.340671186739	200
0	1201	597.252632703962	201
0	1207	599.537282431217	202
1	199	105.389805320517	5.7698573591685
1	205	111.159662679686	0.14245190230631
1	208	111.302114581992	1.6560051889361
1	217	112.958119770928	1.2014963095833
1	220	114.159616080511	4.8156364192453
1	229	118.975252499756	0.26815063401689
1	235	119.243403133773	2.28624901569
1	241	121.529652149463	1.7745437138658
1	247	123.304195863329	4.1606624520506
1	253	127.46485831538	3.4954270136408
1	259	130.960285329021	1.3520691570454
1	265	132.312354486066	1.3914439648838
1	271	133.70379845095	0.94737043182745
1	274	134.651168882777	2.5301970227347
1	283	137.181365905512	3.285357551904
1	289	140.466723457416	0.77338438737518
1	295	141.240107844791	0.43087208835747
1	298	141.670979933148	2.4157455062356
1	300	144.086725439384	1.1794785870879
1	310	145.266204026472	6.3441395930702
1	319	151.610343619542	0.32613225782489
1	322	151.936475877367	0.90893408224647
1	324	152.845409959613	0.1331391744773
1	326	152.97854913409	4.6993272987412
1	343	157.677876432831	0.40650625138136
1	349	158.084382684212	0.36023935847789
1	355	158.44462204269	3.0960510785746
1	361	161.540673121265	3.0584383326641
1	367	164.599111453929	1.1733152899517
1	373	165.772426743881	4.8458828647925
1	379	170.618309608673	7.6850828470967
1	385	178.30339245577	2.3786037261709
1	391	180.681996181941	4.1878253479823
1	397	184.869821529923	0.012220889850776
1	400	184.882042419774	1.2803017311552
1	409	186.162344150929	0.0061444065530762
1	412	186.168488557482	0.37509884672693
1	414	186.543587404209	4.0632023950849
1	427	190.606789799294	0.50367361697422
1	430	191.110463416268	3.944481656803
1	439	195.054945073071	0.49993482928768
1	442	195.554879902359	0.33598999965882
1	448	195.890869902018	8.6457799822872
1	457	204.536649884305	2.0096695774893
1	463	206.546319461794	2.5064563091928
1	469	209.052775770987	22.319329764089
1	475	231.372105535076	0.51094896758039
1	481	231.883054502656	0.0157385117056
1	484	231.898793014362	4.2656557254587
1	493	236.164448739821	1.5579443507919
1	499	237.722393090613	1.3493022555859
1	505	239.071695346199	3.8722375538
1	511	242.943932899999	0.41206587853304
1	514	243.355998778532	0.78418793991097
1	520	244.140186718443	8.5530206862864
1	529	252.693207404729	0.72010665847688
1	535	253.413314063206	6.2071821633097
1	541	259.620496226516	3.0854987989684
1	547	262.705995025484	7.7520619507786
1	553	270.458056976263	15.342556413637
1	559	285.8006133899	5.1659804989966
1	565	290.966593888897	6.3421511008909
1	571	297.308744989788	8.6676581835011
1	577	305.976403173289	10.061794640635
1	583	316.038197813924	8.0775197612418
1	589	324.115717575166	3.8969579005364
1	595	328.012675475702	10.867211530004
1	601	338.879887005706	3.8303218866732
1	607	342.710208892379	1.9192149939122
1	613	344.629423886291	1.9150224687803
1	619	346.544446355071	3.3607288841704
1	625	349.905175239241	0.51282772696295
1	631	350.418002966204	0.22340901258675
1	634	350.641411978791	6.328311038004
1	643	356.969723016795	0.23347398052482
1	646	357.20319699732	3.26713063269
1	655	360.47032763001	1.0420930006188
1	658	361.512420630629	1.733456275528
1	660	363.245876906157	1.0899287051983
1	666	364.335805611355	0.51277222744414
1	668	364.848577838799	2.6176995310567
1	674	367.466277369856	1.447538304922
1	680	368.913815674778	2.6697921589159
1	694	371.583607833694	1.6698909456326
1	703	373.253498779327	0.38491535292227
1	709	373.638414132249	1.7257515854069
1	715	375.364165717656	8.1593326915516
1	721	383.523498409208	1.1796245430073
1	724	384.703122952215	2.5354738448297
1	733	387.238596797045	2.8455195038265
1	739	390.084116300871	4.677188914213
1	745	394.761305215084	0.51039158672966
1	748	395.271696801814	1.3214852096568
1	750	396.593182011471	2.7140256392974
1	763	399.307207650768	8.0301183892559
1	769	407.337326040024	1.8038541359873
1	775	409.141180176011	0.97528661770241
1	778	410.116466793713	2.2479152213289
1	784	412.364382015042	0.4007792357234
1	786	412.765161250765	1.0547585647582
1	788	413.819919815523	1.1510432681674
1	790	414.97096308369	0.24584262126627
1	792	415.216805704956	4.9313003361887
1	802	420.148106041145	0.031516165286803
1	804	420.179622206432	0.40278865909471
1	806	420.582410865527	3.6859281474938
1	816	424.268339013021	10.324367077012
1	841	434.592706090033	1.418416789666
1	844	436.011122879699	0.055111761632821
1	846	436.066234641332	1.0457266228268
1	848	437.111961264159	5.9057479544065
1	865	443.017709218565	0.56143997106754
1	868	443.579149189633	3.3637516197122
1	877	446.942900809345	7.9345081823089
1	883	454.877408991654	5.3667308697866
1	889	460.244139861441	0.95867015084877
1	895	461.20281001229	1.7048119569128
1	901	462.907621969203	2.3139925706053
1	907	465.221614539808	1.6126600506486
1	913	466.834274590457	1.4509961689541
1	916	468.285270759411	3.7759556855877
1	925	472.061226444999	10.860459626024
1	931	482.921686071023	1.0595425579385
1	937	483.981228628962	2.6229964112018
1	940	486.604225040164	2.6058966389355
1	949	489.210121679099	2.0202242047371
1	952	491.230345883836	7.7512859663723
1	961	498.981631850208	4.4816855086473
1	967	503.463317358855	5.3526882885534
1	973	508.816005647408	0.15722865394802
1	976	508.973234301356	0.84800378680244
1	982	509.821238088158	0.89016200490875
1	988	510.711400093067	2.4564157955051
1	997	513.167815888572	1.6730104557148
1	1003	514.840826344287	2.8693540917052
1	1009	517.710180435992	1.1220241486046
1	1012	518.832204584597	10.79884957707
1	1021	529.631054161667	0.48390457386408
1	1024	530.114958735531	1.5120790495993
1	1030	531.62703778513	2.7825320906484
1	1036	534.409569875778	4.162899452735
1	1045	538.572469328513	3.8439515044413
1	1051	542.416420832954	2.3978539070841
1	1057	544.814274740038	0.65976496009213
1	1060	545.47403970013	0.42849403052048
1	1062	545.90253373065	4.1393816550469
1	1072	550.041915385697	2.6419390293272
1	1081	552.683854415024	4.2710328135736
1	1087	556.954887228598	7.9683923901944
1	1093	564.923279618792	0.45599370267539
1	1099	565.379273321467	1.3158736034368
1	1105	566.695146924904	2.5860573949868
1	1111	569.281204319891	2.4465618238056
1	1117	571.727766143697	1.1859557751158
1	1123	572.913721918813	0.30827275818385
1	1126	573.221994676997	5.5175800440592
1	1135	578.739574721056	3.3935045856719
1	1138	582.133079306728	1.6474735271021
1	1147	583.78055283383	0.88610978537118
1	1153	584.666662619201	1.1168642615314
1	1159	585.783526880732	1.8603889254821
1	1162	587.643915806214	1.2719966762659
1	1171	588.91591248248	1.7308289274838
1	1177	590.646741409964	2.2030315039184
1	1183	592.849772913882	0.51850209358232
1	1189	593.368275007464	2.9723961792749
1	1195	596.340671186739	0.91196151722285
1	1201	597.252632703962	2.284649727255
1	1207	599.537282431217	0.69281755042838
2	200	105.389805320517	1
2	200	105.389805320517	0
2	206	111.159662679686	1
2	206	111.159662679686	0
2	209	111.302114581992	1
2	212	112.423761576376	0
2	218	112.958119770928	1
2	218	112.958119770928	0
2	221	114.159616080511	1
2	224	114.328508663031	0
2	230	118.975252499756	1
2	230	118.975252499756	0
2	236	119.243403133773	1
2	236	119.243403133773	0
2	242	121.529652149463	1
2	242	121.529652149463	0
2	248	123.304195863329	1
2	248	123.304195863329	0
2	254	127.46485831538	1
2	254	127.46485831538	0
2	260	130.960285329021	1
2	260	130.960285329021	0
2	266	132.312354486066	1
2	266	132.312354486066	0
2	272	133.70379845095	1
2	272	133.70379845095	0
2	275	134.651168882777	1
2	278	135.312671179129	0
2	284	137.181365905512	1
2	284	137.181365905512	0
2	290	140.466723457416	1
2	290	140.466723457416	0
2	296	141.240107844791	1
2	296	141.240107844791	0
2	299	141.670979933148	1
2	301	144.086725439384	2
2	304	144.812971099179	1
2	308	144.927107667805	0
2	311	145.266204026472	1
2	314	145.738836392408	0
2	320	151.610343619542	1
2	320	151.610343619542	0
2	323	151.936475877367	1
2	325	152.845409959613	2
2	327	152.97854913409	3
2	330	153.208713475643	2
2	334	153.722938321597	1
2	338	154.475855606039	0
2	344	157.677876432831	1
2	344	157.677876432831	0
2	350	158.084382684212	1
2	350	158.084382684212	0
2	356	158.44462204269	1
2	356	158.44462204269	0
2	362	161.540673121265	1
2	362	161.540673121265	0
2	368	164.599111453929	1
2	368	164.599111453929	0
2	374	165.772426743881	1
2	374	165.772426743881	0
2	380	170.618309608673	1
2	380	170.618309608673	0
2	386	178.30339245577	1
2	386	178.30339245577	0
2	392	180.681996181941	1
2	392	180.681996181941	0
2	398	184.869821529923	1
2	398	184.869821529923	0
2	401	184.882042419774	1
2	404	185.536312014282	0
2	410	186.162344150929	1
2	410	186.162344150929	0
2	413	186.168488557482	1
2	415	186.543587404209	2
2	418	186.729249212143	1
2	422	186.916493659098	0
2	428	190.606789799294	1
2	428	190.606789799294	0
2	431	191.110463416268	1
2	434	191.497030104427	0
2	440	195.054945073071	1
2	440	195.054945073071	0
2	443	195.554879902359	1
2	446	195.701163212627	0
2	449	195.890869902018	1
2	452	197.222929724722	0
2	458	204.536649884305	1
2	458	204.536649884305	0
2	464	206.546319461794	1
2	464	206.546319461794	0
2	470	209.052775770987	1
2	470	209.052775770987	0
2	476	231.372105535076	1
2	476	231.372105535076	0
2	482	231.883054502656	1
2	482	231.883054502656	0
2	485	231.898793014362	1
2	488	232.306620625961	0
2	494	236.164448739821	1
2	494	236.164448739821	0
2	500	237.722393090613	1
2	500	237.722393090613	0
2	506	239.071695346199	1
2	506	239.071695346199	0
2	512	242.943932899999	1
2	512	242.943932899999	0
2	515	243.355998778532	1
2	518	243.785628624481	0
2	521	244.140186718443	1
2	524	244.18239948712	0
2	530	252.693207404729	1
2	530	252.693207404729	0
2	536	253.413314063206	1
2	536	253.413314063206	0
2	542	259.620496226516	1
2	542	259.620496226516	0
2	548	262.705995025484	1
2	548	262.705995025484	0
2	554	270.458056976263	1
2	554	270.458056976263	0
2	560	285.8006133899	1
2	560	285.8006133899	0
2	566	290.966593888897	1
2	566	290.966593888897	0
2	572	297.308744989788	1
2	572	297.308744989788	0
2	578	305.976403173289	1
2	578	305.976403173289	0
2	584	316.038197813924	1
2	584	316.038197813924	0
2	590	324.115717575166	1
2	590	324.115717575166	0
2	596	328.012675475702	1
2	596	328.012675475702	0
2	602	338.879887005706	1
2	602	338.879887005706	0
2	608	342.710208892379	1
2	608	342.710208892379	0
2	614	344.629423886291	1
2	614	344.629423886291	0
2	620	346.544446355071	1
2	620	346.544446355071	0
2	626	349.905175239241	1
2	626	349.905175239241	0
2	632	350.418002966204	1
2	632	350.418002966204	0
2	635	350.641411978791	1
2	638	351.601263567044	0
2	644	356.969723016795	1
2	644	356.969723016795	0
2	647	357.20319699732	1
2	650	357.681371780243	0
2	656	360.47032763001	1
2	656	360.47032763001	0
2	659	361.512420630629	1
2	661	363.245876906157	2
2	664	363.273772709677	1
2	667	364.335805611355	2
2	669	364.848577838799	3
2	672	366.936336587469	2
2	675	367.466277369856	3
2	678	367.753781682318	2
2	681	368.913815674778	3
2	684	369.097672508705	2
2	688	370.069806486697	1
2	692	371.03421152126	0
2	695	371.583607833694	1
2	698	371.694075861762	0
2	704	373.253498779327	1
2	704	373.253498779327	0
2	710	373.638414132249	1
2	710	373.638414132249	0
2	716	375.364165717656	1
2	716	375.364165717656	0
2	722	383.523498409208	1
2	722	383.523498409208	0
2	725	384.703122952215	1
2	728	385.496478650113	0
2	734	387.238596797045	1
2	734	387.238596797045	0
2	740	390.084116300871	1
2	740	390.084116300871	0
2	746	394.761305215084	1
2	746	394.761305215084	0
2	749	395.271696801814	1
2	751	396.593182011471	2
2	754	396.628503303959	1
2	758	396.885164799091	0
2	764	399.307207650768	1
2	764	399.307207650768	0
2	770	407.337326040024	1
2	770	407.337326040024	0
2	776	409.141180176011	1
2	776	409.141180176011	0
2	779	410.116466793713	1
2	782	411.888335897235	0
2	785	412.364382015042	1
2	787	412.765161250765	2
2	789	413.819919815523	3
2	791	414.97096308369	4
2	793	415.216805704956	5
2	796	416.016748265903	4
2	800	419.485060572594	3
2	803	420.148106041145	4
2	805	420.179622206432	5
2	807	420.582410865527	6
2	810	421.464435898638	5
2	814	421.785477541205	4
2	817	424.268339013021	5
2	820	425.064052836836	4
2	824	425.215072499075	3
2	828	425.450244606497	2
2	832	425.68210328869	1
2	836	427.594811155234	0
2	842	434.592706090033	1
2	842	434.592706090033	0
2	845	436.011122879699	1
2	847	436.066234641332	2
2	849	437.111961264159	3
2	852	439.916822590842	2
2	856	441.414522779108	1
2	860	441.889946928041	0
2	866	443.017709218565	1
2	866	443.017709218565	0
2	869	443.579149189633	1
2	872	443.626522081137	0
2	878	446.942900809345	1
2	878	446.942900809345	0
2	884	454.877408991654	1
2	884	454.877408991654	0
2	890	460.244139861441	1
2	890	460.244139861441	0
2	896	461.20281001229	1
2	896	461.20281001229	0
2	902	462.907621969203	1
2	902	462.907621969203	0
2	908	465.221614539808	1
2	908	465.221614539808	0
2	914	466.834274590457	1
2	914	466.834274590457	0
2	917	468.285270759411	1
2	920	468.754655128674	0
2	926	472.061226444999	1
2	926	472.061226444999	0
2	932	482.921686071023	1
2	932	482.921686071023	0
2	938	483.981228628962	1
2	938	483.981228628962	0
2	941	486.604225040164	1
2	944	488.031827126551	0
2	950	489.210121679099	1
2	950	489.210121679099	0
2	953	491.230345883836	1
2	956	491.458162950338	0
2	962	498.981631850208	1
2	962	498.981631850208	0
2	968	503.463317358855	1
2	968	503.463317358855	0
2	974	508.816005647408	1
2	974	508.816005647408	0
2	977	508.973234301356	1
2	980	509.105583219321	0
2	983	509.821238088158	1
2	986	509.897986540882	0
2	989	510.711400093067	1
2	992	511.379402078439	0
2	998	513.167815888572	1
2	998	513.167815888572	0
2	1004	514.840826344287	1
2	1004	514.840826344287	0
2	1010	517.710180435992	1
2	1010	517.710180435992	0
2	1013	518.832204584597	1
2	1016	519.970411670944	0
2	1022	529.631054161667	1
2	1022	529.631054161667	0
2	1025	530.114958735531	1
2	1028	530.835621306047	0
2	1031	531.62703778513	1
2	1034	534.329721903988	0
2	1037	534.409569875778	1
2	1040	534.427096584059	0
2	1046	538.572469328513	1
2	1046	538.572469328513	0
2	1052	542.416420832954	1
2	1052	542.416420832954	0
2	1058	544.814274740038	1
2	1058	544.814274740038	0
2	1061	545.47403970013	1
2	1063	545.90253373065	2
2	1066	546.577184613041	1
2	1070	548.357937041414	0
2	1073	550.041915385697	1
2	1076	550.401507454371	0
2	1082	552.683854415024	1
2	1082	552.683854415024	0
2	1088	556.954887228598	1
2	1088	556.954887228598	0
2	1094	564.923279618792	1
2	1094	564.923279618792	0
2	1100	565.379273321467	1
2	1100	565.379273321467	0
2	1106	566.695146924904	1
2	1106	566.695146924904	0
2	1112	569.281204319891	1
2	1112	569.281204319891	0
2	1118	571.727766143697	1
2	1118	571.727766143697	0
2	1124	572.913721918813	1
2	1124	572.913721918813	0
2	1127	573.221994676997	1
2	1130	573.631495516095	0
2	1136	578.739574721056	1
2	1136	578.739574721056	0
2	1139	582.133079306728	1
2	1142	582.137743085232	0
2	1148	583.78055283383	1
2	1148	583.78055283383	0
2	1154	584.666662619201	1
2	1154	584.666662619201	0
2	1160	585.783526880732	1
2	1160	585.783526880732	0
2	1163	587.643915806214	1
2	1166	587.681225979706	0
2	1172	588.91591248248	1
2	1172	588.91591248248	0
2	1178	590.646741409964	1
2	1178	590.646741409964	0
2	1184	592.849772913882	1
2	1184	592.849772913882	0
2	1190	593.368275007464	1
2	1190	593.368275007464	0
2	1196	596.340671186739	1
2	1196	596.340671186739	0
2	1202	597.252632703962	1
2	1202	597.252632703962	0
2	1208	599.537282431217	1
2	1208	599.537282431217	0
3	200	105.389805320517	0
3	206	111.159662679686	0
3	212	112.423761576376	1.121646994384
3	218	112.958119770928	0
3	224	114.328508663031	0.16889258252
3	230	118.975252499756	0
3	236	119.243403133773	0
3	242	121.529652149463	0
3	248	123.304195863329	0
3	254	127.46485831538	0
3	260	130.960285329021	0
3	266	132.312354486066	0
3	272	133.70379845095	0
3	278	135.312671179129	0.661502296352
3	284	137.181365905512	0
3	290	140.466723457416	0
3	296	141.240107844791	0
3	304	144.812971099179	3.141991166031
3	308	144.927107667805	0.840382228421
3	314	145.738836392408	0.472632365936
3	320	151.610343619542	0
3	330	153.208713475643	1.272237598276
3	334	153.722938321597	0.877528361984
3	338	154.475855606039	1.497306471949
3	344	157.677876432831	0
3	350	158.084382684212	0
3	356	158.44462204269	0
3	362	161.540673121265	0
3	368	164.599111453929	0
3	374	165.772426743881	0
3	380	170.618309608673	0
3	386	178.30339245577	0
3	392	180.681996181941	0
3	398	184.869821529923	0
3	404	185.536312014282	0.654269594508
3	410	186.162344150929	0
3	418	186.729249212143	0.560760654661
3	422	186.916493659098	0.372906254889
3	428	190.606789799294	0
3	434	191.497030104427	0.386566688159
3	440	195.054945073071	0
3	446	195.701163212627	0.146283310268
3	452	197.222929724722	1.332059822704
3	458	204.536649884305	0
3	464	206.546319461794	0
3	470	209.052775770987	0
3	476	231.372105535076	0
3	482	231.883054502656	0
3	488	232.306620625961	0.407827611599
3	494	236.164448739821	0
3	500	237.722393090613	0
3	506	239.071695346199	0
3	512	242.943932899999	0
3	518	243.785628624481	0.429629845949
3	524	244.18239948712	0.042212768677
3	530	252.693207404729	0
3	536	253.413314063206	0
3	542	259.620496226516	0
3	548	262.705995025484	0
3	554	270.458056976263	0
3	560	285.8006133899	0
3	566	290.966593888897	0
3	572	297.308744989788	0
3	578	305.976403173289	0
3	584	316.038197813924	0
3	590	324.115717575166	0
3	596	328.012675475702	0
3	602	338.879887005706	0
3	608	342.710208892379	0
3	614	344.629423886291	0
3	620	346.544446355071	0
3	626	349.905175239241	0
3	632	350.418002966204	0
3	638	351.601263567044	0.959851588253
3	644	356.969723016795	0
3	650	357.681371780243	0.478174782923
3	656	360.47032763001	0
3	664	363.273772709677	1.761352079048
3	672	366.936336587469	3.690459681312
3	678	367.753781682318	3.417976070963
3	684	369.097672508705	4.249094669906
3	688	370.069806486697	2.603529116841
3	692	371.03421152126	2.120395846482
3	698	371.694075861762	0.110468028068
3	704	373.253498779327	0
3	710	373.638414132249	0
3	716	375.364165717656	0
3	722	383.523498409208	0
3	728	385.496478650113	0.793355697898
3	734	387.238596797045	0
3	740	390.084116300871	0
3	746	394.761305215084	0
3	754	396.628503303959	1.356806502145
3	758	396.885164799091	0.29198278762
3	764	399.307207650768	0
3	770	407.337326040024	0
3	776	409.141180176011	0
3	782	411.888335897235	1.771869103522
3	796	416.016748265903	3.652366250861
3	800	419.485060572594	6.719899321829
3	810	421.464435898638	7.644516083115
3	814	421.785477541205	6.814514457515
3	820	425.064052836836	9.84724713188
3	824	425.215072499075	5.06696645793
3	828	425.450244606497	5.270622400065
3	832	425.68210328869	5.099692423163
3	836	427.594811155234	3.326472142213
3	842	434.592706090033	0
3	852	439.916822590842	3.905699711143
3	856	441.414522779108	5.348288137776
3	860	441.889946928041	4.777985663882
3	866	443.017709218565	0
3	872	443.626522081137	0.047372891504
3	878	446.942900809345	0
3	884	454.877408991654	0
3	890	460.244139861441	0
3	896	461.20281001229	0
3	902	462.907621969203	0
3	908	465.221614539808	0
3	914	466.834274590457	0
3	920	468.754655128674	0.469384369263
3	926	472.061226444999	0
3	932	482.921686071023	0
3	938	483.981228628962	0
3	944	488.031827126551	1.427602086387
3	950	489.210121679099	0
3	956	491.458162950338	0.227817066502
3	962	498.981631850208	0
3	968	503.463317358855	0
3	974	508.816005647408	0
3	980	509.105583219321	0.132348917965
3	986	509.897986540882	0.076748452724
3	992	511.379402078439	0.668001985372
3	998	513.167815888572	0
3	1004	514.840826344287	0
3	1010	517.710180435992	0
3	1016	519.970411670944	1.138207086347
3	1022	529.631054161667	0
3	1028	530.835621306047	0.720662570516
3	1034	534.329721903988	2.702684118858
3	1040	534.427096584059	0.017526708281
3	1046	538.572469328513	0
3	1052	542.416420832954	0
3	1058	544.814274740038	0
3	1066	546.577184613041	1.103144912911
3	1070	548.357937041414	2.455403310764
3	1076	550.401507454371	0.359592068674
3	1082	552.683854415024	0
3	1088	556.954887228598	0
3	1094	564.923279618792	0
3	1100	565.379273321467	0
3	1106	566.695146924904	0
3	1112	569.281204319891	0
3	1118	571.727766143697	0
3	1124	572.913721918813	0
3	1130	573.631495516095	0.409500839098
3	1136	578.739574721056	0
3	1142	582.137743085232	0.004663778504
3	1148	583.78055283383	0
3	1154	584.666662619201	0
3	1160	585.783526880732	0
3	1166	587.681225979706	0.037310173492
3	1172	588.91591248248	0
3	1178	590.646741409964	0
3	1184	592.849772913882	0
3	1190	593.368275007464	0
3	1196	596.340671186739	0
3	1202	597.252632703962	0
3	1208	599.537282431217	0
4	1210	600	0.12009717635576
5	200	105.389805320517	1
5	200	105.389805320517	1
5	204	106.484372532039	0
5	206	111.159662679686	1
5	206	111.159662679686	1
5	209	111.302114581992	2
5	212	112.423761576376	1
5	212	112.423761576376	1
5	216	112.681154781788	0
5	218	112.958119770928	1
5	218	112.958119770928	1
5	221	114.159616080511	2
5	224	114.328508663031	1
5	224	114.328508663031	1
5	228	114.744366708713	0
5	230	118.975252499756	1
5	230	118.975252499756	1
5	234	119.081866683161	0
5	236	119.243403133773	1
5	236	119.243403133773	1
5	240	119.30666392039	0
5	242	121.529652149463	1
5	242	121.529652149463	1
5	246	122.010733760787	0
5	248	123.304195863329	1
5	248	123.304195863329	1
5	252	124.494266238896	0
5	254	127.46485831538	1
5	254	127.46485831538	1
5	258	130.267782505223	0
5	260	130.960285329021	1
5	260	130.960285329021	1
5	264	131.609106178476	0
5	266	132.312354486066	1
5	266	132.312354486066	1
5	270	133.489634603425	0
5	272	133.70379845095	1
5	272	133.70379845095	1
5	275	134.651168882777	2
5	278	135.312671179129	1
5	278	135.312671179129	1
5	282	135.958585943297	0
5	284	137.181365905512	1
5	284	137.181365905512	1
5	288	137.818861365776	0
5	290	140.466723457416	1
5	290	140.466723457416	1
5	294	140.94487891325	0
5	296	141.240107844791	1
5	296	141.240107844791	1
5	299	141.670979933148	2
5	301	144.086725439384	3
5	304	144.812971099179	2
5	304	144.812971099179	2
5	308	144.927107667805	1
5	308	144.927107667805	1
5	311	145.266204026472	2
5	314	145.738836392408	1
5	314	145.738836392408	1
5	318	146.120989950109	0
5	320	151.610343619542	1
5	320	151.610343619542	1
5	323	151.936475877367	2
5	325	152.845409959613	3
5	327	152.97854913409	4
5	330	153.208713475643	3
5	330	153.208713475643	3
5	334	153.722938321597	2
5	334	153.722938321597	2
5	338	154.475855606039	1
5	338	154.475855606039	1
5	342	154.527895211414	0
5	344	157.677876432831	1
5	344	157.677876432831	1
5	348	157.679551301166	0
5	350	158.084382684212	1
5	350	158.084382684212	1
5	354	158.247053815617	0
5	356	158.44462204269	1
5	356	158.44462204269	1
5	360	158.814752042961	0
5	362	161.540673121265	1
5	362	161.540673121265	1
5	366	161.559248054762	0
5	368	164.599111453929	1
5	368	164.599111453929	1
5	372	165.597033109152	0
5	374	165.772426743881	1
5	374	165.772426743881	1
5	378	166.969616626844	0
5	380	170.618309608673	1
5	380	170.618309608673	1
5	384	171.464259360445	0
5	386	178.30339245577	1
5	386	178.30339245577	1
5	390	178.580041089117	0
5	392	180.681996181941	1
5	392	180.681996181941	1
5	396	182.053128300805	0
5	398	184.869821529923	1
5	398	184.869821529923	1
5	401	184.882042419774	2
5	404	185.536312014282	1
5	404	185.536312014282	1
5	408	185.850164838243	0
5	410	186.162344150929	1
5	410	186.162344150929	1
5	413	186.168488557482	2
5	415	186.543587404209	3
5	418	186.729249212143	2
5	418	186.729249212143	2
5	422	186.916493659098	1
5	422	186.916493659098	1
5	426	188.005296054072	0
5	428	190.606789799294	1
5	428	190.606789799294	1
5	431	191.110463416268	2
5	434	191.497030104427	1
5	434	191.497030104427	1
5	438	191.837745028522	0
5	440	195.054945073071	1
5	440	195.054945073071	1
5	443	195.554879902359	2
5	446	195.701163212627	1
5	446	195.701163212627	1
5	449	195.890869902018	2
5	452	197.222929724722	1
5	452	197.222929724722	1
5	456	198.652666068108	0
5	458	204.536649884305	1
5	458	204.536649884305	1
5	462	205.022060300014	0
5	464	206.546319461794	1
5	464	206.546319461794	1
5	468	207.899012594442	0
5	470	209.052775770987	1
5	470	209.052775770987	1
5	474	209.935381598323	0
5	476	231.372105535076	1
5	476	231.372105535076	1
5	480	231.516583211725	0
5	482	231.883054502656	1
5	482	231.883054502656	1
5	485	231.898793014362	2
5	488	232.306620625961	1
5	488	232.306620625961	1
5	492	232.572720802583	0
5	494	236.164448739821	1
5	494	236.164448739821	1
5	498	236.437907697486	0
5	500	237.722393090613	1
5	500	237.722393090613	1
5	504	238.133789691127	0
5	506	239.071695346199	1
5	506	239.071695346199	1
5	510	240.397155563819	0
5	512	242.943932899999	1
5	512	242.943932899999	1
5	515	243.355998778532	2
5	518	243.785628624481	1
5	518	243.785628624481	1
5	521	244.140186718443	2
5	524	244.18239948712	1
5	524	244.18239948712	1
5	528	245.407646175103	0
5	530	252.693207404729	1
5	530	252.693207404729	1
5	534	253.206939475733	0
5	536	253.413314063206	1
5	536	253.413314063206	1
5	540	254.291706902336	0
5	542	259.620496226516	1
5	542	259.620496226516	1
5	546	262.114041928132	0
5	548	262.705995025484	1
5	548	262.705995025484	1
5	552	263.179553473382	0
5	554	270.458056976263	1
5	554	270.458056976263	1
5	558	272.671925211108	0
5	560	285.8006133899	1
5	560	285.8006133899	1
5	564	285.928699067218	0
5	566	290.966593888897	1
5	566	290.966593888897	1
5	570	291.235329374709	0
5	572	297.308744989788	1
5	572	297.308744989788	1
5	576	297.341875527483	0
5	578	305.976403173289	1
5	578	305.976403173289	1
5	582	306.584763729728	0
5	584	316.038197813924	1
5	584	316.038197813924	1
5	588	317.304587845482	0
5	590	324.115717575166	1
5	590	324.115717575166	1
5	594	327.214926776853	0
5	596	328.012675475702	1
5	596	328.012675475702	1
5	600	328.740948951407	0
5	602	338.879887005706	1
5	602	338.879887005706	1
5	606	340.056419424763	0
5	608	342.710208892379	1
5	608	342.710208892379	1
5	612	342.882437540269	0
5	614	344.629423886291	1
5	614	344.629423886291	1
5	618	344.978203163443	0
5	620	346.544446355071	1
5	620	346.544446355071	1
5	624	346.90395088137	0
5	626	349.905175239241	1
5	626	349.905175239241	1
5	630	350.30214252188	0
5	632	350.418002966204	1
5	632	350.418002966204	1
5	635	350.641411978791	2
5	638	351.601263567044	1
5	638	351.601263567044	1
5	642	352.947790727228	0
5	644	356.969723016795	1
5	644	356.969723016795	1
5	647	357.20319699732	2
5	650	357.681371780243	1
5	650	357.681371780243	1
5	654	357.694905443661	0
5	656	360.47032763001	1
5	656	360.47032763001	1
5	659	361.512420630629	2
5	661	363.245876906157	3
5	664	363.273772709677	2
5	664	363.273772709677	2
5	667	364.335805611355	3
5	669	364.848577838799	4
5	672	366.936336587469	3
5	672	366.936336587469	3
5	675	367.466277369856	4
5	678	367.753781682318	3
5	678	367.753781682318	3
5	681	368.913815674778	4
5	684	369.097672508705	3
5	684	369.097672508705	3
5	688	370.069806486697	2
5	688	370.069806486697	2
5	692	371.03421152126	1
5	692	371.03421152126	1
5	695	371.583607833694	2
5	698	371.694075861762	1
5	698	371.694075861762	1
5	702	371.768795125361	0
5	704	373.253498779327	1
5	704	373.253498779327	1
5	708	373.294279575837	0
5	710	373.638414132249	1
5	710	373.638414132249	1
5	714	374.004187191807	0
5	716	375.364165717656	1
5	716	375.364165717656	1
5	720	375.443686047182	0
5	722	383.523498409208	1
5	722	383.523498409208	1
5	725	384.703122952215	2
5	728	385.496478650113	1
5	728	385.496478650113	1
5	732	386.622389685758	0
5	734	387.238596797045	1
5	734	387.238596797045	1
5	738	388.422125346209	0
5	740	390.084116300871	1
5	740	390.084116300871	1
5	744	390.446762729858	0
5	746	394.761305215084	1
5	746	394.761305215084	1
5	749	395.271696801814	2
5	751	396.593182011471	3
5	754	396.628503303959	2
5	754	396.628503303959	2
5	758	396.885164799091	1
5	758	396.885164799091	1
5	762	397.413298336743	0
5	764	399.307207650768	1
5	764	399.307207650768	1
5	768	399.462718591098	0
5	770	407.337326040024	1
5	770	407.337326040024	1
5	774	407.590671373383	0
5	776	409.141180176011	1
5	776	409.141180176011	1
5	779	410.116466793713	2
5	782	411.888335897235	1
5	782	411.888335897235	1
5	785	412.364382015042	2
5	787	412.765161250765	3
5	789	413.819919815523	4
5	791	414.97096308369	5
5	793	415.216805704956	6
5	796	416.016748265903	5
5	796	416.016748265903	5
5	800	419.485060572594	4
5	800	419.485060572594	4
5	803	420.148106041145	5
5	805	420.179622206432	6
5	807	420.582410865527	7
5	810	421.464435898638	6
5	810	421.464435898638	6
5	814	421.785477541205	5
5	814	421.785477541205	5
5	817	424.268339013021	6
5	820	425.064052836836	5
5	820	425.064052836836	5
5	824	425.215072499075	4
5	824	425.215072499075	4
5	828	425.450244606497	3
5	828	425.450244606497	3
5	832	425.68210328869	2
5	832	425.68210328869	2
5	836	427.594811155234	1
5	836	427.594811155234	1
5	840	428.813429066706	0
5	842	434.592706090033	1
5	842	434.592706090033	1
5	845	436.011122879699	2
5	847	436.066234641332	3
5	849	437.111961264159	4
5	852	439.916822590842	3
5	852	439.916822590842	3
5	856	441.414522779108	2
5	856	441.414522779108	2
5	860	441.889946928041	1
5	860	441.889946928041	1
5	864	442.084378551291	0
5	866	443.017709218565	1
5	866	443.017709218565	1
5	869	443.579149189633	2
5	872	443.626522081137	1
5	872	443.626522081137	1
5	876	443.726566849921	0
5	878	446.942900809345	1
5	878	446.942900809345	1
5	882	447.227058462814	0
5	884	454.877408991654	1
5	884	454.877408991654	1
5	888	455.203690258507	0
5	890	460.244139861441	1
5	890	460.244139861441	1
5	894	460.513877824218	0
5	896	461.20281001229	1
5	896	461.20281001229	1
5	900	462.155681769357	0
5	902	462.907621969203	1
5	902	462.907621969203	1
5	906	463.617021559321	0
5	908	465.221614539808	1
5	908	465.221614539808	1
5	912	465.932549344064	0
5	914	466.834274590457	1
5	914	466.834274590457	1
5	917	468.285270759411	2
5	920	468.754655128674	1
5	920	468.754655128674	1
5	924	469.230496816601	0
5	926	472.061226444999	1
5	926	472.061226444999	1
5	930	472.73281479956	0
5	932	482.921686071023	1
5	932	482.921686071023	1
5	936	483.559242019831	0
5	938	483.981228628962	1
5	938	483.981228628962	1
5	941	486.604225040164	2
5	944	488.031827126551	1
5	944	488.031827126551	1
5	948	488.832992953566	0
5	950	489.210121679099	1
5	950	489.210121679099	1
5	953	491.230345883836	2
5	956	491.458162950338	1
5	956	491.458162950338	1
5	960	492.599501247884	0
5	962	498.981631850208	1
5	962	498.981631850208	1
5	966	499.184442468602	0
5	968	503.463317358855	1
5	968	503.463317358855	1
5	972	503.830128176196	0
5	974	508.816005647408	1
5	974	508.816005647408	1
5	977	508.973234301356	2
5	980	509.105583219321	1
5	980	509.105583219321	1
5	983	509.821238088158	2
5	986	509.897986540882	1
5	986	509.897986540882	1
5	989	510.711400093067	2
5	992	511.379402078439	1
5	992	511.379402078439	1
5	996	512.430717254238	0
5	998	513.167815888572	1
5	998	513.167815888572	1
5	1002	513.694337007139	0
5	1004	514.840826344287	1
5	1004	514.840826344287	1
5	1008	514.993090891895	0
5	1010	517.710180435992	1
5	1010	517.710180435992	1
5	1013	518.832204584597	2
5	1016	519.970411670944	1
5	1016	519.970411670944	1
5	1020	521.251745166702	0
5	1022	529.631054161667	1
5	1022	529.631054161667	1
5	1025	530.114958735531	2
5	1028	530.835621306047	1
5	1028	530.835621306047	1
5	1031	531.62703778513	2
5	1034	534.329721903988	1
5	1034	534.329721903988	1
5	1037	534.409569875778	2
5	1040	534.427096584059	1
5	1040	534.427096584059	1
5	1044	535.0424819657	0
5	1046	538.572469328513	1
5	1046	538.572469328513	1
5	1050	539.109073076122	0
5	1052	542.416420832954	1
5	1052	542.416420832954	1
5	1056	544.397530368436	0
5	1058	544.814274740038	1
5	1058	544.814274740038	1
5	1061	545.47403970013	2
5	1063	545.90253373065	3
5	1066	546.577184613041	2
5	1066	546.577184613041	2
5	1070	548.357937041414	1
5	1070	548.357937041414	1
5	1073	550.041915385697	2
5	1076	550.401507454371	1
5	1076	550.401507454371	1
5	1080	550.493085655067	0
5	1082	552.683854415024	1
5	1082	552.683854415024	1
5	1086	553.164886166989	0
5	1088	556.954887228598	1
5	1088	556.954887228598	1
5	1092	557.129503806833	0
5	1094	564.923279618792	1
5	1094	564.923279618792	1
5	1098	565.14508901621	0
5	1100	565.379273321467	1
5	1100	565.379273321467	1
5	1104	565.924603377056	0
5	1106	566.695146924904	1
5	1106	566.695146924904	1
5	1110	567.889991708229	0
5	1112	569.281204319891	1
5	1112	569.281204319891	1
5	1116	570.158230580357	0
5	1118	571.727766143697	1
5	1118	571.727766143697	1
5	1122	571.842857210401	0
5	1124	572.913721918813	1
5	1124	572.913721918813	1
5	1127	573.221994676997	2
5	1130	573.631495516095	1
5	1130	573.631495516095	1
5	1134	574.414895907418	0
5	1136	578.739574721056	1
5	1136	578.739574721056	1
5	1139	582.133079306728	2
5	1142	582.137743085232	1
5	1142	582.137743085232	1
5	1146	583.550215065916	0
5	1148	583.78055283383	1
5	1148	583.78055283383	1
5	1152	584.053258319355	0
5	1154	584.666662619201	1
5	1154	584.666662619201	1
5	1158	585.417602701508	0
5	1160	585.783526880732	1
5	1160	585.783526880732	1
5	1163	587.643915806214	2
5	1166	587.681225979706	1
5	1166	587.681225979706	1
5	1170	587.838849316273	0
5	1172	588.91591248248	1
5	1172	588.91591248248	1
5	1176	589.861410646292	0
5	1178	590.646741409964	1
5	1178	590.646741409964	1
5	1182	592.669359392634	0
5	1184	592.849772913882	1
5	1184	592.849772913882	1
5	1188	593.219075025969	0
5	1190	593.368275007464	1
5	1190	593.368275007464	1
5	1194	594.023024423281	0
5	1196	596.340671186739	1
5	1196	596.340671186739	1
5	1200	596.49899274584	0
5	1202	597.252632703962	1
5	1202	597.252632703962	1
5	1206	598.341915242373	0
5	1208	599.537282431217	1
5	1208	599.537282431217	1
6	201	105.389805320517	1.0945672115222
6	207	111.159662679686	1.2640988966901
6	213	112.423761576376	0.25739320541217
6	219	112.958119770928	1.3703888921025
6	225	114.328508663031	0.41585804568229
6	231	118.975252499756	0.10661418340528
6	237	119.243403133773	0.063260786616884
6	243	121.529652149463	0.4810816113238
6	249	123.304195863329	1.1900703755668
6	255	127.46485831538	2.8029241898425
6	261	130.960285329021	0.64882084945548
6	267	132.312354486066	1.1772801173588
6	273	133.70379845095	1.6088727281787
6	279	135.312671179129	0.64591476416822
6	285	137.181365905512	0.63749546026448
6	291	140.466723457416	0.47815545583355
6	297	141.240107844791	3.5728632543882
6	305	144.812971099179	0.11413656862563
6	309	144.927107667805	0.81172872460264
6	315	145.738836392408	0.38215355770091
6	321	151.610343619542	1.5983698561005
6	331	153.208713475643	0.5142248459539
6	335	153.722938321597	0.75291728444159
6	339	154.475855606039	0.052039605374552
6	345	157.677876432831	0.0016748683352175
6	351	158.084382684212	0.16267113140535
6	357	158.44462204269	0.37013000027051
6	363	161.540673121265	0.018574933496577
6	369	164.599111453929	0.99792165522278
6	375	165.772426743881	1.1971898829632
6	381	170.618309608673	0.84594975177157
6	387	178.30339245577	0.27664863334675
6	393	180.681996181941	1.3711321188637
6	399	184.869821529923	0.66649048435851
6	405	185.536312014282	0.31385282396081
6	411	186.162344150929	0.56690506121422
6	419	186.729249212143	0.18724444695456
6	423	186.916493659098	1.088802394974
6	429	190.606789799294	0.89024030513349
6	435	191.497030104427	0.3407149240953
6	441	195.054945073071	0.64621813955623
6	447	195.701163212627	1.521766512095
6	453	197.222929724722	1.4297363433858
6	459	204.536649884305	0.48541041570905
6	465	206.546319461794	1.3526931326478
6	471	209.052775770987	0.88260582733597
6	477	231.372105535076	0.14447767664906
6	483	231.883054502656	0.42356612330489
6	489	232.306620625961	0.26610017662199
6	495	236.164448739821	0.27345895766538
6	501	237.722393090613	0.41139660051441
6	507	239.071695346199	1.3254602176198
6	513	242.943932899999	0.84169572448227
6	519	243.785628624481	0.39677086263928
6	525	244.18239948712	1.225246687983
6	531	252.693207404729	0.51373207100384
6	537	253.413314063206	0.87839283912992
6	543	259.620496226516	2.493545701616
6	549	262.705995025484	0.47355844789826
6	555	270.458056976263	2.2138682348455
6	561	285.8006133899	0.12808567731778
6	567	290.966593888897	0.26873548581234
6	573	297.308744989788	0.033130537694987
6	579	305.976403173289	0.60836055643918
6	585	316.038197813924	1.2663900315578
6	591	324.115717575166	3.0992092016868
6	597	328.012675475702	0.7282734757045
6	603	338.879887005706	1.1765324190574
6	609	342.710208892379	0.17222864788993
6	615	344.629423886291	0.34877927715231
6	621	346.544446355071	0.35950452629934
6	627	349.905175239241	0.39696728263903
6	633	350.418002966204	1.1832606008399
6	639	351.601263567044	1.3465271601838
6	645	356.969723016795	0.71164876344838
6	651	357.681371780243	0.013533663418384
6	657	360.47032763001	2.8034450796668
6	665	363.273772709677	3.662563877792
6	673	366.936336587469	0.81744509484913
6	679	367.753781682318	1.3438908263867
6	685	369.097672508705	0.97213397799248
6	689	370.069806486697	0.96440503456257
6	693	371.03421152126	0.65986434050172
6	699	371.694075861762	0.074719263598534
6	705	373.253498779327	0.040780796510379
6	711	373.638414132249	0.36577305955787
6	717	375.364165717656	0.07952032952559
6	723	383.523498409208	1.9729802409046
6	729	385.496478650113	1.1259110356452
6	735	387.238596797045	1.1835285491635
6	741	390.084116300871	0.36264642898735
6	747	394.761305215084	1.8671980888752
6	755	396.628503303959	0.25666149513173
6	759	396.885164799091	0.52813353765177
6	765	399.307207650768	0.15551094032996
6	771	407.337326040024	0.25334533335947
6	777	409.141180176011	2.747155721224
6	783	411.888335897235	4.1284123686685
6	797	416.016748265903	3.4683123066912
6	801	419.485060572594	1.9793753260438
6	811	421.464435898638	0.32104164256739
6	815	421.785477541205	3.2785752956315
6	821	425.064052836836	0.15101966223859
6	825	425.215072499075	0.23517210742225
6	829	425.450244606497	0.23185868219299
6	833	425.68210328869	1.9127078665442
6	837	427.594811155234	1.2186179114719
6	843	434.592706090033	5.3241165008092
6	853	439.916822590842	1.4977001882656
6	857	441.414522779108	0.47542414893303
6	861	441.889946928041	0.1944316232503
6	867	443.017709218565	0.608812862572
6	873	443.626522081137	0.10004476878352
6	879	446.942900809345	0.28415765346858
6	885	454.877408991654	0.32628126685326
6	891	460.244139861441	0.26973796277691
6	897	461.20281001229	0.95287175706721
6	903	462.907621969203	0.70939959011829
6	909	465.221614539808	0.71093480425629
6	915	466.834274590457	1.920380538217
6	921	468.754655128674	0.47584168792663
6	927	472.061226444999	0.67158835456072
6	933	482.921686071023	0.63755594880828
6	939	483.981228628962	4.0505984975891
6	945	488.031827126551	0.80116582701473
6	951	489.210121679099	2.2480412712393
6	957	491.458162950338	1.1413382975457
6	963	498.981631850208	0.20281061839395
6	969	503.463317358855	0.36681081734136
6	975	508.816005647408	0.28957757191257
6	981	509.105583219321	0.79240332156118
6	987	509.897986540882	1.4814155375567
6	993	511.379402078439	1.0513151757994
6	999	513.167815888572	0.52652111856692
6	1005	514.840826344287	0.15226454760758
6	1011	517.710180435992	2.260231234952
6	1017	519.970411670944	1.2813334957581
6	1023	529.631054161667	1.2045671443797
6	1029	530.835621306047	3.4941005979415
6	1035	534.329721903988	0.097374680070619
6	1041	534.427096584059	0.61538538164088
6	1047	538.572469328513	0.53660374760929
6	1053	542.416420832954	1.9811095354818
6	1059	544.814274740038	1.7629098730033
6	1067	546.577184613041	1.7807524283728
6	1071	548.357937041414	2.0435704129572
6	1077	550.401507454371	0.091578200696211
6	1083	552.683854415024	0.48103175196502
6	1089	556.954887228598	0.17461657823454
6	1095	564.923279618792	0.2218093974184
6	1101	565.379273321467	0.54533005558875
6	1107	566.695146924904	1.1948447833247
6	1113	569.281204319891	0.87702626046624
6	1119	571.727766143697	0.11509106670377
6	1125	572.913721918813	0.71777359728195
6	1131	573.631495516095	0.78340039132298
6	1137	578.739574721056	3.3981683641758
6	1143	582.137743085232	1.4124719806838
6	1149	583.78055283383	0.27270548552485
6	1155	584.666662619201	0.75094008230702
6	1161	585.783526880732	1.897699098974
6	1167	587.681225979706	0.15762333656708
6	1173	588.91591248248	0.94549816381198
6	1179	590.646741409964	2.0226179826698
6	1185	592.849772913882	0.36930211208717
6	1191	593.368275007464	0.65474941581735
6	1197	596.340671186739	0.15832155910107
6	1203	597.252632703962	1.0892825384107
6	1209	599.537282431217	1.7902888505056
7	202	106.484372532039	34.898542730684
7	210	112.423761576376	34.179245212481
7	214	112.681154781788	34.329597017893
7	222	114.328508663031	35.033584984347
7	226	114.744366708713	35.269037121635
7	232	119.081866683161	34.073909490221
7	238	119.30666392039	34.06273122063
7	244	122.010733760787	33.70210849764
7	250	124.494266238896	33.985709964508
7	256	130.267782505223	34.631114131714
7	262	131.609106178476	34.771154226694
7	268	133.489634603425	35.163243605018
7	276	135.312671179129	35.878501036286
7	280	135.958585943297	36.183130733586
7	286	137.818861365776	36.157292160038
7	292	140.94487891325	35.69460926811
7	302	144.812971099179	37.208398292568
7	306	144.927107667805	37.257849482706
7	312	145.738836392408	37.607307506929
7	316	146.120989950109	37.77048453864
7	328	153.208713475643	37.066413838103
7	332	153.722938321597	37.276935533842
7	336	154.475855606039	37.582648547597
7	340	154.527895211414	37.60366853453
7	346	157.679551301166	36.853118808051
7	352	158.247053815617	36.823752546018
7	358	158.814752042961	36.925180283525
7	364	161.559248054762	36.309409178675
7	370	165.597033109152	36.02669019927
7	376	166.969616626844	36.447541301114
7	382	171.464259360445	35.98549923016
7	388	178.580041089117	34.706520385763
7	394	182.053128300805	34.797562159816
7	402	185.536312014282	34.50351053857
7	406	185.850164838243	34.614117156514
7	416	186.729249212143	34.754758093718
7	420	186.916493659098	34.820117811302
7	424	188.005296054072	35.197596602169
7	432	191.497030104427	35.020692469428
7	436	191.837745028522	35.136099475644
7	444	195.701163212627	34.772669690611
7	450	197.222929724722	35.275961914678
7	454	198.652666068108	35.741791603113
7	460	205.022060300014	34.868166006717
7	466	207.899012594442	35.036301788763
7	472	209.935381598323	35.116868216545
7	478	231.516583211725	31.905796097932
7	486	232.306620625961	31.979620251699
7	490	232.572720802583	32.057446382823
7	496	236.437907697486	31.649042642421
7	502	238.133789691127	31.596410962145
7	508	240.397155563819	31.850289937325
7	516	243.785628624481	31.752850735873
7	522	244.18239948712	31.863745216159
7	526	245.407646175103	32.203929076795
7	532	253.206939475733	31.414872182794
7	538	254.291706902336	31.626288648212
7	544	262.114041928132	31.633778306981
7	550	263.179553473382	31.685642855741
7	556	272.671925211108	31.39450515541
7	562	285.928699067218	29.983729361466
7	568	291.235329374709	29.52966694169
7	574	297.341875527483	28.934354828413
7	580	306.584763729728	28.260476098349
7	586	317.304587845482	27.704832288585
7	592	327.214926776853	27.81288555651
7	598	328.740948951407	27.905311728455
7	604	340.056419424763	27.322736374216
7	610	342.882437540269	27.147773539724
7	616	344.978203163443	27.083950832628
7	622	346.90395088137	27.03723356741
7	628	350.30214252188	26.88827366539
7	636	351.601263567044	27.125459780852
7	640	352.947790727228	27.403482622386
7	648	357.681371780243	27.239784609566
7	652	357.694905443661	27.242537548594
7	662	363.273772709677	27.59588539982
7	670	366.936336587469	28.318584866448
7	676	367.753781682318	28.477918703682
7	682	369.097672508705	28.738331803241
7	686	370.069806486697	28.925528617918
7	690	371.03421152126	29.110267857323
7	696	371.694075861762	29.236117606853
7	700	371.768795125361	29.250339954858
7	706	373.294279575837	29.141731649455
7	712	374.004187191807	29.184216116901
7	718	375.443686047182	29.093500480952
7	726	385.496478650113	28.846616507664
7	730	386.622389685758	29.053827424142
7	736	388.422125346209	29.223909510917
7	742	390.446762729858	29.165250613009
7	752	396.628503303959	29.181456699474
7	756	396.885164799091	29.227254312534
7	760	397.413298336743	29.321306174175
7	766	399.462718591098	29.209804943518
7	772	407.590671373383	28.689475610881
7	780	411.888335897235	29.057094252598
7	794	416.016748265903	29.761108143331
7	798	419.485060572594	30.341844946454
7	808	421.464435898638	30.668989117175
7	812	421.785477541205	30.721760354688
7	818	425.064052836836	31.256112585864
7	822	425.215072499075	31.280527709714
7	826	425.450244606497	31.318513122402
7	830	425.68210328869	31.35592225686
7	834	427.594811155234	31.662979461639
7	838	428.813429066706	31.857182141872
7	850	439.916822590842	32.263369882402
7	854	441.414522779108	32.493197308652
7	858	441.889946928041	32.565827076403
7	862	442.084378551291	32.59548507008
7	870	443.626522081137	32.619411434547
7	874	443.726566849921	32.634603392629
7	880	447.227058462814	32.442706707276
7	886	455.203690258507	31.945884286865
7	892	460.513877824218	31.636089407475
7	898	462.155681769357	31.72988230242
7	904	463.617021559321	31.782882555495
7	910	465.932549344064	31.777515540003
7	918	468.754655128674	31.995878264033
7	922	469.230496816601	32.064840525208
7	928	472.73281479956	31.969348038283
7	934	483.559242019831	31.385431528373
7	942	488.031827126551	31.927785164806
7	946	488.832992953566	32.039351145583
7	954	491.458162950338	32.32563265312
7	958	492.599501247884	32.482432136309
7	964	499.184442468602	32.094571802508
7	970	503.830128176196	31.871440620999
7	978	509.105583219321	31.598061975091
7	984	509.897986540882	31.704361517986
7	990	511.379402078439	31.902207226247
7	994	512.430717254238	32.041918294633
7	1000	513.694337007139	32.065596404557
7	1006	514.993090891895	32.014296952965
7	1014	519.970411670944	32.142530591933
7	1018	521.251745166702	32.309336841113
7	1026	530.835621306047	31.952932786076
7	1032	534.329721903988	32.397907655513
7	1038	534.427096584059	32.410225017706
7	1042	535.0424819657	32.487964189593
7	1048	539.109073076122	32.34243725353
7	1054	544.397530368436	32.392160762352
7	1064	546.577184613041	32.585522797171
7	1068	548.357937041414	32.804446397756
7	1074	550.401507454371	33.053934895451
7	1078	550.493085655067	33.065071820411
7	1084	553.164886166989	32.992326601714
7	1090	557.129503806833	32.788890414208
7	1096	565.14508901621	32.363086120813
7	1102	565.924603377056	32.414869547424
7	1108	567.889991708229	32.513086935971
7	1114	570.158230580357	32.537562910634
7	1120	571.842857210401	32.461834871472
7	1128	573.631495516095	32.4857437372
7	1132	574.414895907418	32.577821249732
7	1140	582.137743085232	32.729371810691
7	1144	583.550215065916	32.892199061863
7	1150	584.053258319355	32.910560999873
7	1156	585.417602701508	32.962135583687
7	1164	587.681225979706	33.158085441196
7	1168	587.838849316273	33.176008458035
7	1174	589.861410646292	33.222543634086
7	1180	592.669359392634	33.406414449731
7	1186	593.219075025969	33.437711796215
7	1192	594.023024423281	33.502680175804
7	1198	596.49899274584	33.390157908806
7	1204	598.341915242373	33.469364762715
8	203	106.484372532039	34
8	211	112.423761576376	35
8	215	112.681154781788	36
8	223	114.328508663031	37
8	227	114.744366708713	38
8	233	119.081866683161	39
8	239	119.30666392039	40
8	245	122.010733760787	41
8	251	124.494266238896	42
8	257	130.267782505223	43
8	263	131.609106178476	44
8	269	133.489634603425	45
8	277	135.312671179129	46
8	281	135.958585943297	47
8	287	137.818861365776	48
8	293	140.94487891325	49
8	303	144.812971099179	50
8	307	144.927107667805	51
8	313	145.738836392408	52
8	317	146.120989950109	53
8	329	153.208713475643	54
8	333	153.722938321597	55
8	337	154.475855606039	56
8	341	154.527895211414	57
8	347	157.679551301166	58
8	353	158.247053815617	59
8	359	158.814752042961	60
8	365	161.559248054762	61
8	371	165.597033109152	62
8	377	166.969616626844	63
8	383	171.464259360445	64
8	389	178.580041089117	65
8	395	182.053128300805	66
8	403	185.536312014282	67
8	407	185.850164838243	68
8	417	186.729249212143	69
8	421	186.916493659098	70
8	425	188.005296054072	71
8	433	191.497030104427	72
8	437	191.837745028522	73
8	445	195.701163212627	74
8	451	197.222929724722	75
8	455	198.652666068108	76
8	461	205.022060300014	77
8	467	207.899012594442	78
8	473	209.935381598323	79
8	479	231.516583211725	80
8	487	232.306620625961	81
8	491	232.572720802583	82
8	497	236.437907697486	83
8	503	238.133789691127	84
8	509	240.397155563819	85
8	517	243.785628624481	86
8	523	244.18239948712	87
8	527	245.407646175103	88
8	533	253.206939475733	89
8	539	254.291706902336	90
8	545	262.114041928132	91
8	551	263.179553473382	92
8	557	272.671925211108	93
8	563	285.928699067218	94
8	569	291.235329374709	95
8	575	297.341875527483	96
8	581	306.584763729728	97
8	587	317.304587845482	98
8	593	327.214926776853	99
8	599	328.740948951407	100
8	605	340.056419424763	101
8	611	342.882437540269	102
8	617	344.978203163443	103
8	623	346.90395088137	104
8	629	350.30214252188	105
8	637	351.601263567044	106
8	641	352.947790727228	107
8	649	357.681371780243	108
8	653	357.694905443661	109
8	663	363.273772709677	110
8	671	366.936336587469	111
8	677	367.753781682318	112
8	683	369.097672508705	113
8	687	370.069806486697	114
8	691	371.03421152126	115
8	697	371.694075861762	116
8	701	371.768795125361	117
8	707	373.294279575837	118
8	713	374.004187191807	119
8	719	375.443686047182	120
8	727	385.496478650113	121
8	731	386.622389685758	122
8	737	388.422125346209	123
8	743	390.446762729858	124
8	753	396.628503303959	125
8	757	396.885164799091	126
8	761	397.413298336743	127
8	767	399.462718591098	128
8	773	407.590671373383	129
8	781	411.888335897235	130
8	795	416.016748265903	131
8	799	419.485060572594	132
8	809	421.464435898638	133
8	813	421.785477541205	134
8	819	425.064052836836	135
8	823	425.215072499075	136
8	827	425.450244606497	137
8	831	425.68210328869	138
8	835	427.594811155234	139
8	839	428.813429066706	140
8	851	439.916822590842	141
8	855	441.414522779108	142
8	859	441.889946928041	143
8	863	442.084378551291	144
8	871	443.626522081137	145
8	875	443.726566849921	146
8	881	447.227058462814	147
8	887	455.203690258507	148
8	893	460.513877824218	149
8	899	462.155681769357	150
8	905	463.617021559321	151
8	911	465.932549344064	152
8	919	468.754655128674	153
8	923	469.230496816601	154
8	929	472.73281479956	155
8	935	483.559242019831	156
8	943	488.031827126551	157
8	947	488.832992953566	158
8	955	491.458162950338	159
8	959	492.599501247884	160
8	965	499.184442468602	161
8	971	503.830128176196	162
8	979	509.105583219321	163
8	985	509.897986540882	164
8	991	511.379402078439	165
8	995	512.430717254238	166
8	1001	513.694337007139	167
8	1007	514.993090891895	168
8	1015	519.970411670944	169
8	1019	521.251745166702	170
8	1027	530.835621306047	171
8	1033	534.329721903988	172
8	1039	534.427096584059	173
8	1043	535.0424819657	174
8	1049	539.109073076122	175
8	1055	544.397530368436	176
8	1065	546.577184613041	177
8	1069	548.357937041414	178
8	1075	550.401507454371	179
8	1079	550.493085655067	180
8	1085	553.164886166989	181
8	1091	557.129503806833	182
8	1097	565.14508901621	183
8	1103	565.924603377056	184
8	1109	567.889991708229	185
8	1115	570.158230580357	186
8	1121	571.842857210401	187
8	1129	573.631495516095	188
8	1133	574.414895907418	189
8	1141	582.137743085232	190
8	1145	583.550215065916	191
8	1151	584.053258319355	192
8	1157	585.417602701508	193
8	1165	587.681225979706	194
8	1169	587.838849316273	195
8	1175	589.861410646292	196
8	1181	592.669359392634	197
8	1187	593.219075025969	198
8	1193	594.023024423281	199
8	1199	596.49899274584	200
8	1205	598.341915242373	201
9	203	106.484372532039	1.094567211522
9	211	112.423761576376	1.26409889669
9	215	112.681154781788	1.379040199796
9	223	114.328508663031	1.370388892103
9	227	114.744366708713	0.584750628202
9	233	119.081866683161	0.106614183405
9	239	119.30666392039	0.063260786617
9	245	122.010733760787	0.481081611324
9	251	124.494266238896	1.190070375567
9	257	130.267782505223	2.802924189843
9	263	131.609106178476	0.648820849455
9	269	133.489634603425	1.177280117359
9	277	135.312671179129	1.608872728179
9	281	135.958585943297	1.30741706052
9	287	137.818861365776	0.637495460264
9	293	140.94487891325	0.478155455834
9	303	144.812971099179	3.572863254388
9	307	144.927107667805	3.256127734657
9	313	145.738836392408	1.652110953024
9	317	146.120989950109	0.854785923637
9	329	153.208713475643	1.598369856101
9	333	153.722938321597	1.78646244423
9	337	154.475855606039	1.630445646426
9	341	154.527895211414	1.549346077324
9	347	157.679551301166	0.001674868335
9	353	158.247053815617	0.162671131405
9	359	158.814752042961	0.370130000271
9	365	161.559248054762	0.018574933497
9	371	165.597033109152	0.997921655223
9	377	166.969616626844	1.197189882963
9	383	171.464259360445	0.845949751772
9	389	178.580041089117	0.276648633347
9	395	182.053128300805	1.371132118864
9	403	185.536312014282	0.666490484359
9	407	185.850164838243	0.968122418469
9	417	186.729249212143	0.566905061214
9	421	186.916493659098	0.748005101616
9	425	188.005296054072	1.461708649863
9	433	191.497030104427	0.890240305133
9	437	191.837745028522	0.727281612254
9	445	195.701163212627	0.646218139556
9	451	197.222929724722	1.668049822363
9	455	198.652666068108	2.76179616609
9	461	205.022060300014	0.485410415709
9	467	207.899012594442	1.352693132648
9	473	209.935381598323	0.882605827336
9	479	231.516583211725	0.144477676649
9	487	232.306620625961	0.423566123305
9	491	232.572720802583	0.673927788221
9	497	236.437907697486	0.273458957665
9	503	238.133789691127	0.411396600514
9	509	240.397155563819	1.32546021762
9	517	243.785628624481	0.841695724482
9	523	244.18239948712	0.826400708588
9	527	245.407646175103	1.26745945666
9	533	253.206939475733	0.513732071004
9	539	254.291706902336	0.87839283913
9	545	262.114041928132	2.493545701616
9	551	263.179553473382	0.473558447898
9	557	272.671925211108	2.213868234845
9	563	285.928699067218	0.128085677318
9	569	291.235329374709	0.268735485812
9	575	297.341875527483	0.033130537695
9	581	306.584763729728	0.608360556439
9	587	317.304587845482	1.266390031558
9	593	327.214926776853	3.099209201687
9	599	328.740948951407	0.728273475705
9	605	340.056419424763	1.176532419057
9	611	342.882437540269	0.17222864789
9	617	344.978203163443	0.348779277152
9	623	346.90395088137	0.359504526299
9	629	350.30214252188	0.396967282639
9	637	351.601263567044	1.18326060084
9	641	352.947790727228	2.306378748437
9	649	357.681371780243	0.711648763448
9	653	357.694905443661	0.491708446341
9	663	363.273772709677	2.803445079667
9	671	366.936336587469	5.42391595684
9	677	367.753781682318	4.507904776161
9	683	369.097672508705	4.76186689735
9	687	370.069806486697	5.221228647898
9	691	371.03421152126	3.567934151404
9	697	371.694075861762	2.780260186984
9	701	371.768795125361	0.185187291667
9	707	373.294279575837	0.04078079651
9	713	374.004187191807	0.365773059558
9	719	375.443686047182	0.079520329526
9	727	385.496478650113	1.972980240905
9	731	386.622389685758	1.919266733543
9	737	388.422125346209	1.183528549164
9	743	390.446762729858	0.362646428987
9	753	396.628503303959	1.867198088875
9	757	396.885164799091	1.613467997277
9	761	397.413298336743	0.820116325272
9	767	399.462718591098	0.15551094033
9	773	407.590671373383	0.253345333359
9	781	411.888335897235	2.747155721224
9	795	416.016748265903	5.90028147219
9	799	419.485060572594	7.120678557552
9	809	421.464435898638	8.699274647873
9	813	421.785477541205	7.965557725682
9	819	425.064052836836	10.093089753146
9	823	425.215072499075	9.998266794119
9	827	425.450244606497	5.302138565352
9	831	425.68210328869	5.502481082258
9	835	427.594811155234	7.012400289707
9	839	428.813429066706	4.545090053685
9	851	439.916822590842	5.324116500809
9	855	441.414522779108	5.403399899409
9	859	441.889946928041	5.823712286709
9	863	442.084378551291	4.972417287132
9	871	443.626522081137	0.608812862572
9	875	443.726566849921	0.147417660288
9	881	447.227058462814	0.284157653469
9	887	455.203690258507	0.326281266853
9	893	460.513877824218	0.269737962777
9	899	462.155681769357	0.952871757067
9	905	463.617021559321	0.709399590118
9	911	465.932549344064	0.710934804256
9	919	468.754655128674	1.920380538217
9	923	469.230496816601	0.94522605719
9	929	472.73281479956	0.671588354561
9	935	483.559242019831	0.637555948808
9	943	488.031827126551	4.050598497589
9	947	488.832992953566	2.228767913402
9	955	491.458162950338	2.248041271239
9	959	492.599501247884	1.369155364048
9	965	499.184442468602	0.202810618394
9	971	503.830128176196	0.366810817341
9	979	509.105583219321	0.289577571913
9	985	509.897986540882	0.924752239526
9	991	511.379402078439	1.558163990281
9	995	512.430717254238	1.719317161171
9	1001	513.694337007139	0.526521118567
9	1007	514.993090891895	0.152264547608
9	1015	519.970411670944	2.260231234952
9	1019	521.251745166702	2.419540582105
9	1027	530.835621306047	1.20456714438
9	1033	534.329721903988	4.214763168457
9	1039	534.427096584059	2.800058798929
9	1043	535.0424819657	0.632912089922
9	1049	539.109073076122	0.536603747609
9	1055	544.397530368436	1.981109535482
9	1065	546.577184613041	1.762909873003
9	1069	548.357937041414	2.883897341284
9	1075	550.401507454371	4.498973723721
9	1079	550.493085655067	0.45117026937
9	1085	553.164886166989	0.481031751965
9	1091	557.129503806833	0.174616578235
9	1097	565.14508901621	0.221809397418
9	1103	565.924603377056	0.545330055589
9	1109	567.889991708229	1.194844783325
9	1115	570.158230580357	0.877026260466
9	1121	571.842857210401	0.115091066704
9	1129	573.631495516095	0.717773597282
9	1133	574.414895907418	1.192901230421
9	1141	582.137743085232	3.398168364176
9	1145	583.550215065916	1.417135759188
9	1151	584.053258319355	0.272705485525
9	1157	585.417602701508	0.750940082307
9	1165	587.681225979706	1.897699098974
9	1169	587.838849316273	0.194933510059
9	1175	589.861410646292	0.945498163812
9	1181	592.669359392634	2.02261798267
9	1187	593.219075025969	0.369302112087
9	1193	594.023024423281	0.654749415817
9	1199	596.49899274584	0.158321559101
9	1205	598.341915242373	1.089282538411

