version 3
run ParameterStudy-420-20251202-16:20:07-1436
attr configname ParameterStudy
attr datetime 20251202-16:20:07
attr datetimef 20251202-162007
attr experiment ParameterStudy
attr inifile omnetpp.ini
attr iterationvars $betaProducer=9.4s
attr iterationvarsd betaProducer=9.4s
attr iterationvarsf betaProducer=9.4s-
attr measurement $betaProducer=9.4s
attr network queue_sim
attr processid 1436
attr repetition 0
attr replication #0
attr resultdir results
attr runnumber 420
attr seedset 420
itervar betaProducer 9.4s
config description "Parameter study: β_producer = 1s to 10s (0.1s steps), β_service = 1s, 5 repetitions"
config *.serviceUnit.meanServiceTime 1s
config *.producer.warmupPeriod 100s
config *.queue.warmupPeriod 100s
config *.serviceUnit.warmupPeriod 100s
config *.sink.warmupPeriod 100s
config *.producer.meanInterArrivalTime 9.4s
config network queue_sim
config sim-time-limit 600s
config warmup-period 100s
config repeat 5
config **.vector-recording true
config **.scalar-recording true
config debug-on-errors true

vector 0 queue_sim.producer jobGenerated:vector ETV
attr recordingmode vector
attr title "Jobs Generated"
vector 1 queue_sim.producer interArrivalTime:vector ETV
attr recordingmode vector
attr title "Inter-arrival Time"
attr unit s
vector 2 queue_sim.queue queueLength:vector ETV
attr recordingmode vector
attr title "Queue Length"
vector 3 queue_sim.queue queueingDelay:vector ETV
attr recordingmode vector
attr title "Queueing Delay"
attr unit s
vector 4 queue_sim.queue queueUtilization:vector ETV
attr recordingmode vector
attr title "Queue Utilization"
vector 5 queue_sim.queue systemSize:vector ETV
attr recordingmode vector
attr title "System Size"
vector 6 queue_sim.serviceUnit serviceTime:vector ETV
attr recordingmode vector
attr title "Service Time"
attr unit s
vector 7 queue_sim.serviceUnit utilization:vector ETV
attr recordingmode vector
attr title "Server Utilization"
vector 8 queue_sim.sink jobCompleted:vector ETV
attr recordingmode vector
attr title "Jobs Completed"
vector 9 queue_sim.sink totalDelay:vector ETV
attr recordingmode vector
attr title "Total System Delay"
attr unit s
0	115	107.075921982055	20
0	121	125.796516260127	21
0	127	139.928192415113	22
0	133	142.335103936263	23
0	139	155.765254274458	24
0	145	161.238831358473	25
0	151	163.543528127895	26
0	157	172.645036781096	27
0	163	174.076154723399	28
0	166	174.949825344781	29
0	175	180.359271849103	30
0	181	183.567939015466	31
0	187	186.565824914913	32
0	193	194.051864431878	33
0	199	225.607199428324	34
0	205	236.689570764484	35
0	211	246.419050532713	36
0	217	258.582690513752	37
0	223	284.76613626692	38
0	226	285.221560784135	39
0	228	285.24217452562	40
0	241	322.252875505769	41
0	247	332.904227828481	42
0	253	336.448456564959	43
0	259	350.813205025132	44
0	265	359.557685079622	45
0	271	360.674894832961	46
0	277	381.160202771506	47
0	283	385.097594637118	48
0	289	392.628162580841	49
0	295	408.524574852803	50
0	301	426.64627215435	51
0	307	435.923606112851	52
0	313	437.445718681411	53
0	319	449.141981578996	54
0	325	452.777270308664	55
0	331	460.145639140503	56
0	337	468.520024307254	57
0	343	470.996979823221	58
0	346	471.104061941749	59
0	355	483.352845011886	60
0	361	483.846338672491	61
0	367	499.87021088553	62
0	373	502.521289938383	63
0	376	503.265594759499	64
0	385	511.77933363679	65
0	391	513.658244913446	66
0	397	515.953864489025	67
0	403	522.700521432973	68
0	409	523.186864400424	69
0	415	525.975886864666	70
0	421	528.736061629836	71
0	427	532.903499634396	72
0	433	539.494918020542	73
0	436	541.043901397362	74
0	445	549.21472988075	75
0	451	551.187353030104	76
0	457	554.968820055099	77
0	463	559.652271888152	78
0	469	564.810446093997	79
0	475	569.704889008217	80
0	481	577.95362698249	81
1	115	107.075921982055	18.720594278072
1	121	125.796516260127	14.131676154986
1	127	139.928192415113	2.4069115211502
1	133	142.335103936263	13.430150338195
1	139	155.765254274458	5.4735770840152
1	145	161.238831358473	2.3046967694216
1	151	163.543528127895	9.1015086532014
1	157	172.645036781096	1.4311179423026
1	163	174.076154723399	0.87367062138167
1	166	174.949825344781	5.4094465043219
1	175	180.359271849103	3.2086671663631
1	181	183.567939015466	2.997885899447
1	187	186.565824914913	7.4860395169648
1	193	194.051864431878	31.555334996446
1	199	225.607199428324	11.08237133616
1	205	236.689570764484	9.7294797682291
1	211	246.419050532713	12.163639981039
1	217	258.582690513752	26.183445753168
1	223	284.76613626692	0.45542451721533
1	226	285.221560784135	0.020613741484554
1	228	285.24217452562	37.010700980149
1	241	322.252875505769	10.651352322712
1	247	332.904227828481	3.5442287364776
1	253	336.448456564959	14.364748460173
1	259	350.813205025132	8.7444800544896
1	265	359.557685079622	1.1172097533395
1	271	360.674894832961	20.485307938545
1	277	381.160202771506	3.9373918656123
1	283	385.097594637118	7.5305679437227
1	289	392.628162580841	15.896412271962
1	295	408.524574852803	18.121697301547
1	301	426.64627215435	9.2773339585008
1	307	435.923606112851	1.5221125685597
1	313	437.445718681411	11.696262897585
1	319	449.141981578996	3.6352887296683
1	325	452.777270308664	7.3683688318386
1	331	460.145639140503	8.3743851667515
1	337	468.520024307254	2.4769555159666
1	343	470.996979823221	0.10708211852845
1	346	471.104061941749	12.248783070137
1	355	483.352845011886	0.49349366060548
1	361	483.846338672491	16.023872213039
1	367	499.87021088553	2.651079052853
1	373	502.521289938383	0.74430482111572
1	376	503.265594759499	8.5137388772914
1	385	511.77933363679	1.8789112766559
1	391	513.658244913446	2.2956195755788
1	397	515.953864489025	6.7466569439479
1	403	522.700521432973	0.48634296745133
1	409	523.186864400424	2.7890224642422
1	415	525.975886864666	2.7601747651695
1	421	528.736061629836	4.1674380045601
1	427	532.903499634396	6.591418386146
1	433	539.494918020542	1.5489833768196
1	436	541.043901397362	8.170828483388
1	445	549.21472988075	1.9726231493537
1	451	551.187353030104	3.7814670249951
1	457	554.968820055099	4.6834518330526
1	463	559.652271888152	5.1581742058454
1	469	564.810446093997	4.8944429142201
1	475	569.704889008217	8.2487379742728
1	481	577.95362698249	44.996526318163
2	116	107.075921982055	1
2	116	107.075921982055	0
2	122	125.796516260127	1
2	122	125.796516260127	0
2	128	139.928192415113	1
2	128	139.928192415113	0
2	134	142.335103936263	1
2	134	142.335103936263	0
2	140	155.765254274458	1
2	140	155.765254274458	0
2	146	161.238831358473	1
2	146	161.238831358473	0
2	152	163.543528127895	1
2	152	163.543528127895	0
2	158	172.645036781096	1
2	158	172.645036781096	0
2	164	174.076154723399	1
2	164	174.076154723399	0
2	167	174.949825344781	1
2	170	175.401746466931	0
2	176	180.359271849103	1
2	176	180.359271849103	0
2	182	183.567939015466	1
2	182	183.567939015466	0
2	188	186.565824914913	1
2	188	186.565824914913	0
2	194	194.051864431878	1
2	194	194.051864431878	0
2	200	225.607199428324	1
2	200	225.607199428324	0
2	206	236.689570764484	1
2	206	236.689570764484	0
2	212	246.419050532713	1
2	212	246.419050532713	0
2	218	258.582690513752	1
2	218	258.582690513752	0
2	224	284.76613626692	1
2	224	284.76613626692	0
2	227	285.221560784135	1
2	229	285.24217452562	2
2	232	285.465496718916	1
2	236	285.890717695593	0
2	242	322.252875505769	1
2	242	322.252875505769	0
2	248	332.904227828481	1
2	248	332.904227828481	0
2	254	336.448456564959	1
2	254	336.448456564959	0
2	260	350.813205025132	1
2	260	350.813205025132	0
2	266	359.557685079622	1
2	266	359.557685079622	0
2	272	360.674894832961	1
2	272	360.674894832961	0
2	278	381.160202771506	1
2	278	381.160202771506	0
2	284	385.097594637118	1
2	284	385.097594637118	0
2	290	392.628162580841	1
2	290	392.628162580841	0
2	296	408.524574852803	1
2	296	408.524574852803	0
2	302	426.64627215435	1
2	302	426.64627215435	0
2	308	435.923606112851	1
2	308	435.923606112851	0
2	314	437.445718681411	1
2	314	437.445718681411	0
2	320	449.141981578996	1
2	320	449.141981578996	0
2	326	452.777270308664	1
2	326	452.777270308664	0
2	332	460.145639140503	1
2	332	460.145639140503	0
2	338	468.520024307254	1
2	338	468.520024307254	0
2	344	470.996979823221	1
2	344	470.996979823221	0
2	347	471.104061941749	1
2	350	471.783167583171	0
2	356	483.352845011886	1
2	356	483.352845011886	0
2	362	483.846338672491	1
2	362	483.846338672491	0
2	368	499.87021088553	1
2	368	499.87021088553	0
2	374	502.521289938383	1
2	374	502.521289938383	0
2	377	503.265594759499	1
2	380	505.148397779762	0
2	386	511.77933363679	1
2	386	511.77933363679	0
2	392	513.658244913446	1
2	392	513.658244913446	0
2	398	515.953864489025	1
2	398	515.953864489025	0
2	404	522.700521432973	1
2	404	522.700521432973	0
2	410	523.186864400424	1
2	410	523.186864400424	0
2	416	525.975886864666	1
2	416	525.975886864666	0
2	422	528.736061629836	1
2	422	528.736061629836	0
2	428	532.903499634396	1
2	428	532.903499634396	0
2	434	539.494918020542	1
2	434	539.494918020542	0
2	437	541.043901397362	1
2	440	541.976364897098	0
2	446	549.21472988075	1
2	446	549.21472988075	0
2	452	551.187353030104	1
2	452	551.187353030104	0
2	458	554.968820055099	1
2	458	554.968820055099	0
2	464	559.652271888152	1
2	464	559.652271888152	0
2	470	564.810446093997	1
2	470	564.810446093997	0
2	476	569.704889008217	1
2	476	569.704889008217	0
2	482	577.95362698249	1
2	482	577.95362698249	0
3	116	107.075921982055	0
3	122	125.796516260127	0
3	128	139.928192415113	0
3	134	142.335103936263	0
3	140	155.765254274458	0
3	146	161.238831358473	0
3	152	163.543528127895	0
3	158	172.645036781096	0
3	164	174.076154723399	0
3	170	175.401746466931	0.45192112215
3	176	180.359271849103	0
3	182	183.567939015466	0
3	188	186.565824914913	0
3	194	194.051864431878	0
3	200	225.607199428324	0
3	206	236.689570764484	0
3	212	246.419050532713	0
3	218	258.582690513752	0
3	224	284.76613626692	0
3	232	285.465496718916	0.243935934781
3	236	285.890717695593	0.648543169973
3	242	322.252875505769	0
3	248	332.904227828481	0
3	254	336.448456564959	0
3	260	350.813205025132	0
3	266	359.557685079622	0
3	272	360.674894832961	0
3	278	381.160202771506	0
3	284	385.097594637118	0
3	290	392.628162580841	0
3	296	408.524574852803	0
3	302	426.64627215435	0
3	308	435.923606112851	0
3	314	437.445718681411	0
3	320	449.141981578996	0
3	326	452.777270308664	0
3	332	460.145639140503	0
3	338	468.520024307254	0
3	344	470.996979823221	0
3	350	471.783167583171	0.679105641422
3	356	483.352845011886	0
3	362	483.846338672491	0
3	368	499.87021088553	0
3	374	502.521289938383	0
3	380	505.148397779762	1.882803020263
3	386	511.77933363679	0
3	392	513.658244913446	0
3	398	515.953864489025	0
3	404	522.700521432973	0
3	410	523.186864400424	0
3	416	525.975886864666	0
3	422	528.736061629836	0
3	428	532.903499634396	0
3	434	539.494918020542	0
3	440	541.976364897098	0.932463499736
3	446	549.21472988075	0
3	452	551.187353030104	0
3	458	554.968820055099	0
3	464	559.652271888152	0
3	470	564.810446093997	0
3	476	569.704889008217	0
3	482	577.95362698249	0
4	487	600	0.009230900390058
5	116	107.075921982055	1
5	116	107.075921982055	1
5	120	107.321326164943	0
5	122	125.796516260127	1
5	122	125.796516260127	1
5	126	126.664953416956	0
5	128	139.928192415113	1
5	128	139.928192415113	1
5	132	141.111150237517	0
5	134	142.335103936263	1
5	134	142.335103936263	1
5	138	144.319743750352	0
5	140	155.765254274458	1
5	140	155.765254274458	1
5	144	157.093666393708	0
5	146	161.238831358473	1
5	146	161.238831358473	1
5	150	162.091850640684	0
5	152	163.543528127895	1
5	152	163.543528127895	1
5	156	163.737070864325	0
5	158	172.645036781096	1
5	158	172.645036781096	1
5	162	173.690519220625	0
5	164	174.076154723399	1
5	164	174.076154723399	1
5	167	174.949825344781	2
5	170	175.401746466931	1
5	170	175.401746466931	1
5	174	176.218649905947	0
5	176	180.359271849103	1
5	176	180.359271849103	1
5	180	180.438243239211	0
5	182	183.567939015466	1
5	182	183.567939015466	1
5	186	185.042746448145	0
5	188	186.565824914913	1
5	188	186.565824914913	1
5	192	187.073170033476	0
5	194	194.051864431878	1
5	194	194.051864431878	1
5	198	194.062177316873	0
5	200	225.607199428324	1
5	200	225.607199428324	1
5	204	226.089521848314	0
5	206	236.689570764484	1
5	206	236.689570764484	1
5	210	237.132067368763	0
5	212	246.419050532713	1
5	212	246.419050532713	1
5	216	247.907347192606	0
5	218	258.582690513752	1
5	218	258.582690513752	1
5	222	259.669704452936	0
5	224	284.76613626692	1
5	224	284.76613626692	1
5	227	285.221560784135	2
5	229	285.24217452562	3
5	232	285.465496718916	2
5	232	285.465496718916	2
5	236	285.890717695593	1
5	236	285.890717695593	1
5	240	286.300574243219	0
5	242	322.252875505769	1
5	242	322.252875505769	1
5	246	322.883974924595	0
5	248	332.904227828481	1
5	248	332.904227828481	1
5	252	333.027484634399	0
5	254	336.448456564959	1
5	254	336.448456564959	1
5	258	337.451667300563	0
5	260	350.813205025132	1
5	260	350.813205025132	1
5	264	351.257984725415	0
5	266	359.557685079622	1
5	266	359.557685079622	1
5	270	360.202295491937	0
5	272	360.674894832961	1
5	272	360.674894832961	1
5	276	362.677310706911	0
5	278	381.160202771506	1
5	278	381.160202771506	1
5	282	382.645931819054	0
5	284	385.097594637118	1
5	284	385.097594637118	1
5	288	386.787405593826	0
5	290	392.628162580841	1
5	290	392.628162580841	1
5	294	392.964901212502	0
5	296	408.524574852803	1
5	296	408.524574852803	1
5	300	411.203202679355	0
5	302	426.64627215435	1
5	302	426.64627215435	1
5	306	427.123261818355	0
5	308	435.923606112851	1
5	308	435.923606112851	1
5	312	436.452945065917	0
5	314	437.445718681411	1
5	314	437.445718681411	1
5	318	437.961759479997	0
5	320	449.141981578996	1
5	320	449.141981578996	1
5	324	449.634625275494	0
5	326	452.777270308664	1
5	326	452.777270308664	1
5	330	453.141404357861	0
5	332	460.145639140503	1
5	332	460.145639140503	1
5	336	464.954341016788	0
5	338	468.520024307254	1
5	338	468.520024307254	1
5	342	470.744905355646	0
5	344	470.996979823221	1
5	344	470.996979823221	1
5	347	471.104061941749	2
5	350	471.783167583171	1
5	350	471.783167583171	1
5	354	474.585800986764	0
5	356	483.352845011886	1
5	356	483.352845011886	1
5	360	483.810074435001	0
5	362	483.846338672491	1
5	362	483.846338672491	1
5	366	484.77628177885	0
5	368	499.87021088553	1
5	368	499.87021088553	1
5	372	500.500656882384	0
5	374	502.521289938383	1
5	374	502.521289938383	1
5	377	503.265594759499	2
5	380	505.148397779762	1
5	380	505.148397779762	1
5	384	506.650770048253	0
5	386	511.77933363679	1
5	386	511.77933363679	1
5	390	511.99309098177	0
5	392	513.658244913446	1
5	392	513.658244913446	1
5	396	513.692258939117	0
5	398	515.953864489025	1
5	398	515.953864489025	1
5	402	516.454842957506	0
5	404	522.700521432973	1
5	404	522.700521432973	1
5	408	522.951444651122	0
5	410	523.186864400424	1
5	410	523.186864400424	1
5	414	523.472356712348	0
5	416	525.975886864666	1
5	416	525.975886864666	1
5	420	527.199602400071	0
5	422	528.736061629836	1
5	422	528.736061629836	1
5	426	530.22050809662	0
5	428	532.903499634396	1
5	428	532.903499634396	1
5	432	533.041209199568	0
5	434	539.494918020542	1
5	434	539.494918020542	1
5	437	541.043901397362	2
5	440	541.976364897098	1
5	440	541.976364897098	1
5	444	542.181890082393	0
5	446	549.21472988075	1
5	446	549.21472988075	1
5	450	550.300927884001	0
5	452	551.187353030104	1
5	452	551.187353030104	1
5	456	551.378574930182	0
5	458	554.968820055099	1
5	458	554.968820055099	1
5	462	557.129046917633	0
5	464	559.652271888152	1
5	464	559.652271888152	1
5	468	561.331692977201	0
5	470	564.810446093997	1
5	470	564.810446093997	1
5	474	565.045029191455	0
5	476	569.704889008217	1
5	476	569.704889008217	1
5	480	569.816617286667	0
5	482	577.95362698249	1
5	482	577.95362698249	1
5	486	579.519458068077	0
6	117	107.075921982055	0.24540418288794
6	123	125.796516260127	0.86843715682913
6	129	139.928192415113	1.182957822404
6	135	142.335103936263	1.9846398140886
6	141	155.765254274458	1.3284121192504
6	147	161.238831358473	0.85301928221148
6	153	163.543528127895	0.19354273642961
6	159	172.645036781096	1.0454824395292
6	165	174.076154723399	1.3255917435317
6	171	175.401746466931	0.81690343901629
6	177	180.359271849103	0.078971390108183
6	183	183.567939015466	1.4748074326793
6	189	186.565824914913	0.50734511856269
6	195	194.051864431878	0.010312884995178
6	201	225.607199428324	0.48232241999047
6	207	236.689570764484	0.44249660427918
6	213	246.419050532713	1.4882966598926
6	219	258.582690513752	1.0870139391835
6	225	284.76613626692	0.69936045199592
6	233	285.465496718916	0.42522097667701
6	237	285.890717695593	0.40985654762581
6	243	322.252875505769	0.63109941882621
6	249	332.904227828481	0.12325680591835
6	255	336.448456564959	1.0032107356044
6	261	350.813205025132	0.44477970028263
6	267	359.557685079622	0.64461041231545
6	273	360.674894832961	2.0024158739504
6	279	381.160202771506	1.4857290475482
6	285	385.097594637118	1.6898109567081
6	291	392.628162580841	0.33673863166141
6	297	408.524574852803	2.6786278265521
6	303	426.64627215435	0.47698966400484
6	309	435.923606112851	0.5293389530665
6	315	437.445718681411	0.51604079858601
6	321	449.141981578996	0.4926436964977
6	327	452.777270308664	0.36413404919652
6	333	460.145639140503	4.8087018762853
6	339	468.520024307254	2.2248810483921
6	345	470.996979823221	0.78618775995017
6	351	471.783167583171	2.8026334035926
6	357	483.352845011886	0.45722942311517
6	363	483.846338672491	0.92994310635887
6	369	499.87021088553	0.6304459968542
6	375	502.521289938383	2.6271078413791
6	381	505.148397779762	1.5023722684908
6	387	511.77933363679	0.21375734497966
6	393	513.658244913446	0.034014025670879
6	399	515.953864489025	0.50097846848105
6	405	522.700521432973	0.25092321814879
6	411	523.186864400424	0.28549231192412
6	417	525.975886864666	1.2237155354045
6	423	528.736061629836	1.4844464667838
6	429	532.903499634396	0.13770956517221
6	435	539.494918020542	2.4814468765558
6	441	541.976364897098	0.20552518529528
6	447	549.21472988075	1.0861980032507
6	453	551.187353030104	0.19122190007802
6	459	554.968820055099	2.1602268625335
6	465	559.652271888152	1.6794210890489
6	471	564.810446093997	0.23458309745795
6	477	569.704889008217	0.11172827845022
6	483	577.95362698249	1.565831085587
7	118	107.321326164943	15.304842431082
7	124	126.664953416956	13.653182316653
7	130	141.111150237517	13.093759644525
7	136	144.319743750352	14.177820806839
7	142	157.093666393708	13.870582613085
7	148	162.091850640684	13.969132914318
7	154	163.737070864325	13.946975278816
7	160	173.690519220625	13.749657345948
7	168	175.401746466931	14.371261111427
7	172	176.218649905947	14.768213484595
7	178	180.438243239211	14.466621564966
7	184	185.042746448145	14.903651058972
7	190	187.073170033476	15.013093729104
7	196	194.062177316873	14.477722363308
7	202	226.089521848314	12.640172543374
7	208	237.132067368763	12.238160190822
7	214	247.907347192606	12.306573110391
7	220	259.669704452936	12.167731670523
7	230	285.465496718916	11.313196757809
7	234	285.890717695593	11.445105514403
7	238	286.300574243219	11.57187718933
7	244	322.883974924595	10.456217367394
7	250	333.027484634399	10.174747920795
7	256	337.451667300563	10.338641406992
7	262	351.257984725415	10.058902299979
7	268	360.202295491937	9.9880840202817
7	274	362.677310706911	10.472042962004
7	280	382.645931819054	10.313830503986
7	286	386.787405593826	10.640280215882
7	292	392.964901212502	10.558704428452
7	298	411.203202679355	10.741801125411
7	304	427.123261818355	10.453099587006
7	310	436.452945065917	10.350934592361
7	316	437.961759479997	10.433102589378
7	322	449.634625275494	10.271816441404
7	328	453.141404357861	10.272682426902
7	334	464.954341016788	11.045918869896
7	340	470.744905355646	11.382674507902
7	348	471.783167583171	11.524266195769
7	352	474.585800986764	12.046753481422
7	358	483.810074435001	11.911577284356
7	364	484.77628177885	12.079665658828
7	370	500.500656882384	11.826118350719
7	378	505.148397779762	12.237375817109
7	382	506.650770048253	12.497618454794
7	388	511.99309098177	12.408963832316
7	394	513.692258939117	12.374539503639
7	400	516.454842957506	12.405349829067
7	406	522.951444651122	12.299220865352
7	412	523.472356712348	12.341519982804
7	418	527.199602400071	12.486382907695
7	424	530.22050809662	12.695210102668
7	430	533.041209199568	12.653865388149
7	438	541.976364897098	12.903102142712
7	442	542.181890082393	12.936118011368
7	448	550.300927884001	12.942643475896
7	454	551.378574930182	12.952028295567
7	460	557.129046917633	13.206085073153
7	466	561.331692977201	13.406397310849
7	472	565.045029191455	13.359809606274
7	478	569.816617286667	13.267543640292
7	484	579.519458068077	13.315601120794
8	119	107.321326164943	20
8	125	126.664953416956	21
8	131	141.111150237517	22
8	137	144.319743750352	23
8	143	157.093666393708	24
8	149	162.091850640684	25
8	155	163.737070864325	26
8	161	173.690519220625	27
8	169	175.401746466931	28
8	173	176.218649905947	29
8	179	180.438243239211	30
8	185	185.042746448145	31
8	191	187.073170033476	32
8	197	194.062177316873	33
8	203	226.089521848314	34
8	209	237.132067368763	35
8	215	247.907347192606	36
8	221	259.669704452936	37
8	231	285.465496718916	38
8	235	285.890717695593	39
8	239	286.300574243219	40
8	245	322.883974924595	41
8	251	333.027484634399	42
8	257	337.451667300563	43
8	263	351.257984725415	44
8	269	360.202295491937	45
8	275	362.677310706911	46
8	281	382.645931819054	47
8	287	386.787405593826	48
8	293	392.964901212502	49
8	299	411.203202679355	50
8	305	427.123261818355	51
8	311	436.452945065917	52
8	317	437.961759479997	53
8	323	449.634625275494	54
8	329	453.141404357861	55
8	335	464.954341016788	56
8	341	470.744905355646	57
8	349	471.783167583171	58
8	353	474.585800986764	59
8	359	483.810074435001	60
8	365	484.77628177885	61
8	371	500.500656882384	62
8	379	505.148397779762	63
8	383	506.650770048253	64
8	389	511.99309098177	65
8	395	513.692258939117	66
8	401	516.454842957506	67
8	407	522.951444651122	68
8	413	523.472356712348	69
8	419	527.199602400071	70
8	425	530.22050809662	71
8	431	533.041209199568	72
8	439	541.976364897098	73
8	443	542.181890082393	74
8	449	550.300927884001	75
8	455	551.378574930182	76
8	461	557.129046917633	77
8	467	561.331692977201	78
8	473	565.045029191455	79
8	479	569.816617286667	80
8	485	579.519458068077	81
9	119	107.321326164943	0.245404182888
9	125	126.664953416956	0.868437156829
9	131	141.111150237517	1.182957822404
9	137	144.319743750352	1.984639814089
9	143	157.093666393708	1.32841211925
9	149	162.091850640684	0.853019282211
9	155	163.737070864325	0.19354273643
9	161	173.690519220625	1.045482439529
9	169	175.401746466931	1.325591743532
9	173	176.218649905947	1.268824561166
9	179	180.438243239211	0.078971390108
9	185	185.042746448145	1.474807432679
9	191	187.073170033476	0.507345118563
9	197	194.062177316873	0.010312884995
9	203	226.089521848314	0.48232241999
9	209	237.132067368763	0.442496604279
9	215	247.907347192606	1.488296659893
9	221	259.669704452936	1.087013939184
9	231	285.465496718916	0.699360451996
9	235	285.890717695593	0.669156911458
9	239	286.300574243219	1.058399717599
9	245	322.883974924595	0.631099418826
9	251	333.027484634399	0.123256805918
9	257	337.451667300563	1.003210735604
9	263	351.257984725415	0.444779700283
9	269	360.202295491937	0.644610412315
9	275	362.677310706911	2.00241587395
9	281	382.645931819054	1.485729047548
9	287	386.787405593826	1.689810956708
9	293	392.964901212502	0.336738631661
9	299	411.203202679355	2.678627826552
9	305	427.123261818355	0.476989664005
9	311	436.452945065917	0.529338953066
9	317	437.961759479997	0.516040798586
9	323	449.634625275494	0.492643696498
9	329	453.141404357861	0.364134049197
9	335	464.954341016788	4.808701876285
9	341	470.744905355646	2.224881048392
9	349	471.783167583171	0.78618775995
9	353	474.585800986764	3.481739045015
9	359	483.810074435001	0.457229423115
9	365	484.77628177885	0.929943106359
9	371	500.500656882384	0.630445996854
9	379	505.148397779762	2.627107841379
9	383	506.650770048253	3.385175288754
9	389	511.99309098177	0.21375734498
9	395	513.692258939117	0.034014025671
9	401	516.454842957506	0.500978468481
9	407	522.951444651122	0.250923218149
9	413	523.472356712348	0.285492311924
9	419	527.199602400071	1.223715535405
9	425	530.22050809662	1.484446466784
9	431	533.041209199568	0.137709565172
9	439	541.976364897098	2.481446876556
9	443	542.181890082393	1.137988685031
9	449	550.300927884001	1.086198003251
9	455	551.378574930182	0.191221900078
9	461	557.129046917633	2.160226862534
9	467	561.331692977201	1.679421089049
9	473	565.045029191455	0.234583097458
9	479	569.816617286667	0.11172827845
9	485	579.519458068077	1.565831085587

