version 3
run ParameterStudy-151-20251130-20:03:58-476
attr configname ParameterStudy
attr datetime 20251130-20:03:58
attr datetimef 20251130-200358
attr experiment ParameterStudy
attr inifile omnetpp.ini
attr iterationvars $betaProducer=4.0s
attr iterationvarsd betaProducer=4.0s
attr iterationvarsf betaProducer=4.0s-
attr measurement $betaProducer=4.0s
attr network queue_sim
attr processid 476
attr repetition 1
attr replication #1
attr resultdir results
attr runnumber 151
attr seedset 151
itervar betaProducer 4.0s
config description "Parameter study: β_producer = 1s to 10s (0.1s steps), β_service = 1s, 5 repetitions"
config *.serviceUnit.meanServiceTime 1s
config *.producer.warmupPeriod 100s
config *.queue.warmupPeriod 100s
config *.serviceUnit.warmupPeriod 100s
config *.sink.warmupPeriod 100s
config *.producer.meanInterArrivalTime 4.0s
config network queue_sim
config sim-time-limit 600s
config warmup-period 100s
config repeat 5
config **.vector-recording true
config **.scalar-recording true
config debug-on-errors true

vector 0 queue_sim.producer jobGenerated:vector ETV
attr recordingmode vector
attr title "Jobs Generated"
vector 1 queue_sim.producer interArrivalTime:vector ETV
attr recordingmode vector
attr title "Inter-arrival Time"
attr unit s
vector 2 queue_sim.queue queueLength:vector ETV
attr recordingmode vector
attr title "Queue Length"
vector 3 queue_sim.queue queueingDelay:vector ETV
attr recordingmode vector
attr title "Queueing Delay"
attr unit s
vector 4 queue_sim.queue queueUtilization:vector ETV
attr recordingmode vector
attr title "Queue Utilization"
vector 5 queue_sim.queue systemSize:vector ETV
attr recordingmode vector
attr title "System Size"
vector 6 queue_sim.serviceUnit serviceTime:vector ETV
attr recordingmode vector
attr title "Service Time"
attr unit s
vector 7 queue_sim.serviceUnit utilization:vector ETV
attr recordingmode vector
attr title "Server Utilization"
vector 8 queue_sim.sink jobCompleted:vector ETV
attr recordingmode vector
attr title "Jobs Completed"
vector 9 queue_sim.sink totalDelay:vector ETV
attr recordingmode vector
attr title "Total System Delay"
attr unit s
0	38	100.093405227822	18
0	40	103.083448820208	19
0	42	107.928623001304	20
0	44	111.657706251948	21
0	46	113.537239627453	22
0	48	116.978829906579	23
0	50	126.49014085866	24
0	52	138.790897614521	25
0	54	139.742881364161	26
0	56	141.930667670926	27
0	58	148.777569731587	28
0	60	149.824993583419	29
0	62	150.339901505708	30
0	64	162.668278820058	31
0	66	163.941686616052	32
0	68	164.350367104753	33
0	70	170.812313450144	34
0	72	180.064787263815	35
0	74	180.357317662762	36
0	76	190.274674224682	37
0	78	192.616017237126	38
0	80	196.189391715545	39
0	82	199.110794168201	40
0	84	208.4235831501	41
0	86	208.568862908169	42
0	88	208.741070347219	43
0	90	214.634475969035	44
0	92	217.18712037576	45
0	94	220.434768702079	46
0	96	230.20406200624	47
0	98	234.735281027364	48
0	100	234.876936159096	49
0	102	237.975133470392	50
0	104	244.107577699152	51
0	106	249.961121578796	52
0	108	257.399917757441	53
0	110	258.91881607096	54
0	112	273.299505792793	55
0	114	283.109356018911	56
0	116	286.852773634652	57
0	118	287.167466231878	58
0	120	287.467217756529	59
0	122	287.67042461829	60
0	124	291.500595584811	61
0	126	296.949801656672	62
0	128	297.922612291804	63
0	130	304.980493900313	64
0	132	315.480907520718	65
0	134	319.854050742252	66
0	136	323.337348879343	67
0	138	326.206782732237	68
0	140	342.394193272276	69
0	142	345.989208310531	70
0	144	348.960971618073	71
0	146	354.440945537315	72
0	148	358.278153815635	73
0	150	360.519608893923	74
0	152	362.510869604286	75
0	154	362.690976807012	76
0	156	366.91093581689	77
0	158	371.46635140474	78
0	160	371.503216400287	79
0	162	378.23218622422	80
0	164	392.487832148502	81
0	166	392.772667163913	82
0	168	394.908163450385	83
0	170	403.444589578607	84
0	172	407.342013658631	85
0	174	415.986414260422	86
0	176	424.368089706694	87
0	178	426.343689190514	88
0	180	426.461563642171	89
0	182	431.236359156995	90
0	184	434.574309682421	91
0	186	436.038294229247	92
0	188	446.686660400937	93
0	190	447.155459902703	94
0	192	451.27563763994	95
0	194	455.022396155792	96
0	196	468.069529065168	97
0	198	475.853544513938	98
0	200	479.889130889863	99
0	202	481.83770214161	100
0	204	482.128663477332	101
0	206	485.027308681597	102
0	208	486.224999809275	103
0	210	490.46688871527	104
0	212	491.111482739045	105
0	214	493.673454191123	106
0	216	494.355444063888	107
0	218	494.494218725018	108
0	220	494.60567330792	109
0	222	498.023057197552	110
0	224	499.285012161576	111
0	226	500.784832230832	112
0	228	503.06584208603	113
0	230	506.013082288267	114
0	232	506.647208729276	115
0	234	510.690312059417	116
0	236	517.492275195312	117
0	238	517.924390262666	118
0	240	525.072663809557	119
0	242	528.85015401686	120
0	244	548.303755291714	121
0	246	549.534324202556	122
0	248	550.841866370877	123
0	250	551.488821861973	124
0	252	552.928982095836	125
0	254	555.26206620551	126
0	256	559.357566907764	127
0	258	562.176116476034	128
0	260	563.099251050821	129
0	262	563.850251594723	130
0	264	568.039375808307	131
0	266	569.067167148562	132
0	268	570.160680655769	133
0	270	577.678737429998	134
0	272	588.671675390503	135
0	274	592.37210986165	136
1	38	100.093405227822	2.9900435923857
1	40	103.083448820208	4.8451741810958
1	42	107.928623001304	3.7290832506438
1	44	111.657706251948	1.8795333755054
1	46	113.537239627453	3.4415902791257
1	48	116.978829906579	9.5113109520812
1	50	126.49014085866	12.300756755861
1	52	138.790897614521	0.95198374964026
1	54	139.742881364161	2.1877863067655
1	56	141.930667670926	6.8469020606614
1	58	148.777569731587	1.0474238518321
1	60	149.824993583419	0.51490792228916
1	62	150.339901505708	12.32837731435
1	64	162.668278820058	1.2734077959937
1	66	163.941686616052	0.40868048870068
1	68	164.350367104753	6.4619463453908
1	70	170.812313450144	9.2524738136712
1	72	180.064787263815	0.29253039894745
1	74	180.357317662762	9.9173565619196
1	76	190.274674224682	2.3413430124443
1	78	192.616017237126	3.5733744784191
1	80	196.189391715545	2.9214024526558
1	82	199.110794168201	9.3127889818988
1	84	208.4235831501	0.14527975806858
1	86	208.568862908169	0.17220743905016
1	88	208.741070347219	5.8934056218162
1	90	214.634475969035	2.5526444067246
1	92	217.18712037576	3.2476483263188
1	94	220.434768702079	9.7692933041607
1	96	230.20406200624	4.5312190211237
1	98	234.735281027364	0.14165513173234
1	100	234.876936159096	3.0981973112957
1	102	237.975133470392	6.13244422876
1	104	244.107577699152	5.8535438796444
1	106	249.961121578796	7.4387961786453
1	108	257.399917757441	1.5188983135187
1	110	258.91881607096	14.380689721833
1	112	273.299505792793	9.8098502261182
1	114	283.109356018911	3.7434176157411
1	116	286.852773634652	0.31469259722576
1	118	287.167466231878	0.29975152465122
1	120	287.467217756529	0.20320686176092
1	122	287.67042461829	3.8301709665206
1	124	291.500595584811	5.4492060718607
1	126	296.949801656672	0.9728106351324
1	128	297.922612291804	7.0578816085086
1	130	304.980493900313	10.500413620405
1	132	315.480907520718	4.3731432215337
1	134	319.854050742252	3.4832981370912
1	136	323.337348879343	2.8694338528939
1	138	326.206782732237	16.187410540039
1	140	342.394193272276	3.5950150382549
1	142	345.989208310531	2.9717633075416
1	144	348.960971618073	5.4799739192418
1	146	354.440945537315	3.8372082783204
1	148	358.278153815635	2.2414550782881
1	150	360.519608893923	1.9912607103631
1	152	362.510869604286	0.18010720272566
1	154	362.690976807012	4.2199590098782
1	156	366.91093581689	4.55541558785
1	158	371.46635140474	0.036864995546704
1	160	371.503216400287	6.7289698239333
1	162	378.23218622422	14.255645924282
1	164	392.487832148502	0.28483501541078
1	166	392.772667163913	2.1354962864717
1	168	394.908163450385	8.5364261282223
1	170	403.444589578607	3.8974240800241
1	172	407.342013658631	8.6444006017906
1	174	415.986414260422	8.3816754462722
1	176	424.368089706694	1.9755994838197
1	178	426.343689190514	0.11787445165661
1	180	426.461563642171	4.7747955148244
1	182	431.236359156995	3.3379505254263
1	184	434.574309682421	1.4639845468257
1	186	436.038294229247	10.64836617169
1	188	446.686660400937	0.4687995017665
1	190	447.155459902703	4.1201777372371
1	192	451.27563763994	3.7467585158525
1	194	455.022396155792	13.047132909376
1	196	468.069529065168	7.7840154487695
1	198	475.853544513938	4.0355863759251
1	200	479.889130889863	1.9485712517466
1	202	481.83770214161	0.29096133572234
1	204	482.128663477332	2.8986452042647
1	206	485.027308681597	1.1976911276782
1	208	486.224999809275	4.2418889059953
1	210	490.46688871527	0.64459402377477
1	212	491.111482739045	2.5619714520785
1	214	493.673454191123	0.68198987276503
1	216	494.355444063888	0.13877466112951
1	218	494.494218725018	0.11145458290207
1	220	494.60567330792	3.4173838896319
1	222	498.023057197552	1.2619549640237
1	224	499.285012161576	1.4998200692562
1	226	500.784832230832	2.2810098551975
1	228	503.06584208603	2.9472402022366
1	230	506.013082288267	0.63412644100936
1	232	506.647208729276	4.0431033301414
1	234	510.690312059417	6.8019631358949
1	236	517.492275195312	0.43211506735417
1	238	517.924390262666	7.148273546891
1	240	525.072663809557	3.7774902073029
1	242	528.85015401686	19.453601274854
1	244	548.303755291714	1.2305689108418
1	246	549.534324202556	1.3075421683213
1	248	550.841866370877	0.64695549109609
1	250	551.488821861973	1.4401602338631
1	252	552.928982095836	2.3330841096736
1	254	555.26206620551	4.0955007022543
1	256	559.357566907764	2.8185495682698
1	258	562.176116476034	0.9231345747868
1	260	563.099251050821	0.75100054390162
1	262	563.850251594723	4.1891242135837
1	264	568.039375808307	1.0277913402555
1	266	569.067167148562	1.0935135072073
1	268	570.160680655769	7.5180567742287
1	270	577.678737429998	10.992937960505
1	272	588.671675390503	3.7004344711469
1	274	592.37210986165	20.036796478407
2	39	100.093405227822	17
2	41	103.083448820208	18
2	43	107.928623001304	19
2	45	111.657706251948	20
2	47	113.537239627453	21
2	49	116.978829906579	22
2	51	126.49014085866	23
2	53	138.790897614521	24
2	55	139.742881364161	25
2	57	141.930667670926	26
2	59	148.777569731587	27
2	61	149.824993583419	28
2	63	150.339901505708	29
2	65	162.668278820058	30
2	67	163.941686616052	31
2	69	164.350367104753	32
2	71	170.812313450144	33
2	73	180.064787263815	34
2	75	180.357317662762	35
2	77	190.274674224682	36
2	79	192.616017237126	37
2	81	196.189391715545	38
2	83	199.110794168201	39
2	85	208.4235831501	40
2	87	208.568862908169	41
2	89	208.741070347219	42
2	91	214.634475969035	43
2	93	217.18712037576	44
2	95	220.434768702079	45
2	97	230.20406200624	46
2	99	234.735281027364	47
2	101	234.876936159096	48
2	103	237.975133470392	49
2	105	244.107577699152	50
2	107	249.961121578796	51
2	109	257.399917757441	52
2	111	258.91881607096	53
2	113	273.299505792793	54
2	115	283.109356018911	55
2	117	286.852773634652	56
2	119	287.167466231878	57
2	121	287.467217756529	58
2	123	287.67042461829	59
2	125	291.500595584811	60
2	127	296.949801656672	61
2	129	297.922612291804	62
2	131	304.980493900313	63
2	133	315.480907520718	64
2	135	319.854050742252	65
2	137	323.337348879343	66
2	139	326.206782732237	67
2	141	342.394193272276	68
2	143	345.989208310531	69
2	145	348.960971618073	70
2	147	354.440945537315	71
2	149	358.278153815635	72
2	151	360.519608893923	73
2	153	362.510869604286	74
2	155	362.690976807012	75
2	157	366.91093581689	76
2	159	371.46635140474	77
2	161	371.503216400287	78
2	163	378.23218622422	79
2	165	392.487832148502	80
2	167	392.772667163913	81
2	169	394.908163450385	82
2	171	403.444589578607	83
2	173	407.342013658631	84
2	175	415.986414260422	85
2	177	424.368089706694	86
2	179	426.343689190514	87
2	181	426.461563642171	88
2	183	431.236359156995	89
2	185	434.574309682421	90
2	187	436.038294229247	91
2	189	446.686660400937	92
2	191	447.155459902703	93
2	193	451.27563763994	94
2	195	455.022396155792	95
2	197	468.069529065168	96
2	199	475.853544513938	97
2	201	479.889130889863	98
2	203	481.83770214161	99
2	205	482.128663477332	100
2	207	485.027308681597	101
2	209	486.224999809275	102
2	211	490.46688871527	103
2	213	491.111482739045	104
2	215	493.673454191123	105
2	217	494.355444063888	106
2	219	494.494218725018	107
2	221	494.60567330792	108
2	223	498.023057197552	109
2	225	499.285012161576	110
2	227	500.784832230832	111
2	229	503.06584208603	112
2	231	506.013082288267	113
2	233	506.647208729276	114
2	235	510.690312059417	115
2	237	517.492275195312	116
2	239	517.924390262666	117
2	241	525.072663809557	118
2	243	528.85015401686	119
2	245	548.303755291714	120
2	247	549.534324202556	121
2	249	550.841866370877	122
2	251	551.488821861973	123
2	253	552.928982095836	124
2	255	555.26206620551	125
2	257	559.357566907764	126
2	259	562.176116476034	127
2	261	563.099251050821	128
2	263	563.850251594723	129
2	265	568.039375808307	130
2	267	569.067167148562	131
2	269	570.160680655769	132
2	271	577.678737429998	133
2	273	588.671675390503	134
2	275	592.37210986165	135
4	276	600	1.0011188929372
5	39	100.093405227822	18
5	41	103.083448820208	19
5	43	107.928623001304	20
5	45	111.657706251948	21
5	47	113.537239627453	22
5	49	116.978829906579	23
5	51	126.49014085866	24
5	53	138.790897614521	25
5	55	139.742881364161	26
5	57	141.930667670926	27
5	59	148.777569731587	28
5	61	149.824993583419	29
5	63	150.339901505708	30
5	65	162.668278820058	31
5	67	163.941686616052	32
5	69	164.350367104753	33
5	71	170.812313450144	34
5	73	180.064787263815	35
5	75	180.357317662762	36
5	77	190.274674224682	37
5	79	192.616017237126	38
5	81	196.189391715545	39
5	83	199.110794168201	40
5	85	208.4235831501	41
5	87	208.568862908169	42
5	89	208.741070347219	43
5	91	214.634475969035	44
5	93	217.18712037576	45
5	95	220.434768702079	46
5	97	230.20406200624	47
5	99	234.735281027364	48
5	101	234.876936159096	49
5	103	237.975133470392	50
5	105	244.107577699152	51
5	107	249.961121578796	52
5	109	257.399917757441	53
5	111	258.91881607096	54
5	113	273.299505792793	55
5	115	283.109356018911	56
5	117	286.852773634652	57
5	119	287.167466231878	58
5	121	287.467217756529	59
5	123	287.67042461829	60
5	125	291.500595584811	61
5	127	296.949801656672	62
5	129	297.922612291804	63
5	131	304.980493900313	64
5	133	315.480907520718	65
5	135	319.854050742252	66
5	137	323.337348879343	67
5	139	326.206782732237	68
5	141	342.394193272276	69
5	143	345.989208310531	70
5	145	348.960971618073	71
5	147	354.440945537315	72
5	149	358.278153815635	73
5	151	360.519608893923	74
5	153	362.510869604286	75
5	155	362.690976807012	76
5	157	366.91093581689	77
5	159	371.46635140474	78
5	161	371.503216400287	79
5	163	378.23218622422	80
5	165	392.487832148502	81
5	167	392.772667163913	82
5	169	394.908163450385	83
5	171	403.444589578607	84
5	173	407.342013658631	85
5	175	415.986414260422	86
5	177	424.368089706694	87
5	179	426.343689190514	88
5	181	426.461563642171	89
5	183	431.236359156995	90
5	185	434.574309682421	91
5	187	436.038294229247	92
5	189	446.686660400937	93
5	191	447.155459902703	94
5	193	451.27563763994	95
5	195	455.022396155792	96
5	197	468.069529065168	97
5	199	475.853544513938	98
5	201	479.889130889863	99
5	203	481.83770214161	100
5	205	482.128663477332	101
5	207	485.027308681597	102
5	209	486.224999809275	103
5	211	490.46688871527	104
5	213	491.111482739045	105
5	215	493.673454191123	106
5	217	494.355444063888	107
5	219	494.494218725018	108
5	221	494.60567330792	109
5	223	498.023057197552	110
5	225	499.285012161576	111
5	227	500.784832230832	112
5	229	503.06584208603	113
5	231	506.013082288267	114
5	233	506.647208729276	115
5	235	510.690312059417	116
5	237	517.492275195312	117
5	239	517.924390262666	118
5	241	525.072663809557	119
5	243	528.85015401686	120
5	245	548.303755291714	121
5	247	549.534324202556	122
5	249	550.841866370877	123
5	251	551.488821861973	124
5	253	552.928982095836	125
5	255	555.26206620551	126
5	257	559.357566907764	127
5	259	562.176116476034	128
5	261	563.099251050821	129
5	263	563.850251594723	130
5	265	568.039375808307	131
5	267	569.067167148562	132
5	269	570.160680655769	133
5	271	577.678737429998	134
5	273	588.671675390503	135
5	275	592.37210986165	136

