version 3
run ParameterStudy-220-20251202-16:20:04-1436
attr configname ParameterStudy
attr datetime 20251202-16:20:04
attr datetimef 20251202-162004
attr experiment ParameterStudy
attr inifile omnetpp.ini
attr iterationvars $betaProducer=5.4s
attr iterationvarsd betaProducer=5.4s
attr iterationvarsf betaProducer=5.4s-
attr measurement $betaProducer=5.4s
attr network queue_sim
attr processid 1436
attr repetition 0
attr replication #0
attr resultdir results
attr runnumber 220
attr seedset 220
itervar betaProducer 5.4s
config description "Parameter study: β_producer = 1s to 10s (0.1s steps), β_service = 1s, 5 repetitions"
config *.serviceUnit.meanServiceTime 1s
config *.producer.warmupPeriod 100s
config *.queue.warmupPeriod 100s
config *.serviceUnit.warmupPeriod 100s
config *.sink.warmupPeriod 100s
config *.producer.meanInterArrivalTime 5.4s
config network queue_sim
config sim-time-limit 600s
config warmup-period 100s
config repeat 5
config **.vector-recording true
config **.scalar-recording true
config debug-on-errors true

vector 0 queue_sim.producer jobGenerated:vector ETV
attr recordingmode vector
attr title "Jobs Generated"
vector 1 queue_sim.producer interArrivalTime:vector ETV
attr recordingmode vector
attr title "Inter-arrival Time"
attr unit s
vector 2 queue_sim.queue queueLength:vector ETV
attr recordingmode vector
attr title "Queue Length"
vector 3 queue_sim.queue queueingDelay:vector ETV
attr recordingmode vector
attr title "Queueing Delay"
attr unit s
vector 4 queue_sim.queue queueUtilization:vector ETV
attr recordingmode vector
attr title "Queue Utilization"
vector 5 queue_sim.queue systemSize:vector ETV
attr recordingmode vector
attr title "System Size"
vector 6 queue_sim.serviceUnit serviceTime:vector ETV
attr recordingmode vector
attr title "Service Time"
attr unit s
vector 7 queue_sim.serviceUnit utilization:vector ETV
attr recordingmode vector
attr title "Server Utilization"
vector 8 queue_sim.sink jobCompleted:vector ETV
attr recordingmode vector
attr title "Jobs Completed"
vector 9 queue_sim.sink totalDelay:vector ETV
attr recordingmode vector
attr title "Total System Delay"
attr unit s
0	103	104.805692125831	18
0	109	105.582945284361	19
0	115	109.099273854832	20
0	121	109.971760818589	21
0	127	113.077006701754	22
0	133	117.182653237047	23
0	139	118.399597589447	24
0	145	123.594533721203	25
0	151	125.113067716736	26
0	157	139.025017409858	27
0	163	141.148252266288	28
0	169	143.538868596975	29
0	172	144.891365151775	30
0	181	147.218725582924	31
0	187	148.854886236702	32
0	193	153.793930224775	33
0	199	156.454479361312	34
0	205	159.707752877706	35
0	208	161.476545583637	36
0	217	163.625510063771	37
0	223	186.834574668385	38
0	229	193.381509645341	39
0	235	204.363604564783	40
0	241	212.835302394472	41
0	244	213.14882461122	42
0	250	217.238946086542	43
0	259	221.877056910509	44
0	265	233.490892415115	45
0	271	234.938249480809	46
0	277	236.962980200138	47
0	283	245.164721540239	48
0	289	247.165574929317	49
0	295	255.988737670453	50
0	301	259.794796069714	51
0	307	271.935138768288	52
0	310	272.516334923494	53
0	319	287.544758303429	54
0	325	289.509052580729	55
0	331	290.830755120437	56
0	337	292.274499681823	57
0	343	300.839573632028	58
0	349	311.640003267559	59
0	355	327.936724857197	60
0	361	342.964004078186	61
0	364	343.454562749607	62
0	370	345.025433849269	63
0	379	360.998245124738	64
0	385	369.522469163258	65
0	388	371.61858040993	66
0	397	385.539840061114	67
0	403	388.264952641512	68
0	409	398.157170011692	69
0	412	399.659278655889	70
0	421	401.291771307923	71
0	427	408.867397394483	72
0	433	415.372302784146	73
0	439	420.863561885025	74
0	445	424.30814560308	75
0	451	425.685020980105	76
0	457	430.293817889085	77
0	463	433.074828053056	78
0	469	438.592019683196	79
0	475	447.910366151234	80
0	481	457.370667853552	81
0	487	460.700803647297	82
0	493	469.529004657891	83
0	496	469.78022004835	84
0	505	477.566330020281	85
0	511	485.748228221627	86
0	517	496.766888132488	87
0	523	501.462842252792	88
0	529	522.395956925663	89
0	535	526.276751156258	90
0	538	526.858672365312	91
0	547	532.836113880365	92
0	553	539.169434244474	93
0	559	542.568046951869	94
0	562	542.860807842785	95
0	571	549.542707095693	96
0	577	561.67961659055	97
0	583	565.323311010508	98
0	589	566.569796735273	99
0	595	569.448046111836	100
0	601	575.699297348454	101
0	607	580.435553749792	102
0	613	581.902038369721	103
0	616	582.849924744061	104
0	625	584.432925487458	105
0	628	585.117333424284	106
0	637	595.848078212962	107
1	103	104.805692125831	0.77725315853045
1	109	105.582945284361	3.516328570471
1	115	109.099273854832	0.87248696375742
1	121	109.971760818589	3.1052458831647
1	127	113.077006701754	4.1056465352931
1	133	117.182653237047	1.2169443523996
1	139	118.399597589447	5.1949361317559
1	145	123.594533721203	1.5185339955334
1	151	125.113067716736	13.911949693122
1	157	139.025017409858	2.1232348564302
1	163	141.148252266288	2.3906163306868
1	169	143.538868596975	1.3524965548
1	172	144.891365151775	2.3273604311493
1	181	147.218725582924	1.6361606537776
1	187	148.854886236702	4.9390439880726
1	193	153.793930224775	2.6605491365373
1	199	156.454479361312	3.2532735163942
1	205	159.707752877706	1.768792705931
1	208	161.476545583637	2.1489644801336
1	217	163.625510063771	23.209064604614
1	223	186.834574668385	6.5469349769558
1	229	193.381509645341	10.982094919442
1	235	204.363604564783	8.4716978296886
1	241	212.835302394472	0.31352221674828
1	244	213.14882461122	4.0901214753223
1	250	217.238946086542	4.6381108239668
1	259	221.877056910509	11.613835504606
1	265	233.490892415115	1.4473570656941
1	271	234.938249480809	2.0247307193287
1	277	236.962980200138	8.2017413401007
1	283	245.164721540239	2.000853389078
1	289	247.165574929317	8.8231627411365
1	295	255.988737670453	3.8060583992607
1	301	259.794796069714	12.140342698574
1	307	271.935138768288	0.58119615520574
1	310	272.516334923494	15.028423379935
1	319	287.544758303429	1.9642942772998
1	325	289.509052580729	1.3217025397084
1	331	290.830755120437	1.4437445613863
1	337	292.274499681823	8.5650739502048
1	343	300.839573632028	10.800429635531
1	349	311.640003267559	16.296721589638
1	355	327.936724857197	15.027279220989
1	361	342.964004078186	0.49055867142092
1	364	343.454562749607	1.5708710996622
1	370	345.025433849269	15.972811275469
1	379	360.998245124738	8.5242240385202
1	385	369.522469163258	2.0961112466719
1	388	371.61858040993	13.921259651184
1	397	385.539840061114	2.725112580398
1	403	388.264952641512	9.8922173701803
1	409	398.157170011692	1.5021086441975
1	412	399.659278655889	1.6324926520336
1	421	401.291771307923	7.5756260865596
1	427	408.867397394483	6.5049053896628
1	433	415.372302784146	5.491259100879
1	439	420.863561885025	3.4445837180555
1	445	424.30814560308	1.3768753770253
1	451	425.685020980105	4.6087969089797
1	457	430.293817889085	2.7810101639707
1	463	433.074828053056	5.5171916301398
1	469	438.592019683196	9.3183464680384
1	475	447.910366151234	9.4603017023176
1	481	457.370667853552	3.3301357937455
1	487	460.700803647297	8.8282010105936
1	493	469.529004657891	0.25121539045939
1	496	469.78022004835	7.786109971931
1	505	477.566330020281	8.1818982013462
1	511	485.748228221627	11.018659910861
1	517	496.766888132488	4.6959541203035
1	523	501.462842252792	20.933114672871
1	529	522.395956925663	3.8807942305955
1	535	526.276751156258	0.58192120905369
1	538	526.858672365312	5.9774415150525
1	547	532.836113880365	6.3333203641095
1	553	539.169434244474	3.3986127073947
1	559	542.568046951869	0.29276089091573
1	562	542.860807842785	6.6818992529075
1	571	549.542707095693	12.136909494857
1	577	561.67961659055	3.6436944199578
1	583	565.323311010508	1.2464857247652
1	589	566.569796735273	2.8782493765629
1	595	569.448046111836	6.2512512366184
1	601	575.699297348454	4.7362564013378
1	607	580.435553749792	1.4664846199292
1	613	581.902038369721	0.94788637433994
1	616	582.849924744061	1.583000743397
1	625	584.432925487458	0.68440793682611
1	628	585.117333424284	10.730744788678
1	637	595.848078212962	12.039083438587
2	104	104.805692125831	1
2	104	104.805692125831	0
2	110	105.582945284361	1
2	110	105.582945284361	0
2	116	109.099273854832	1
2	116	109.099273854832	0
2	122	109.971760818589	1
2	122	109.971760818589	0
2	128	113.077006701754	1
2	128	113.077006701754	0
2	134	117.182653237047	1
2	134	117.182653237047	0
2	140	118.399597589447	1
2	140	118.399597589447	0
2	146	123.594533721203	1
2	146	123.594533721203	0
2	152	125.113067716736	1
2	152	125.113067716736	0
2	158	139.025017409858	1
2	158	139.025017409858	0
2	164	141.148252266288	1
2	164	141.148252266288	0
2	170	143.538868596975	1
2	170	143.538868596975	0
2	173	144.891365151775	1
2	176	145.240888159078	0
2	182	147.218725582924	1
2	182	147.218725582924	0
2	188	148.854886236702	1
2	188	148.854886236702	0
2	194	153.793930224775	1
2	194	153.793930224775	0
2	200	156.454479361312	1
2	200	156.454479361312	0
2	206	159.707752877706	1
2	206	159.707752877706	0
2	209	161.476545583637	1
2	212	161.687964077461	0
2	218	163.625510063771	1
2	218	163.625510063771	0
2	224	186.834574668385	1
2	224	186.834574668385	0
2	230	193.381509645341	1
2	230	193.381509645341	0
2	236	204.363604564783	1
2	236	204.363604564783	0
2	242	212.835302394472	1
2	242	212.835302394472	0
2	245	213.14882461122	1
2	248	214.549775342443	0
2	251	217.238946086542	1
2	254	217.730306283679	0
2	260	221.877056910509	1
2	260	221.877056910509	0
2	266	233.490892415115	1
2	266	233.490892415115	0
2	272	234.938249480809	1
2	272	234.938249480809	0
2	278	236.962980200138	1
2	278	236.962980200138	0
2	284	245.164721540239	1
2	284	245.164721540239	0
2	290	247.165574929317	1
2	290	247.165574929317	0
2	296	255.988737670453	1
2	296	255.988737670453	0
2	302	259.794796069714	1
2	302	259.794796069714	0
2	308	271.935138768288	1
2	308	271.935138768288	0
2	311	272.516334923494	1
2	314	273.274695082629	0
2	320	287.544758303429	1
2	320	287.544758303429	0
2	326	289.509052580729	1
2	326	289.509052580729	0
2	332	290.830755120437	1
2	332	290.830755120437	0
2	338	292.274499681823	1
2	338	292.274499681823	0
2	344	300.839573632028	1
2	344	300.839573632028	0
2	350	311.640003267559	1
2	350	311.640003267559	0
2	356	327.936724857197	1
2	356	327.936724857197	0
2	362	342.964004078186	1
2	362	342.964004078186	0
2	365	343.454562749607	1
2	368	344.138852441767	0
2	371	345.025433849269	1
2	374	345.507116615574	0
2	380	360.998245124738	1
2	380	360.998245124738	0
2	386	369.522469163258	1
2	386	369.522469163258	0
2	389	371.61858040993	1
2	392	372.985585292795	0
2	398	385.539840061114	1
2	398	385.539840061114	0
2	404	388.264952641512	1
2	404	388.264952641512	0
2	410	398.157170011692	1
2	410	398.157170011692	0
2	413	399.659278655889	1
2	416	400.061333802039	0
2	422	401.291771307923	1
2	422	401.291771307923	0
2	428	408.867397394483	1
2	428	408.867397394483	0
2	434	415.372302784146	1
2	434	415.372302784146	0
2	440	420.863561885025	1
2	440	420.863561885025	0
2	446	424.30814560308	1
2	446	424.30814560308	0
2	452	425.685020980105	1
2	452	425.685020980105	0
2	458	430.293817889085	1
2	458	430.293817889085	0
2	464	433.074828053056	1
2	464	433.074828053056	0
2	470	438.592019683196	1
2	470	438.592019683196	0
2	476	447.910366151234	1
2	476	447.910366151234	0
2	482	457.370667853552	1
2	482	457.370667853552	0
2	488	460.700803647297	1
2	488	460.700803647297	0
2	494	469.529004657891	1
2	494	469.529004657891	0
2	497	469.78022004835	1
2	500	470.495045557199	0
2	506	477.566330020281	1
2	506	477.566330020281	0
2	512	485.748228221627	1
2	512	485.748228221627	0
2	518	496.766888132488	1
2	518	496.766888132488	0
2	524	501.462842252792	1
2	524	501.462842252792	0
2	530	522.395956925663	1
2	530	522.395956925663	0
2	536	526.276751156258	1
2	536	526.276751156258	0
2	539	526.858672365312	1
2	542	527.883780436767	0
2	548	532.836113880365	1
2	548	532.836113880365	0
2	554	539.169434244474	1
2	554	539.169434244474	0
2	560	542.568046951869	1
2	560	542.568046951869	0
2	563	542.860807842785	1
2	566	542.9043321883	0
2	572	549.542707095693	1
2	572	549.542707095693	0
2	578	561.67961659055	1
2	578	561.67961659055	0
2	584	565.323311010508	1
2	584	565.323311010508	0
2	590	566.569796735273	1
2	590	566.569796735273	0
2	596	569.448046111836	1
2	596	569.448046111836	0
2	602	575.699297348454	1
2	602	575.699297348454	0
2	608	580.435553749792	1
2	608	580.435553749792	0
2	614	581.902038369721	1
2	614	581.902038369721	0
2	617	582.849924744061	1
2	620	582.929638042693	0
2	626	584.432925487458	1
2	626	584.432925487458	0
2	629	585.117333424284	1
2	632	585.240060848854	0
2	638	595.848078212962	1
2	638	595.848078212962	0
3	104	104.805692125831	0
3	110	105.582945284361	0
3	116	109.099273854832	0
3	122	109.971760818589	0
3	128	113.077006701754	0
3	134	117.182653237047	0
3	140	118.399597589447	0
3	146	123.594533721203	0
3	152	125.113067716736	0
3	158	139.025017409858	0
3	164	141.148252266288	0
3	170	143.538868596975	0
3	176	145.240888159078	0.349523007303
3	182	147.218725582924	0
3	188	148.854886236702	0
3	194	153.793930224775	0
3	200	156.454479361312	0
3	206	159.707752877706	0
3	212	161.687964077461	0.211418493824
3	218	163.625510063771	0
3	224	186.834574668385	0
3	230	193.381509645341	0
3	236	204.363604564783	0
3	242	212.835302394472	0
3	248	214.549775342443	1.400950731223
3	254	217.730306283679	0.491360197137
3	260	221.877056910509	0
3	266	233.490892415115	0
3	272	234.938249480809	0
3	278	236.962980200138	0
3	284	245.164721540239	0
3	290	247.165574929317	0
3	296	255.988737670453	0
3	302	259.794796069714	0
3	308	271.935138768288	0
3	314	273.274695082629	0.758360159135
3	320	287.544758303429	0
3	326	289.509052580729	0
3	332	290.830755120437	0
3	338	292.274499681823	0
3	344	300.839573632028	0
3	350	311.640003267559	0
3	356	327.936724857197	0
3	362	342.964004078186	0
3	368	344.138852441767	0.68428969216
3	374	345.507116615574	0.481682766305
3	380	360.998245124738	0
3	386	369.522469163258	0
3	392	372.985585292795	1.367004882865
3	398	385.539840061114	0
3	404	388.264952641512	0
3	410	398.157170011692	0
3	416	400.061333802039	0.40205514615
3	422	401.291771307923	0
3	428	408.867397394483	0
3	434	415.372302784146	0
3	440	420.863561885025	0
3	446	424.30814560308	0
3	452	425.685020980105	0
3	458	430.293817889085	0
3	464	433.074828053056	0
3	470	438.592019683196	0
3	476	447.910366151234	0
3	482	457.370667853552	0
3	488	460.700803647297	0
3	494	469.529004657891	0
3	500	470.495045557199	0.714825508849
3	506	477.566330020281	0
3	512	485.748228221627	0
3	518	496.766888132488	0
3	524	501.462842252792	0
3	530	522.395956925663	0
3	536	526.276751156258	0
3	542	527.883780436767	1.025108071455
3	548	532.836113880365	0
3	554	539.169434244474	0
3	560	542.568046951869	0
3	566	542.9043321883	0.043524345515
3	572	549.542707095693	0
3	578	561.67961659055	0
3	584	565.323311010508	0
3	590	566.569796735273	0
3	596	569.448046111836	0
3	602	575.699297348454	0
3	608	580.435553749792	0
3	614	581.902038369721	0
3	620	582.929638042693	0.079713298632
3	626	584.432925487458	0
3	632	585.240060848854	0.12272742457
3	638	595.848078212962	0
4	643	600	0.016265087450246
5	104	104.805692125831	1
5	104	104.805692125831	1
5	108	105.293801822986	0
5	110	105.582945284361	1
5	110	105.582945284361	1
5	114	106.828060371417	0
5	116	109.099273854832	1
5	116	109.099273854832	1
5	120	109.192036650331	0
5	122	109.971760818589	1
5	122	109.971760818589	1
5	126	112.116721443161	0
5	128	113.077006701754	1
5	128	113.077006701754	1
5	132	113.435073758435	0
5	134	117.182653237047	1
5	134	117.182653237047	1
5	138	118.121877371326	0
5	140	118.399597589447	1
5	140	118.399597589447	1
5	144	118.615815358723	0
5	146	123.594533721203	1
5	146	123.594533721203	1
5	150	124.249779156183	0
5	152	125.113067716736	1
5	152	125.113067716736	1
5	156	125.454583909962	0
5	158	139.025017409858	1
5	158	139.025017409858	1
5	162	139.728943757232	0
5	164	141.148252266288	1
5	164	141.148252266288	1
5	168	141.223338679308	0
5	170	143.538868596975	1
5	170	143.538868596975	1
5	173	144.891365151775	2
5	176	145.240888159078	1
5	176	145.240888159078	1
5	180	145.299309487647	0
5	182	147.218725582924	1
5	182	147.218725582924	1
5	186	148.424758346073	0
5	188	148.854886236702	1
5	188	148.854886236702	1
5	192	148.856096409773	0
5	194	153.793930224775	1
5	194	153.793930224775	1
5	198	153.914767715963	0
5	200	156.454479361312	1
5	200	156.454479361312	1
5	204	157.563485103486	0
5	206	159.707752877706	1
5	206	159.707752877706	1
5	209	161.476545583637	2
5	212	161.687964077461	1
5	212	161.687964077461	1
5	216	161.855562795835	0
5	218	163.625510063771	1
5	218	163.625510063771	1
5	222	164.603110925791	0
5	224	186.834574668385	1
5	224	186.834574668385	1
5	228	188.260344526482	0
5	230	193.381509645341	1
5	230	193.381509645341	1
5	234	193.518671499505	0
5	236	204.363604564783	1
5	236	204.363604564783	1
5	240	205.438189961301	0
5	242	212.835302394472	1
5	242	212.835302394472	1
5	245	213.14882461122	2
5	248	214.549775342443	1
5	248	214.549775342443	1
5	251	217.238946086542	2
5	254	217.730306283679	1
5	254	217.730306283679	1
5	258	221.432220591218	0
5	260	221.877056910509	1
5	260	221.877056910509	1
5	264	222.06022212254	0
5	266	233.490892415115	1
5	266	233.490892415115	1
5	270	233.649357076343	0
5	272	234.938249480809	1
5	272	234.938249480809	1
5	276	235.015479319528	0
5	278	236.962980200138	1
5	278	236.962980200138	1
5	282	239.252365774214	0
5	284	245.164721540239	1
5	284	245.164721540239	1
5	288	246.004057727551	0
5	290	247.165574929317	1
5	290	247.165574929317	1
5	294	249.003188352046	0
5	296	255.988737670453	1
5	296	255.988737670453	1
5	300	257.531112639659	0
5	302	259.794796069714	1
5	302	259.794796069714	1
5	306	262.968829497322	0
5	308	271.935138768288	1
5	308	271.935138768288	1
5	311	272.516334923494	2
5	314	273.274695082629	1
5	314	273.274695082629	1
5	318	273.973411336521	0
5	320	287.544758303429	1
5	320	287.544758303429	1
5	324	287.776423032277	0
5	326	289.509052580729	1
5	326	289.509052580729	1
5	330	289.928204436772	0
5	332	290.830755120437	1
5	332	290.830755120437	1
5	336	290.867876430384	0
5	338	292.274499681823	1
5	338	292.274499681823	1
5	342	298.443371615775	0
5	344	300.839573632028	1
5	344	300.839573632028	1
5	348	304.025676363666	0
5	350	311.640003267559	1
5	350	311.640003267559	1
5	354	313.383006986643	0
5	356	327.936724857197	1
5	356	327.936724857197	1
5	360	329.649467199944	0
5	362	342.964004078186	1
5	362	342.964004078186	1
5	365	343.454562749607	2
5	368	344.138852441767	1
5	368	344.138852441767	1
5	371	345.025433849269	2
5	374	345.507116615574	1
5	374	345.507116615574	1
5	378	345.98097085695	0
5	380	360.998245124738	1
5	380	360.998245124738	1
5	384	362.241424664032	0
5	386	369.522469163258	1
5	386	369.522469163258	1
5	389	371.61858040993	2
5	392	372.985585292795	1
5	392	372.985585292795	1
5	396	373.823437553386	0
5	398	385.539840061114	1
5	398	385.539840061114	1
5	402	386.812193090165	0
5	404	388.264952641512	1
5	404	388.264952641512	1
5	408	391.612731524588	0
5	410	398.157170011692	1
5	410	398.157170011692	1
5	413	399.659278655889	2
5	416	400.061333802039	1
5	416	400.061333802039	1
5	420	400.186081004468	0
5	422	401.291771307923	1
5	422	401.291771307923	1
5	426	401.992389647759	0
5	428	408.867397394483	1
5	428	408.867397394483	1
5	432	409.803541740138	0
5	434	415.372302784146	1
5	434	415.372302784146	1
5	438	415.837212059909	0
5	440	420.863561885025	1
5	440	420.863561885025	1
5	444	422.62210117018	0
5	446	424.30814560308	1
5	446	424.30814560308	1
5	450	425.521525237838	0
5	452	425.685020980105	1
5	452	425.685020980105	1
5	456	426.115666239146	0
5	458	430.293817889085	1
5	458	430.293817889085	1
5	462	430.366331830505	0
5	464	433.074828053056	1
5	464	433.074828053056	1
5	468	433.739284807472	0
5	470	438.592019683196	1
5	470	438.592019683196	1
5	474	439.444881844558	0
5	476	447.910366151234	1
5	476	447.910366151234	1
5	480	448.456454765834	0
5	482	457.370667853552	1
5	482	457.370667853552	1
5	486	458.428456400838	0
5	488	460.700803647297	1
5	488	460.700803647297	1
5	492	462.931041705996	0
5	494	469.529004657891	1
5	494	469.529004657891	1
5	497	469.78022004835	2
5	500	470.495045557199	1
5	500	470.495045557199	1
5	504	471.129697472211	0
5	506	477.566330020281	1
5	506	477.566330020281	1
5	510	480.227451832409	0
5	512	485.748228221627	1
5	512	485.748228221627	1
5	516	486.006629245121	0
5	518	496.766888132488	1
5	518	496.766888132488	1
5	522	497.056540215001	0
5	524	501.462842252792	1
5	524	501.462842252792	1
5	528	503.618372678628	0
5	530	522.395956925663	1
5	530	522.395956925663	1
5	534	522.451807874627	0
5	536	526.276751156258	1
5	536	526.276751156258	1
5	539	526.858672365312	2
5	542	527.883780436767	1
5	542	527.883780436767	1
5	546	528.22922888138	0
5	548	532.836113880365	1
5	548	532.836113880365	1
5	552	533.587602455897	0
5	554	539.169434244474	1
5	554	539.169434244474	1
5	558	539.36311210892	0
5	560	542.568046951869	1
5	560	542.568046951869	1
5	563	542.860807842785	2
5	566	542.9043321883	1
5	566	542.9043321883	1
5	570	543.209507462665	0
5	572	549.542707095693	1
5	572	549.542707095693	1
5	576	554.155094727336	0
5	578	561.67961659055	1
5	578	561.67961659055	1
5	582	561.916554334794	0
5	584	565.323311010508	1
5	584	565.323311010508	1
5	588	566.001116776056	0
5	590	566.569796735273	1
5	590	566.569796735273	1
5	594	566.748885121442	0
5	596	569.448046111836	1
5	596	569.448046111836	1
5	600	570.84094834855	0
5	602	575.699297348454	1
5	602	575.699297348454	1
5	606	575.977611752466	0
5	608	580.435553749792	1
5	608	580.435553749792	1
5	612	580.618861941194	0
5	614	581.902038369721	1
5	614	581.902038369721	1
5	617	582.849924744061	2
5	620	582.929638042693	1
5	620	582.929638042693	1
5	624	583.453434988522	0
5	626	584.432925487458	1
5	626	584.432925487458	1
5	629	585.117333424284	2
5	632	585.240060848854	1
5	632	585.240060848854	1
5	636	585.895265354615	0
5	638	595.848078212962	1
5	638	595.848078212962	1
5	642	596.942420023579	0
6	105	104.805692125831	0.48810969715483
6	111	105.582945284361	1.245115087056
6	117	109.099273854832	0.09276279549941
6	123	109.971760818589	2.1449606245719
6	129	113.077006701754	0.35806705668147
6	135	117.182653237047	0.93922413427935
6	141	118.399597589447	0.2162177692758
6	147	123.594533721203	0.65524543497962
6	153	125.113067716736	0.34151619322552
6	159	139.025017409858	0.70392634737436
6	165	141.148252266288	0.075086413020377
6	171	143.538868596975	1.7020195621029
6	177	145.240888159078	0.058421328569272
6	183	147.218725582924	1.2060327631491
6	189	148.854886236702	0.0012101730708997
6	195	153.793930224775	0.12083749118831
6	201	156.454479361312	1.1090057421743
6	207	159.707752877706	1.9802111997551
6	213	161.687964077461	0.16759871837357
6	219	163.625510063771	0.97760086202002
6	225	186.834574668385	1.4257698580972
6	231	193.381509645341	0.13716185416377
6	237	204.363604564783	1.0745853965179
6	243	212.835302394472	1.7144729479706
6	249	214.549775342443	3.1805309412363
6	255	217.730306283679	3.7019143075386
6	261	221.877056910509	0.18316521203064
6	267	233.490892415115	0.15846466122781
6	273	234.938249480809	0.0772298387187
6	279	236.962980200138	2.2893855740762
6	285	245.164721540239	0.83933618731185
6	291	247.165574929317	1.8376134227292
6	297	255.988737670453	1.5423749692065
6	303	259.794796069714	3.1740334276075
6	309	271.935138768288	1.3395563143408
6	315	273.274695082629	0.69871625389219
6	321	287.544758303429	0.23166472884769
6	327	289.509052580729	0.41915185604338
6	333	290.830755120437	0.037121309947027
6	339	292.274499681823	6.1688719339521
6	345	300.839573632028	3.1861027316377
6	351	311.640003267559	1.7430037190843
6	357	327.936724857197	1.7127423427467
6	363	342.964004078186	1.1748483635806
6	369	344.138852441767	1.368264173807
6	375	345.507116615574	0.473854241376
6	381	360.998245124738	1.2431795392943
6	387	369.522469163258	3.4631161295372
6	393	372.985585292795	0.83785226059098
6	399	385.539840061114	1.2723530290508
6	405	388.264952641512	3.3477788830759
6	411	398.157170011692	1.9041637903466
6	417	400.061333802039	0.12474720242873
6	423	401.291771307923	0.70061833983604
6	429	408.867397394483	0.93614434565462
6	435	415.372302784146	0.46490927576264
6	441	420.863561885025	1.7585392851546
6	447	424.30814560308	1.213379634758
6	453	425.685020980105	0.43064525904073
6	459	430.293817889085	0.072513941420048
6	465	433.074828053056	0.66445675441565
6	471	438.592019683196	0.85286216136242
6	477	447.910366151234	0.54608861459983
6	483	457.370667853552	1.0577885472863
6	489	460.700803647297	2.2302380586995
6	495	469.529004657891	0.96604089930835
6	501	470.495045557199	0.63465191501199
6	507	477.566330020281	2.6611218121282
6	513	485.748228221627	0.2584010234935
6	519	496.766888132488	0.28965208251266
6	525	501.462842252792	2.1555304258363
6	531	522.395956925663	0.055850948964175
6	537	526.276751156258	1.6070292805086
6	543	527.883780436767	0.34544844461299
6	549	532.836113880365	0.75148857553234
6	555	539.169434244474	0.19367786444599
6	561	542.568046951869	0.33628523643135
6	567	542.9043321883	0.30517527436539
6	573	549.542707095693	4.6123876316429
6	579	561.67961659055	0.23693774424404
6	585	565.323311010508	0.67780576554756
6	591	566.569796735273	0.17908838616863
6	597	569.448046111836	1.3929022367143
6	603	575.699297348454	0.27831440401164
6	609	580.435553749792	0.18330819140231
6	615	581.902038369721	1.0275996729717
6	621	582.929638042693	0.523796945829
6	627	584.432925487458	0.807135361396
6	633	585.240060848854	0.6552045057614
6	639	595.848078212962	1.0943418106167
7	106	105.293801822986	20.12656456826
7	112	106.828060371417	21.003039856126
7	118	109.192036650331	20.633283876719
7	124	112.116721443161	22.008192176682
7	130	113.435073758435	22.068069200004
7	136	118.121877371326	21.987590517818
7	142	118.615815358723	22.078314260575
7	148	124.249779156183	21.60455985912
7	154	125.454583909962	21.669303152254
7	160	139.728943757232	19.959401182963
7	166	141.223338679308	19.801363661104
7	174	145.240888159078	20.425492300662
7	178	145.299309487647	20.457487280379
7	184	148.424758346073	20.839259477145
7	190	148.856096409773	20.779686851377
7	196	153.914767715963	20.175236363042
7	202	157.563485103486	20.411882807348
7	210	161.687964077461	21.11591009328
7	214	161.855562795835	21.197593244233
7	220	164.603110925791	21.437677883593
7	226	188.260344526482	19.501108774173
7	232	193.518671499505	19.042098694337
7	238	205.438189961301	18.460346551227
7	246	214.549775342443	18.475467848953
7	252	217.730306283679	19.666350741656
7	256	221.432220591218	21.009372478837
7	262	222.06022212254	21.032441009821
7	268	233.649357076343	20.057042087266
7	274	235.015479319528	19.973314038744
7	280	239.252365774214	20.576500942391
7	286	246.004057727551	20.35295756828
7	292	249.003188352046	20.845803321554
7	298	257.531112639659	20.754420438612
7	304	262.968829497322	21.532256660729
7	312	273.274695082629	21.210408670255
7	316	273.973411336521	21.411346300776
7	322	287.776423032277	20.464866434021
7	328	289.928204436772	20.457551749208
7	334	290.867876430384	20.40422424659
7	340	298.443371615775	21.953312398056
7	346	304.025676363666	22.598192776178
7	352	313.383006986643	22.47962096931
7	358	329.649467199944	21.88993512063
7	366	344.138852441767	21.309684256462
7	372	345.507116615574	21.62131065916
7	376	345.98097085695	21.728657818414
7	382	362.241424664032	21.096483066371
7	390	372.985585292795	21.41726653604
7	394	373.823437553386	21.593394392835
7	400	386.812193090165	21.197243442038
7	406	391.612731524588	21.792269312502
7	414	400.061333802039	21.808022304251
7	418	400.186081004468	21.832396541469
7	424	401.992389647759	21.908581534508
7	430	409.803541740138	21.719425463285
7	436	415.837212059909	21.516084052868
7	442	422.62210117018	21.586761104652
7	448	425.521525237838	21.724824129204
7	454	426.115666239146	21.795595798805
7	460	430.366331830505	21.597173225645
7	466	433.739284807472	21.582416493875
7	472	439.444881844558	21.496275189178
7	478	448.456454765834	21.186085897744
7	484	458.428456400838	20.95597621103
7	490	462.931041705996	21.233917683377
7	498	470.495045557199	21.09787088372
7	502	471.129697472211	21.204158786204
7	508	480.227451832409	21.356590624247
7	514	486.006629245121	21.155804425198
7	520	497.056540215001	20.743769715716
7	526	503.618372678628	20.901500063445
7	532	522.451807874627	20.158729254351
7	540	527.883780436767	20.255722694481
7	544	528.22922888138	20.307873418174
7	550	533.587602455897	20.24477541033
7	556	539.36311210892	20.063902623202
7	564	542.9043321883	19.994973036573
7	568	543.209507462665	20.039919886211
7	574	554.155094727336	20.476422362818
7	580	561.916554334794	20.235758247112
7	586	566.001116776056	20.209479780319
7	592	566.748885121442	20.214414645537
7	598	570.84094834855	20.313516787748
7	604	575.977611752466	20.180677843445
7	610	580.618861941194	20.05093222089
7	618	582.929638042693	20.147730785633
7	622	583.453434988522	20.219418382661
7	630	585.240060848854	20.295607631072
7	634	585.895265354615	20.384740757924
7	640	596.942420023579	20.190820542013
8	107	105.293801822986	18
8	113	106.828060371417	19
8	119	109.192036650331	20
8	125	112.116721443161	21
8	131	113.435073758435	22
8	137	118.121877371326	23
8	143	118.615815358723	24
8	149	124.249779156183	25
8	155	125.454583909962	26
8	161	139.728943757232	27
8	167	141.223338679308	28
8	175	145.240888159078	29
8	179	145.299309487647	30
8	185	148.424758346073	31
8	191	148.856096409773	32
8	197	153.914767715963	33
8	203	157.563485103486	34
8	211	161.687964077461	35
8	215	161.855562795835	36
8	221	164.603110925791	37
8	227	188.260344526482	38
8	233	193.518671499505	39
8	239	205.438189961301	40
8	247	214.549775342443	41
8	253	217.730306283679	42
8	257	221.432220591218	43
8	263	222.06022212254	44
8	269	233.649357076343	45
8	275	235.015479319528	46
8	281	239.252365774214	47
8	287	246.004057727551	48
8	293	249.003188352046	49
8	299	257.531112639659	50
8	305	262.968829497322	51
8	313	273.274695082629	52
8	317	273.973411336521	53
8	323	287.776423032277	54
8	329	289.928204436772	55
8	335	290.867876430384	56
8	341	298.443371615775	57
8	347	304.025676363666	58
8	353	313.383006986643	59
8	359	329.649467199944	60
8	367	344.138852441767	61
8	373	345.507116615574	62
8	377	345.98097085695	63
8	383	362.241424664032	64
8	391	372.985585292795	65
8	395	373.823437553386	66
8	401	386.812193090165	67
8	407	391.612731524588	68
8	415	400.061333802039	69
8	419	400.186081004468	70
8	425	401.992389647759	71
8	431	409.803541740138	72
8	437	415.837212059909	73
8	443	422.62210117018	74
8	449	425.521525237838	75
8	455	426.115666239146	76
8	461	430.366331830505	77
8	467	433.739284807472	78
8	473	439.444881844558	79
8	479	448.456454765834	80
8	485	458.428456400838	81
8	491	462.931041705996	82
8	499	470.495045557199	83
8	503	471.129697472211	84
8	509	480.227451832409	85
8	515	486.006629245121	86
8	521	497.056540215001	87
8	527	503.618372678628	88
8	533	522.451807874627	89
8	541	527.883780436767	90
8	545	528.22922888138	91
8	551	533.587602455897	92
8	557	539.36311210892	93
8	565	542.9043321883	94
8	569	543.209507462665	95
8	575	554.155094727336	96
8	581	561.916554334794	97
8	587	566.001116776056	98
8	593	566.748885121442	99
8	599	570.84094834855	100
8	605	575.977611752466	101
8	611	580.618861941194	102
8	619	582.929638042693	103
8	623	583.453434988522	104
8	631	585.240060848854	105
8	635	585.895265354615	106
8	641	596.942420023579	107
9	107	105.293801822986	0.488109697155
9	113	106.828060371417	1.245115087056
9	119	109.192036650331	0.092762795499
9	125	112.116721443161	2.144960624572
9	131	113.435073758435	0.358067056681
9	137	118.121877371326	0.939224134279
9	143	118.615815358723	0.216217769276
9	149	124.249779156183	0.65524543498
9	155	125.454583909962	0.341516193226
9	161	139.728943757232	0.703926347374
9	167	141.223338679308	0.07508641302
9	175	145.240888159078	1.702019562103
9	179	145.299309487647	0.407944335872
9	185	148.424758346073	1.206032763149
9	191	148.856096409773	0.001210173071
9	197	153.914767715963	0.120837491188
9	203	157.563485103486	1.109005742174
9	211	161.687964077461	1.980211199755
9	215	161.855562795835	0.379017212198
9	221	164.603110925791	0.97760086202
9	227	188.260344526482	1.425769858097
9	233	193.518671499505	0.137161854164
9	239	205.438189961301	1.074585396518
9	247	214.549775342443	1.714472947971
9	253	217.730306283679	4.581481672459
9	257	221.432220591218	4.193274504676
9	263	222.06022212254	0.183165212031
9	269	233.649357076343	0.158464661228
9	275	235.015479319528	0.077229838719
9	281	239.252365774214	2.289385574076
9	287	246.004057727551	0.839336187312
9	293	249.003188352046	1.837613422729
9	299	257.531112639659	1.542374969206
9	305	262.968829497322	3.174033427608
9	313	273.274695082629	1.339556314341
9	317	273.973411336521	1.457076413027
9	323	287.776423032277	0.231664728848
9	329	289.928204436772	0.419151856043
9	335	290.867876430384	0.037121309947
9	341	298.443371615775	6.168871933952
9	347	304.025676363666	3.186102731638
9	353	313.383006986643	1.743003719084
9	359	329.649467199944	1.712742342747
9	367	344.138852441767	1.174848363581
9	373	345.507116615574	2.052553865967
9	377	345.98097085695	0.955537007681
9	383	362.241424664032	1.243179539294
9	391	372.985585292795	3.463116129537
9	395	373.823437553386	2.204857143456
9	401	386.812193090165	1.272353029051
9	407	391.612731524588	3.347778883076
9	415	400.061333802039	1.904163790347
9	419	400.186081004468	0.526802348579
9	425	401.992389647759	0.700618339836
9	431	409.803541740138	0.936144345655
9	437	415.837212059909	0.464909275763
9	443	422.62210117018	1.758539285155
9	449	425.521525237838	1.213379634758
9	455	426.115666239146	0.430645259041
9	461	430.366331830505	0.07251394142
9	467	433.739284807472	0.664456754416
9	473	439.444881844558	0.852862161362
9	479	448.456454765834	0.5460886146
9	485	458.428456400838	1.057788547286
9	491	462.931041705996	2.230238058699
9	499	470.495045557199	0.966040899308
9	503	471.129697472211	1.349477423861
9	509	480.227451832409	2.661121812128
9	515	486.006629245121	0.258401023494
9	521	497.056540215001	0.289652082513
9	527	503.618372678628	2.155530425836
9	533	522.451807874627	0.055850948964
9	541	527.883780436767	1.607029280509
9	545	528.22922888138	1.370556516068
9	551	533.587602455897	0.751488575532
9	557	539.36311210892	0.193677864446
9	565	542.9043321883	0.336285236431
9	569	543.209507462665	0.34869961988
9	575	554.155094727336	4.612387631643
9	581	561.916554334794	0.236937744244
9	587	566.001116776056	0.677805765548
9	593	566.748885121442	0.179088386169
9	599	570.84094834855	1.392902236714
9	605	575.977611752466	0.278314404012
9	611	580.618861941194	0.183308191402
9	619	582.929638042693	1.027599672972
9	623	583.453434988522	0.603510244461
9	631	585.240060848854	0.807135361396
9	635	585.895265354615	0.777931930331
9	641	596.942420023579	1.094341810617

