version 3
run CircleMode-37-20260103-12:11:59-492
attr configname CircleMode
attr datetime 20260103-12:11:59
attr datetimef 20260103-121159
attr experiment CircleMode
attr inifile simulations/nwsim_project/omnetpp.ini
attr iterationvars ""
attr iterationvarsd ""
attr iterationvarsf ""
attr measurement ""
attr network CrossTraffic
attr processid 492
attr repetition 37
attr replication #37
attr resultdir results
attr runnumber 37
attr seedset 37
config description "Junction circle mode with simple routing"
config *.Junc*.junctionMode "\"circle\""
config network CrossTraffic
config sim-time-limit 20000s
config warmup-period 1000s
config repeat 50
config **.scalar-recording true
config **.vector-recording true
config *.Junc*.junctionMode "\"queue\""
config *.EndNW.spawnInterval exponential(800s)
config *.EndNE.spawnInterval exponential(1200s)
config *.EndEN.spawnInterval exponential(1000s)
config *.EndES.spawnInterval exponential(1500s)
config *.EndSE.spawnInterval exponential(900s)
config *.EndSW.spawnInterval exponential(1100s)
config *.EndWS.spawnInterval exponential(1300s)
config *.EndWN.spawnInterval exponential(1400s)

vector 0 CrossTraffic.JuncNW queueLength:vector ETV
attr interpolationmode sample-hold
attr recordingmode vector
attr source queueLength
attr title "Queue Length"
vector 1 CrossTraffic.JuncNW junctionProcessingTime:vector ETV
attr recordingmode vector
attr source junctionProcessingTime
attr title "Junction Processing Time"
vector 2 CrossTraffic.JuncNW vehicleCount:vector ETV
attr recordingmode vector
attr source vehicleCount
attr title "Vehicle Count"
vector 3 CrossTraffic.JuncNE queueLength:vector ETV
attr interpolationmode sample-hold
attr recordingmode vector
attr source queueLength
attr title "Queue Length"
vector 4 CrossTraffic.JuncNE junctionProcessingTime:vector ETV
attr recordingmode vector
attr source junctionProcessingTime
attr title "Junction Processing Time"
vector 5 CrossTraffic.JuncNE vehicleCount:vector ETV
attr recordingmode vector
attr source vehicleCount
attr title "Vehicle Count"
vector 6 CrossTraffic.JuncSE queueLength:vector ETV
attr interpolationmode sample-hold
attr recordingmode vector
attr source queueLength
attr title "Queue Length"
vector 7 CrossTraffic.JuncSE junctionProcessingTime:vector ETV
attr recordingmode vector
attr source junctionProcessingTime
attr title "Junction Processing Time"
vector 8 CrossTraffic.JuncSE vehicleCount:vector ETV
attr recordingmode vector
attr source vehicleCount
attr title "Vehicle Count"
vector 9 CrossTraffic.JuncSW queueLength:vector ETV
attr interpolationmode sample-hold
attr recordingmode vector
attr source queueLength
attr title "Queue Length"
vector 10 CrossTraffic.JuncSW junctionProcessingTime:vector ETV
attr recordingmode vector
attr source junctionProcessingTime
attr title "Junction Processing Time"
vector 11 CrossTraffic.JuncSW vehicleCount:vector ETV
attr recordingmode vector
attr source vehicleCount
attr title "Vehicle Count"
vector 12 CrossTraffic.EndNW travelTime:vector ETV
attr recordingmode vector
attr source travelTime
attr title "Vehicle Travel Time"
vector 13 CrossTraffic.EndNW junctionTime:vector ETV
attr recordingmode vector
attr source junctionTime
attr title "Total Junction Time per Vehicle"
vector 14 CrossTraffic.EndNW junctionCount:vector ETV
attr recordingmode vector
attr source junctionCount
attr title "Junctions Visited per Vehicle"
vector 15 CrossTraffic.EndNE travelTime:vector ETV
attr recordingmode vector
attr source travelTime
attr title "Vehicle Travel Time"
vector 16 CrossTraffic.EndNE junctionTime:vector ETV
attr recordingmode vector
attr source junctionTime
attr title "Total Junction Time per Vehicle"
vector 17 CrossTraffic.EndNE junctionCount:vector ETV
attr recordingmode vector
attr source junctionCount
attr title "Junctions Visited per Vehicle"
vector 18 CrossTraffic.EndEN travelTime:vector ETV
attr recordingmode vector
attr source travelTime
attr title "Vehicle Travel Time"
vector 19 CrossTraffic.EndEN junctionTime:vector ETV
attr recordingmode vector
attr source junctionTime
attr title "Total Junction Time per Vehicle"
vector 20 CrossTraffic.EndEN junctionCount:vector ETV
attr recordingmode vector
attr source junctionCount
attr title "Junctions Visited per Vehicle"
vector 21 CrossTraffic.EndES travelTime:vector ETV
attr recordingmode vector
attr source travelTime
attr title "Vehicle Travel Time"
vector 22 CrossTraffic.EndES junctionTime:vector ETV
attr recordingmode vector
attr source junctionTime
attr title "Total Junction Time per Vehicle"
vector 23 CrossTraffic.EndES junctionCount:vector ETV
attr recordingmode vector
attr source junctionCount
attr title "Junctions Visited per Vehicle"
vector 24 CrossTraffic.EndSE travelTime:vector ETV
attr recordingmode vector
attr source travelTime
attr title "Vehicle Travel Time"
vector 25 CrossTraffic.EndSE junctionTime:vector ETV
attr recordingmode vector
attr source junctionTime
attr title "Total Junction Time per Vehicle"
vector 26 CrossTraffic.EndSE junctionCount:vector ETV
attr recordingmode vector
attr source junctionCount
attr title "Junctions Visited per Vehicle"
vector 27 CrossTraffic.EndSW travelTime:vector ETV
attr recordingmode vector
attr source travelTime
attr title "Vehicle Travel Time"
vector 28 CrossTraffic.EndSW junctionTime:vector ETV
attr recordingmode vector
attr source junctionTime
attr title "Total Junction Time per Vehicle"
vector 29 CrossTraffic.EndSW junctionCount:vector ETV
attr recordingmode vector
attr source junctionCount
attr title "Junctions Visited per Vehicle"
vector 30 CrossTraffic.EndWS travelTime:vector ETV
attr recordingmode vector
attr source travelTime
attr title "Vehicle Travel Time"
vector 31 CrossTraffic.EndWS junctionTime:vector ETV
attr recordingmode vector
attr source junctionTime
attr title "Total Junction Time per Vehicle"
vector 32 CrossTraffic.EndWS junctionCount:vector ETV
attr recordingmode vector
attr source junctionCount
attr title "Junctions Visited per Vehicle"
vector 33 CrossTraffic.EndWN travelTime:vector ETV
attr recordingmode vector
attr source travelTime
attr title "Vehicle Travel Time"
vector 34 CrossTraffic.EndWN junctionTime:vector ETV
attr recordingmode vector
attr source junctionTime
attr title "Total Junction Time per Vehicle"
vector 35 CrossTraffic.EndWN junctionCount:vector ETV
attr recordingmode vector
attr source junctionCount
attr title "Junctions Visited per Vehicle"
0	60	1455.792418975886	0
0	66	1571.359227414026	0
0	69	1662.550087750406	0
0	71	1704.621038459827	0
0	77	1820.467786635721	0
0	81	1920.037681535899	0
0	96	2282.995217799349	0
0	101	2406.131094141711	0
0	103	2432.016422420869	0
0	111	2606.942525182601	0
0	116	2764.66730653828	0
0	117	2791.967468627067	0
0	126	3014.549536925929	0
0	136	3280.613813491441	0
0	149	3918.36902040256	0
0	157	4106.149229415118	0
0	167	4366.982164813828	0
0	174	4593.60253323875	0
0	180	4733.29196606348	0
0	188	5026.314073382275	0
0	192	5230.444962179935	0
0	199	5931.139082865379	0
0	206	6153.227376777553	0
0	217	6770.150346528909	0
0	222	7069.640303929554	0
0	227	7368.298420925385	0
0	240	7662.031402873378	0
0	241	7678.153376031115	0
0	242	7737.496231165688	0
0	265	8253.296148455486	0
0	269	8353.921088817011	0
0	272	8440.425101977834	0
0	276	8475.919432721619	0
0	285	8672.184783497769	0
0	299	8976.524657310877	0
0	302	9033.533654272799	0
0	316	9276.783198394015	0
0	319	9316.672622395933	0
0	326	9423.997163041678	0
0	348	9987.59987358557	0
0	355	10130.282943225141	0
0	357	10173.787001520284	0
0	369	10388.446844005732	0
0	376	10518.35019218737	0
0	377	10532.74946705706	0
0	386	10679.578852426469	0
0	397	10874.894561827752	0
0	399	10904.041410034948	0
0	400	10936.904300261622	0
0	414	11345.264372283988	0
0	420	11487.602342127447	0
0	427	11600.376571060962	0
0	429	11658.626506985749	0
0	437	11840.127222731071	0
0	438	11856.537518312031	0
0	446	12105.94439647821	0
0	455	12595.422639961042	0
0	467	12943.315580629184	0
0	469	13001.919896697837	0
0	471	13038.803115088832	0
0	477	13116.296387621866	0
0	480	13151.477089657447	0
0	500	13508.268488555759	0
0	501	13513.024232757837	0
0	510	13668.21540493032	0
0	511	13678.255155595131	0
0	516	13771.035198860551	0
0	525	13885.321730403756	0
0	527	13956.607810858422	0
0	534	14112.493273879355	0
0	539	14709.358032841665	0
0	556	15097.117613508123	0
0	557	15132.336591997016	0
0	561	15177.46064895396	0
0	570	15358.201769953109	0
0	571	15363.400806396918	0
0	575	15479.469176233465	0
0	584	15683.522185283506	0
0	593	15986.886691657626	0
0	595	16072.756025306561	0
0	601	16197.230518323469	0
0	602	16218.254909843764	0
0	607	16592.51838954509	0
0	610	16763.610553882895	0
0	615	16872.745865562311	0
0	618	16924.721180548537	0
0	629	17218.194592306314	0
0	642	17762.686620212854	0
0	643	17772.81274815573	0
0	646	17810.698922411461	0
0	650	17909.858737552473	0
0	662	18368.508410001925	0
0	673	18763.825030708808	0
0	676	18956.693517075248	0
0	679	19090.84058482382	0
0	684	19304.968902875607	0
0	687	19465.818581487616	0
1	60	1455.792418975886	3
1	66	1571.359227414026	3
1	69	1662.550087750406	3
1	71	1704.621038459827	3
1	77	1820.467786635721	3
1	81	1920.037681535899	3
1	96	2282.995217799349	3
1	101	2406.131094141711	3
1	103	2432.016422420869	3
1	111	2606.942525182601	3
1	116	2764.66730653828	3
1	117	2791.967468627067	3
1	126	3014.549536925929	3
1	136	3280.613813491441	3
1	149	3918.36902040256	3
1	157	4106.149229415118	3
1	167	4366.982164813828	3
1	174	4593.60253323875	3
1	180	4733.29196606348	3
1	188	5026.314073382275	3
1	192	5230.444962179935	3
1	199	5931.139082865379	3
1	206	6153.227376777553	3
1	217	6770.150346528909	3
1	222	7069.640303929554	3
1	227	7368.298420925385	3
1	240	7662.031402873378	3
1	241	7678.153376031115	3
1	242	7737.496231165688	3
1	265	8253.296148455486	3
1	269	8353.921088817011	3
1	272	8440.425101977834	3
1	276	8475.919432721619	3
1	285	8672.184783497769	3
1	299	8976.524657310877	3
1	302	9033.533654272799	3
1	316	9276.783198394015	3
1	319	9316.672622395933	3
1	326	9423.997163041678	3
1	348	9987.59987358557	3
1	355	10130.282943225141	3
1	357	10173.787001520284	3
1	369	10388.446844005732	3
1	376	10518.35019218737	3
1	377	10532.74946705706	3
1	386	10679.578852426469	3
1	397	10874.894561827752	3
1	399	10904.041410034948	3
1	400	10936.904300261622	3
1	414	11345.264372283988	3
1	420	11487.602342127447	3
1	427	11600.376571060962	3
1	429	11658.626506985749	3
1	437	11840.127222731071	3
1	438	11856.537518312031	3
1	446	12105.94439647821	3
1	455	12595.422639961042	3
1	467	12943.315580629184	3
1	469	13001.919896697837	3
1	471	13038.803115088832	3
1	477	13116.296387621866	3
1	480	13151.477089657447	3
1	500	13508.268488555759	3
1	501	13513.024232757837	3
1	510	13668.21540493032	3
1	511	13678.255155595131	3
1	516	13771.035198860551	3
1	525	13885.321730403756	3
1	527	13956.607810858422	3
1	534	14112.493273879355	3
1	539	14709.358032841665	3
1	556	15097.117613508123	3
1	557	15132.336591997016	3
1	561	15177.46064895396	3
1	570	15358.201769953109	3
1	571	15363.400806396918	3
1	575	15479.469176233465	3
1	584	15683.522185283506	3
1	593	15986.886691657626	3
1	595	16072.756025306561	3
1	601	16197.230518323469	3
1	602	16218.254909843764	3
1	607	16592.51838954509	3
1	610	16763.610553882895	3
1	615	16872.745865562311	3
1	618	16924.721180548537	3
1	629	17218.194592306314	3
1	642	17762.686620212854	3
1	643	17772.81274815573	3
1	646	17810.698922411461	3
1	650	17909.858737552473	3
1	662	18368.508410001925	3
1	673	18763.825030708808	3
1	676	18956.693517075248	3
1	679	19090.84058482382	3
1	684	19304.968902875607	3
1	687	19465.818581487616	3
2	60	1455.792418975886	5731
2	66	1571.359227414026	5733
2	69	1662.550087750406	5735
2	71	1704.621038459827	5736
2	77	1820.467786635721	5737
2	81	1920.037681535899	5738
2	96	2282.995217799349	5741
2	101	2406.131094141711	5740
2	103	2432.016422420869	5739
2	111	2606.942525182601	5743
2	116	2764.66730653828	5745
2	117	2791.967468627067	5744
2	126	3014.549536925929	5746
2	136	3280.613813491441	5748
2	149	3918.36902040256	5753
2	157	4106.149229415118	5751
2	167	4366.982164813828	5755
2	174	4593.60253323875	5756
2	180	4733.29196606348	5758
2	188	5026.314073382275	5759
2	192	5230.444962179935	5761
2	199	5931.139082865379	5762
2	206	6153.227376777553	5765
2	217	6770.150346528909	5766
2	222	7069.640303929554	5767
2	227	7368.298420925385	5768
2	240	7662.031402873378	5772
2	241	7678.153376031115	5769
2	242	7737.496231165688	5770
2	265	8253.296148455486	5776
2	269	8353.921088817011	5777
2	272	8440.425101977834	5778
2	276	8475.919432721619	5779
2	285	8672.184783497769	5780
2	299	8976.524657310877	5784
2	302	9033.533654272799	5783
2	316	9276.783198394015	5786
2	319	9316.672622395933	5789
2	326	9423.997163041678	5792
2	348	9987.59987358557	5795
2	355	10130.282943225141	5796
2	357	10173.787001520284	5799
2	369	10388.446844005732	5800
2	376	10518.35019218737	5802
2	377	10532.74946705706	5803
2	386	10679.578852426469	5801
2	397	10874.894561827752	5805
2	399	10904.041410034948	5808
2	400	10936.904300261622	5806
2	414	11345.264372283988	5809
2	420	11487.602342127447	5811
2	427	11600.376571060962	5813
2	429	11658.626506985749	5814
2	437	11840.127222731071	5817
2	438	11856.537518312031	5816
2	446	12105.94439647821	5818
2	455	12595.422639961042	5820
2	467	12943.315580629184	5821
2	469	13001.919896697837	5824
2	471	13038.803115088832	5822
2	477	13116.296387621866	5826
2	480	13151.477089657447	5827
2	500	13508.268488555759	5828
2	501	13513.024232757837	5831
2	510	13668.21540493032	5830
2	511	13678.255155595131	5829
2	516	13771.035198860551	5833
2	525	13885.321730403756	5835
2	527	13956.607810858422	5834
2	534	14112.493273879355	5836
2	539	14709.358032841665	5837
2	556	15097.117613508123	5839
2	557	15132.336591997016	5841
2	561	15177.46064895396	5842
2	570	15358.201769953109	5843
2	571	15363.400806396918	5844
2	575	15479.469176233465	5845
2	584	15683.522185283506	5846
2	593	15986.886691657626	5847
2	595	16072.756025306561	5849
2	601	16197.230518323469	5848
2	602	16218.254909843764	5850
2	607	16592.51838954509	5851
2	610	16763.610553882895	5852
2	615	16872.745865562311	5853
2	618	16924.721180548537	5854
2	629	17218.194592306314	5855
2	642	17762.686620212854	5857
2	643	17772.81274815573	5859
2	646	17810.698922411461	5860
2	650	17909.858737552473	5862
2	662	18368.508410001925	5864
2	673	18763.825030708808	5867
2	676	18956.693517075248	5866
2	679	19090.84058482382	5868
2	684	19304.968902875607	5869
2	687	19465.818581487616	5870
3	49	1067.888487275784	0
3	56	1352.792418975886	0
3	58	1391.976558774605	0
3	61	1468.359227414026	0
3	84	2013.621038459827	0
3	97	2303.131094141711	0
3	99	2329.016422420869	0
3	110	2591.995217799349	0
3	113	2688.967468627067	0
3	122	2911.549536925929	0
3	123	2915.942525182601	0
3	133	3177.613813491441	0
3	152	4003.149229415118	0
3	160	4139.574299694559	0
3	165	4263.982164813828	0
3	171	4490.60253323875	0
3	178	4710.489109244547	0
3	185	4923.314073382275	0
3	187	5017.224158907006	0
3	195	5539.444962179935	0
3	198	5828.139082865379	0
3	207	6178.477844535779	0
3	211	6285.108441350907	0
3	216	6667.150346528909	0
3	220	6966.640303929554	0
3	225	7265.298420925385	0
3	237	7575.153376031115	0
3	238	7634.496231165688	0
3	251	7971.031402873378	0
3	253	7994.887477936932	0
3	260	8150.296148455486	0
3	262	8178.898152483882	0
3	263	8211.363128197315	0
3	264	8250.921088817011	0
3	280	8569.184783497769	0
3	295	8873.524657310877	0
3	298	8930.533654272799	0
3	309	9173.783198394015	0
3	311	9207.645069506752	0
3	315	9247.828340091893	0
3	327	9429.572935944725	0
3	341	9884.59987358557	0
3	344	9956.605443442451	0
3	347	9971.781597284966	0
3	349	10027.282943225141	0
3	352	10070.787001520284	0
3	356	10169.97938792821	0
3	364	10285.446844005732	0
3	370	10415.35019218737	0
3	379	10576.578852426469	0
3	380	10602.807979899805	0
3	391	10771.894561827752	0
3	392	10775.380834993023	0
3	396	10833.904300261622	0
3	409	11242.264372283988	0
3	416	11384.602342127447	0
3	421	11495.190692922178	0
3	422	11497.376571060962	0
3	433	11753.537518312031	0
3	435	11767.188226303474	0
3	450	12414.94439647821	0
3	462	12840.315580629184	0
3	465	12935.803115088832	0
3	466	12939.922069332983	0
3	475	13100.793608024268	0
3	495	13405.268488555759	0
3	503	13565.21540493032	0
3	505	13575.255155595131	0
3	509	13668.035198860551	0
3	522	13853.607810858422	0
3	523	13870.334891841173	0
3	531	14009.493273879355	0
3	551	14994.117613508123	0
3	553	15029.336591997016	0
3	555	15074.46064895396	0
3	558	15137.030502309092	0
3	565	15255.201769953109	0
3	566	15260.400806396918	0
3	579	15580.522185283506	0
3	590	15883.886691657626	0
3	597	16094.230518323469	0
3	606	16489.51838954509	0
3	624	17072.610553882895	0
3	626	17115.194592306314	0
3	628	17216.922215639144	0
3	638	17659.686620212854	0
3	656	18072.290219818288	0
3	659	18218.858737552473	0
3	666	18558.757657079445	0
3	670	18660.825030708808	0
3	674	18853.693517075248	0
3	685	19362.818581487616	0
3	696	19906.362564666518	0
3	697	19926.346270184696	0
4	49	1067.888487275784	3
4	56	1352.792418975886	3
4	58	1391.976558774605	3
4	61	1468.359227414026	3
4	84	2013.621038459827	3
4	97	2303.131094141711	3
4	99	2329.016422420869	3
4	110	2591.995217799349	3
4	113	2688.967468627067	3
4	122	2911.549536925929	3
4	123	2915.942525182601	3
4	133	3177.613813491441	3
4	152	4003.149229415118	3
4	160	4139.574299694559	3
4	165	4263.982164813828	3
4	171	4490.60253323875	3
4	178	4710.489109244547	3
4	185	4923.314073382275	3
4	187	5017.224158907006	3
4	195	5539.444962179935	3
4	198	5828.139082865379	3
4	207	6178.477844535779	3
4	211	6285.108441350907	3
4	216	6667.150346528909	3
4	220	6966.640303929554	3
4	225	7265.298420925385	3
4	237	7575.153376031115	3
4	238	7634.496231165688	3
4	251	7971.031402873378	3
4	253	7994.887477936932	3
4	260	8150.296148455486	3
4	262	8178.898152483882	3
4	263	8211.363128197315	3
4	264	8250.921088817011	3
4	280	8569.184783497769	3
4	295	8873.524657310877	3
4	298	8930.533654272799	3
4	309	9173.783198394015	3
4	311	9207.645069506752	3
4	315	9247.828340091893	3
4	327	9429.572935944725	3
4	341	9884.59987358557	3
4	344	9956.605443442451	3
4	347	9971.781597284966	3
4	349	10027.282943225141	3
4	352	10070.787001520284	3
4	356	10169.97938792821	3
4	364	10285.446844005732	3
4	370	10415.35019218737	3
4	379	10576.578852426469	3
4	380	10602.807979899805	3
4	391	10771.894561827752	3
4	392	10775.380834993023	3
4	396	10833.904300261622	3
4	409	11242.264372283988	3
4	416	11384.602342127447	3
4	421	11495.190692922178	3
4	422	11497.376571060962	3
4	433	11753.537518312031	3
4	435	11767.188226303474	3
4	450	12414.94439647821	3
4	462	12840.315580629184	3
4	465	12935.803115088832	3
4	466	12939.922069332983	3
4	475	13100.793608024268	3
4	495	13405.268488555759	3
4	503	13565.21540493032	3
4	505	13575.255155595131	3
4	509	13668.035198860551	3
4	522	13853.607810858422	3
4	523	13870.334891841173	3
4	531	14009.493273879355	3
4	551	14994.117613508123	3
4	553	15029.336591997016	3
4	555	15074.46064895396	3
4	558	15137.030502309092	3
4	565	15255.201769953109	3
4	566	15260.400806396918	3
4	579	15580.522185283506	3
4	590	15883.886691657626	3
4	597	16094.230518323469	3
4	606	16489.51838954509	3
4	624	17072.610553882895	3
4	626	17115.194592306314	3
4	628	17216.922215639144	3
4	638	17659.686620212854	3
4	656	18072.290219818288	3
4	659	18218.858737552473	3
4	666	18558.757657079445	3
4	670	18660.825030708808	3
4	674	18853.693517075248	3
4	685	19362.818581487616	3
4	696	19906.362564666518	3
4	697	19926.346270184696	3
5	49	1067.888487275784	5730
5	56	1352.792418975886	5731
5	58	1391.976558774605	5732
5	61	1468.359227414026	5733
5	84	2013.621038459827	5736
5	97	2303.131094141711	5740
5	99	2329.016422420869	5739
5	110	2591.995217799349	5741
5	113	2688.967468627067	5744
5	122	2911.549536925929	5746
5	123	2915.942525182601	5743
5	133	3177.613813491441	5748
5	152	4003.149229415118	5751
5	160	4139.574299694559	5754
5	165	4263.982164813828	5755
5	171	4490.60253323875	5756
5	178	4710.489109244547	5757
5	185	4923.314073382275	5759
5	187	5017.224158907006	5760
5	195	5539.444962179935	5761
5	198	5828.139082865379	5762
5	207	6178.477844535779	5763
5	211	6285.108441350907	5764
5	216	6667.150346528909	5766
5	220	6966.640303929554	5767
5	225	7265.298420925385	5768
5	237	7575.153376031115	5769
5	238	7634.496231165688	5770
5	251	7971.031402873378	5772
5	253	7994.887477936932	5773
5	260	8150.296148455486	5776
5	262	8178.898152483882	5774
5	263	8211.363128197315	5775
5	264	8250.921088817011	5777
5	280	8569.184783497769	5780
5	295	8873.524657310877	5784
5	298	8930.533654272799	5783
5	309	9173.783198394015	5786
5	311	9207.645069506752	5787
5	315	9247.828340091893	5788
5	327	9429.572935944725	5790
5	341	9884.59987358557	5795
5	344	9956.605443442451	5797
5	347	9971.781597284966	5794
5	349	10027.282943225141	5796
5	352	10070.787001520284	5799
5	356	10169.97938792821	5798
5	364	10285.446844005732	5800
5	370	10415.35019218737	5802
5	379	10576.578852426469	5801
5	380	10602.807979899805	5804
5	391	10771.894561827752	5805
5	392	10775.380834993023	5807
5	396	10833.904300261622	5806
5	409	11242.264372283988	5809
5	416	11384.602342127447	5811
5	421	11495.190692922178	5812
5	422	11497.376571060962	5813
5	433	11753.537518312031	5816
5	435	11767.188226303474	5815
5	450	12414.94439647821	5818
5	462	12840.315580629184	5821
5	465	12935.803115088832	5822
5	466	12939.922069332983	5823
5	475	13100.793608024268	5825
5	495	13405.268488555759	5828
5	503	13565.21540493032	5830
5	505	13575.255155595131	5829
5	509	13668.035198860551	5833
5	522	13853.607810858422	5834
5	523	13870.334891841173	5832
5	531	14009.493273879355	5836
5	551	14994.117613508123	5839
5	553	15029.336591997016	5841
5	555	15074.46064895396	5842
5	558	15137.030502309092	5840
5	565	15255.201769953109	5843
5	566	15260.400806396918	5844
5	579	15580.522185283506	5846
5	590	15883.886691657626	5847
5	597	16094.230518323469	5848
5	606	16489.51838954509	5851
5	624	17072.610553882895	5852
5	626	17115.194592306314	5855
5	628	17216.922215639144	5856
5	638	17659.686620212854	5857
5	656	18072.290219818288	5863
5	659	18218.858737552473	5862
5	666	18558.757657079445	5865
5	670	18660.825030708808	5867
5	674	18853.693517075248	5866
5	685	19362.818581487616	5870
5	696	19906.362564666518	5871
5	697	19926.346270184696	5872
6	54	1249.792418975886	0
6	55	1288.976558774605	0
6	63	1516.253859362667	0
6	74	1777.359227414026	0
6	78	1868.550087750406	0
6	80	1910.621038459827	0
6	87	2026.467786635721	0
6	93	2200.131094141711	0
6	95	2226.016422420869	0
6	102	2427.87771781287	0
6	104	2488.995217799349	0
6	119	2812.942525182601	0
6	125	2997.967468627067	0
6	147	3900.149229415118	0
6	150	3919.008934203764	0
6	153	4015.31955609511	0
6	156	4036.574299694559	0
6	159	4124.36902040256	0
6	175	4607.489109244547	0
6	182	4820.314073382275	0
6	194	5436.444962179935	0
6	204	6075.477844535779	0
6	208	6182.108441350907	0
6	215	6564.150346528909	0
6	232	7472.153376031115	0
6	233	7531.496231165688	0
6	239	7644.938902219888	0
6	247	7868.031402873378	0
6	257	8075.898152483882	0
6	259	8108.363128197315	0
6	279	8559.921088817011	0
6	283	8646.425101977834	0
6	286	8695.040178472698	0
6	294	8827.533654272799	0
6	296	8878.184783497769	0
6	321	9326.572935944725	0
6	340	9868.781597284966	0
6	343	9924.282943225141	0
6	351	10066.97938792821	0
6	359	10193.59987358557	0
6	368	10379.787001520284	0
6	372	10473.578852426469	0
6	384	10668.894561827752	0
6	388	10724.35019218737	0
6	389	10730.904300261622	0
6	407	11139.264372283988	0
6	417	11392.190692922178	0
6	418	11394.376571060962	0
6	430	11664.188226303474	0
6	444	12046.127222731071	0
6	449	12311.94439647821	0
6	459	12801.422639961042	0
6	479	13149.315580629184	0
6	483	13207.919896697837	0
6	489	13302.268488555759	0
6	491	13322.296387621866	0
6	498	13462.21540493032	0
6	499	13472.255155595131	0
6	513	13719.024232757837	0
6	515	13767.334891841173	0
6	526	13906.493273879355	0
6	529	13977.035198860551	0
6	544	14885.09499114789	0
6	545	14891.117613508123	0
6	546	14915.358032841665	0
6	554	15034.030502309092	0
6	577	15564.201769953109	0
6	578	15569.400806396918	0
6	585	15685.469176233465	0
6	586	15780.886691657626	0
6	594	15991.230518323469	0
6	612	16798.51838954509	0
6	619	16969.610553882895	0
6	621	17012.194592306314	0
6	625	17113.922215639144	0
6	636	17556.686620212854	0
6	637	17601.688639016135	0
6	649	17900.658421138819	0
6	657	18115.858737552473	0
6	672	18750.693517075248	0
6	693	19803.362564666518	0
6	694	19823.346270184696	0
7	54	1249.792418975886	3
7	55	1288.976558774605	3
7	63	1516.253859362667	3
7	74	1777.359227414026	3
7	78	1868.550087750406	3
7	80	1910.621038459827	3
7	87	2026.467786635721	3
7	93	2200.131094141711	3
7	95	2226.016422420869	3
7	102	2427.87771781287	3
7	104	2488.995217799349	3
7	119	2812.942525182601	3
7	125	2997.967468627067	3
7	147	3900.149229415118	3
7	150	3919.008934203764	3
7	153	4015.31955609511	3
7	156	4036.574299694559	3
7	159	4124.36902040256	3
7	175	4607.489109244547	3
7	182	4820.314073382275	3
7	194	5436.444962179935	3
7	204	6075.477844535779	3
7	208	6182.108441350907	3
7	215	6564.150346528909	3
7	232	7472.153376031115	3
7	233	7531.496231165688	3
7	239	7644.938902219888	3
7	247	7868.031402873378	3
7	257	8075.898152483882	3
7	259	8108.363128197315	3
7	279	8559.921088817011	3
7	283	8646.425101977834	3
7	286	8695.040178472698	3
7	294	8827.533654272799	3
7	296	8878.184783497769	3
7	321	9326.572935944725	3
7	340	9868.781597284966	3
7	343	9924.282943225141	3
7	351	10066.97938792821	3
7	359	10193.59987358557	3
7	368	10379.787001520284	3
7	372	10473.578852426469	3
7	384	10668.894561827752	3
7	388	10724.35019218737	3
7	389	10730.904300261622	3
7	407	11139.264372283988	3
7	417	11392.190692922178	3
7	418	11394.376571060962	3
7	430	11664.188226303474	3
7	444	12046.127222731071	3
7	449	12311.94439647821	3
7	459	12801.422639961042	3
7	479	13149.315580629184	3
7	483	13207.919896697837	3
7	489	13302.268488555759	3
7	491	13322.296387621866	3
7	498	13462.21540493032	3
7	499	13472.255155595131	3
7	513	13719.024232757837	3
7	515	13767.334891841173	3
7	526	13906.493273879355	3
7	529	13977.035198860551	3
7	544	14885.09499114789	3
7	545	14891.117613508123	3
7	546	14915.358032841665	3
7	554	15034.030502309092	3
7	577	15564.201769953109	3
7	578	15569.400806396918	3
7	585	15685.469176233465	3
7	586	15780.886691657626	3
7	594	15991.230518323469	3
7	612	16798.51838954509	3
7	619	16969.610553882895	3
7	621	17012.194592306314	3
7	625	17113.922215639144	3
7	636	17556.686620212854	3
7	637	17601.688639016135	3
7	649	17900.658421138819	3
7	657	18115.858737552473	3
7	672	18750.693517075248	3
7	693	19803.362564666518	3
7	694	19823.346270184696	3
8	54	1249.792418975886	5731
8	55	1288.976558774605	5732
8	63	1516.253859362667	5734
8	74	1777.359227414026	5733
8	78	1868.550087750406	5735
8	80	1910.621038459827	5736
8	87	2026.467786635721	5737
8	93	2200.131094141711	5740
8	95	2226.016422420869	5739
8	102	2427.87771781287	5742
8	104	2488.995217799349	5741
8	119	2812.942525182601	5743
8	125	2997.967468627067	5744
8	147	3900.149229415118	5751
8	150	3919.008934203764	5750
8	153	4015.31955609511	5752
8	156	4036.574299694559	5754
8	159	4124.36902040256	5753
8	175	4607.489109244547	5757
8	182	4820.314073382275	5759
8	194	5436.444962179935	5761
8	204	6075.477844535779	5763
8	208	6182.108441350907	5764
8	215	6564.150346528909	5766
8	232	7472.153376031115	5769
8	233	7531.496231165688	5770
8	239	7644.938902219888	5771
8	247	7868.031402873378	5772
8	257	8075.898152483882	5774
8	259	8108.363128197315	5775
8	279	8559.921088817011	5777
8	283	8646.425101977834	5778
8	286	8695.040178472698	5781
8	294	8827.533654272799	5783
8	296	8878.184783497769	5780
8	321	9326.572935944725	5790
8	340	9868.781597284966	5794
8	343	9924.282943225141	5796
8	351	10066.97938792821	5798
8	359	10193.59987358557	5795
8	368	10379.787001520284	5799
8	372	10473.578852426469	5801
8	384	10668.894561827752	5805
8	388	10724.35019218737	5802
8	389	10730.904300261622	5806
8	407	11139.264372283988	5809
8	417	11392.190692922178	5812
8	418	11394.376571060962	5813
8	430	11664.188226303474	5815
8	444	12046.127222731071	5817
8	449	12311.94439647821	5818
8	459	12801.422639961042	5820
8	479	13149.315580629184	5821
8	483	13207.919896697837	5824
8	489	13302.268488555759	5828
8	491	13322.296387621866	5826
8	498	13462.21540493032	5830
8	499	13472.255155595131	5829
8	513	13719.024232757837	5831
8	515	13767.334891841173	5832
8	526	13906.493273879355	5836
8	529	13977.035198860551	5833
8	544	14885.09499114789	5838
8	545	14891.117613508123	5839
8	546	14915.358032841665	5837
8	554	15034.030502309092	5840
8	577	15564.201769953109	5843
8	578	15569.400806396918	5844
8	585	15685.469176233465	5845
8	586	15780.886691657626	5847
8	594	15991.230518323469	5848
8	612	16798.51838954509	5851
8	619	16969.610553882895	5852
8	621	17012.194592306314	5855
8	625	17113.922215639144	5856
8	636	17556.686620212854	5857
8	637	17601.688639016135	5858
8	649	17900.658421138819	5861
8	657	18115.858737552473	5862
8	672	18750.693517075248	5866
8	693	19803.362564666518	5871
8	694	19823.346270184696	5872
9	51	1146.792418975886	0
9	53	1185.976558774605	0
9	70	1674.359227414026	0
9	73	1765.550087750406	0
9	75	1807.621038459827	0
9	82	1923.467786635721	0
9	90	2123.016422420869	0
9	98	2324.87771781287	0
9	100	2385.995217799349	0
9	115	2709.942525182601	0
9	120	2867.66730653828	0
9	121	2894.967468627067	0
9	131	3117.549536925929	0
9	132	3171.037802210099	0
9	140	3762.812679157139	0
9	143	3816.008934203764	0
9	148	3912.31955609511	0
9	151	3933.574299694559	0
9	154	4021.36902040256	0
9	162	4209.149229415118	0
9	170	4469.982164813828	0
9	172	4504.489109244547	0
9	183	4836.29196606348	0
9	193	5333.444962179935	0
9	205	6079.108441350907	0
9	209	6256.227376777553	0
9	219	6873.150346528909	0
9	224	7172.640303929554	0
9	231	7471.298420925385	0
9	234	7541.938902219888	0
9	244	7765.031402873378	0
9	245	7781.153376031115	0
9	246	7840.496231165688	0
9	270	8356.296148455486	0
9	273	8456.921088817011	0
9	278	8543.425101977834	0
9	282	8592.040178472698	0
9	291	8775.184783497769	0
9	293	8800.08393111073	0
9	304	9079.524657310877	0
9	306	9110.170478614501	0
9	323	9379.783198394015	0
9	324	9384.479366286329	0
9	325	9419.672622395933	0
9	331	9526.997163041678	0
9	337	9814.54497139947	0
9	354	10090.59987358557	0
9	363	10276.787001520284	0
9	367	10370.578852426469	0
9	381	10621.35019218737	0
9	383	10635.74946705706	0
9	401	10977.894561827752	0
9	402	11007.041410034948	0
9	410	11243.035026286945	0
9	431	11703.376571060962	0
9	434	11761.626506985749	0
9	441	11943.127222731071	0
9	442	11959.537518312031	0
9	448	12208.94439647821	0
9	454	12590.292673185618	0
9	457	12698.422639961042	0
9	473	13046.315580629184	0
9	476	13104.919896697837	0
9	478	13141.803115088832	0
9	484	13219.296387621866	0
9	487	13254.477089657447	0
9	494	13369.255155595131	0
9	506	13611.268488555759	0
9	507	13616.024232757837	0
9	508	13664.334891841173	0
9	524	13874.035198860551	0
9	532	14059.607810858422	0
9	540	14782.09499114789	0
9	542	14812.358032841665	0
9	548	14931.030502309092	0
9	562	15200.117613508123	0
9	563	15235.336591997016	0
9	573	15461.201769953109	0
9	574	15466.400806396918	0
9	580	15582.469176233465	0
9	591	15888.230518323469	0
9	596	16089.886691657626	0
9	609	16695.51838954509	0
9	614	16866.610553882895	0
9	631	17321.194592306314	0
9	634	17453.686620212854	0
9	651	17913.698922411461	0
9	654	18012.858737552473	0
9	664	18471.508410001925	0
9	669	18647.693517075248	0
9	680	19193.84058482382	0
9	688	19568.818581487616	0
9	691	19700.362564666518	0
9	698	19993.999280675576	0
10	51	1146.792418975886	3
10	53	1185.976558774605	3
10	70	1674.359227414026	3
10	73	1765.550087750406	3
10	75	1807.621038459827	3
10	82	1923.467786635721	3
10	90	2123.016422420869	3
10	98	2324.87771781287	3
10	100	2385.995217799349	3
10	115	2709.942525182601	3
10	120	2867.66730653828	3
10	121	2894.967468627067	3
10	131	3117.549536925929	3
10	132	3171.037802210099	3
10	140	3762.812679157139	3
10	143	3816.008934203764	3
10	148	3912.31955609511	3
10	151	3933.574299694559	3
10	154	4021.36902040256	3
10	162	4209.149229415118	3
10	170	4469.982164813828	3
10	172	4504.489109244547	3
10	183	4836.29196606348	3
10	193	5333.444962179935	3
10	205	6079.108441350907	3
10	209	6256.227376777553	3
10	219	6873.150346528909	3
10	224	7172.640303929554	3
10	231	7471.298420925385	3
10	234	7541.938902219888	3
10	244	7765.031402873378	3
10	245	7781.153376031115	3
10	246	7840.496231165688	3
10	270	8356.296148455486	3
10	273	8456.921088817011	3
10	278	8543.425101977834	3
10	282	8592.040178472698	3
10	291	8775.184783497769	3
10	293	8800.08393111073	3
10	304	9079.524657310877	3
10	306	9110.170478614501	3
10	323	9379.783198394015	3
10	324	9384.479366286329	3
10	325	9419.672622395933	3
10	331	9526.997163041678	3
10	337	9814.54497139947	3
10	354	10090.59987358557	3
10	363	10276.787001520284	3
10	367	10370.578852426469	3
10	381	10621.35019218737	3
10	383	10635.74946705706	3
10	401	10977.894561827752	3
10	402	11007.041410034948	3
10	410	11243.035026286945	3
10	431	11703.376571060962	3
10	434	11761.626506985749	3
10	441	11943.127222731071	3
10	442	11959.537518312031	3
10	448	12208.94439647821	3
10	454	12590.292673185618	3
10	457	12698.422639961042	3
10	473	13046.315580629184	3
10	476	13104.919896697837	3
10	478	13141.803115088832	3
10	484	13219.296387621866	3
10	487	13254.477089657447	3
10	494	13369.255155595131	3
10	506	13611.268488555759	3
10	507	13616.024232757837	3
10	508	13664.334891841173	3
10	524	13874.035198860551	3
10	532	14059.607810858422	3
10	540	14782.09499114789	3
10	542	14812.358032841665	3
10	548	14931.030502309092	3
10	562	15200.117613508123	3
10	563	15235.336591997016	3
10	573	15461.201769953109	3
10	574	15466.400806396918	3
10	580	15582.469176233465	3
10	591	15888.230518323469	3
10	596	16089.886691657626	3
10	609	16695.51838954509	3
10	614	16866.610553882895	3
10	631	17321.194592306314	3
10	634	17453.686620212854	3
10	651	17913.698922411461	3
10	654	18012.858737552473	3
10	664	18471.508410001925	3
10	669	18647.693517075248	3
10	680	19193.84058482382	3
10	688	19568.818581487616	3
10	691	19700.362564666518	3
10	698	19993.999280675576	3
11	51	1146.792418975886	5731
11	53	1185.976558774605	5732
11	70	1674.359227414026	5733
11	73	1765.550087750406	5735
11	75	1807.621038459827	5736
11	82	1923.467786635721	5737
11	90	2123.016422420869	5739
11	98	2324.87771781287	5742
11	100	2385.995217799349	5741
11	115	2709.942525182601	5743
11	120	2867.66730653828	5745
11	121	2894.967468627067	5744
11	131	3117.549536925929	5746
11	132	3171.037802210099	5747
11	140	3762.812679157139	5749
11	143	3816.008934203764	5750
11	148	3912.31955609511	5752
11	151	3933.574299694559	5754
11	154	4021.36902040256	5753
11	162	4209.149229415118	5751
11	170	4469.982164813828	5755
11	172	4504.489109244547	5757
11	183	4836.29196606348	5758
11	193	5333.444962179935	5761
11	205	6079.108441350907	5764
11	209	6256.227376777553	5765
11	219	6873.150346528909	5766
11	224	7172.640303929554	5767
11	231	7471.298420925385	5768
11	234	7541.938902219888	5771
11	244	7765.031402873378	5772
11	245	7781.153376031115	5769
11	246	7840.496231165688	5770
11	270	8356.296148455486	5776
11	273	8456.921088817011	5777
11	278	8543.425101977834	5778
11	282	8592.040178472698	5781
11	291	8775.184783497769	5780
11	293	8800.08393111073	5782
11	304	9079.524657310877	5784
11	306	9110.170478614501	5785
11	323	9379.783198394015	5786
11	324	9384.479366286329	5791
11	325	9419.672622395933	5789
11	331	9526.997163041678	5792
11	337	9814.54497139947	5793
11	354	10090.59987358557	5795
11	363	10276.787001520284	5799
11	367	10370.578852426469	5801
11	381	10621.35019218737	5802
11	383	10635.74946705706	5803
11	401	10977.894561827752	5805
11	402	11007.041410034948	5808
11	410	11243.035026286945	5810
11	431	11703.376571060962	5813
11	434	11761.626506985749	5814
11	441	11943.127222731071	5817
11	442	11959.537518312031	5816
11	448	12208.94439647821	5818
11	454	12590.292673185618	5819
11	457	12698.422639961042	5820
11	473	13046.315580629184	5821
11	476	13104.919896697837	5824
11	478	13141.803115088832	5822
11	484	13219.296387621866	5826
11	487	13254.477089657447	5827
11	494	13369.255155595131	5829
11	506	13611.268488555759	5828
11	507	13616.024232757837	5831
11	508	13664.334891841173	5832
11	524	13874.035198860551	5833
11	532	14059.607810858422	5834
11	540	14782.09499114789	5838
11	542	14812.358032841665	5837
11	548	14931.030502309092	5840
11	562	15200.117613508123	5839
11	563	15235.336591997016	5841
11	573	15461.201769953109	5843
11	574	15466.400806396918	5844
11	580	15582.469176233465	5845
11	591	15888.230518323469	5848
11	596	16089.886691657626	5847
11	609	16695.51838954509	5851
11	614	16866.610553882895	5852
11	631	17321.194592306314	5855
11	634	17453.686620212854	5857
11	651	17913.698922411461	5860
11	654	18012.858737552473	5862
11	664	18471.508410001925	5864
11	669	18647.693517075248	5866
11	680	19193.84058482382	5868
11	688	19568.818581487616	5870
11	691	19700.362564666518	5871
11	698	19993.999280675576	5873
12	64	1558.792418975886	512
12	137	3383.613813491441	306
12	177	4696.60253323875	306
12	202	6034.139082865379	306
12	307	9136.533654272799	409
12	360	10233.282943225141	409
12	374	10491.446844005732	306
12	393	10782.578852426469	512
12	419	11448.264372283988	409
12	425	11590.602342127447	306
12	536	14215.493273879355	409
12	620	16975.745865562311	203
12	675	18866.825030708808	306
12	678	19059.693517075248	512
12	686	19407.968902875607	203
13	64	1558.792418975886	12
13	137	3383.613813491441	6
13	177	4696.60253323875	6
13	202	6034.139082865379	6
13	307	9136.533654272799	9
13	360	10233.282943225141	9
13	374	10491.446844005732	6
13	393	10782.578852426469	12
13	419	11448.264372283988	9
13	425	11590.602342127447	6
13	536	14215.493273879355	9
13	620	16975.745865562311	3
13	675	18866.825030708808	6
13	678	19059.693517075248	12
13	686	19407.968902875607	3
14	64	1558.792418975886	4
14	137	3383.613813491441	2
14	177	4696.60253323875	2
14	202	6034.139082865379	2
14	307	9136.533654272799	3
14	360	10233.282943225141	3
14	374	10491.446844005732	2
14	393	10782.578852426469	4
14	419	11448.264372283988	3
14	425	11590.602342127447	2
14	536	14215.493273879355	3
14	620	16975.745865562311	1
14	675	18866.825030708808	2
14	678	19059.693517075248	4
14	686	19407.968902875607	1
15	62	1494.976558774605	409
15	164	4242.574299694559	409
15	189	5120.224158907006	203
15	196	5642.444962179935	512
15	266	8281.898152483882	306
15	267	8314.363128197315	306
15	322	9350.828340091893	203
15	350	10059.605443442451	203
15	353	10074.781597284966	306
15	362	10272.97938792821	306
15	398	10878.380834993023	203
15	472	13042.922069332983	203
15	528	13973.334891841173	409
15	658	18175.290219818288	203
15	661	18321.858737552473	512
16	62	1494.976558774605	9
16	164	4242.574299694559	9
16	189	5120.224158907006	3
16	196	5642.444962179935	12
16	266	8281.898152483882	6
16	267	8314.363128197315	6
16	322	9350.828340091893	3
16	350	10059.605443442451	3
16	353	10074.781597284966	6
16	362	10272.97938792821	6
16	398	10878.380834993023	3
16	472	13042.922069332983	3
16	528	13973.334891841173	9
16	658	18175.290219818288	3
16	661	18321.858737552473	12
17	62	1494.976558774605	3
17	164	4242.574299694559	3
17	189	5120.224158907006	1
17	196	5642.444962179935	4
17	266	8281.898152483882	2
17	267	8314.363128197315	2
17	322	9350.828340091893	1
17	350	10059.605443442451	1
17	353	10074.781597284966	2
17	362	10272.97938792821	2
17	398	10878.380834993023	1
17	472	13042.922069332983	1
17	528	13973.334891841173	3
17	658	18175.290219818288	1
17	661	18321.858737552473	4
18	52	1170.888487275784	409
18	89	2116.621038459827	512
18	114	2694.995217799349	512
18	127	3018.942525182601	512
18	181	4813.489109244547	409
18	210	6281.477844535779	306
18	213	6388.108441350907	409
18	256	8074.031402873378	512
18	258	8097.887477936932	203
18	318	9310.645069506752	203
18	332	9532.572935944725	306
18	387	10705.807979899805	203
18	426	11598.190692922178	306
18	440	11870.188226303474	306
18	453	12517.94439647821	512
18	482	13203.793608024268	203
18	564	15240.030502309092	409
18	627	17175.610553882895	512
18	630	17319.922215639144	306
18	671	18661.757657079445	203
19	52	1170.888487275784	9
19	89	2116.621038459827	12
19	114	2694.995217799349	12
19	127	3018.942525182601	12
19	181	4813.489109244547	9
19	210	6281.477844535779	6
19	213	6388.108441350907	9
19	256	8074.031402873378	12
19	258	8097.887477936932	3
19	318	9310.645069506752	3
19	332	9532.572935944725	6
19	387	10705.807979899805	3
19	426	11598.190692922178	6
19	440	11870.188226303474	6
19	453	12517.94439647821	12
19	482	13203.793608024268	3
19	564	15240.030502309092	9
19	627	17175.610553882895	12
19	630	17319.922215639144	6
19	671	18661.757657079445	3
20	52	1170.888487275784	3
20	89	2116.621038459827	4
20	114	2694.995217799349	4
20	127	3018.942525182601	4
20	181	4813.489109244547	3
20	210	6281.477844535779	2
20	213	6388.108441350907	3
20	256	8074.031402873378	4
20	258	8097.887477936932	1
20	318	9310.645069506752	1
20	332	9532.572935944725	2
20	387	10705.807979899805	1
20	426	11598.190692922178	2
20	440	11870.188226303474	2
20	453	12517.94439647821	4
20	482	13203.793608024268	1
20	564	15240.030502309092	3
20	627	17175.610553882895	4
20	630	17319.922215639144	2
20	671	18661.757657079445	1
21	68	1619.253859362667	203
21	91	2129.467786635721	409
21	107	2530.87771781287	306
21	155	4022.008934203764	306
21	158	4118.31955609511	306
21	284	8662.921088817011	512
21	289	8749.425101977834	409
21	292	8798.040178472698	306
21	373	10482.787001520284	512
21	464	12904.422639961042	409
21	486	13252.315580629184	512
21	521	13822.024232757837	409
21	533	14080.035198860551	512
21	552	15018.358032841665	409
21	640	17704.688639016135	203
22	68	1619.253859362667	3
22	91	2129.467786635721	9
22	107	2530.87771781287	6
22	155	4022.008934203764	6
22	158	4118.31955609511	6
22	284	8662.921088817011	12
22	289	8749.425101977834	9
22	292	8798.040178472698	6
22	373	10482.787001520284	12
22	464	12904.422639961042	9
22	486	13252.315580629184	12
22	521	13822.024232757837	9
22	533	14080.035198860551	12
22	552	15018.358032841665	9
22	640	17704.688639016135	3
23	68	1619.253859362667	1
23	91	2129.467786635721	3
23	107	2530.87771781287	2
23	155	4022.008934203764	2
23	158	4118.31955609511	2
23	284	8662.921088817011	4
23	289	8749.425101977834	3
23	292	8798.040178472698	2
23	373	10482.787001520284	4
23	464	12904.422639961042	3
23	486	13252.315580629184	4
23	521	13822.024232757837	3
23	533	14080.035198860551	4
23	552	15018.358032841665	3
23	640	17704.688639016135	1
24	79	1880.359227414026	512
24	83	1971.550087750406	409
24	130	3100.967468627067	512
24	163	4227.36902040256	409
24	243	7747.938902219888	306
24	300	8981.184783497769	512
24	365	10296.59987358557	512
24	395	10827.35019218737	512
24	447	12149.127222731071	409
24	490	13310.919896697837	409
24	497	13425.296387621866	409
24	550	14988.09499114789	306
24	581	15667.201769953109	512
24	582	15672.400806396918	512
24	589	15788.469176233465	409
24	616	16901.51838954509	512
24	653	18003.658421138819	203
25	79	1880.359227414026	12
25	83	1971.550087750406	9
25	130	3100.967468627067	12
25	163	4227.36902040256	9
25	243	7747.938902219888	6
25	300	8981.184783497769	12
25	365	10296.59987358557	12
25	395	10827.35019218737	12
25	447	12149.127222731071	9
25	490	13310.919896697837	9
25	497	13425.296387621866	9
25	550	14988.09499114789	6
25	581	15667.201769953109	12
25	582	15672.400806396918	12
25	589	15788.469176233465	9
25	616	16901.51838954509	12
25	653	18003.658421138819	3
26	79	1880.359227414026	4
26	83	1971.550087750406	3
26	130	3100.967468627067	4
26	163	4227.36902040256	3
26	243	7747.938902219888	2
26	300	8981.184783497769	4
26	365	10296.59987358557	4
26	395	10827.35019218737	4
26	447	12149.127222731071	3
26	490	13310.919896697837	3
26	497	13425.296387621866	3
26	550	14988.09499114789	2
26	581	15667.201769953109	4
26	582	15672.400806396918	4
26	589	15788.469176233465	3
26	616	16901.51838954509	4
26	653	18003.658421138819	1
27	124	2970.66730653828	306
27	134	3220.549536925929	409
27	135	3274.037802210099	203
27	146	3865.812679157139	203
27	173	4572.982164813828	409
27	186	4939.29196606348	306
27	236	7574.298420925385	409
27	250	7943.496231165688	512
27	274	8459.296148455486	409
27	310	9182.524657310877	409
27	312	9213.170478614501	203
27	328	9482.783198394015	409
27	390	10738.74946705706	306
27	406	11110.041410034948	306
27	436	11806.376571060962	512
27	535	14162.607810858422	409
27	568	15303.117613508123	512
27	683	19296.84058482382	306
28	124	2970.66730653828	6
28	134	3220.549536925929	9
28	135	3274.037802210099	3
28	146	3865.812679157139	3
28	173	4572.982164813828	9
28	186	4939.29196606348	6
28	236	7574.298420925385	9
28	250	7943.496231165688	12
28	274	8459.296148455486	9
28	310	9182.524657310877	9
28	312	9213.170478614501	3
28	328	9482.783198394015	9
28	390	10738.74946705706	6
28	406	11110.041410034948	6
28	436	11806.376571060962	12
28	535	14162.607810858422	9
28	568	15303.117613508123	12
28	683	19296.84058482382	6
29	124	2970.66730653828	2
29	134	3220.549536925929	3
29	135	3274.037802210099	1
29	146	3865.812679157139	1
29	173	4572.982164813828	3
29	186	4939.29196606348	2
29	236	7574.298420925385	3
29	250	7943.496231165688	4
29	274	8459.296148455486	3
29	310	9182.524657310877	3
29	312	9213.170478614501	1
29	328	9482.783198394015	3
29	390	10738.74946705706	2
29	406	11110.041410034948	2
29	436	11806.376571060962	4
29	535	14162.607810858422	3
29	568	15303.117613508123	4
29	683	19296.84058482382	2
30	166	4312.149229415118	512
30	212	6359.227376777553	306
30	221	6976.150346528909	512
30	226	7275.640303929554	409
30	248	7884.153376031115	512
30	297	8903.08393111073	203
30	329	9487.479366286329	203
30	330	9522.672622395933	306
30	333	9629.997163041678	306
30	342	9917.54497139947	203
30	405	11080.894561827752	512
30	415	11346.035026286945	203
30	439	11864.626506985749	306
30	445	12062.537518312031	409
30	456	12693.292673185618	203
30	485	13244.803115088832	409
30	492	13357.477089657447	306
30	512	13714.268488555759	512
30	569	15338.336591997016	409
30	600	16192.886691657626	512
30	633	17424.194592306314	512
30	655	18016.698922411461	306
30	668	18574.508410001925	306
30	690	19671.818581487616	409
31	166	4312.149229415118	12
31	212	6359.227376777553	6
31	221	6976.150346528909	12
31	226	7275.640303929554	9
31	248	7884.153376031115	12
31	297	8903.08393111073	3
31	329	9487.479366286329	3
31	330	9522.672622395933	6
31	333	9629.997163041678	6
31	342	9917.54497139947	3
31	405	11080.894561827752	12
31	415	11346.035026286945	3
31	439	11864.626506985749	6
31	445	12062.537518312031	9
31	456	12693.292673185618	3
31	485	13244.803115088832	9
31	492	13357.477089657447	6
31	512	13714.268488555759	12
31	569	15338.336591997016	9
31	600	16192.886691657626	12
31	633	17424.194592306314	12
31	655	18016.698922411461	6
31	668	18574.508410001925	6
31	690	19671.818581487616	9
32	166	4312.149229415118	4
32	212	6359.227376777553	2
32	221	6976.150346528909	4
32	226	7275.640303929554	3
32	248	7884.153376031115	4
32	297	8903.08393111073	1
32	329	9487.479366286329	1
32	330	9522.672622395933	2
32	333	9629.997163041678	2
32	342	9917.54497139947	1
32	405	11080.894561827752	4
32	415	11346.035026286945	1
32	439	11864.626506985749	2
32	445	12062.537518312031	3
32	456	12693.292673185618	1
32	485	13244.803115088832	3
32	492	13357.477089657447	2
32	512	13714.268488555759	4
32	569	15338.336591997016	3
32	600	16192.886691657626	4
32	633	17424.194592306314	4
32	655	18016.698922411461	2
32	668	18574.508410001925	2
32	690	19671.818581487616	3
33	86	2023.037681535899	203
33	106	2509.131094141711	409
33	108	2535.016422420869	512
33	190	5129.314073382275	409
33	281	8578.919432721619	203
33	404	11039.904300261622	409
33	517	13771.21540493032	409
33	518	13781.255155595131	512
33	530	13988.321730403756	203
33	567	15280.46064895396	306
33	587	15786.522185283506	306
33	599	16175.756025306561	203
33	603	16300.230518323469	512
33	604	16321.254909843764	203
33	623	17027.721180548537	203
33	647	17865.686620212854	512
33	648	17875.81274815573	203
34	86	2023.037681535899	3
34	106	2509.131094141711	9
34	108	2535.016422420869	12
34	190	5129.314073382275	9
34	281	8578.919432721619	3
34	404	11039.904300261622	9
34	517	13771.21540493032	9
34	518	13781.255155595131	12
34	530	13988.321730403756	3
34	567	15280.46064895396	6
34	587	15786.522185283506	6
34	599	16175.756025306561	3
34	603	16300.230518323469	12
34	604	16321.254909843764	3
34	623	17027.721180548537	3
34	647	17865.686620212854	12
34	648	17875.81274815573	3
35	86	2023.037681535899	1
35	106	2509.131094141711	3
35	108	2535.016422420869	4
35	190	5129.314073382275	3
35	281	8578.919432721619	1
35	404	11039.904300261622	3
35	517	13771.21540493032	3
35	518	13781.255155595131	4
35	530	13988.321730403756	1
35	567	15280.46064895396	2
35	587	15786.522185283506	2
35	599	16175.756025306561	1
35	603	16300.230518323469	4
35	604	16321.254909843764	1
35	623	17027.721180548537	1
35	647	17865.686620212854	4
35	648	17875.81274815573	1

