version 3
run CircleMode-10-20260103-12:11:59-492
attr configname CircleMode
attr datetime 20260103-12:11:59
attr datetimef 20260103-121159
attr experiment CircleMode
attr inifile simulations/nwsim_project/omnetpp.ini
attr iterationvars ""
attr iterationvarsd ""
attr iterationvarsf ""
attr measurement ""
attr network CrossTraffic
attr processid 492
attr repetition 10
attr replication #10
attr resultdir results
attr runnumber 10
attr seedset 10
config description "Junction circle mode with simple routing"
config *.Junc*.junctionMode "\"circle\""
config network CrossTraffic
config sim-time-limit 20000s
config warmup-period 1000s
config repeat 50
config **.scalar-recording true
config **.vector-recording true
config *.Junc*.junctionMode "\"queue\""
config *.EndNW.spawnInterval exponential(800s)
config *.EndNE.spawnInterval exponential(1200s)
config *.EndEN.spawnInterval exponential(1000s)
config *.EndES.spawnInterval exponential(1500s)
config *.EndSE.spawnInterval exponential(900s)
config *.EndSW.spawnInterval exponential(1100s)
config *.EndWS.spawnInterval exponential(1300s)
config *.EndWN.spawnInterval exponential(1400s)

vector 0 CrossTraffic.JuncNW queueLength:vector ETV
attr interpolationmode sample-hold
attr recordingmode vector
attr source queueLength
attr title "Queue Length"
vector 1 CrossTraffic.JuncNW junctionProcessingTime:vector ETV
attr recordingmode vector
attr source junctionProcessingTime
attr title "Junction Processing Time"
vector 2 CrossTraffic.JuncNW vehicleCount:vector ETV
attr recordingmode vector
attr source vehicleCount
attr title "Vehicle Count"
vector 3 CrossTraffic.JuncNE queueLength:vector ETV
attr interpolationmode sample-hold
attr recordingmode vector
attr source queueLength
attr title "Queue Length"
vector 4 CrossTraffic.JuncNE junctionProcessingTime:vector ETV
attr recordingmode vector
attr source junctionProcessingTime
attr title "Junction Processing Time"
vector 5 CrossTraffic.JuncNE vehicleCount:vector ETV
attr recordingmode vector
attr source vehicleCount
attr title "Vehicle Count"
vector 6 CrossTraffic.JuncSE queueLength:vector ETV
attr interpolationmode sample-hold
attr recordingmode vector
attr source queueLength
attr title "Queue Length"
vector 7 CrossTraffic.JuncSE junctionProcessingTime:vector ETV
attr recordingmode vector
attr source junctionProcessingTime
attr title "Junction Processing Time"
vector 8 CrossTraffic.JuncSE vehicleCount:vector ETV
attr recordingmode vector
attr source vehicleCount
attr title "Vehicle Count"
vector 9 CrossTraffic.JuncSW queueLength:vector ETV
attr interpolationmode sample-hold
attr recordingmode vector
attr source queueLength
attr title "Queue Length"
vector 10 CrossTraffic.JuncSW junctionProcessingTime:vector ETV
attr recordingmode vector
attr source junctionProcessingTime
attr title "Junction Processing Time"
vector 11 CrossTraffic.JuncSW vehicleCount:vector ETV
attr recordingmode vector
attr source vehicleCount
attr title "Vehicle Count"
vector 12 CrossTraffic.EndNW travelTime:vector ETV
attr recordingmode vector
attr source travelTime
attr title "Vehicle Travel Time"
vector 13 CrossTraffic.EndNW junctionTime:vector ETV
attr recordingmode vector
attr source junctionTime
attr title "Total Junction Time per Vehicle"
vector 14 CrossTraffic.EndNW junctionCount:vector ETV
attr recordingmode vector
attr source junctionCount
attr title "Junctions Visited per Vehicle"
vector 15 CrossTraffic.EndNE travelTime:vector ETV
attr recordingmode vector
attr source travelTime
attr title "Vehicle Travel Time"
vector 16 CrossTraffic.EndNE junctionTime:vector ETV
attr recordingmode vector
attr source junctionTime
attr title "Total Junction Time per Vehicle"
vector 17 CrossTraffic.EndNE junctionCount:vector ETV
attr recordingmode vector
attr source junctionCount
attr title "Junctions Visited per Vehicle"
vector 18 CrossTraffic.EndEN travelTime:vector ETV
attr recordingmode vector
attr source travelTime
attr title "Vehicle Travel Time"
vector 19 CrossTraffic.EndEN junctionTime:vector ETV
attr recordingmode vector
attr source junctionTime
attr title "Total Junction Time per Vehicle"
vector 20 CrossTraffic.EndEN junctionCount:vector ETV
attr recordingmode vector
attr source junctionCount
attr title "Junctions Visited per Vehicle"
vector 21 CrossTraffic.EndES travelTime:vector ETV
attr recordingmode vector
attr source travelTime
attr title "Vehicle Travel Time"
vector 22 CrossTraffic.EndES junctionTime:vector ETV
attr recordingmode vector
attr source junctionTime
attr title "Total Junction Time per Vehicle"
vector 23 CrossTraffic.EndES junctionCount:vector ETV
attr recordingmode vector
attr source junctionCount
attr title "Junctions Visited per Vehicle"
vector 24 CrossTraffic.EndSE travelTime:vector ETV
attr recordingmode vector
attr source travelTime
attr title "Vehicle Travel Time"
vector 25 CrossTraffic.EndSE junctionTime:vector ETV
attr recordingmode vector
attr source junctionTime
attr title "Total Junction Time per Vehicle"
vector 26 CrossTraffic.EndSE junctionCount:vector ETV
attr recordingmode vector
attr source junctionCount
attr title "Junctions Visited per Vehicle"
vector 27 CrossTraffic.EndSW travelTime:vector ETV
attr recordingmode vector
attr source travelTime
attr title "Vehicle Travel Time"
vector 28 CrossTraffic.EndSW junctionTime:vector ETV
attr recordingmode vector
attr source junctionTime
attr title "Total Junction Time per Vehicle"
vector 29 CrossTraffic.EndSW junctionCount:vector ETV
attr recordingmode vector
attr source junctionCount
attr title "Junctions Visited per Vehicle"
vector 30 CrossTraffic.EndWS travelTime:vector ETV
attr recordingmode vector
attr source travelTime
attr title "Vehicle Travel Time"
vector 31 CrossTraffic.EndWS junctionTime:vector ETV
attr recordingmode vector
attr source junctionTime
attr title "Total Junction Time per Vehicle"
vector 32 CrossTraffic.EndWS junctionCount:vector ETV
attr recordingmode vector
attr source junctionCount
attr title "Junctions Visited per Vehicle"
vector 33 CrossTraffic.EndWN travelTime:vector ETV
attr recordingmode vector
attr source travelTime
attr title "Vehicle Travel Time"
vector 34 CrossTraffic.EndWN junctionTime:vector ETV
attr recordingmode vector
attr source junctionTime
attr title "Total Junction Time per Vehicle"
vector 35 CrossTraffic.EndWN junctionCount:vector ETV
attr recordingmode vector
attr source junctionCount
attr title "Junctions Visited per Vehicle"
0	64	1076.461656941148	0
0	73	1434.683174230821	0
0	74	1438.147079198077	0
0	79	1591.496469034287	0
0	95	2079.484643555106	0
0	97	2138.551014528142	0
0	110	2474.534023096687	0
0	117	2628.034757801803	0
0	119	2687.864551006815	0
0	124	2848.864536115845	0
0	147	3365.441403851164	0
0	165	3645.090145251354	0
0	172	3760.982105919127	0
0	174	3860.718649146949	0
0	177	3951.75688036553	0
0	182	4092.935732718269	0
0	188	4514.042763201667	0
0	193	4763.300367192466	0
0	196	4850.272247083063	0
0	198	4907.57444109256	0
0	209	5141.716054242597	0
0	213	5188.434050848441	0
0	214	5244.07310459483	0
0	226	5466.075995965712	0
0	231	5585.74297564658	0
0	237	5728.066263045451	0
0	249	5912.397446500372	0
0	251	5954.722295912176	0
0	281	6607.183056521875	0
0	283	6634.620756776963	0
0	288	6725.179267627585	0
0	300	6875.757668054444	0
0	316	7027.763023367928	0
0	321	7094.423616260398	0
0	322	7098.383869601805	0
0	325	7154.957659420228	0
0	339	7460.116458738546	0
0	350	8117.372246454394	0
0	352	8188.834003773294	0
0	372	8475.170361834798	0
0	373	8484.733104003776	0
0	375	8523.32499312682	0
0	376	8535.134397700739	0
0	379	8543.117455608283	0
0	387	8646.020466592248	0
0	397	8755.207138744403	0
0	411	9009.050739598273	0
0	413	9040.817874305062	0
0	416	9121.025369704312	0
0	434	9536.597313508614	0
0	435	9576.505345304521	0
0	441	9708.448121099668	0
0	450	10064.829089182108	0
0	451	10076.194879676825	0
0	466	11096.852361342317	0
0	486	11476.926492828476	0
0	491	11536.080360911507	0
0	496	11574.234824275468	0
0	499	11598.235843602844	0
0	500	11633.686279114449	0
0	505	11671.352247394935	0
0	507	11697.229431077168	0
0	519	11869.652818227982	0
0	520	11872.281129263514	0
0	528	11974.131001551156	0
0	545	12355.274636560996	0
0	558	12686.520035254013	0
0	567	13377.240863253309	0
0	570	13510.509405035117	0
0	575	13783.319653025932	0
0	588	14206.901091448774	0
0	592	14262.217236108479	0
0	596	14353.418309730761	0
0	599	14386.28657252395	0
0	609	15138.802517957484	0
0	623	15793.862251029202	0
0	627	16023.326409077401	0
0	637	16270.645632388816	0
0	649	16550.087751773404	0
0	650	16585.851107441066	0
0	652	16603.085295449314	0
0	662	16794.861020158392	0
0	664	16817.442646660497	0
0	667	16872.083911847114	0
0	672	16925.983353645151	0
0	679	17097.508301514633	0
0	686	17296.75821127912	0
0	708	18212.045828933226	0
0	716	18390.245938767393	0
0	722	18531.813883096873	0
0	726	18651.452575964444	0
0	731	18886.665808078403	0
0	741	19264.178410371328	0
0	747	19469.449665652358	0
0	749	19486.56357295042	0
1	64	1076.461656941148	3
1	73	1434.683174230821	3
1	74	1438.147079198077	3
1	79	1591.496469034287	3
1	95	2079.484643555106	3
1	97	2138.551014528142	3
1	110	2474.534023096687	3
1	117	2628.034757801803	3
1	119	2687.864551006815	3
1	124	2848.864536115845	3
1	147	3365.441403851164	3
1	165	3645.090145251354	3
1	172	3760.982105919127	3
1	174	3860.718649146949	3
1	177	3951.75688036553	3
1	182	4092.935732718269	3
1	188	4514.042763201667	3
1	193	4763.300367192466	3
1	196	4850.272247083063	3
1	198	4907.57444109256	3
1	209	5141.716054242597	3
1	213	5188.434050848441	3
1	214	5244.07310459483	3
1	226	5466.075995965712	3
1	231	5585.74297564658	3
1	237	5728.066263045451	3
1	249	5912.397446500372	3
1	251	5954.722295912176	3
1	281	6607.183056521875	3
1	283	6634.620756776963	3
1	288	6725.179267627585	3
1	300	6875.757668054444	3
1	316	7027.763023367928	3
1	321	7094.423616260398	3
1	322	7098.383869601805	3
1	325	7154.957659420228	3
1	339	7460.116458738546	3
1	350	8117.372246454394	3
1	352	8188.834003773294	3
1	372	8475.170361834798	3
1	373	8484.733104003776	3
1	375	8523.32499312682	3
1	376	8535.134397700739	3
1	379	8543.117455608283	3
1	387	8646.020466592248	3
1	397	8755.207138744403	3
1	411	9009.050739598273	3
1	413	9040.817874305062	3
1	416	9121.025369704312	3
1	434	9536.597313508614	3
1	435	9576.505345304521	3
1	441	9708.448121099668	3
1	450	10064.829089182108	3
1	451	10076.194879676825	3
1	466	11096.852361342317	3
1	486	11476.926492828476	3
1	491	11536.080360911507	3
1	496	11574.234824275468	3
1	499	11598.235843602844	3
1	500	11633.686279114449	3
1	505	11671.352247394935	3
1	507	11697.229431077168	3
1	519	11869.652818227982	3
1	520	11872.281129263514	3
1	528	11974.131001551156	3
1	545	12355.274636560996	3
1	558	12686.520035254013	3
1	567	13377.240863253309	3
1	570	13510.509405035117	3
1	575	13783.319653025932	3
1	588	14206.901091448774	3
1	592	14262.217236108479	3
1	596	14353.418309730761	3
1	599	14386.28657252395	3
1	609	15138.802517957484	3
1	623	15793.862251029202	3
1	627	16023.326409077401	3
1	637	16270.645632388816	3
1	649	16550.087751773404	3
1	650	16585.851107441066	3
1	652	16603.085295449314	3
1	662	16794.861020158392	3
1	664	16817.442646660497	3
1	667	16872.083911847114	3
1	672	16925.983353645151	3
1	679	17097.508301514633	3
1	686	17296.75821127912	3
1	708	18212.045828933226	3
1	716	18390.245938767393	3
1	722	18531.813883096873	3
1	726	18651.452575964444	3
1	731	18886.665808078403	3
1	741	19264.178410371328	3
1	747	19469.449665652358	3
1	749	19486.56357295042	3
2	64	1076.461656941148	1576
2	73	1434.683174230821	1577
2	74	1438.147079198077	1578
2	79	1591.496469034287	1579
2	95	2079.484643555106	1583
2	97	2138.551014528142	1581
2	110	2474.534023096687	1586
2	117	2628.034757801803	1588
2	119	2687.864551006815	1587
2	124	2848.864536115845	1589
2	147	3365.441403851164	1593
2	165	3645.090145251354	1594
2	172	3760.982105919127	1601
2	174	3860.718649146949	1600
2	177	3951.75688036553	1599
2	182	4092.935732718269	1602
2	188	4514.042763201667	1603
2	193	4763.300367192466	1605
2	196	4850.272247083063	1604
2	198	4907.57444109256	1606
2	209	5141.716054242597	1607
2	213	5188.434050848441	1610
2	214	5244.07310459483	1608
2	226	5466.075995965712	1611
2	231	5585.74297564658	1612
2	237	5728.066263045451	1614
2	249	5912.397446500372	1617
2	251	5954.722295912176	1618
2	281	6607.183056521875	1624
2	283	6634.620756776963	1623
2	288	6725.179267627585	1627
2	300	6875.757668054444	1625
2	316	7027.763023367928	1634
2	321	7094.423616260398	1632
2	322	7098.383869601805	1633
2	325	7154.957659420228	1629
2	339	7460.116458738546	1637
2	350	8117.372246454394	1638
2	352	8188.834003773294	1639
2	372	8475.170361834798	1645
2	373	8484.733104003776	1640
2	375	8523.32499312682	1641
2	376	8535.134397700739	1644
2	379	8543.117455608283	1646
2	387	8646.020466592248	1642
2	397	8755.207138744403	1648
2	411	9009.050739598273	1651
2	413	9040.817874305062	1649
2	416	9121.025369704312	1652
2	434	9536.597313508614	1655
2	435	9576.505345304521	1657
2	441	9708.448121099668	1658
2	450	10064.829089182108	1659
2	451	10076.194879676825	1660
2	466	11096.852361342317	1664
2	486	11476.926492828476	1665
2	491	11536.080360911507	1667
2	496	11574.234824275468	1671
2	499	11598.235843602844	1668
2	500	11633.686279114449	1669
2	505	11671.352247394935	1675
2	507	11697.229431077168	1672
2	519	11869.652818227982	1673
2	520	11872.281129263514	1674
2	528	11974.131001551156	1676
2	545	12355.274636560996	1681
2	558	12686.520035254013	1684
2	567	13377.240863253309	1685
2	570	13510.509405035117	1686
2	575	13783.319653025932	1687
2	588	14206.901091448774	1689
2	592	14262.217236108479	1688
2	596	14353.418309730761	1693
2	599	14386.28657252395	1691
2	609	15138.802517957484	1695
2	623	15793.862251029202	1698
2	627	16023.326409077401	1699
2	637	16270.645632388816	1701
2	649	16550.087751773404	1706
2	650	16585.851107441066	1705
2	652	16603.085295449314	1704
2	662	16794.861020158392	1707
2	664	16817.442646660497	1709
2	667	16872.083911847114	1708
2	672	16925.983353645151	1710
2	679	17097.508301514633	1711
2	686	17296.75821127912	1712
2	708	18212.045828933226	1716
2	716	18390.245938767393	1715
2	722	18531.813883096873	1717
2	726	18651.452575964444	1719
2	731	18886.665808078403	1720
2	741	19264.178410371328	1722
2	747	19469.449665652358	1724
2	749	19486.56357295042	1725
3	70	1331.683174230821	0
3	71	1335.147079198077	0
3	75	1488.496469034287	0
3	90	1955.848829964564	0
3	93	2035.551014528142	0
3	102	2327.343889879981	0
3	106	2388.484643555106	0
3	113	2525.034757801803	0
3	116	2584.864551006815	0
3	132	3119.096458873477	0
3	139	3260.518432641545	0
3	140	3262.441403851164	0
3	148	3383.462083310313	0
3	149	3383.778696294529	0
3	152	3431.493670611197	0
3	160	3542.090145251354	0
3	163	3623.25131290795	0
3	171	3757.718649146949	0
3	173	3848.75688036553	0
3	179	3989.935732718269	0
3	187	4411.042763201667	0
3	192	4747.272247083063	0
3	203	5038.716054242597	0
3	208	5141.07310459483	0
3	221	5363.075995965712	0
3	227	5482.74297564658	0
3	238	5741.81965240161	0
3	248	5879.07150930742	0
3	252	5967.232847826768	0
3	265	6173.838123670785	0
3	266	6221.397446500372	0
3	272	6334.571367156719	0
3	278	6531.620756776963	0
3	292	6772.757668054444	0
3	299	6863.805669171884	0
3	305	6916.183056521875	0
3	312	6990.568414099384	0
3	313	6991.423616260398	0
3	314	6995.383869601805	0
3	317	7030.216673462385	0
3	319	7051.957659420228	0
3	341	7519.654422900536	0
3	346	7769.116458738546	0
3	365	8381.733104003776	0
3	367	8420.32499312682	0
3	368	8432.134397700739	0
3	374	8497.834003773294	0
3	378	8543.020466592248	0
3	403	8847.909664874832	0
3	406	8906.050739598273	0
3	408	8937.817874305062	0
3	412	9018.025369704312	0
3	429	9433.597313508614	0
3	433	9520.815913345915	0
3	436	9605.448121099668	0
3	447	9961.829089182108	0
3	455	10385.194879676825	0
3	473	11301.479020800501	0
3	476	11357.292274380331	0
3	477	11373.926492828476	0
3	480	11405.852361342317	0
3	482	11433.080360911507	0
3	488	11495.235843602844	0
3	490	11530.686279114449	0
3	498	11594.229431077168	0
3	511	11764.654878460383	0
3	512	11766.652818227982	0
3	513	11769.281129263514	0
3	531	11989.889818614635	0
3	532	11990.453413498949	0
3	537	12084.447470364512	0
3	547	12381.848939309214	0
3	565	13274.240863253309	0
3	568	13407.509405035117	0
3	574	13680.319653025932	0
3	584	14103.901091448774	0
3	586	14159.217236108479	0
3	591	14260.829267792589	0
3	593	14283.28657252395	0
3	603	14555.709799185736	0
3	606	14866.335949277553	0
3	619	15491.852653782426	0
3	622	15690.862251029202	0
3	626	15920.326409077401	0
3	632	16157.770509783676	0
3	633	16167.645632388816	0
3	647	16482.851107441066	0
3	648	16500.085295449314	0
3	656	16691.861020158392	0
3	660	16769.083911847114	0
3	674	16994.508301514633	0
3	685	17234.983353645151	0
3	696	17623.3976377009	0
3	703	18109.045828933226	0
3	704	18121.055078771941	0
3	712	18287.245938767393	0
3	718	18428.813883096873	0
3	720	18459.638165856997	0
3	723	18548.452575964444	0
3	729	18783.665808078403	0
3	738	19161.178410371328	0
3	739	19183.583758787902	0
4	70	1331.683174230821	3
4	71	1335.147079198077	3
4	75	1488.496469034287	3
4	90	1955.848829964564	3
4	93	2035.551014528142	3
4	102	2327.343889879981	3
4	106	2388.484643555106	3
4	113	2525.034757801803	3
4	116	2584.864551006815	3
4	132	3119.096458873477	3
4	139	3260.518432641545	3
4	140	3262.441403851164	3
4	148	3383.462083310313	3
4	149	3383.778696294529	3
4	152	3431.493670611197	3
4	160	3542.090145251354	3
4	163	3623.25131290795	3
4	171	3757.718649146949	3
4	173	3848.75688036553	3
4	179	3989.935732718269	3
4	187	4411.042763201667	3
4	192	4747.272247083063	3
4	203	5038.716054242597	3
4	208	5141.07310459483	3
4	221	5363.075995965712	3
4	227	5482.74297564658	3
4	238	5741.81965240161	3
4	248	5879.07150930742	3
4	252	5967.232847826768	3
4	265	6173.838123670785	3
4	266	6221.397446500372	3
4	272	6334.571367156719	3
4	278	6531.620756776963	3
4	292	6772.757668054444	3
4	299	6863.805669171884	3
4	305	6916.183056521875	3
4	312	6990.568414099384	3
4	313	6991.423616260398	3
4	314	6995.383869601805	3
4	317	7030.216673462385	3
4	319	7051.957659420228	3
4	341	7519.654422900536	3
4	346	7769.116458738546	3
4	365	8381.733104003776	3
4	367	8420.32499312682	3
4	368	8432.134397700739	3
4	374	8497.834003773294	3
4	378	8543.020466592248	3
4	403	8847.909664874832	3
4	406	8906.050739598273	3
4	408	8937.817874305062	3
4	412	9018.025369704312	3
4	429	9433.597313508614	3
4	433	9520.815913345915	3
4	436	9605.448121099668	3
4	447	9961.829089182108	3
4	455	10385.194879676825	3
4	473	11301.479020800501	3
4	476	11357.292274380331	3
4	477	11373.926492828476	3
4	480	11405.852361342317	3
4	482	11433.080360911507	3
4	488	11495.235843602844	3
4	490	11530.686279114449	3
4	498	11594.229431077168	3
4	511	11764.654878460383	3
4	512	11766.652818227982	3
4	513	11769.281129263514	3
4	531	11989.889818614635	3
4	532	11990.453413498949	3
4	537	12084.447470364512	3
4	547	12381.848939309214	3
4	565	13274.240863253309	3
4	568	13407.509405035117	3
4	574	13680.319653025932	3
4	584	14103.901091448774	3
4	586	14159.217236108479	3
4	591	14260.829267792589	3
4	593	14283.28657252395	3
4	603	14555.709799185736	3
4	606	14866.335949277553	3
4	619	15491.852653782426	3
4	622	15690.862251029202	3
4	626	15920.326409077401	3
4	632	16157.770509783676	3
4	633	16167.645632388816	3
4	647	16482.851107441066	3
4	648	16500.085295449314	3
4	656	16691.861020158392	3
4	660	16769.083911847114	3
4	674	16994.508301514633	3
4	685	17234.983353645151	3
4	696	17623.3976377009	3
4	703	18109.045828933226	3
4	704	18121.055078771941	3
4	712	18287.245938767393	3
4	718	18428.813883096873	3
4	720	18459.638165856997	3
4	723	18548.452575964444	3
4	729	18783.665808078403	3
4	738	19161.178410371328	3
4	739	19183.583758787902	3
5	70	1331.683174230821	1577
5	71	1335.147079198077	1578
5	75	1488.496469034287	1579
5	90	1955.848829964564	1582
5	93	2035.551014528142	1581
5	102	2327.343889879981	1584
5	106	2388.484643555106	1583
5	113	2525.034757801803	1588
5	116	2584.864551006815	1587
5	132	3119.096458873477	1590
5	139	3260.518432641545	1591
5	140	3262.441403851164	1593
5	148	3383.462083310313	1595
5	149	3383.778696294529	1592
5	152	3431.493670611197	1597
5	160	3542.090145251354	1594
5	163	3623.25131290795	1598
5	171	3757.718649146949	1600
5	173	3848.75688036553	1599
5	179	3989.935732718269	1602
5	187	4411.042763201667	1603
5	192	4747.272247083063	1604
5	203	5038.716054242597	1607
5	208	5141.07310459483	1608
5	221	5363.075995965712	1611
5	227	5482.74297564658	1612
5	238	5741.81965240161	1613
5	248	5879.07150930742	1616
5	252	5967.232847826768	1615
5	265	6173.838123670785	1619
5	266	6221.397446500372	1617
5	272	6334.571367156719	1621
5	278	6531.620756776963	1623
5	292	6772.757668054444	1625
5	299	6863.805669171884	1628
5	305	6916.183056521875	1624
5	312	6990.568414099384	1630
5	313	6991.423616260398	1632
5	314	6995.383869601805	1633
5	317	7030.216673462385	1631
5	319	7051.957659420228	1629
5	341	7519.654422900536	1635
5	346	7769.116458738546	1637
5	365	8381.733104003776	1640
5	367	8420.32499312682	1641
5	368	8432.134397700739	1644
5	374	8497.834003773294	1639
5	378	8543.020466592248	1642
5	403	8847.909664874832	1647
5	406	8906.050739598273	1651
5	408	8937.817874305062	1649
5	412	9018.025369704312	1652
5	429	9433.597313508614	1655
5	433	9520.815913345915	1656
5	436	9605.448121099668	1658
5	447	9961.829089182108	1659
5	455	10385.194879676825	1660
5	473	11301.479020800501	1663
5	476	11357.292274380331	1666
5	477	11373.926492828476	1665
5	480	11405.852361342317	1664
5	482	11433.080360911507	1667
5	488	11495.235843602844	1668
5	490	11530.686279114449	1669
5	498	11594.229431077168	1672
5	511	11764.654878460383	1670
5	512	11766.652818227982	1673
5	513	11769.281129263514	1674
5	531	11989.889818614635	1678
5	532	11990.453413498949	1679
5	537	12084.447470364512	1677
5	547	12381.848939309214	1680
5	565	13274.240863253309	1685
5	568	13407.509405035117	1686
5	574	13680.319653025932	1687
5	584	14103.901091448774	1689
5	586	14159.217236108479	1688
5	591	14260.829267792589	1690
5	593	14283.28657252395	1691
5	603	14555.709799185736	1692
5	606	14866.335949277553	1694
5	619	15491.852653782426	1696
5	622	15690.862251029202	1698
5	626	15920.326409077401	1699
5	632	16157.770509783676	1700
5	633	16167.645632388816	1701
5	647	16482.851107441066	1705
5	648	16500.085295449314	1704
5	656	16691.861020158392	1707
5	660	16769.083911847114	1708
5	674	16994.508301514633	1711
5	685	17234.983353645151	1710
5	696	17623.3976377009	1713
5	703	18109.045828933226	1716
5	704	18121.055078771941	1714
5	712	18287.245938767393	1715
5	718	18428.813883096873	1717
5	720	18459.638165856997	1718
5	723	18548.452575964444	1719
5	729	18783.665808078403	1720
5	738	19161.178410371328	1722
5	739	19183.583758787902	1721
6	68	1228.683174230821	0
6	82	1644.147079198077	0
6	84	1699.870220697128	0
6	89	1932.551014528142	0
6	99	2224.343889879981	0
6	101	2285.484643555106	0
6	109	2457.338667510618	0
6	111	2481.864551006815	0
6	128	3016.096458873477	0
6	130	3054.864536115845	0
6	133	3157.518432641545	0
6	141	3280.778696294529	0
6	150	3403.200494173805	0
6	153	3439.090145251354	0
6	158	3520.25131290795	0
6	166	3654.718649146949	0
6	169	3745.75688036553	0
6	184	4298.935732718269	0
6	199	4935.716054242597	0
6	210	5146.836759580929	0
6	217	5260.075995965712	0
6	222	5379.74297564658	0
6	225	5450.07310459483	0
6	233	5638.81965240161	0
6	240	5776.07150930742	0
6	245	5864.232847826768	0
6	250	5934.066263045451	0
6	260	6070.838123670785	0
6	262	6118.397446500372	0
6	267	6231.571367156719	0
6	273	6353.780093930904	0
6	274	6428.620756776963	0
6	285	6669.757668054444	0
6	291	6760.805669171884	0
6	294	6788.831814571269	0
6	295	6813.183056521875	0
6	301	6887.568414099384	0
6	306	6927.216673462385	0
6	308	6931.179267627585	0
6	309	6948.957659420228	0
6	329	7233.763023367928	0
6	331	7304.383869601805	0
6	338	7416.654422900536	0
6	340	7518.4287367662	0
6	345	7666.116458738546	0
6	357	8278.733104003776	0
6	359	8317.32499312682	0
6	366	8394.834003773294	0
6	369	8440.020466592248	0
6	371	8455.013461158541	0
6	390	8681.170361834798	0
6	393	8741.134397700739	0
6	394	8744.909664874832	0
6	401	8834.817874305062	0
6	405	8858.914442742831	0
6	419	9215.050739598273	0
6	432	9515.152453128424	0
6	445	9858.829089182108	0
6	446	9914.448121099668	0
6	454	10282.194879676825	0
6	463	11036.461129863618	0
6	469	11198.479020800501	0
6	472	11270.926492828476	0
6	474	11302.852361342317	0
6	502	11661.654878460383	0
6	503	11663.652818227982	0
6	504	11666.281129263514	0
6	517	11839.686279114449	0
6	525	11903.229431077168	0
6	530	11981.447470364512	0
6	543	12278.848939309214	0
6	553	12560.747530059478	0
6	554	12561.274636560996	0
6	563	13171.240863253309	0
6	566	13304.509405035117	0
6	578	13989.319653025932	0
6	580	14056.217236108479	0
6	585	14157.829267792589	0
6	587	14180.28657252395	0
6	600	14452.709799185736	0
6	614	15286.560820287888	0
6	615	15344.802517957484	0
6	616	15388.852653782426	0
6	640	16354.147612735337	0
6	643	16397.085295449314	0
6	659	16756.087751773404	0
6	661	16791.851107441066	0
6	675	17000.861020158392	0
6	678	17078.083911847114	0
6	681	17131.983353645151	0
6	687	17303.508301514633	0
6	693	17502.75821127912	0
6	694	17520.3976377009	0
6	701	18018.055078771941	0
6	707	18184.245938767393	0
6	714	18325.813883096873	0
6	715	18356.638165856997	0
6	735	19080.583758787902	0
6	740	19247.418045620847	0
6	756	19898.503113823614	0
7	68	1228.683174230821	3
7	82	1644.147079198077	3
7	84	1699.870220697128	3
7	89	1932.551014528142	3
7	99	2224.343889879981	3
7	101	2285.484643555106	3
7	109	2457.338667510618	3
7	111	2481.864551006815	3
7	128	3016.096458873477	3
7	130	3054.864536115845	3
7	133	3157.518432641545	3
7	141	3280.778696294529	3
7	150	3403.200494173805	3
7	153	3439.090145251354	3
7	158	3520.25131290795	3
7	166	3654.718649146949	3
7	169	3745.75688036553	3
7	184	4298.935732718269	3
7	199	4935.716054242597	3
7	210	5146.836759580929	3
7	217	5260.075995965712	3
7	222	5379.74297564658	3
7	225	5450.07310459483	3
7	233	5638.81965240161	3
7	240	5776.07150930742	3
7	245	5864.232847826768	3
7	250	5934.066263045451	3
7	260	6070.838123670785	3
7	262	6118.397446500372	3
7	267	6231.571367156719	3
7	273	6353.780093930904	3
7	274	6428.620756776963	3
7	285	6669.757668054444	3
7	291	6760.805669171884	3
7	294	6788.831814571269	3
7	295	6813.183056521875	3
7	301	6887.568414099384	3
7	306	6927.216673462385	3
7	308	6931.179267627585	3
7	309	6948.957659420228	3
7	329	7233.763023367928	3
7	331	7304.383869601805	3
7	338	7416.654422900536	3
7	340	7518.4287367662	3
7	345	7666.116458738546	3
7	357	8278.733104003776	3
7	359	8317.32499312682	3
7	366	8394.834003773294	3
7	369	8440.020466592248	3
7	371	8455.013461158541	3
7	390	8681.170361834798	3
7	393	8741.134397700739	3
7	394	8744.909664874832	3
7	401	8834.817874305062	3
7	405	8858.914442742831	3
7	419	9215.050739598273	3
7	432	9515.152453128424	3
7	445	9858.829089182108	3
7	446	9914.448121099668	3
7	454	10282.194879676825	3
7	463	11036.461129863618	3
7	469	11198.479020800501	3
7	472	11270.926492828476	3
7	474	11302.852361342317	3
7	502	11661.654878460383	3
7	503	11663.652818227982	3
7	504	11666.281129263514	3
7	517	11839.686279114449	3
7	525	11903.229431077168	3
7	530	11981.447470364512	3
7	543	12278.848939309214	3
7	553	12560.747530059478	3
7	554	12561.274636560996	3
7	563	13171.240863253309	3
7	566	13304.509405035117	3
7	578	13989.319653025932	3
7	580	14056.217236108479	3
7	585	14157.829267792589	3
7	587	14180.28657252395	3
7	600	14452.709799185736	3
7	614	15286.560820287888	3
7	615	15344.802517957484	3
7	616	15388.852653782426	3
7	640	16354.147612735337	3
7	643	16397.085295449314	3
7	659	16756.087751773404	3
7	661	16791.851107441066	3
7	675	17000.861020158392	3
7	678	17078.083911847114	3
7	681	17131.983353645151	3
7	687	17303.508301514633	3
7	693	17502.75821127912	3
7	694	17520.3976377009	3
7	701	18018.055078771941	3
7	707	18184.245938767393	3
7	714	18325.813883096873	3
7	715	18356.638165856997	3
7	735	19080.583758787902	3
7	740	19247.418045620847	3
7	756	19898.503113823614	3
8	68	1228.683174230821	1577
8	82	1644.147079198077	1578
8	84	1699.870220697128	1580
8	89	1932.551014528142	1581
8	99	2224.343889879981	1584
8	101	2285.484643555106	1583
8	109	2457.338667510618	1585
8	111	2481.864551006815	1587
8	128	3016.096458873477	1590
8	130	3054.864536115845	1589
8	133	3157.518432641545	1591
8	141	3280.778696294529	1592
8	150	3403.200494173805	1596
8	153	3439.090145251354	1594
8	158	3520.25131290795	1598
8	166	3654.718649146949	1600
8	169	3745.75688036553	1599
8	184	4298.935732718269	1602
8	199	4935.716054242597	1607
8	210	5146.836759580929	1609
8	217	5260.075995965712	1611
8	222	5379.74297564658	1612
8	225	5450.07310459483	1608
8	233	5638.81965240161	1613
8	240	5776.07150930742	1616
8	245	5864.232847826768	1615
8	250	5934.066263045451	1614
8	260	6070.838123670785	1619
8	262	6118.397446500372	1617
8	267	6231.571367156719	1621
8	273	6353.780093930904	1622
8	274	6428.620756776963	1623
8	285	6669.757668054444	1625
8	291	6760.805669171884	1628
8	294	6788.831814571269	1626
8	295	6813.183056521875	1624
8	301	6887.568414099384	1630
8	306	6927.216673462385	1631
8	308	6931.179267627585	1627
8	309	6948.957659420228	1629
8	329	7233.763023367928	1634
8	331	7304.383869601805	1633
8	338	7416.654422900536	1635
8	340	7518.4287367662	1636
8	345	7666.116458738546	1637
8	357	8278.733104003776	1640
8	359	8317.32499312682	1641
8	366	8394.834003773294	1639
8	369	8440.020466592248	1642
8	371	8455.013461158541	1643
8	390	8681.170361834798	1645
8	393	8741.134397700739	1644
8	394	8744.909664874832	1647
8	401	8834.817874305062	1649
8	405	8858.914442742831	1650
8	419	9215.050739598273	1651
8	432	9515.152453128424	1654
8	445	9858.829089182108	1659
8	446	9914.448121099668	1658
8	454	10282.194879676825	1660
8	463	11036.461129863618	1662
8	469	11198.479020800501	1663
8	472	11270.926492828476	1665
8	474	11302.852361342317	1664
8	502	11661.654878460383	1670
8	503	11663.652818227982	1673
8	504	11666.281129263514	1674
8	517	11839.686279114449	1669
8	525	11903.229431077168	1672
8	530	11981.447470364512	1677
8	543	12278.848939309214	1680
8	553	12560.747530059478	1683
8	554	12561.274636560996	1681
8	563	13171.240863253309	1685
8	566	13304.509405035117	1686
8	578	13989.319653025932	1687
8	580	14056.217236108479	1688
8	585	14157.829267792589	1690
8	587	14180.28657252395	1691
8	600	14452.709799185736	1692
8	614	15286.560820287888	1697
8	615	15344.802517957484	1695
8	616	15388.852653782426	1696
8	640	16354.147612735337	1702
8	643	16397.085295449314	1704
8	659	16756.087751773404	1706
8	661	16791.851107441066	1705
8	675	17000.861020158392	1707
8	678	17078.083911847114	1708
8	681	17131.983353645151	1710
8	687	17303.508301514633	1711
8	693	17502.75821127912	1712
8	694	17520.3976377009	1713
8	701	18018.055078771941	1714
8	707	18184.245938767393	1715
8	714	18325.813883096873	1717
8	715	18356.638165856997	1718
8	735	19080.583758787902	1721
8	740	19247.418045620847	1723
8	756	19898.503113823614	1726
9	77	1537.683174230821	0
9	78	1541.147079198077	0
9	80	1596.870220697128	0
9	96	2121.343889879981	0
9	98	2182.484643555106	0
9	115	2577.534023096687	0
9	125	2913.096458873477	0
9	126	2951.864536115845	0
9	129	3054.518432641545	0
9	136	3177.778696294529	0
9	145	3336.090145251354	0
9	164	3642.75688036553	0
9	178	3963.718649146949	0
9	183	4195.935732718269	0
9	197	4866.300367192466	0
9	202	5010.57444109256	0
9	218	5276.74297564658	0
9	219	5291.434050848441	0
9	220	5347.07310459483	0
9	228	5535.81965240161	0
9	239	5761.232847826768	0
9	242	5831.066263045451	0
9	253	5967.838123670785	0
9	254	5970.488754131934	0
9	256	6015.397446500372	0
9	258	6057.722295912176	0
9	286	6685.831814571269	0
9	287	6710.183056521875	0
9	297	6828.179267627585	0
9	298	6845.957659420228	0
9	323	7130.763023367928	0
9	327	7201.383869601805	0
9	332	7313.654422900536	0
9	337	7415.4287367662	0
9	342	7563.116458738546	0
9	354	8220.372246454394	0
9	358	8291.834003773294	0
9	362	8337.020466592248	0
9	363	8352.013461158541	0
9	381	8578.170361834798	0
9	382	8587.733104003776	0
9	385	8638.134397700739	0
9	386	8641.909664874832	0
9	388	8646.117455608283	0
9	415	9112.050739598273	0
9	417	9143.817874305062	0
9	418	9182.123842798501	0
9	420	9224.025369704312	0
9	427	9412.152453128424	0
9	440	9679.505345304521	0
9	444	9811.448121099668	0
9	453	10179.194879676825	0
9	458	10534.147772226321	0
9	465	11095.479020800501	0
9	468	11167.926492828476	0
9	470	11199.852361342317	0
9	492	11558.654878460383	0
9	501	11639.080360911507	0
9	506	11677.234824275468	0
9	509	11736.686279114449	0
9	516	11800.229431077168	0
9	527	11972.652818227982	0
9	529	11975.281129263514	0
9	548	12399.07292613665	0
9	549	12457.747530059478	0
9	550	12458.274636560996	0
9	559	12789.520035254013	0
9	564	13201.509405035117	0
9	569	13480.240863253309	0
9	576	13886.319653025932	0
9	595	14349.709799185736	0
9	612	15241.802517957484	0
9	613	15285.852653782426	0
9	635	16251.147612735337	0
9	639	16343.647369048577	0
9	653	16653.087751773404	0
9	655	16688.851107441066	0
9	657	16706.085295449314	0
9	670	16897.861020158392	0
9	671	16920.442646660497	0
9	673	16975.083911847114	0
9	677	17028.983353645151	0
9	684	17200.508301514633	0
9	690	17399.75821127912	0
9	692	17417.3976377009	0
9	702	18081.245938767393	0
9	709	18222.813883096873	0
9	711	18253.638165856997	0
9	713	18315.045828933226	0
9	732	18977.583758787902	0
9	733	18989.665808078403	0
9	744	19367.178410371328	0
9	750	19572.449665652358	0
9	751	19589.56357295042	0
9	757	19994.236333910522	0
10	77	1537.683174230821	3
10	78	1541.147079198077	3
10	80	1596.870220697128	3
10	96	2121.343889879981	3
10	98	2182.484643555106	3
10	115	2577.534023096687	3
10	125	2913.096458873477	3
10	126	2951.864536115845	3
10	129	3054.518432641545	3
10	136	3177.778696294529	3
10	145	3336.090145251354	3
10	164	3642.75688036553	3
10	178	3963.718649146949	3
10	183	4195.935732718269	3
10	197	4866.300367192466	3
10	202	5010.57444109256	3
10	218	5276.74297564658	3
10	219	5291.434050848441	3
10	220	5347.07310459483	3
10	228	5535.81965240161	3
10	239	5761.232847826768	3
10	242	5831.066263045451	3
10	253	5967.838123670785	3
10	254	5970.488754131934	3
10	256	6015.397446500372	3
10	258	6057.722295912176	3
10	286	6685.831814571269	3
10	287	6710.183056521875	3
10	297	6828.179267627585	3
10	298	6845.957659420228	3
10	323	7130.763023367928	3
10	327	7201.383869601805	3
10	332	7313.654422900536	3
10	337	7415.4287367662	3
10	342	7563.116458738546	3
10	354	8220.372246454394	3
10	358	8291.834003773294	3
10	362	8337.020466592248	3
10	363	8352.013461158541	3
10	381	8578.170361834798	3
10	382	8587.733104003776	3
10	385	8638.134397700739	3
10	386	8641.909664874832	3
10	388	8646.117455608283	3
10	415	9112.050739598273	3
10	417	9143.817874305062	3
10	418	9182.123842798501	3
10	420	9224.025369704312	3
10	427	9412.152453128424	3
10	440	9679.505345304521	3
10	444	9811.448121099668	3
10	453	10179.194879676825	3
10	458	10534.147772226321	3
10	465	11095.479020800501	3
10	468	11167.926492828476	3
10	470	11199.852361342317	3
10	492	11558.654878460383	3
10	501	11639.080360911507	3
10	506	11677.234824275468	3
10	509	11736.686279114449	3
10	516	11800.229431077168	3
10	527	11972.652818227982	3
10	529	11975.281129263514	3
10	548	12399.07292613665	3
10	549	12457.747530059478	3
10	550	12458.274636560996	3
10	559	12789.520035254013	3
10	564	13201.509405035117	3
10	569	13480.240863253309	3
10	576	13886.319653025932	3
10	595	14349.709799185736	3
10	612	15241.802517957484	3
10	613	15285.852653782426	3
10	635	16251.147612735337	3
10	639	16343.647369048577	3
10	653	16653.087751773404	3
10	655	16688.851107441066	3
10	657	16706.085295449314	3
10	670	16897.861020158392	3
10	671	16920.442646660497	3
10	673	16975.083911847114	3
10	677	17028.983353645151	3
10	684	17200.508301514633	3
10	690	17399.75821127912	3
10	692	17417.3976377009	3
10	702	18081.245938767393	3
10	709	18222.813883096873	3
10	711	18253.638165856997	3
10	713	18315.045828933226	3
10	732	18977.583758787902	3
10	733	18989.665808078403	3
10	744	19367.178410371328	3
10	750	19572.449665652358	3
10	751	19589.56357295042	3
10	757	19994.236333910522	3
11	77	1537.683174230821	1577
11	78	1541.147079198077	1578
11	80	1596.870220697128	1580
11	96	2121.343889879981	1584
11	98	2182.484643555106	1583
11	115	2577.534023096687	1586
11	125	2913.096458873477	1590
11	126	2951.864536115845	1589
11	129	3054.518432641545	1591
11	136	3177.778696294529	1592
11	145	3336.090145251354	1594
11	164	3642.75688036553	1599
11	178	3963.718649146949	1600
11	183	4195.935732718269	1602
11	197	4866.300367192466	1605
11	202	5010.57444109256	1606
11	218	5276.74297564658	1612
11	219	5291.434050848441	1610
11	220	5347.07310459483	1608
11	228	5535.81965240161	1613
11	239	5761.232847826768	1615
11	242	5831.066263045451	1614
11	253	5967.838123670785	1619
11	254	5970.488754131934	1620
11	256	6015.397446500372	1617
11	258	6057.722295912176	1618
11	286	6685.831814571269	1626
11	287	6710.183056521875	1624
11	297	6828.179267627585	1627
11	298	6845.957659420228	1629
11	323	7130.763023367928	1634
11	327	7201.383869601805	1633
11	332	7313.654422900536	1635
11	337	7415.4287367662	1636
11	342	7563.116458738546	1637
11	354	8220.372246454394	1638
11	358	8291.834003773294	1639
11	362	8337.020466592248	1642
11	363	8352.013461158541	1643
11	381	8578.170361834798	1645
11	382	8587.733104003776	1640
11	385	8638.134397700739	1644
11	386	8641.909664874832	1647
11	388	8646.117455608283	1646
11	415	9112.050739598273	1651
11	417	9143.817874305062	1649
11	418	9182.123842798501	1653
11	420	9224.025369704312	1652
11	427	9412.152453128424	1654
11	440	9679.505345304521	1657
11	444	9811.448121099668	1658
11	453	10179.194879676825	1660
11	458	10534.147772226321	1661
11	465	11095.479020800501	1663
11	468	11167.926492828476	1665
11	470	11199.852361342317	1664
11	492	11558.654878460383	1670
11	501	11639.080360911507	1667
11	506	11677.234824275468	1671
11	509	11736.686279114449	1669
11	516	11800.229431077168	1672
11	527	11972.652818227982	1673
11	529	11975.281129263514	1674
11	548	12399.07292613665	1682
11	549	12457.747530059478	1683
11	550	12458.274636560996	1681
11	559	12789.520035254013	1684
11	564	13201.509405035117	1686
11	569	13480.240863253309	1685
11	576	13886.319653025932	1687
11	595	14349.709799185736	1692
11	612	15241.802517957484	1695
11	613	15285.852653782426	1696
11	635	16251.147612735337	1702
11	639	16343.647369048577	1703
11	653	16653.087751773404	1706
11	655	16688.851107441066	1705
11	657	16706.085295449314	1704
11	670	16897.861020158392	1707
11	671	16920.442646660497	1709
11	673	16975.083911847114	1708
11	677	17028.983353645151	1710
11	684	17200.508301514633	1711
11	690	17399.75821127912	1712
11	692	17417.3976377009	1713
11	702	18081.245938767393	1715
11	709	18222.813883096873	1717
11	711	18253.638165856997	1718
11	713	18315.045828933226	1716
11	732	18977.583758787902	1721
11	733	18989.665808078403	1720
11	744	19367.178410371328	1722
11	750	19572.449665652358	1724
11	751	19589.56357295042	1725
11	757	19994.236333910522	1727
12	170	3748.090145251354	512
12	175	3863.982105919127	203
12	180	4054.75688036553	512
12	200	4953.272247083063	306
12	230	5569.075995965712	409
12	289	6737.620756776963	409
12	326	7197.423616260398	306
12	330	7257.957659420228	512
12	395	8749.020466592248	512
12	404	8858.207138744403	203
12	439	9639.597313508614	306
12	452	10167.829089182108	409
12	535	12077.131001551156	203
12	601	14456.418309730761	203
12	602	14489.28657252395	409
12	625	15896.862251029202	306
12	641	16373.645632388816	306
12	725	18634.813883096873	512
12	728	18754.452575964444	306
13	170	3748.090145251354	12
13	175	3863.982105919127	3
13	180	4054.75688036553	12
13	200	4953.272247083063	6
13	230	5569.075995965712	9
13	289	6737.620756776963	9
13	326	7197.423616260398	6
13	330	7257.957659420228	12
13	395	8749.020466592248	12
13	404	8858.207138744403	3
13	439	9639.597313508614	6
13	452	10167.829089182108	9
13	535	12077.131001551156	3
13	601	14456.418309730761	3
13	602	14489.28657252395	9
13	625	15896.862251029202	6
13	641	16373.645632388816	6
13	725	18634.813883096873	12
13	728	18754.452575964444	6
14	170	3748.090145251354	4
14	175	3863.982105919127	1
14	180	4054.75688036553	4
14	200	4953.272247083063	2
14	230	5569.075995965712	3
14	289	6737.620756776963	3
14	326	7197.423616260398	2
14	330	7257.957659420228	4
14	395	8749.020466592248	4
14	404	8858.207138744403	1
14	439	9639.597313508614	2
14	452	10167.829089182108	3
14	535	12077.131001551156	1
14	601	14456.418309730761	1
14	602	14489.28657252395	3
14	625	15896.862251029202	2
14	641	16373.645632388816	2
14	725	18634.813883096873	4
14	728	18754.452575964444	2
15	94	2058.848829964564	203
15	108	2430.343889879981	409
15	146	3363.518432641545	409
15	155	3486.462083310313	203
15	159	3534.493670611197	203
15	243	5844.81965240161	409
15	255	5982.07150930742	306
15	269	6276.838123670785	409
15	310	6966.805669171884	306
15	320	7093.568414099384	306
15	324	7133.216673462385	306
15	344	7622.654422900536	409
15	347	7872.116458738546	512
15	383	8600.834003773294	512
15	457	10488.194879676825	512
15	479	11404.479020800501	409
15	484	11460.292274380331	203
15	518	11867.654878460383	409
15	539	12093.453413498949	203
15	551	12484.848939309214	306
15	607	14969.335949277553	203
15	636	16260.770509783676	203
15	689	17337.983353645151	512
15	697	17726.3976377009	409
15	710	18224.055078771941	306
15	742	19286.583758787902	409
16	94	2058.848829964564	3
16	108	2430.343889879981	9
16	146	3363.518432641545	9
16	155	3486.462083310313	3
16	159	3534.493670611197	3
16	243	5844.81965240161	9
16	255	5982.07150930742	6
16	269	6276.838123670785	9
16	310	6966.805669171884	6
16	320	7093.568414099384	6
16	324	7133.216673462385	6
16	344	7622.654422900536	9
16	347	7872.116458738546	12
16	383	8600.834003773294	12
16	457	10488.194879676825	12
16	479	11404.479020800501	9
16	484	11460.292274380331	3
16	518	11867.654878460383	9
16	539	12093.453413498949	3
16	551	12484.848939309214	6
16	607	14969.335949277553	3
16	636	16260.770509783676	3
16	689	17337.983353645151	12
16	697	17726.3976377009	9
16	710	18224.055078771941	6
16	742	19286.583758787902	9
17	94	2058.848829964564	1
17	108	2430.343889879981	3
17	146	3363.518432641545	3
17	155	3486.462083310313	1
17	159	3534.493670611197	1
17	243	5844.81965240161	3
17	255	5982.07150930742	2
17	269	6276.838123670785	3
17	310	6966.805669171884	2
17	320	7093.568414099384	2
17	324	7133.216673462385	2
17	344	7622.654422900536	3
17	347	7872.116458738546	4
17	383	8600.834003773294	4
17	457	10488.194879676825	4
17	479	11404.479020800501	3
17	484	11460.292274380331	1
17	518	11867.654878460383	3
17	539	12093.453413498949	1
17	551	12484.848939309214	2
17	607	14969.335949277553	1
17	636	16260.770509783676	1
17	689	17337.983353645151	4
17	697	17726.3976377009	3
17	710	18224.055078771941	2
17	742	19286.583758787902	3
18	65	1094.993468748097	203
18	112	2491.484643555106	512
18	137	3222.096458873477	409
18	156	3486.778696294529	409
18	168	3726.25131290795	306
18	259	6070.232847826768	409
18	270	6324.397446500372	512
18	275	6437.571367156719	306
18	315	7019.183056521875	512
18	409	8950.909664874832	409
18	438	9623.815913345915	203
18	489	11508.852361342317	512
18	538	12092.889818614635	203
18	541	12187.447470364512	306
18	597	14363.829267792589	306
18	604	14658.709799185736	409
18	621	15594.852653782426	409
18	724	18562.638165856997	409
19	65	1094.993468748097	3
19	112	2491.484643555106	12
19	137	3222.096458873477	9
19	156	3486.778696294529	9
19	168	3726.25131290795	6
19	259	6070.232847826768	9
19	270	6324.397446500372	12
19	275	6437.571367156719	6
19	315	7019.183056521875	12
19	409	8950.909664874832	9
19	438	9623.815913345915	3
19	489	11508.852361342317	12
19	538	12092.889818614635	3
19	541	12187.447470364512	6
19	597	14363.829267792589	6
19	604	14658.709799185736	9
19	621	15594.852653782426	9
19	724	18562.638165856997	9
20	65	1094.993468748097	1
20	112	2491.484643555106	4
20	137	3222.096458873477	3
20	156	3486.778696294529	3
20	168	3726.25131290795	2
20	259	6070.232847826768	3
20	270	6324.397446500372	4
20	275	6437.571367156719	2
20	315	7019.183056521875	4
20	409	8950.909664874832	3
20	438	9623.815913345915	1
20	489	11508.852361342317	4
20	538	12092.889818614635	1
20	541	12187.447470364512	2
20	597	14363.829267792589	2
20	604	14658.709799185736	3
20	621	15594.852653782426	3
20	724	18562.638165856997	3
21	114	2560.338667510618	203
21	157	3506.200494173805	203
21	186	4401.935732718269	512
21	229	5553.07310459483	512
21	276	6456.780093930904	203
21	303	6891.831814571269	306
21	318	7034.179267627585	409
21	334	7336.763023367928	409
21	336	7407.383869601805	512
21	380	8558.013461158541	306
21	399	8784.170361834798	409
21	437	9618.152453128424	306
21	557	12664.274636560996	409
21	583	14092.319653025932	512
21	617	15389.560820287888	203
21	669	16894.851107441066	512
21	682	17181.083911847114	512
21	695	17605.75821127912	409
21	743	19350.418045620847	203
22	114	2560.338667510618	3
22	157	3506.200494173805	3
22	186	4401.935732718269	12
22	229	5553.07310459483	12
22	276	6456.780093930904	3
22	303	6891.831814571269	6
22	318	7034.179267627585	9
22	334	7336.763023367928	9
22	336	7407.383869601805	12
22	380	8558.013461158541	6
22	399	8784.170361834798	9
22	437	9618.152453128424	6
22	557	12664.274636560996	9
22	583	14092.319653025932	12
22	617	15389.560820287888	3
22	669	16894.851107441066	12
22	682	17181.083911847114	12
22	695	17605.75821127912	9
22	743	19350.418045620847	3
23	114	2560.338667510618	1
23	157	3506.200494173805	1
23	186	4401.935732718269	4
23	229	5553.07310459483	4
23	276	6456.780093930904	1
23	303	6891.831814571269	2
23	318	7034.179267627585	3
23	334	7336.763023367928	3
23	336	7407.383869601805	4
23	380	8558.013461158541	2
23	399	8784.170361834798	3
23	437	9618.152453128424	2
23	557	12664.274636560996	3
23	583	14092.319653025932	4
23	617	15389.560820287888	1
23	669	16894.851107441066	4
23	682	17181.083911847114	4
23	695	17605.75821127912	3
23	743	19350.418045620847	1
24	85	1747.147079198077	512
24	86	1802.870220697128	306
24	134	3157.864536115845	409
24	216	5249.836759580929	203
24	257	6037.066263045451	409
24	343	7621.4287367662	306
24	402	8844.134397700739	512
24	410	8961.914442742831	203
24	424	9318.050739598273	512
24	449	10017.448121099668	512
24	467	11139.461129863618	203
24	526	11942.686279114449	512
24	533	12006.229431077168	512
24	556	12663.747530059478	306
24	618	15447.802517957484	409
24	646	16457.147612735337	306
24	666	16859.087751773404	409
24	680	17103.861020158392	512
24	691	17406.508301514633	512
25	85	1747.147079198077	12
25	86	1802.870220697128	6
25	134	3157.864536115845	9
25	216	5249.836759580929	3
25	257	6037.066263045451	9
25	343	7621.4287367662	6
25	402	8844.134397700739	12
25	410	8961.914442742831	3
25	424	9318.050739598273	12
25	449	10017.448121099668	12
25	467	11139.461129863618	3
25	526	11942.686279114449	12
25	533	12006.229431077168	12
25	556	12663.747530059478	6
25	618	15447.802517957484	9
25	646	16457.147612735337	6
25	666	16859.087751773404	9
25	680	17103.861020158392	12
25	691	17406.508301514633	12
26	85	1747.147079198077	4
26	86	1802.870220697128	2
26	134	3157.864536115845	3
26	216	5249.836759580929	1
26	257	6037.066263045451	3
26	343	7621.4287367662	2
26	402	8844.134397700739	4
26	410	8961.914442742831	1
26	424	9318.050739598273	4
26	449	10017.448121099668	4
26	467	11139.461129863618	1
26	526	11942.686279114449	4
26	533	12006.229431077168	4
26	556	12663.747530059478	2
26	618	15447.802517957484	3
26	646	16457.147612735337	2
26	666	16859.087751773404	3
26	680	17103.861020158392	4
26	691	17406.508301514633	4
27	63	1006.352734861399	306
27	118	2680.534023096687	306
27	223	5394.434050848441	306
27	264	6160.722295912176	306
27	360	8323.372246454394	306
27	391	8690.733104003776	512
27	459	10637.147772226321	203
27	510	11742.080360911507	409
27	534	12075.652818227982	512
27	536	12078.281129263514	512
27	560	12892.520035254013	306
27	572	13583.240863253309	512
27	644	16446.647369048577	203
27	663	16809.085295449314	512
27	676	17023.442646660497	306
27	736	19092.665808078403	409
27	753	19692.56357295042	306
28	63	1006.352734861399	6
28	118	2680.534023096687	6
28	223	5394.434050848441	6
28	264	6160.722295912176	6
28	360	8323.372246454394	6
28	391	8690.733104003776	12
28	459	10637.147772226321	3
28	510	11742.080360911507	9
28	534	12075.652818227982	12
28	536	12078.281129263514	12
28	560	12892.520035254013	6
28	572	13583.240863253309	12
28	644	16446.647369048577	3
28	663	16809.085295449314	12
28	676	17023.442646660497	6
28	736	19092.665808078403	9
28	753	19692.56357295042	6
29	63	1006.352734861399	2
29	118	2680.534023096687	2
29	223	5394.434050848441	2
29	264	6160.722295912176	2
29	360	8323.372246454394	2
29	391	8690.733104003776	4
29	459	10637.147772226321	1
29	510	11742.080360911507	3
29	534	12075.652818227982	4
29	536	12078.281129263514	4
29	560	12892.520035254013	2
29	572	13583.240863253309	4
29	644	16446.647369048577	1
29	663	16809.085295449314	4
29	676	17023.442646660497	2
29	736	19092.665808078403	3
29	753	19692.56357295042	2
30	81	1640.683174230821	512
30	181	4066.718649146949	512
30	201	4969.300367192466	306
30	207	5113.57444109256	306
30	261	6073.488754131934	203
30	396	8749.117455608283	306
30	421	9246.817874305062	512
30	422	9285.123842798501	203
30	425	9327.025369704312	409
30	443	9782.505345304521	306
30	515	11780.234824275468	306
30	552	12502.07292613665	203
30	717	18418.045828933226	409
30	748	19470.178410371328	409
30	752	19675.449665652358	306
31	81	1640.683174230821	12
31	181	4066.718649146949	12
31	201	4969.300367192466	6
31	207	5113.57444109256	6
31	261	6073.488754131934	3
31	396	8749.117455608283	6
31	421	9246.817874305062	12
31	422	9285.123842798501	3
31	425	9327.025369704312	9
31	443	9782.505345304521	6
31	515	11780.234824275468	6
31	552	12502.07292613665	3
31	717	18418.045828933226	9
31	748	19470.178410371328	9
31	752	19675.449665652358	6
32	81	1640.683174230821	4
32	181	4066.718649146949	4
32	201	4969.300367192466	2
32	207	5113.57444109256	2
32	261	6073.488754131934	1
32	396	8749.117455608283	2
32	421	9246.817874305062	4
32	422	9285.123842798501	1
32	425	9327.025369704312	3
32	443	9782.505345304521	2
32	515	11780.234824275468	2
32	552	12502.07292613665	1
32	717	18418.045828933226	3
32	748	19470.178410371328	3
32	752	19675.449665652358	2
33	67	1179.461656941148	203
33	83	1694.496469034287	306
33	100	2241.551014528142	409
33	120	2731.034757801803	306
33	122	2790.864551006815	409
33	154	3468.441403851164	306
33	189	4617.042763201667	306
33	215	5244.716054242597	409
33	236	5688.74297564658	512
33	311	6978.757668054444	409
33	384	8626.32499312682	409
33	497	11579.926492828476	512
33	508	11701.235843602844	306
33	514	11774.352247394935	203
33	573	13613.509405035117	512
33	594	14309.901091448774	306
33	598	14365.217236108479	409
33	630	16126.326409077401	306
33	721	18493.245938767393	512
34	67	1179.461656941148	3
34	83	1694.496469034287	6
34	100	2241.551014528142	9
34	120	2731.034757801803	6
34	122	2790.864551006815	9
34	154	3468.441403851164	6
34	189	4617.042763201667	6
34	215	5244.716054242597	9
34	236	5688.74297564658	12
34	311	6978.757668054444	9
34	384	8626.32499312682	9
34	497	11579.926492828476	12
34	508	11701.235843602844	6
34	514	11774.352247394935	3
34	573	13613.509405035117	12
34	594	14309.901091448774	6
34	598	14365.217236108479	9
34	630	16126.326409077401	6
34	721	18493.245938767393	12
35	67	1179.461656941148	1
35	83	1694.496469034287	2
35	100	2241.551014528142	3
35	120	2731.034757801803	2
35	122	2790.864551006815	3
35	154	3468.441403851164	2
35	189	4617.042763201667	2
35	215	5244.716054242597	3
35	236	5688.74297564658	4
35	311	6978.757668054444	3
35	384	8626.32499312682	3
35	497	11579.926492828476	4
35	508	11701.235843602844	2
35	514	11774.352247394935	1
35	573	13613.509405035117	4
35	594	14309.901091448774	2
35	598	14365.217236108479	3
35	630	16126.326409077401	2
35	721	18493.245938767393	4

