version 3
run CircleMode-0-20260103-12:11:58-492
attr configname CircleMode
attr datetime 20260103-12:11:58
attr datetimef 20260103-121158
attr experiment CircleMode
attr inifile simulations/nwsim_project/omnetpp.ini
attr iterationvars ""
attr iterationvarsd ""
attr iterationvarsf ""
attr measurement ""
attr network CrossTraffic
attr processid 492
attr repetition 0
attr replication #0
attr resultdir results
attr runnumber 0
attr seedset 0
config description "Junction circle mode with simple routing"
config *.Junc*.junctionMode "\"circle\""
config network CrossTraffic
config sim-time-limit 20000s
config warmup-period 1000s
config repeat 50
config **.scalar-recording true
config **.vector-recording true
config *.Junc*.junctionMode "\"queue\""
config *.EndNW.spawnInterval exponential(800s)
config *.EndNE.spawnInterval exponential(1200s)
config *.EndEN.spawnInterval exponential(1000s)
config *.EndES.spawnInterval exponential(1500s)
config *.EndSE.spawnInterval exponential(900s)
config *.EndSW.spawnInterval exponential(1100s)
config *.EndWS.spawnInterval exponential(1300s)
config *.EndWN.spawnInterval exponential(1400s)

vector 0 CrossTraffic.JuncNW queueLength:vector ETV
attr interpolationmode sample-hold
attr recordingmode vector
attr source queueLength
attr title "Queue Length"
vector 1 CrossTraffic.JuncNW junctionProcessingTime:vector ETV
attr recordingmode vector
attr source junctionProcessingTime
attr title "Junction Processing Time"
vector 2 CrossTraffic.JuncNW vehicleCount:vector ETV
attr recordingmode vector
attr source vehicleCount
attr title "Vehicle Count"
vector 3 CrossTraffic.JuncNE queueLength:vector ETV
attr interpolationmode sample-hold
attr recordingmode vector
attr source queueLength
attr title "Queue Length"
vector 4 CrossTraffic.JuncNE junctionProcessingTime:vector ETV
attr recordingmode vector
attr source junctionProcessingTime
attr title "Junction Processing Time"
vector 5 CrossTraffic.JuncNE vehicleCount:vector ETV
attr recordingmode vector
attr source vehicleCount
attr title "Vehicle Count"
vector 6 CrossTraffic.JuncSE queueLength:vector ETV
attr interpolationmode sample-hold
attr recordingmode vector
attr source queueLength
attr title "Queue Length"
vector 7 CrossTraffic.JuncSE junctionProcessingTime:vector ETV
attr recordingmode vector
attr source junctionProcessingTime
attr title "Junction Processing Time"
vector 8 CrossTraffic.JuncSE vehicleCount:vector ETV
attr recordingmode vector
attr source vehicleCount
attr title "Vehicle Count"
vector 9 CrossTraffic.JuncSW queueLength:vector ETV
attr interpolationmode sample-hold
attr recordingmode vector
attr source queueLength
attr title "Queue Length"
vector 10 CrossTraffic.JuncSW junctionProcessingTime:vector ETV
attr recordingmode vector
attr source junctionProcessingTime
attr title "Junction Processing Time"
vector 11 CrossTraffic.JuncSW vehicleCount:vector ETV
attr recordingmode vector
attr source vehicleCount
attr title "Vehicle Count"
vector 12 CrossTraffic.EndNW travelTime:vector ETV
attr recordingmode vector
attr source travelTime
attr title "Vehicle Travel Time"
vector 13 CrossTraffic.EndNW junctionTime:vector ETV
attr recordingmode vector
attr source junctionTime
attr title "Total Junction Time per Vehicle"
vector 14 CrossTraffic.EndNW junctionCount:vector ETV
attr recordingmode vector
attr source junctionCount
attr title "Junctions Visited per Vehicle"
vector 15 CrossTraffic.EndNE travelTime:vector ETV
attr recordingmode vector
attr source travelTime
attr title "Vehicle Travel Time"
vector 16 CrossTraffic.EndNE junctionTime:vector ETV
attr recordingmode vector
attr source junctionTime
attr title "Total Junction Time per Vehicle"
vector 17 CrossTraffic.EndNE junctionCount:vector ETV
attr recordingmode vector
attr source junctionCount
attr title "Junctions Visited per Vehicle"
vector 18 CrossTraffic.EndEN travelTime:vector ETV
attr recordingmode vector
attr source travelTime
attr title "Vehicle Travel Time"
vector 19 CrossTraffic.EndEN junctionTime:vector ETV
attr recordingmode vector
attr source junctionTime
attr title "Total Junction Time per Vehicle"
vector 20 CrossTraffic.EndEN junctionCount:vector ETV
attr recordingmode vector
attr source junctionCount
attr title "Junctions Visited per Vehicle"
vector 21 CrossTraffic.EndES travelTime:vector ETV
attr recordingmode vector
attr source travelTime
attr title "Vehicle Travel Time"
vector 22 CrossTraffic.EndES junctionTime:vector ETV
attr recordingmode vector
attr source junctionTime
attr title "Total Junction Time per Vehicle"
vector 23 CrossTraffic.EndES junctionCount:vector ETV
attr recordingmode vector
attr source junctionCount
attr title "Junctions Visited per Vehicle"
vector 24 CrossTraffic.EndSE travelTime:vector ETV
attr recordingmode vector
attr source travelTime
attr title "Vehicle Travel Time"
vector 25 CrossTraffic.EndSE junctionTime:vector ETV
attr recordingmode vector
attr source junctionTime
attr title "Total Junction Time per Vehicle"
vector 26 CrossTraffic.EndSE junctionCount:vector ETV
attr recordingmode vector
attr source junctionCount
attr title "Junctions Visited per Vehicle"
vector 27 CrossTraffic.EndSW travelTime:vector ETV
attr recordingmode vector
attr source travelTime
attr title "Vehicle Travel Time"
vector 28 CrossTraffic.EndSW junctionTime:vector ETV
attr recordingmode vector
attr source junctionTime
attr title "Total Junction Time per Vehicle"
vector 29 CrossTraffic.EndSW junctionCount:vector ETV
attr recordingmode vector
attr source junctionCount
attr title "Junctions Visited per Vehicle"
vector 30 CrossTraffic.EndWS travelTime:vector ETV
attr recordingmode vector
attr source travelTime
attr title "Vehicle Travel Time"
vector 31 CrossTraffic.EndWS junctionTime:vector ETV
attr recordingmode vector
attr source junctionTime
attr title "Total Junction Time per Vehicle"
vector 32 CrossTraffic.EndWS junctionCount:vector ETV
attr recordingmode vector
attr source junctionCount
attr title "Junctions Visited per Vehicle"
vector 33 CrossTraffic.EndWN travelTime:vector ETV
attr recordingmode vector
attr source travelTime
attr title "Vehicle Travel Time"
vector 34 CrossTraffic.EndWN junctionTime:vector ETV
attr recordingmode vector
attr source junctionTime
attr title "Total Junction Time per Vehicle"
vector 35 CrossTraffic.EndWN junctionCount:vector ETV
attr recordingmode vector
attr source junctionCount
attr title "Junctions Visited per Vehicle"
0	84	1275.205994060346	0
0	87	1376.748708816058	0
0	90	1477.448236366516	0
0	106	2175.30519240021	0
0	110	2364.072390975248	0
0	134	2765.567025804936	0
0	136	2789.83929558227	0
0	138	2806.911007863258	0
0	141	2899.638111203121	0
0	148	3398.356357646598	0
0	154	3523.1643675449	0
0	160	3672.153853022435	0
0	196	4645.268191537131	0
0	198	4702.778912252482	0
0	224	5384.24521690038	0
0	225	5399.420039436191	0
0	227	5462.763926427388	0
0	228	5468.310561209712	0
0	238	5621.086117310435	0
0	243	5749.916679356851	0
0	251	5873.335424941532	0
0	253	5886.59848169331	0
0	255	5957.669626732237	0
0	271	6415.536638781279	0
0	280	6766.357203058882	0
0	287	7427.437387435364	0
0	289	7463.960998801164	0
0	302	7719.059895835212	0
0	305	7787.852207543714	0
0	310	7892.019825500068	0
0	321	8276.350395174924	0
0	326	8377.46130431518	0
0	344	8805.368804920694	0
0	345	8817.487891208139	0
0	352	9043.78232704532	0
0	353	9052.100676998951	0
0	361	9400.946534126507	0
0	364	9519.32690422841	0
0	369	9644.707837356584	0
0	379	9938.426126900784	0
0	380	9963.489612212606	0
0	392	10374.887208544487	0
0	397	10540.869632637904	0
0	398	10548.801673517476	0
0	411	10791.622199798162	0
0	417	10853.203042381032	0
0	422	10947.468658898609	0
0	424	11037.549371145548	0
0	429	11150.950442991039	0
0	435	11293.813367577514	0
0	445	11764.112580297673	0
0	448	11851.377050149292	0
0	450	11926.796823757761	0
0	466	12366.307244895844	0
0	471	12536.635624070374	0
0	479	12881.44861154405	0
0	485	13073.377078966956	0
0	490	13184.551061592862	0
0	496	13575.099440986355	0
0	507	13945.739242815547	0
0	514	14104.865180148069	0
0	525	14475.325054461336	0
0	528	14495.687764300631	0
0	534	14684.970847801678	0
0	550	15456.533700196784	0
0	551	15508.797904002745	0
0	565	15728.265486262668	0
0	566	15761.062995957308	0
0	570	15805.803689924156	0
0	574	15879.013816378186	0
0	582	15994.511024654257	0
0	592	16196.335113887783	0
0	593	16285.213727335721	0
0	597	16520.786952568557	0
0	604	16849.824228456512	0
0	614	17146.59976168155	0
0	623	17307.99711241472	0
0	626	17361.626955911876	0
0	628	17397.363179898539	0
0	633	17493.056511436476	0
0	635	17509.484656992203	0
0	643	17661.815157967069	0
0	657	18335.694146722548	0
0	661	18477.554606838668	0
0	664	18525.016607752212	0
0	668	18583.301574530422	0
0	677	18789.161930387586	0
0	684	19480.983031674591	0
0	693	19900.676855591897	0
1	84	1275.205994060346	3
1	87	1376.748708816058	3
1	90	1477.448236366516	3
1	106	2175.30519240021	3
1	110	2364.072390975248	3
1	134	2765.567025804936	3
1	136	2789.83929558227	3
1	138	2806.911007863258	3
1	141	2899.638111203121	3
1	148	3398.356357646598	3
1	154	3523.1643675449	3
1	160	3672.153853022435	3
1	196	4645.268191537131	3
1	198	4702.778912252482	3
1	224	5384.24521690038	3
1	225	5399.420039436191	3
1	227	5462.763926427388	3
1	228	5468.310561209712	3
1	238	5621.086117310435	3
1	243	5749.916679356851	3
1	251	5873.335424941532	3
1	253	5886.59848169331	3
1	255	5957.669626732237	3
1	271	6415.536638781279	3
1	280	6766.357203058882	3
1	287	7427.437387435364	3
1	289	7463.960998801164	3
1	302	7719.059895835212	3
1	305	7787.852207543714	3
1	310	7892.019825500068	3
1	321	8276.350395174924	3
1	326	8377.46130431518	3
1	344	8805.368804920694	3
1	345	8817.487891208139	3
1	352	9043.78232704532	3
1	353	9052.100676998951	3
1	361	9400.946534126507	3
1	364	9519.32690422841	3
1	369	9644.707837356584	3
1	379	9938.426126900784	3
1	380	9963.489612212606	3
1	392	10374.887208544487	3
1	397	10540.869632637904	3
1	398	10548.801673517476	3
1	411	10791.622199798162	3
1	417	10853.203042381032	3
1	422	10947.468658898609	3
1	424	11037.549371145548	3
1	429	11150.950442991039	3
1	435	11293.813367577514	3
1	445	11764.112580297673	3
1	448	11851.377050149292	3
1	450	11926.796823757761	3
1	466	12366.307244895844	3
1	471	12536.635624070374	3
1	479	12881.44861154405	3
1	485	13073.377078966956	3
1	490	13184.551061592862	3
1	496	13575.099440986355	3
1	507	13945.739242815547	3
1	514	14104.865180148069	3
1	525	14475.325054461336	3
1	528	14495.687764300631	3
1	534	14684.970847801678	3
1	550	15456.533700196784	3
1	551	15508.797904002745	3
1	565	15728.265486262668	3
1	566	15761.062995957308	3
1	570	15805.803689924156	3
1	574	15879.013816378186	3
1	582	15994.511024654257	3
1	592	16196.335113887783	3
1	593	16285.213727335721	3
1	597	16520.786952568557	3
1	604	16849.824228456512	3
1	614	17146.59976168155	3
1	623	17307.99711241472	3
1	626	17361.626955911876	3
1	628	17397.363179898539	3
1	633	17493.056511436476	3
1	635	17509.484656992203	3
1	643	17661.815157967069	3
1	657	18335.694146722548	3
1	661	18477.554606838668	3
1	664	18525.016607752212	3
1	668	18583.301574530422	3
1	677	18789.161930387586	3
1	684	19480.983031674591	3
1	693	19900.676855591897	3
2	84	1275.205994060346	17
2	87	1376.748708816058	18
2	90	1477.448236366516	19
2	106	2175.30519240021	21
2	110	2364.072390975248	22
2	134	2765.567025804936	28
2	136	2789.83929558227	26
2	138	2806.911007863258	27
2	141	2899.638111203121	29
2	148	3398.356357646598	30
2	154	3523.1643675449	33
2	160	3672.153853022435	31
2	196	4645.268191537131	39
2	198	4702.778912252482	41
2	224	5384.24521690038	48
2	225	5399.420039436191	47
2	227	5462.763926427388	45
2	228	5468.310561209712	44
2	238	5621.086117310435	49
2	243	5749.916679356851	50
2	251	5873.335424941532	51
2	253	5886.59848169331	54
2	255	5957.669626732237	52
2	271	6415.536638781279	55
2	280	6766.357203058882	57
2	287	7427.437387435364	60
2	289	7463.960998801164	59
2	302	7719.059895835212	62
2	305	7787.852207543714	63
2	310	7892.019825500068	64
2	321	8276.350395174924	67
2	326	8377.46130431518	69
2	344	8805.368804920694	73
2	345	8817.487891208139	70
2	352	9043.78232704532	72
2	353	9052.100676998951	74
2	361	9400.946534126507	75
2	364	9519.32690422841	76
2	369	9644.707837356584	77
2	379	9938.426126900784	79
2	380	9963.489612212606	78
2	392	10374.887208544487	82
2	397	10540.869632637904	81
2	398	10548.801673517476	83
2	411	10791.622199798162	84
2	417	10853.203042381032	89
2	422	10947.468658898609	86
2	424	11037.549371145548	90
2	429	11150.950442991039	88
2	435	11293.813367577514	91
2	445	11764.112580297673	94
2	448	11851.377050149292	93
2	450	11926.796823757761	92
2	466	12366.307244895844	96
2	471	12536.635624070374	98
2	479	12881.44861154405	99
2	485	13073.377078966956	100
2	490	13184.551061592862	101
2	496	13575.099440986355	103
2	507	13945.739242815547	104
2	514	14104.865180148069	105
2	525	14475.325054461336	110
2	528	14495.687764300631	109
2	534	14684.970847801678	112
2	550	15456.533700196784	116
2	551	15508.797904002745	115
2	565	15728.265486262668	120
2	566	15761.062995957308	117
2	570	15805.803689924156	121
2	574	15879.013816378186	123
2	582	15994.511024654257	119
2	592	16196.335113887783	124
2	593	16285.213727335721	125
2	597	16520.786952568557	126
2	604	16849.824228456512	127
2	614	17146.59976168155	128
2	623	17307.99711241472	131
2	626	17361.626955911876	132
2	628	17397.363179898539	130
2	633	17493.056511436476	133
2	635	17509.484656992203	135
2	643	17661.815157967069	134
2	657	18335.694146722548	138
2	661	18477.554606838668	140
2	664	18525.016607752212	139
2	668	18583.301574530422	142
2	677	18789.161930387586	141
2	684	19480.983031674591	143
2	693	19900.676855591897	146
3	83	1190.605141114687	0
3	97	1786.448236366516	0
3	101	1993.088102961694	0
3	107	2261.072390975248	0
3	118	2484.30519240021	0
3	130	2686.83929558227	0
3	132	2703.911007863258	0
3	137	2796.638111203121	0
3	155	3569.153853022435	0
3	161	3707.356357646598	0
3	162	3710.522672017044	0
3	164	3756.186088571363	0
3	169	3832.1643675449	0
3	171	3860.747314346553	0
3	190	4483.81606707317	0
3	192	4542.268191537131	0
3	195	4599.778912252482	0
3	207	5110.711137961137	0
3	219	5296.420039436191	0
3	221	5359.763926427388	0
3	222	5365.310561209712	0
3	232	5518.086117310435	0
3	239	5646.916679356851	0
3	245	5770.335424941532	0
3	250	5854.669626732237	0
3	257	5976.697604170911	0
3	265	6195.59848169331	0
3	268	6312.536638781279	0
3	278	6663.357203058882	0
3	281	6781.186896321514	0
3	286	7360.960998801164	0
3	296	7616.059895835212	0
3	300	7684.852207543714	0
3	303	7735.969330630823	0
3	306	7789.019825500068	0
3	320	8236.650604079681	0
3	323	8313.61037548034	0
3	333	8519.811283297364	0
3	341	8714.487891208139	0
3	349	8940.78232704532	0
3	358	9297.946534126507	0
3	362	9416.32690422841	0
3	376	9835.426126900784	0
3	378	9860.489612212606	0
3	389	10282.405847721065	0
3	394	10437.869632637904	0
3	395	10445.801673517476	0
3	405	10688.622199798162	0
3	416	10844.468658898609	0
3	419	10934.549371145548	0
3	425	11047.950442991039	0
3	431	11162.203042381032	0
3	444	11748.377050149292	0
3	446	11823.796823757761	0
3	456	12073.112580297673	0
3	457	12138.419893516636	0
3	463	12263.307244895844	0
3	468	12433.635624070374	0
3	476	12778.44861154405	0
3	481	12970.377078966956	0
3	486	13081.551061592862	0
3	503	13842.739242815547	0
3	510	14001.865180148069	0
3	513	14074.005788347645	0
3	524	14392.687764300631	0
3	526	14484.814143369976	0
3	540	14987.124941630908	0
3	541	14993.970847801678	0
3	548	15405.797904002745	0
3	557	15622.252657261738	0
3	559	15658.062995957308	0
3	576	15891.511024654257	0
3	585	16080.757196636465	0
3	588	16093.335113887783	0
3	590	16182.213727335721	0
3	601	16746.824228456512	0
3	609	17043.59976168155	0
3	618	17204.99711241472	0
3	622	17294.363179898539	0
3	627	17390.056511436476	0
3	638	17558.815157967069	0
3	659	18422.016607752212	0
3	670	18644.694146722548	0
3	672	18686.161930387586	0
3	676	18786.554606838668	0
3	683	19377.983031674591	0
4	83	1190.605141114687	3
4	97	1786.448236366516	3
4	101	1993.088102961694	3
4	107	2261.072390975248	3
4	118	2484.30519240021	3
4	130	2686.83929558227	3
4	132	2703.911007863258	3
4	137	2796.638111203121	3
4	155	3569.153853022435	3
4	161	3707.356357646598	3
4	162	3710.522672017044	3
4	164	3756.186088571363	3
4	169	3832.1643675449	3
4	171	3860.747314346553	3
4	190	4483.81606707317	3
4	192	4542.268191537131	3
4	195	4599.778912252482	3
4	207	5110.711137961137	3
4	219	5296.420039436191	3
4	221	5359.763926427388	3
4	222	5365.310561209712	3
4	232	5518.086117310435	3
4	239	5646.916679356851	3
4	245	5770.335424941532	3
4	250	5854.669626732237	3
4	257	5976.697604170911	3
4	265	6195.59848169331	3
4	268	6312.536638781279	3
4	278	6663.357203058882	3
4	281	6781.186896321514	3
4	286	7360.960998801164	3
4	296	7616.059895835212	3
4	300	7684.852207543714	3
4	303	7735.969330630823	3
4	306	7789.019825500068	3
4	320	8236.650604079681	3
4	323	8313.61037548034	3
4	333	8519.811283297364	3
4	341	8714.487891208139	3
4	349	8940.78232704532	3
4	358	9297.946534126507	3
4	362	9416.32690422841	3
4	376	9835.426126900784	3
4	378	9860.489612212606	3
4	389	10282.405847721065	3
4	394	10437.869632637904	3
4	395	10445.801673517476	3
4	405	10688.622199798162	3
4	416	10844.468658898609	3
4	419	10934.549371145548	3
4	425	11047.950442991039	3
4	431	11162.203042381032	3
4	444	11748.377050149292	3
4	446	11823.796823757761	3
4	456	12073.112580297673	3
4	457	12138.419893516636	3
4	463	12263.307244895844	3
4	468	12433.635624070374	3
4	476	12778.44861154405	3
4	481	12970.377078966956	3
4	486	13081.551061592862	3
4	503	13842.739242815547	3
4	510	14001.865180148069	3
4	513	14074.005788347645	3
4	524	14392.687764300631	3
4	526	14484.814143369976	3
4	540	14987.124941630908	3
4	541	14993.970847801678	3
4	548	15405.797904002745	3
4	557	15622.252657261738	3
4	559	15658.062995957308	3
4	576	15891.511024654257	3
4	585	16080.757196636465	3
4	588	16093.335113887783	3
4	590	16182.213727335721	3
4	601	16746.824228456512	3
4	609	17043.59976168155	3
4	618	17204.99711241472	3
4	622	17294.363179898539	3
4	627	17390.056511436476	3
4	638	17558.815157967069	3
4	659	18422.016607752212	3
4	670	18644.694146722548	3
4	672	18686.161930387586	3
4	676	18786.554606838668	3
4	683	19377.983031674591	3
5	83	1190.605141114687	16
5	97	1786.448236366516	19
5	101	1993.088102961694	20
5	107	2261.072390975248	22
5	118	2484.30519240021	21
5	130	2686.83929558227	26
5	132	2703.911007863258	27
5	137	2796.638111203121	29
5	155	3569.153853022435	31
5	161	3707.356357646598	30
5	162	3710.522672017044	32
5	164	3756.186088571363	34
5	169	3832.1643675449	33
5	171	3860.747314346553	35
5	190	4483.81606707317	38
5	192	4542.268191537131	39
5	195	4599.778912252482	41
5	207	5110.711137961137	42
5	219	5296.420039436191	47
5	221	5359.763926427388	45
5	222	5365.310561209712	44
5	232	5518.086117310435	49
5	239	5646.916679356851	50
5	245	5770.335424941532	51
5	250	5854.669626732237	52
5	257	5976.697604170911	53
5	265	6195.59848169331	54
5	268	6312.536638781279	55
5	278	6663.357203058882	57
5	281	6781.186896321514	58
5	286	7360.960998801164	59
5	296	7616.059895835212	62
5	300	7684.852207543714	63
5	303	7735.969330630823	61
5	306	7789.019825500068	64
5	320	8236.650604079681	65
5	323	8313.61037548034	66
5	333	8519.811283297364	68
5	341	8714.487891208139	70
5	349	8940.78232704532	72
5	358	9297.946534126507	75
5	362	9416.32690422841	76
5	376	9835.426126900784	79
5	378	9860.489612212606	78
5	389	10282.405847721065	80
5	394	10437.869632637904	81
5	395	10445.801673517476	83
5	405	10688.622199798162	84
5	416	10844.468658898609	86
5	419	10934.549371145548	90
5	425	11047.950442991039	88
5	431	11162.203042381032	89
5	444	11748.377050149292	93
5	446	11823.796823757761	92
5	456	12073.112580297673	94
5	457	12138.419893516636	95
5	463	12263.307244895844	96
5	468	12433.635624070374	98
5	476	12778.44861154405	99
5	481	12970.377078966956	100
5	486	13081.551061592862	101
5	503	13842.739242815547	104
5	510	14001.865180148069	105
5	513	14074.005788347645	107
5	524	14392.687764300631	109
5	526	14484.814143369976	111
5	540	14987.124941630908	114
5	541	14993.970847801678	112
5	548	15405.797904002745	115
5	557	15622.252657261738	118
5	559	15658.062995957308	117
5	576	15891.511024654257	119
5	585	16080.757196636465	122
5	588	16093.335113887783	124
5	590	16182.213727335721	125
5	601	16746.824228456512	127
5	609	17043.59976168155	128
5	618	17204.99711241472	131
5	622	17294.363179898539	130
5	627	17390.056511436476	133
5	638	17558.815157967069	134
5	659	18422.016607752212	139
5	670	18644.694146722548	138
5	672	18686.161930387586	141
5	676	18786.554606838668	140
5	683	19377.983031674591	143
6	81	1087.605141114687	0
6	94	1582.748708816058	0
6	95	1683.448236366516	0
6	100	1890.088102961694	0
6	111	2376.874560422441	0
6	112	2381.30519240021	0
6	121	2570.072390975248	0
6	123	2583.83929558227	0
6	125	2600.911007863258	0
6	126	2644.938827062067	0
6	129	2683.154495843622	0
6	151	3466.153853022435	0
6	156	3604.356357646598	0
6	157	3607.522672017044	0
6	163	3729.1643675449	0
6	178	4084.958132413068	0
6	179	4097.593016573367	0
6	186	4380.81606707317	0
6	188	4439.268191537131	0
6	191	4496.778912252482	0
6	193	4560.253362030163	0
6	204	5007.711137961137	0
6	208	5147.986040322117	0
6	215	5256.763926427388	0
6	216	5262.310561209712	0
6	223	5380.709180181389	0
6	226	5415.086117310435	0
6	240	5667.335424941532	0
6	252	5873.697604170911	0
6	254	5955.916679356851	0
6	263	6092.59848169331	0
6	276	6560.357203058882	0
6	279	6678.186896321514	0
6	297	7632.969330630823	0
6	299	7669.960998801164	0
6	301	7686.019825500068	0
6	316	8133.650604079681	0
6	318	8210.61037548034	0
6	329	8416.811283297364	0
6	331	8482.350395174924	0
6	336	8611.487891208139	0
6	339	8671.155552542106	0
6	346	8837.78232704532	0
6	357	9258.100676998951	0
6	371	9725.32690422841	0
6	372	9732.426126900784	0
6	374	9757.489612212606	0
6	386	10179.405847721065	0
6	390	10334.869632637904	0
6	406	10723.18744598254	0
6	408	10741.468658898609	0
6	421	10944.950442991039	0
6	427	11059.203042381032	0
6	437	11499.813367577514	0
6	443	11720.796823757761	0
6	453	11970.112580297673	0
6	455	12035.419893516636	0
6	465	12330.635624070374	0
6	467	12417.37482755528	0
6	477	12867.377078966956	0
6	482	12978.551061592862	0
6	500	13739.739242815547	0
6	506	13898.865180148069	0
6	509	13971.005788347645	0
6	520	14289.687764300631	0
6	523	14387.32567527689	0
6	538	14890.970847801678	0
6	539	14975.368758466949	0
6	546	15302.797904002745	0
6	553	15555.062995957308	0
6	569	15788.511024654257	0
6	578	15934.265486262668	0
6	579	15977.757196636465	0
6	581	15990.335113887783	0
6	600	16726.786952568557	0
6	606	16940.59976168155	0
6	610	17055.824228456512	0
6	611	17088.060852972392	0
6	617	17191.363179898539	0
6	631	17455.815157967069	0
6	639	17567.626955911876	0
6	645	17699.056511436476	0
6	653	17934.755360232333	0
6	665	18541.694146722548	0
6	667	18583.161930387586	0
6	671	18683.554606838668	0
6	674	18731.016607752212	0
6	687	19652.70954678873	0
6	695	19980.449907365346	0
7	81	1087.605141114687	3
7	94	1582.748708816058	3
7	95	1683.448236366516	3
7	100	1890.088102961694	3
7	111	2376.874560422441	3
7	112	2381.30519240021	3
7	121	2570.072390975248	3
7	123	2583.83929558227	3
7	125	2600.911007863258	3
7	126	2644.938827062067	3
7	129	2683.154495843622	3
7	151	3466.153853022435	3
7	156	3604.356357646598	3
7	157	3607.522672017044	3
7	163	3729.1643675449	3
7	178	4084.958132413068	3
7	179	4097.593016573367	3
7	186	4380.81606707317	3
7	188	4439.268191537131	3
7	191	4496.778912252482	3
7	193	4560.253362030163	3
7	204	5007.711137961137	3
7	208	5147.986040322117	3
7	215	5256.763926427388	3
7	216	5262.310561209712	3
7	223	5380.709180181389	3
7	226	5415.086117310435	3
7	240	5667.335424941532	3
7	252	5873.697604170911	3
7	254	5955.916679356851	3
7	263	6092.59848169331	3
7	276	6560.357203058882	3
7	279	6678.186896321514	3
7	297	7632.969330630823	3
7	299	7669.960998801164	3
7	301	7686.019825500068	3
7	316	8133.650604079681	3
7	318	8210.61037548034	3
7	329	8416.811283297364	3
7	331	8482.350395174924	3
7	336	8611.487891208139	3
7	339	8671.155552542106	3
7	346	8837.78232704532	3
7	357	9258.100676998951	3
7	371	9725.32690422841	3
7	372	9732.426126900784	3
7	374	9757.489612212606	3
7	386	10179.405847721065	3
7	390	10334.869632637904	3
7	406	10723.18744598254	3
7	408	10741.468658898609	3
7	421	10944.950442991039	3
7	427	11059.203042381032	3
7	437	11499.813367577514	3
7	443	11720.796823757761	3
7	453	11970.112580297673	3
7	455	12035.419893516636	3
7	465	12330.635624070374	3
7	467	12417.37482755528	3
7	477	12867.377078966956	3
7	482	12978.551061592862	3
7	500	13739.739242815547	3
7	506	13898.865180148069	3
7	509	13971.005788347645	3
7	520	14289.687764300631	3
7	523	14387.32567527689	3
7	538	14890.970847801678	3
7	539	14975.368758466949	3
7	546	15302.797904002745	3
7	553	15555.062995957308	3
7	569	15788.511024654257	3
7	578	15934.265486262668	3
7	579	15977.757196636465	3
7	581	15990.335113887783	3
7	600	16726.786952568557	3
7	606	16940.59976168155	3
7	610	17055.824228456512	3
7	611	17088.060852972392	3
7	617	17191.363179898539	3
7	631	17455.815157967069	3
7	639	17567.626955911876	3
7	645	17699.056511436476	3
7	653	17934.755360232333	3
7	665	18541.694146722548	3
7	667	18583.161930387586	3
7	671	18683.554606838668	3
7	674	18731.016607752212	3
7	687	19652.70954678873	3
7	695	19980.449907365346	3
8	81	1087.605141114687	16
8	94	1582.748708816058	18
8	95	1683.448236366516	19
8	100	1890.088102961694	20
8	111	2376.874560422441	23
8	112	2381.30519240021	21
8	121	2570.072390975248	22
8	123	2583.83929558227	26
8	125	2600.911007863258	27
8	126	2644.938827062067	24
8	129	2683.154495843622	25
8	151	3466.153853022435	31
8	156	3604.356357646598	30
8	157	3607.522672017044	32
8	163	3729.1643675449	33
8	178	4084.958132413068	37
8	179	4097.593016573367	36
8	186	4380.81606707317	38
8	188	4439.268191537131	39
8	191	4496.778912252482	41
8	193	4560.253362030163	40
8	204	5007.711137961137	42
8	208	5147.986040322117	43
8	215	5256.763926427388	45
8	216	5262.310561209712	44
8	223	5380.709180181389	46
8	226	5415.086117310435	49
8	240	5667.335424941532	51
8	252	5873.697604170911	53
8	254	5955.916679356851	50
8	263	6092.59848169331	54
8	276	6560.357203058882	57
8	279	6678.186896321514	58
8	297	7632.969330630823	61
8	299	7669.960998801164	59
8	301	7686.019825500068	64
8	316	8133.650604079681	65
8	318	8210.61037548034	66
8	329	8416.811283297364	68
8	331	8482.350395174924	67
8	336	8611.487891208139	70
8	339	8671.155552542106	71
8	346	8837.78232704532	72
8	357	9258.100676998951	74
8	371	9725.32690422841	76
8	372	9732.426126900784	79
8	374	9757.489612212606	78
8	386	10179.405847721065	80
8	390	10334.869632637904	81
8	406	10723.18744598254	85
8	408	10741.468658898609	86
8	421	10944.950442991039	88
8	427	11059.203042381032	89
8	437	11499.813367577514	91
8	443	11720.796823757761	92
8	453	11970.112580297673	94
8	455	12035.419893516636	95
8	465	12330.635624070374	98
8	467	12417.37482755528	97
8	477	12867.377078966956	100
8	482	12978.551061592862	101
8	500	13739.739242815547	104
8	506	13898.865180148069	105
8	509	13971.005788347645	107
8	520	14289.687764300631	109
8	523	14387.32567527689	108
8	538	14890.970847801678	112
8	539	14975.368758466949	113
8	546	15302.797904002745	115
8	553	15555.062995957308	117
8	569	15788.511024654257	119
8	578	15934.265486262668	120
8	579	15977.757196636465	122
8	581	15990.335113887783	124
8	600	16726.786952568557	126
8	606	16940.59976168155	128
8	610	17055.824228456512	127
8	611	17088.060852972392	129
8	617	17191.363179898539	130
8	631	17455.815157967069	134
8	639	17567.626955911876	132
8	645	17699.056511436476	133
8	653	17934.755360232333	137
8	665	18541.694146722548	138
8	667	18583.161930387586	141
8	671	18683.554606838668	140
8	674	18731.016607752212	139
8	687	19652.70954678873	144
8	695	19980.449907365346	145
9	89	1378.205994060346	0
9	91	1479.748708816058	0
9	93	1580.448236366516	0
9	108	2273.874560422441	0
9	109	2278.30519240021	0
9	114	2467.072390975248	0
9	120	2541.938827062067	0
9	122	2580.154495843622	0
9	139	2868.567025804936	0
9	142	2909.911007863258	0
9	152	3501.356357646598	0
9	153	3504.522672017044	0
9	158	3626.1643675449	0
9	166	3775.153853022435	0
9	177	3994.593016573367	0
9	183	4277.81606707317	0
9	189	4457.253362030163	0
9	200	4805.778912252482	0
9	205	5044.986040322117	0
9	210	5159.310561209712	0
9	217	5277.709180181389	0
9	231	5502.420039436191	0
9	234	5565.763926427388	0
9	242	5724.086117310435	0
9	249	5852.916679356851	0
9	256	5976.335424941532	0
9	258	5989.59848169331	0
9	260	6060.669626732237	0
9	272	6442.326166784933	0
9	273	6457.357203058882	0
9	291	7529.969330630823	0
9	292	7530.437387435364	0
9	293	7566.960998801164	0
9	307	7822.059895835212	0
9	309	7890.852207543714	0
9	324	8313.811283297364	0
9	327	8379.350395174924	0
9	342	8734.78232704532	0
9	347	8908.368804920694	0
9	355	9155.100676998951	0
9	367	9622.32690422841	0
9	370	9654.489612212606	0
9	373	9747.707837356584	0
9	384	10076.405847721065	0
9	387	10231.869632637904	0
9	396	10477.887208544487	0
9	414	10835.831940350989	0
9	415	10841.950442991039	0
9	423	10956.203042381032	0
9	426	11050.468658898609	0
9	436	11396.813367577514	0
9	440	11617.796823757761	0
9	449	11867.112580297673	0
9	451	11932.419893516636	0
9	464	12314.37482755528	0
9	469	12469.307244895844	0
9	483	12984.44861154405	0
9	484	13052.944496537347	0
9	489	13176.377078966956	0
9	492	13287.551061592862	0
9	497	13636.739242815547	0
9	498	13678.099440986355	0
9	502	13795.865180148069	0
9	508	13952.890766492563	0
9	519	14284.32567527689	0
9	529	14578.325054461336	0
9	535	14787.970847801678	0
9	554	15559.533700196784	0
9	556	15611.797904002745	0
9	561	15685.511024654257	0
9	571	15831.265486262668	0
9	573	15874.757196636465	0
9	577	15908.803689924156	0
9	580	15982.013816378186	0
9	598	16623.786952568557	0
9	607	16952.824228456512	0
9	608	16985.060852972392	0
9	619	17249.59976168155	0
9	630	17410.99711241472	0
9	632	17464.626955911876	0
9	640	17596.056511436476	0
9	641	17612.484656992203	0
9	642	17653.698264848806	0
9	649	17764.815157967069	0
9	651	17831.755360232333	0
9	660	18438.694146722548	0
9	666	18580.554606838668	0
9	669	18628.016607752212	0
9	680	18892.161930387586	0
9	686	19583.983031674591	0
9	692	19877.449907365346	0
10	89	1378.205994060346	3
10	91	1479.748708816058	3
10	93	1580.448236366516	3
10	108	2273.874560422441	3
10	109	2278.30519240021	3
10	114	2467.072390975248	3
10	120	2541.938827062067	3
10	122	2580.154495843622	3
10	139	2868.567025804936	3
10	142	2909.911007863258	3
10	152	3501.356357646598	3
10	153	3504.522672017044	3
10	158	3626.1643675449	3
10	166	3775.153853022435	3
10	177	3994.593016573367	3
10	183	4277.81606707317	3
10	189	4457.253362030163	3
10	200	4805.778912252482	3
10	205	5044.986040322117	3
10	210	5159.310561209712	3
10	217	5277.709180181389	3
10	231	5502.420039436191	3
10	234	5565.763926427388	3
10	242	5724.086117310435	3
10	249	5852.916679356851	3
10	256	5976.335424941532	3
10	258	5989.59848169331	3
10	260	6060.669626732237	3
10	272	6442.326166784933	3
10	273	6457.357203058882	3
10	291	7529.969330630823	3
10	292	7530.437387435364	3
10	293	7566.960998801164	3
10	307	7822.059895835212	3
10	309	7890.852207543714	3
10	324	8313.811283297364	3
10	327	8379.350395174924	3
10	342	8734.78232704532	3
10	347	8908.368804920694	3
10	355	9155.100676998951	3
10	367	9622.32690422841	3
10	370	9654.489612212606	3
10	373	9747.707837356584	3
10	384	10076.405847721065	3
10	387	10231.869632637904	3
10	396	10477.887208544487	3
10	414	10835.831940350989	3
10	415	10841.950442991039	3
10	423	10956.203042381032	3
10	426	11050.468658898609	3
10	436	11396.813367577514	3
10	440	11617.796823757761	3
10	449	11867.112580297673	3
10	451	11932.419893516636	3
10	464	12314.37482755528	3
10	469	12469.307244895844	3
10	483	12984.44861154405	3
10	484	13052.944496537347	3
10	489	13176.377078966956	3
10	492	13287.551061592862	3
10	497	13636.739242815547	3
10	498	13678.099440986355	3
10	502	13795.865180148069	3
10	508	13952.890766492563	3
10	519	14284.32567527689	3
10	529	14578.325054461336	3
10	535	14787.970847801678	3
10	554	15559.533700196784	3
10	556	15611.797904002745	3
10	561	15685.511024654257	3
10	571	15831.265486262668	3
10	573	15874.757196636465	3
10	577	15908.803689924156	3
10	580	15982.013816378186	3
10	598	16623.786952568557	3
10	607	16952.824228456512	3
10	608	16985.060852972392	3
10	619	17249.59976168155	3
10	630	17410.99711241472	3
10	632	17464.626955911876	3
10	640	17596.056511436476	3
10	641	17612.484656992203	3
10	642	17653.698264848806	3
10	649	17764.815157967069	3
10	651	17831.755360232333	3
10	660	18438.694146722548	3
10	666	18580.554606838668	3
10	669	18628.016607752212	3
10	680	18892.161930387586	3
10	686	19583.983031674591	3
10	692	19877.449907365346	3
11	89	1378.205994060346	17
11	91	1479.748708816058	18
11	93	1580.448236366516	19
11	108	2273.874560422441	23
11	109	2278.30519240021	21
11	114	2467.072390975248	22
11	120	2541.938827062067	24
11	122	2580.154495843622	25
11	139	2868.567025804936	28
11	142	2909.911007863258	27
11	152	3501.356357646598	30
11	153	3504.522672017044	32
11	158	3626.1643675449	33
11	166	3775.153853022435	31
11	177	3994.593016573367	36
11	183	4277.81606707317	38
11	189	4457.253362030163	40
11	200	4805.778912252482	41
11	205	5044.986040322117	43
11	210	5159.310561209712	44
11	217	5277.709180181389	46
11	231	5502.420039436191	47
11	234	5565.763926427388	45
11	242	5724.086117310435	49
11	249	5852.916679356851	50
11	256	5976.335424941532	51
11	258	5989.59848169331	54
11	260	6060.669626732237	52
11	272	6442.326166784933	56
11	273	6457.357203058882	57
11	291	7529.969330630823	61
11	292	7530.437387435364	60
11	293	7566.960998801164	59
11	307	7822.059895835212	62
11	309	7890.852207543714	63
11	324	8313.811283297364	68
11	327	8379.350395174924	67
11	342	8734.78232704532	72
11	347	8908.368804920694	73
11	355	9155.100676998951	74
11	367	9622.32690422841	76
11	370	9654.489612212606	78
11	373	9747.707837356584	77
11	384	10076.405847721065	80
11	387	10231.869632637904	81
11	396	10477.887208544487	82
11	414	10835.831940350989	87
11	415	10841.950442991039	88
11	423	10956.203042381032	89
11	426	11050.468658898609	86
11	436	11396.813367577514	91
11	440	11617.796823757761	92
11	449	11867.112580297673	94
11	451	11932.419893516636	95
11	464	12314.37482755528	97
11	469	12469.307244895844	96
11	483	12984.44861154405	99
11	484	13052.944496537347	102
11	489	13176.377078966956	100
11	492	13287.551061592862	101
11	497	13636.739242815547	104
11	498	13678.099440986355	103
11	502	13795.865180148069	105
11	508	13952.890766492563	106
11	519	14284.32567527689	108
11	529	14578.325054461336	110
11	535	14787.970847801678	112
11	554	15559.533700196784	116
11	556	15611.797904002745	115
11	561	15685.511024654257	119
11	571	15831.265486262668	120
11	573	15874.757196636465	122
11	577	15908.803689924156	121
11	580	15982.013816378186	123
11	598	16623.786952568557	126
11	607	16952.824228456512	127
11	608	16985.060852972392	129
11	619	17249.59976168155	128
11	630	17410.99711241472	131
11	632	17464.626955911876	132
11	640	17596.056511436476	133
11	641	17612.484656992203	135
11	642	17653.698264848806	136
11	649	17764.815157967069	134
11	651	17831.755360232333	137
11	660	18438.694146722548	138
11	666	18580.554606838668	140
11	669	18628.016607752212	139
11	680	18892.161930387586	141
11	686	19583.983031674591	143
11	692	19877.449907365346	145
12	140	2892.83929558227	409
12	144	3002.638111203121	306
12	199	4748.268191537131	409
12	274	6518.536638781279	306
12	282	6869.357203058882	512
12	313	7995.019825500068	409
12	382	10041.426126900784	409
12	403	10643.869632637904	512
12	433	11253.950442991039	512
12	452	11954.377050149292	306
12	454	12029.796823757761	512
12	511	14048.739242815547	512
12	518	14207.865180148069	512
12	572	15864.062995957308	409
12	589	16097.511024654257	512
12	594	16299.335113887783	409
12	595	16388.213727335721	306
13	140	2892.83929558227	9
13	144	3002.638111203121	6
13	199	4748.268191537131	9
13	274	6518.536638781279	6
13	282	6869.357203058882	12
13	313	7995.019825500068	9
13	382	10041.426126900784	9
13	403	10643.869632637904	12
13	433	11253.950442991039	12
13	452	11954.377050149292	6
13	454	12029.796823757761	12
13	511	14048.739242815547	12
13	518	14207.865180148069	12
13	572	15864.062995957308	9
13	589	16097.511024654257	12
13	594	16299.335113887783	9
13	595	16388.213727335721	6
14	140	2892.83929558227	3
14	144	3002.638111203121	2
14	199	4748.268191537131	3
14	274	6518.536638781279	2
14	282	6869.357203058882	4
14	313	7995.019825500068	3
14	382	10041.426126900784	3
14	403	10643.869632637904	4
14	433	11253.950442991039	4
14	452	11954.377050149292	2
14	454	12029.796823757761	4
14	511	14048.739242815547	4
14	518	14207.865180148069	4
14	572	15864.062995957308	3
14	589	16097.511024654257	4
14	594	16299.335113887783	3
14	595	16388.213727335721	2
15	99	1889.448236366516	512
15	103	2096.088102961694	306
15	124	2587.30519240021	512
15	167	3810.356357646598	512
15	170	3859.186088571363	203
15	174	3935.1643675449	512
15	175	3963.747314346553	203
15	262	6079.697604170911	306
15	337	8622.811283297364	409
15	459	12176.112580297673	512
15	515	14177.005788347645	306
15	531	14587.814143369976	203
15	543	15090.124941630908	203
15	544	15096.970847801678	512
15	564	15725.252657261738	203
15	591	16183.757196636465	409
15	675	18747.694146722548	512
16	99	1889.448236366516	12
16	103	2096.088102961694	6
16	124	2587.30519240021	12
16	167	3810.356357646598	12
16	170	3859.186088571363	3
16	174	3935.1643675449	12
16	175	3963.747314346553	3
16	262	6079.697604170911	6
16	337	8622.811283297364	9
16	459	12176.112580297673	12
16	515	14177.005788347645	6
16	531	14587.814143369976	3
16	543	15090.124941630908	3
16	544	15096.970847801678	12
16	564	15725.252657261738	3
16	591	16183.757196636465	9
16	675	18747.694146722548	12
17	99	1889.448236366516	4
17	103	2096.088102961694	2
17	124	2587.30519240021	4
17	167	3810.356357646598	4
17	170	3859.186088571363	1
17	174	3935.1643675449	4
17	175	3963.747314346553	1
17	262	6079.697604170911	2
17	337	8622.811283297364	3
17	459	12176.112580297673	4
17	515	14177.005788347645	2
17	531	14587.814143369976	1
17	543	15090.124941630908	1
17	544	15096.970847801678	4
17	564	15725.252657261738	1
17	591	16183.757196636465	3
17	675	18747.694146722548	4
18	86	1293.605141114687	512
18	168	3813.522672017044	409
18	194	4586.81606707317	409
18	213	5213.711137961137	306
18	267	6298.59848169331	512
18	283	6884.186896321514	306
18	308	7838.969330630823	409
18	325	8339.650604079681	306
18	328	8416.61037548034	306
18	393	10385.405847721065	409
18	434	11265.203042381032	512
18	462	12241.419893516636	409
18	679	18889.554606838668	512
19	86	1293.605141114687	12
19	168	3813.522672017044	9
19	194	4586.81606707317	9
19	213	5213.711137961137	6
19	267	6298.59848169331	12
19	283	6884.186896321514	6
19	308	7838.969330630823	9
19	325	8339.650604079681	6
19	328	8416.61037548034	6
19	393	10385.405847721065	9
19	434	11265.203042381032	12
19	462	12241.419893516636	9
19	679	18889.554606838668	12
20	86	1293.605141114687	4
20	168	3813.522672017044	3
20	194	4586.81606707317	3
20	213	5213.711137961137	2
20	267	6298.59848169331	4
20	283	6884.186896321514	2
20	308	7838.969330630823	3
20	325	8339.650604079681	2
20	328	8416.61037548034	2
20	393	10385.405847721065	3
20	434	11265.203042381032	4
20	462	12241.419893516636	3
20	679	18889.554606838668	4
21	80	1020.390983075951	306
21	115	2479.874560422441	306
21	128	2673.072390975248	512
21	133	2747.938827062067	306
21	182	4200.593016573367	306
21	197	4663.253362030163	306
21	214	5250.986040322117	306
21	259	6058.916679356851	512
21	304	7772.960998801164	512
21	343	8774.155552542106	203
21	360	9361.100676998951	409
21	375	9828.32690422841	512
21	412	10826.18744598254	203
21	439	11602.813367577514	409
21	542	15078.368758466949	203
21	602	16829.786952568557	409
21	616	17191.060852972392	306
21	644	17670.626955911876	409
22	80	1020.390983075951	6
22	115	2479.874560422441	6
22	128	2673.072390975248	12
22	133	2747.938827062067	6
22	182	4200.593016573367	6
22	197	4663.253362030163	6
22	214	5250.986040322117	6
22	259	6058.916679356851	12
22	304	7772.960998801164	12
22	343	8774.155552542106	3
22	360	9361.100676998951	9
22	375	9828.32690422841	12
22	412	10826.18744598254	3
22	439	11602.813367577514	9
22	542	15078.368758466949	3
22	602	16829.786952568557	9
22	616	17191.060852972392	6
22	644	17670.626955911876	9
23	80	1020.390983075951	2
23	115	2479.874560422441	2
23	128	2673.072390975248	4
23	133	2747.938827062067	2
23	182	4200.593016573367	2
23	197	4663.253362030163	2
23	214	5250.986040322117	2
23	259	6058.916679356851	4
23	304	7772.960998801164	4
23	343	8774.155552542106	1
23	360	9361.100676998951	3
23	375	9828.32690422841	4
23	412	10826.18744598254	1
23	439	11602.813367577514	3
23	542	15078.368758466949	1
23	602	16829.786952568557	3
23	616	17191.060852972392	2
23	644	17670.626955911876	3
24	96	1685.748708816058	409
24	135	2786.154495843622	306
24	181	4187.958132413068	203
24	229	5483.709180181389	306
24	335	8585.350395174924	409
24	470	12520.37482755528	306
24	527	14490.32567527689	306
24	584	16037.265486262668	409
24	615	17158.824228456512	512
24	650	17802.056511436476	512
24	654	18037.755360232333	306
24	678	18834.016607752212	512
24	689	19755.70954678873	203
25	96	1685.748708816058	9
25	135	2786.154495843622	6
25	181	4187.958132413068	3
25	229	5483.709180181389	6
25	335	8585.350395174924	9
25	470	12520.37482755528	6
25	527	14490.32567527689	6
25	584	16037.265486262668	9
25	615	17158.824228456512	12
25	650	17802.056511436476	12
25	654	18037.755360232333	6
25	678	18834.016607752212	12
25	689	19755.70954678873	3
26	96	1685.748708816058	3
26	135	2786.154495843622	2
26	181	4187.958132413068	1
26	229	5483.709180181389	2
26	335	8585.350395174924	3
26	470	12520.37482755528	2
26	527	14490.32567527689	2
26	584	16037.265486262668	3
26	615	17158.824228456512	4
26	650	17802.056511436476	4
26	654	18037.755360232333	2
26	678	18834.016607752212	4
26	689	19755.70954678873	1
27	92	1481.205994060346	306
27	145	3012.911007863258	512
27	172	3878.153853022435	512
27	202	4908.778912252482	512
27	237	5605.420039436191	409
27	241	5668.763926427388	512
27	248	5827.086117310435	512
27	298	7633.437387435364	306
27	351	9011.368804920694	306
27	377	9850.707837356584	306
27	420	10938.831940350989	203
27	430	11153.468658898609	512
27	472	12572.307244895844	409
27	487	13087.44861154405	409
27	493	13390.551061592862	512
27	624	17352.59976168155	512
27	652	17867.815157967069	512
28	92	1481.205994060346	6
28	145	3012.911007863258	12
28	172	3878.153853022435	12
28	202	4908.778912252482	12
28	237	5605.420039436191	9
28	241	5668.763926427388	12
28	248	5827.086117310435	12
28	298	7633.437387435364	6
28	351	9011.368804920694	6
28	377	9850.707837356584	6
28	420	10938.831940350989	3
28	430	11153.468658898609	12
28	472	12572.307244895844	9
28	487	13087.44861154405	9
28	493	13390.551061592862	12
28	624	17352.59976168155	12
28	652	17867.815157967069	12
29	92	1481.205994060346	2
29	145	3012.911007863258	4
29	172	3878.153853022435	4
29	202	4908.778912252482	4
29	237	5605.420039436191	3
29	241	5668.763926427388	4
29	248	5827.086117310435	4
29	298	7633.437387435364	2
29	351	9011.368804920694	2
29	377	9850.707837356584	2
29	420	10938.831940350989	1
29	430	11153.468658898609	4
29	472	12572.307244895844	3
29	487	13087.44861154405	3
29	493	13390.551061592862	4
29	624	17352.59976168155	4
29	652	17867.815157967069	4
30	143	2971.567025804936	306
30	261	6079.335424941532	512
30	264	6163.669626732237	409
30	275	6545.326166784933	203
30	311	7925.059895835212	409
30	312	7993.852207543714	409
30	399	10580.887208544487	306
30	488	13155.944496537347	203
30	491	13279.377078966956	512
30	501	13781.099440986355	306
30	512	14055.890766492563	203
30	533	14681.325054461336	306
30	560	15662.533700196784	306
30	563	15714.797904002745	512
30	583	16011.803689924156	306
30	587	16085.013816378186	306
30	636	17513.99711241472	409
30	646	17715.484656992203	306
30	648	17756.698264848806	203
30	681	18995.161930387586	512
30	688	19686.983031674591	409
31	143	2971.567025804936	6
31	261	6079.335424941532	12
31	264	6163.669626732237	9
31	275	6545.326166784933	3
31	311	7925.059895835212	9
31	312	7993.852207543714	9
31	399	10580.887208544487	6
31	488	13155.944496537347	3
31	491	13279.377078966956	12
31	501	13781.099440986355	6
31	512	14055.890766492563	3
31	533	14681.325054461336	6
31	560	15662.533700196784	6
31	563	15714.797904002745	12
31	583	16011.803689924156	6
31	587	16085.013816378186	6
31	636	17513.99711241472	9
31	646	17715.484656992203	6
31	648	17756.698264848806	3
31	681	18995.161930387586	12
31	688	19686.983031674591	9
32	143	2971.567025804936	2
32	261	6079.335424941532	4
32	264	6163.669626732237	3
32	275	6545.326166784933	1
32	311	7925.059895835212	3
32	312	7993.852207543714	3
32	399	10580.887208544487	2
32	488	13155.944496537347	1
32	491	13279.377078966956	4
32	501	13781.099440986355	2
32	512	14055.890766492563	1
32	533	14681.325054461336	2
32	560	15662.533700196784	2
32	563	15714.797904002745	4
32	583	16011.803689924156	2
32	587	16085.013816378186	2
32	636	17513.99711241472	3
32	646	17715.484656992203	2
32	648	17756.698264848806	1
32	681	18995.161930387586	4
32	688	19686.983031674591	3
33	230	5487.24521690038	203
33	236	5571.310561209712	512
33	330	8480.46130431518	203
33	348	8920.487891208139	409
33	354	9146.78232704532	512
33	363	9503.946534126507	306
33	383	10066.489612212606	512
33	404	10651.801673517476	306
33	418	10894.622199798162	306
33	428	11140.549371145548	306
33	473	12639.635624070374	409
33	532	14598.687764300631	409
33	634	17500.363179898539	409
33	673	18686.301574530422	203
34	230	5487.24521690038	3
34	236	5571.310561209712	12
34	330	8480.46130431518	3
34	348	8920.487891208139	9
34	354	9146.78232704532	12
34	363	9503.946534126507	6
34	383	10066.489612212606	12
34	404	10651.801673517476	6
34	418	10894.622199798162	6
34	428	11140.549371145548	6
34	473	12639.635624070374	9
34	532	14598.687764300631	9
34	634	17500.363179898539	9
34	673	18686.301574530422	3
35	230	5487.24521690038	1
35	236	5571.310561209712	4
35	330	8480.46130431518	1
35	348	8920.487891208139	3
35	354	9146.78232704532	4
35	363	9503.946534126507	2
35	383	10066.489612212606	4
35	404	10651.801673517476	2
35	418	10894.622199798162	2
35	428	11140.549371145548	2
35	473	12639.635624070374	3
35	532	14598.687764300631	3
35	634	17500.363179898539	3
35	673	18686.301574530422	1

