version 3
run CircleMode-39-20260103-12:11:59-492
attr configname CircleMode
attr datetime 20260103-12:11:59
attr datetimef 20260103-121159
attr experiment CircleMode
attr inifile simulations/nwsim_project/omnetpp.ini
attr iterationvars ""
attr iterationvarsd ""
attr iterationvarsf ""
attr measurement ""
attr network CrossTraffic
attr processid 492
attr repetition 39
attr replication #39
attr resultdir results
attr runnumber 39
attr seedset 39
config description "Junction circle mode with simple routing"
config *.Junc*.junctionMode "\"circle\""
config network CrossTraffic
config sim-time-limit 20000s
config warmup-period 1000s
config repeat 50
config **.scalar-recording true
config **.vector-recording true
config *.Junc*.junctionMode "\"queue\""
config *.EndNW.spawnInterval exponential(800s)
config *.EndNE.spawnInterval exponential(1200s)
config *.EndEN.spawnInterval exponential(1000s)
config *.EndES.spawnInterval exponential(1500s)
config *.EndSE.spawnInterval exponential(900s)
config *.EndSW.spawnInterval exponential(1100s)
config *.EndWS.spawnInterval exponential(1300s)
config *.EndWN.spawnInterval exponential(1400s)

vector 0 CrossTraffic.JuncNW queueLength:vector ETV
attr interpolationmode sample-hold
attr recordingmode vector
attr source queueLength
attr title "Queue Length"
vector 1 CrossTraffic.JuncNW junctionProcessingTime:vector ETV
attr recordingmode vector
attr source junctionProcessingTime
attr title "Junction Processing Time"
vector 2 CrossTraffic.JuncNW vehicleCount:vector ETV
attr recordingmode vector
attr source vehicleCount
attr title "Vehicle Count"
vector 3 CrossTraffic.JuncNE queueLength:vector ETV
attr interpolationmode sample-hold
attr recordingmode vector
attr source queueLength
attr title "Queue Length"
vector 4 CrossTraffic.JuncNE junctionProcessingTime:vector ETV
attr recordingmode vector
attr source junctionProcessingTime
attr title "Junction Processing Time"
vector 5 CrossTraffic.JuncNE vehicleCount:vector ETV
attr recordingmode vector
attr source vehicleCount
attr title "Vehicle Count"
vector 6 CrossTraffic.JuncSE queueLength:vector ETV
attr interpolationmode sample-hold
attr recordingmode vector
attr source queueLength
attr title "Queue Length"
vector 7 CrossTraffic.JuncSE junctionProcessingTime:vector ETV
attr recordingmode vector
attr source junctionProcessingTime
attr title "Junction Processing Time"
vector 8 CrossTraffic.JuncSE vehicleCount:vector ETV
attr recordingmode vector
attr source vehicleCount
attr title "Vehicle Count"
vector 9 CrossTraffic.JuncSW queueLength:vector ETV
attr interpolationmode sample-hold
attr recordingmode vector
attr source queueLength
attr title "Queue Length"
vector 10 CrossTraffic.JuncSW junctionProcessingTime:vector ETV
attr recordingmode vector
attr source junctionProcessingTime
attr title "Junction Processing Time"
vector 11 CrossTraffic.JuncSW vehicleCount:vector ETV
attr recordingmode vector
attr source vehicleCount
attr title "Vehicle Count"
vector 12 CrossTraffic.EndNW travelTime:vector ETV
attr recordingmode vector
attr source travelTime
attr title "Vehicle Travel Time"
vector 13 CrossTraffic.EndNW junctionTime:vector ETV
attr recordingmode vector
attr source junctionTime
attr title "Total Junction Time per Vehicle"
vector 14 CrossTraffic.EndNW junctionCount:vector ETV
attr recordingmode vector
attr source junctionCount
attr title "Junctions Visited per Vehicle"
vector 15 CrossTraffic.EndNE travelTime:vector ETV
attr recordingmode vector
attr source travelTime
attr title "Vehicle Travel Time"
vector 16 CrossTraffic.EndNE junctionTime:vector ETV
attr recordingmode vector
attr source junctionTime
attr title "Total Junction Time per Vehicle"
vector 17 CrossTraffic.EndNE junctionCount:vector ETV
attr recordingmode vector
attr source junctionCount
attr title "Junctions Visited per Vehicle"
vector 18 CrossTraffic.EndEN travelTime:vector ETV
attr recordingmode vector
attr source travelTime
attr title "Vehicle Travel Time"
vector 19 CrossTraffic.EndEN junctionTime:vector ETV
attr recordingmode vector
attr source junctionTime
attr title "Total Junction Time per Vehicle"
vector 20 CrossTraffic.EndEN junctionCount:vector ETV
attr recordingmode vector
attr source junctionCount
attr title "Junctions Visited per Vehicle"
vector 21 CrossTraffic.EndES travelTime:vector ETV
attr recordingmode vector
attr source travelTime
attr title "Vehicle Travel Time"
vector 22 CrossTraffic.EndES junctionTime:vector ETV
attr recordingmode vector
attr source junctionTime
attr title "Total Junction Time per Vehicle"
vector 23 CrossTraffic.EndES junctionCount:vector ETV
attr recordingmode vector
attr source junctionCount
attr title "Junctions Visited per Vehicle"
vector 24 CrossTraffic.EndSE travelTime:vector ETV
attr recordingmode vector
attr source travelTime
attr title "Vehicle Travel Time"
vector 25 CrossTraffic.EndSE junctionTime:vector ETV
attr recordingmode vector
attr source junctionTime
attr title "Total Junction Time per Vehicle"
vector 26 CrossTraffic.EndSE junctionCount:vector ETV
attr recordingmode vector
attr source junctionCount
attr title "Junctions Visited per Vehicle"
vector 27 CrossTraffic.EndSW travelTime:vector ETV
attr recordingmode vector
attr source travelTime
attr title "Vehicle Travel Time"
vector 28 CrossTraffic.EndSW junctionTime:vector ETV
attr recordingmode vector
attr source junctionTime
attr title "Total Junction Time per Vehicle"
vector 29 CrossTraffic.EndSW junctionCount:vector ETV
attr recordingmode vector
attr source junctionCount
attr title "Junctions Visited per Vehicle"
vector 30 CrossTraffic.EndWS travelTime:vector ETV
attr recordingmode vector
attr source travelTime
attr title "Vehicle Travel Time"
vector 31 CrossTraffic.EndWS junctionTime:vector ETV
attr recordingmode vector
attr source junctionTime
attr title "Total Junction Time per Vehicle"
vector 32 CrossTraffic.EndWS junctionCount:vector ETV
attr recordingmode vector
attr source junctionCount
attr title "Junctions Visited per Vehicle"
vector 33 CrossTraffic.EndWN travelTime:vector ETV
attr recordingmode vector
attr source travelTime
attr title "Vehicle Travel Time"
vector 34 CrossTraffic.EndWN junctionTime:vector ETV
attr recordingmode vector
attr source junctionTime
attr title "Total Junction Time per Vehicle"
vector 35 CrossTraffic.EndWN junctionCount:vector ETV
attr recordingmode vector
attr source junctionCount
attr title "Junctions Visited per Vehicle"
0	59	1479.308482136115	0
0	64	1808.416942484725	0
0	74	2244.486524208696	0
0	75	2268.133781149241	0
0	89	2666.090755279324	0
0	93	2801.662947517396	0
0	100	2953.135372581037	0
0	107	3136.212639723428	0
0	110	3177.90973676461	0
0	117	3341.366207984129	0
0	118	3344.116977716312	0
0	120	3432.272859273464	0
0	128	3628.778843274435	0
0	135	3866.929393653435	0
0	141	3980.702533746965	0
0	146	4166.420388100442	0
0	155	4673.387918318941	0
0	156	4675.203507449996	0
0	166	4888.952210442933	0
0	169	4963.086854054443	0
0	182	5073.678589297453	0
0	183	5087.960620652321	0
0	197	5219.361507823733	0
0	199	5271.519926215865	0
0	223	5548.778329090698	0
0	225	5625.656735593101	0
0	232	5736.542843294962	0
0	235	5776.17811272869	0
0	239	5843.584157995717	0
0	242	5896.214014309768	0
0	250	6077.053219842209	0
0	257	6193.179136564436	0
0	260	6291.074059457633	0
0	262	6332.134029200003	0
0	273	6780.894910736977	0
0	282	7025.735363809489	0
0	283	7059.543619111741	0
0	297	7401.460615958584	0
0	298	7418.300218232031	0
0	299	7434.507739490227	0
0	314	7937.595508080676	0
0	317	8100.41863490345	0
0	328	8984.531161731993	0
0	333	9297.719954838261	0
0	337	9401.57289510871	0
0	360	10460.819197351031	0
0	364	10606.548278063011	0
0	373	10865.217057474738	0
0	381	11176.480297245758	0
0	389	11382.019183561844	0
0	392	11393.406205742275	0
0	402	11593.423041160477	0
0	411	11725.224002761941	0
0	413	11739.127295514816	0
0	417	11808.41327931016	0
0	421	11906.146734411346	0
0	438	12385.086364303686	0
0	440	12470.119559871882	0
0	450	12642.000294524274	0
0	454	12733.351965450851	0
0	465	12924.932701206448	0
0	472	12995.381540733833	0
0	473	13026.160396014777	0
0	479	13096.886540826201	0
0	484	13130.3290936757	0
0	496	13314.778773883205	0
0	500	13396.988154101337	0
0	504	13488.126523771755	0
0	518	13895.568032842444	0
0	521	13981.073614125993	0
0	538	14528.725576716829	0
0	547	14708.806157574969	0
0	554	14854.247834246197	0
0	564	15092.711410745341	0
0	570	15246.013023382881	0
0	572	15259.034672143426	0
0	581	15469.727937563829	0
0	583	15555.893365506713	0
0	588	15902.520427270153	0
0	594	16067.94467119914	0
0	610	16813.128501883069	0
0	626	17522.447057656597	0
0	631	17650.270943898932	0
0	652	18422.681174503297	0
0	653	18431.937752558325	0
0	658	18554.992202355894	0
0	662	18707.521694344896	0
0	675	19333.137346946872	0
0	682	19598.823751806003	0
0	691	19833.004077714591	0
1	59	1479.308482136115	3
1	64	1808.416942484725	3
1	74	2244.486524208696	3
1	75	2268.133781149241	3
1	89	2666.090755279324	3
1	93	2801.662947517396	3
1	100	2953.135372581037	3
1	107	3136.212639723428	3
1	110	3177.90973676461	3
1	117	3341.366207984129	3
1	118	3344.116977716312	3
1	120	3432.272859273464	3
1	128	3628.778843274435	3
1	135	3866.929393653435	3
1	141	3980.702533746965	3
1	146	4166.420388100442	3
1	155	4673.387918318941	3
1	156	4675.203507449996	3
1	166	4888.952210442933	3
1	169	4963.086854054443	3
1	182	5073.678589297453	3
1	183	5087.960620652321	3
1	197	5219.361507823733	3
1	199	5271.519926215865	3
1	223	5548.778329090698	3
1	225	5625.656735593101	3
1	232	5736.542843294962	3
1	235	5776.17811272869	3
1	239	5843.584157995717	3
1	242	5896.214014309768	3
1	250	6077.053219842209	3
1	257	6193.179136564436	3
1	260	6291.074059457633	3
1	262	6332.134029200003	3
1	273	6780.894910736977	3
1	282	7025.735363809489	3
1	283	7059.543619111741	3
1	297	7401.460615958584	3
1	298	7418.300218232031	3
1	299	7434.507739490227	3
1	314	7937.595508080676	3
1	317	8100.41863490345	3
1	328	8984.531161731993	3
1	333	9297.719954838261	3
1	337	9401.57289510871	3
1	360	10460.819197351031	3
1	364	10606.548278063011	3
1	373	10865.217057474738	3
1	381	11176.480297245758	3
1	389	11382.019183561844	3
1	392	11393.406205742275	3
1	402	11593.423041160477	3
1	411	11725.224002761941	3
1	413	11739.127295514816	3
1	417	11808.41327931016	3
1	421	11906.146734411346	3
1	438	12385.086364303686	3
1	440	12470.119559871882	3
1	450	12642.000294524274	3
1	454	12733.351965450851	3
1	465	12924.932701206448	3
1	472	12995.381540733833	3
1	473	13026.160396014777	3
1	479	13096.886540826201	3
1	484	13130.3290936757	3
1	496	13314.778773883205	3
1	500	13396.988154101337	3
1	504	13488.126523771755	3
1	518	13895.568032842444	3
1	521	13981.073614125993	3
1	538	14528.725576716829	3
1	547	14708.806157574969	3
1	554	14854.247834246197	3
1	564	15092.711410745341	3
1	570	15246.013023382881	3
1	572	15259.034672143426	3
1	581	15469.727937563829	3
1	583	15555.893365506713	3
1	588	15902.520427270153	3
1	594	16067.94467119914	3
1	610	16813.128501883069	3
1	626	17522.447057656597	3
1	631	17650.270943898932	3
1	652	18422.681174503297	3
1	653	18431.937752558325	3
1	658	18554.992202355894	3
1	662	18707.521694344896	3
1	675	19333.137346946872	3
1	682	19598.823751806003	3
1	691	19833.004077714591	3
2	59	1479.308482136115	6034
2	64	1808.416942484725	6035
2	74	2244.486524208696	6037
2	75	2268.133781149241	6036
2	89	2666.090755279324	6040
2	93	2801.662947517396	6041
2	100	2953.135372581037	6042
2	107	3136.212639723428	6044
2	110	3177.90973676461	6046
2	117	3341.366207984129	6047
2	118	3344.116977716312	6048
2	120	3432.272859273464	6045
2	128	3628.778843274435	6049
2	135	3866.929393653435	6051
2	141	3980.702533746965	6053
2	146	4166.420388100442	6050
2	155	4673.387918318941	6055
2	156	4675.203507449996	6054
2	166	4888.952210442933	6057
2	169	4963.086854054443	6058
2	182	5073.678589297453	6059
2	183	5087.960620652321	6060
2	197	5219.361507823733	6064
2	199	5271.519926215865	6062
2	223	5548.778329090698	6068
2	225	5625.656735593101	6067
2	232	5736.542843294962	6071
2	235	5776.17811272869	6070
2	239	5843.584157995717	6069
2	242	5896.214014309768	6072
2	250	6077.053219842209	6073
2	257	6193.179136564436	6074
2	260	6291.074059457633	6076
2	262	6332.134029200003	6075
2	273	6780.894910736977	6077
2	282	7025.735363809489	6079
2	283	7059.543619111741	6080
2	297	7401.460615958584	6085
2	298	7418.300218232031	6082
2	299	7434.507739490227	6083
2	314	7937.595508080676	6086
2	317	8100.41863490345	6087
2	328	8984.531161731993	6090
2	333	9297.719954838261	6091
2	337	9401.57289510871	6093
2	360	10460.819197351031	6097
2	364	10606.548278063011	6098
2	373	10865.217057474738	6100
2	381	11176.480297245758	6101
2	389	11382.019183561844	6104
2	392	11393.406205742275	6103
2	402	11593.423041160477	6106
2	411	11725.224002761941	6107
2	413	11739.127295514816	6108
2	417	11808.41327931016	6110
2	421	11906.146734411346	6109
2	438	12385.086364303686	6112
2	440	12470.119559871882	6114
2	450	12642.000294524274	6116
2	454	12733.351965450851	6115
2	465	12924.932701206448	6118
2	472	12995.381540733833	6117
2	473	13026.160396014777	6121
2	479	13096.886540826201	6119
2	484	13130.3290936757	6122
2	496	13314.778773883205	6125
2	500	13396.988154101337	6124
2	504	13488.126523771755	6126
2	518	13895.568032842444	6130
2	521	13981.073614125993	6129
2	538	14528.725576716829	6133
2	547	14708.806157574969	6135
2	554	14854.247834246197	6137
2	564	15092.711410745341	6136
2	570	15246.013023382881	6140
2	572	15259.034672143426	6138
2	581	15469.727937563829	6139
2	583	15555.893365506713	6141
2	588	15902.520427270153	6142
2	594	16067.94467119914	6143
2	610	16813.128501883069	6147
2	626	17522.447057656597	6150
2	631	17650.270943898932	6151
2	652	18422.681174503297	6156
2	653	18431.937752558325	6155
2	658	18554.992202355894	6158
2	662	18707.521694344896	6159
2	675	19333.137346946872	6162
2	682	19598.823751806003	6160
2	691	19833.004077714591	6165
3	58	1376.308482136115	0
3	63	1705.416942484725	0
3	72	2141.486524208696	0
3	73	2165.133781149241	0
3	82	2485.229731443009	0
3	83	2542.242466895722	0
3	84	2563.090755279324	0
3	90	2698.662947517396	0
3	95	2850.135372581037	0
3	102	3033.212639723428	0
3	112	3238.366207984129	0
3	116	3329.272859273464	0
3	123	3486.90973676461	0
3	143	4063.420388100442	0
3	153	4570.387918318941	0
3	154	4572.203507449996	0
3	168	4947.672866329291	0
3	171	4970.678589297453	0
3	173	4984.960620652321	0
3	185	5094.988585376199	0
3	187	5116.361507823733	0
3	189	5168.519926215865	0
3	194	5197.952210442933	0
3	200	5272.086854054443	0
3	205	5313.583761720509	0
3	212	5393.702709308079	0
3	217	5445.778329090698	0
3	220	5522.656735593101	0
3	229	5673.17811272869	0
3	233	5740.584157995717	0
3	236	5793.214014309768	0
3	249	6045.542843294962	0
3	252	6090.179136564436	0
3	258	6229.134029200003	0
3	263	6386.053219842209	0
3	270	6600.074059457633	0
3	271	6677.894910736977	0
3	278	6906.258527635033	0
3	279	6922.735363809489	0
3	280	6956.543619111741	0
3	293	7315.300218232031	0
3	294	7331.507739490227	0
3	300	7461.765899980207	0
3	306	7567.663999106034	0
3	311	7710.460615958584	0
3	323	8594.598695038915	0
3	324	8636.863772717312	0
3	335	9360.609800439391	0
3	347	9710.57289510871	0
3	354	10190.424855439443	0
3	357	10357.819197351031	0
3	361	10503.548278063011	0
3	368	10712.848895289589	0
3	378	11073.480297245758	0
3	386	11290.406205742275	0
3	396	11490.423041160477	0
3	405	11622.224002761941	0
3	406	11634.976702599798	0
3	407	11636.127295514816	0
3	416	11803.146734411346	0
3	435	12282.086364303686	0
3	439	12430.99893129081	0
3	449	12630.351965450851	0
3	456	12779.119559871882	0
3	458	12821.932701206448	0
3	462	12892.381540733833	0
3	470	12993.886540826201	0
3	474	13027.3290936757	0
3	486	13143.182636381576	0
3	489	13211.778773883205	0
3	494	13293.988154101337	0
3	499	13385.126523771755	0
3	515	13830.198651740456	0
3	517	13878.073614125993	0
3	523	14045.745399121505	0
3	539	14534.716317620513	0
3	542	14605.806157574969	0
3	559	14989.711410745341	0
3	566	15156.034672143426	0
3	568	15163.247834246197	0
3	578	15366.727937563829	0
3	580	15452.893365506713	0
3	590	15964.94467119914	0
3	602	16273.018007724875	0
3	608	16710.128501883069	0
3	611	16847.438173148736	0
3	623	17419.447057656597	0
3	627	17547.270943898932	0
3	639	17928.424717871442	0
3	640	17944.208676681988	0
3	649	18319.681174503297	0
3	650	18328.937752558325	0
3	666	18863.992202355894	0
3	674	19310.025596232905	0
3	680	19495.823751806003	0
3	688	19758.294799964338	0
3	698	19942.06005207858	0
3	701	19993.048878980208	0
3	702	19996.436220004127	0
4	58	1376.308482136115	3
4	63	1705.416942484725	3
4	72	2141.486524208696	3
4	73	2165.133781149241	3
4	82	2485.229731443009	3
4	83	2542.242466895722	3
4	84	2563.090755279324	3
4	90	2698.662947517396	3
4	95	2850.135372581037	3
4	102	3033.212639723428	3
4	112	3238.366207984129	3
4	116	3329.272859273464	3
4	123	3486.90973676461	3
4	143	4063.420388100442	3
4	153	4570.387918318941	3
4	154	4572.203507449996	3
4	168	4947.672866329291	3
4	171	4970.678589297453	3
4	173	4984.960620652321	3
4	185	5094.988585376199	3
4	187	5116.361507823733	3
4	189	5168.519926215865	3
4	194	5197.952210442933	3
4	200	5272.086854054443	3
4	205	5313.583761720509	3
4	212	5393.702709308079	3
4	217	5445.778329090698	3
4	220	5522.656735593101	3
4	229	5673.17811272869	3
4	233	5740.584157995717	3
4	236	5793.214014309768	3
4	249	6045.542843294962	3
4	252	6090.179136564436	3
4	258	6229.134029200003	3
4	263	6386.053219842209	3
4	270	6600.074059457633	3
4	271	6677.894910736977	3
4	278	6906.258527635033	3
4	279	6922.735363809489	3
4	280	6956.543619111741	3
4	293	7315.300218232031	3
4	294	7331.507739490227	3
4	300	7461.765899980207	3
4	306	7567.663999106034	3
4	311	7710.460615958584	3
4	323	8594.598695038915	3
4	324	8636.863772717312	3
4	335	9360.609800439391	3
4	347	9710.57289510871	3
4	354	10190.424855439443	3
4	357	10357.819197351031	3
4	361	10503.548278063011	3
4	368	10712.848895289589	3
4	378	11073.480297245758	3
4	386	11290.406205742275	3
4	396	11490.423041160477	3
4	405	11622.224002761941	3
4	406	11634.976702599798	3
4	407	11636.127295514816	3
4	416	11803.146734411346	3
4	435	12282.086364303686	3
4	439	12430.99893129081	3
4	449	12630.351965450851	3
4	456	12779.119559871882	3
4	458	12821.932701206448	3
4	462	12892.381540733833	3
4	470	12993.886540826201	3
4	474	13027.3290936757	3
4	486	13143.182636381576	3
4	489	13211.778773883205	3
4	494	13293.988154101337	3
4	499	13385.126523771755	3
4	515	13830.198651740456	3
4	517	13878.073614125993	3
4	523	14045.745399121505	3
4	539	14534.716317620513	3
4	542	14605.806157574969	3
4	559	14989.711410745341	3
4	566	15156.034672143426	3
4	568	15163.247834246197	3
4	578	15366.727937563829	3
4	580	15452.893365506713	3
4	590	15964.94467119914	3
4	602	16273.018007724875	3
4	608	16710.128501883069	3
4	611	16847.438173148736	3
4	623	17419.447057656597	3
4	627	17547.270943898932	3
4	639	17928.424717871442	3
4	640	17944.208676681988	3
4	649	18319.681174503297	3
4	650	18328.937752558325	3
4	666	18863.992202355894	3
4	674	19310.025596232905	3
4	680	19495.823751806003	3
4	688	19758.294799964338	3
4	698	19942.06005207858	3
4	701	19993.048878980208	3
4	702	19996.436220004127	3
5	58	1376.308482136115	6034
5	63	1705.416942484725	6035
5	72	2141.486524208696	6037
5	73	2165.133781149241	6036
5	82	2485.229731443009	6039
5	83	2542.242466895722	6038
5	84	2563.090755279324	6040
5	90	2698.662947517396	6041
5	95	2850.135372581037	6042
5	102	3033.212639723428	6044
5	112	3238.366207984129	6047
5	116	3329.272859273464	6045
5	123	3486.90973676461	6046
5	143	4063.420388100442	6050
5	153	4570.387918318941	6055
5	154	4572.203507449996	6054
5	168	4947.672866329291	6056
5	171	4970.678589297453	6059
5	173	4984.960620652321	6060
5	185	5094.988585376199	6061
5	187	5116.361507823733	6064
5	189	5168.519926215865	6062
5	194	5197.952210442933	6057
5	200	5272.086854054443	6058
5	205	5313.583761720509	6063
5	212	5393.702709308079	6066
5	217	5445.778329090698	6068
5	220	5522.656735593101	6067
5	229	5673.17811272869	6070
5	233	5740.584157995717	6069
5	236	5793.214014309768	6072
5	249	6045.542843294962	6071
5	252	6090.179136564436	6074
5	258	6229.134029200003	6075
5	263	6386.053219842209	6073
5	270	6600.074059457633	6076
5	271	6677.894910736977	6077
5	278	6906.258527635033	6078
5	279	6922.735363809489	6079
5	280	6956.543619111741	6080
5	293	7315.300218232031	6082
5	294	7331.507739490227	6083
5	300	7461.765899980207	6081
5	306	7567.663999106034	6084
5	311	7710.460615958584	6085
5	323	8594.598695038915	6088
5	324	8636.863772717312	6089
5	335	9360.609800439391	6092
5	347	9710.57289510871	6093
5	354	10190.424855439443	6096
5	357	10357.819197351031	6097
5	361	10503.548278063011	6098
5	368	10712.848895289589	6099
5	378	11073.480297245758	6101
5	386	11290.406205742275	6103
5	396	11490.423041160477	6106
5	405	11622.224002761941	6107
5	406	11634.976702599798	6105
5	407	11636.127295514816	6108
5	416	11803.146734411346	6109
5	435	12282.086364303686	6112
5	439	12430.99893129081	6113
5	449	12630.351965450851	6115
5	456	12779.119559871882	6114
5	458	12821.932701206448	6118
5	462	12892.381540733833	6117
5	470	12993.886540826201	6119
5	474	13027.3290936757	6122
5	486	13143.182636381576	6123
5	489	13211.778773883205	6125
5	494	13293.988154101337	6124
5	499	13385.126523771755	6126
5	515	13830.198651740456	6127
5	517	13878.073614125993	6129
5	523	14045.745399121505	6128
5	539	14534.716317620513	6132
5	542	14605.806157574969	6135
5	559	14989.711410745341	6136
5	566	15156.034672143426	6138
5	568	15163.247834246197	6137
5	578	15366.727937563829	6139
5	580	15452.893365506713	6141
5	590	15964.94467119914	6143
5	602	16273.018007724875	6146
5	608	16710.128501883069	6147
5	611	16847.438173148736	6148
5	623	17419.447057656597	6150
5	627	17547.270943898932	6151
5	639	17928.424717871442	6154
5	640	17944.208676681988	6153
5	649	18319.681174503297	6156
5	650	18328.937752558325	6155
5	666	18863.992202355894	6158
5	674	19310.025596232905	6161
5	680	19495.823751806003	6160
5	688	19758.294799964338	6163
5	698	19942.06005207858	6166
5	701	19993.048878980208	6164
5	702	19996.436220004127	6168
6	62	1602.416942484725	0
6	70	2038.486524208696	0
6	71	2062.133781149241	0
6	80	2439.242466895722	0
6	91	2747.135372581037	0
6	103	3049.217162659856	0
6	111	3226.272859273464	0
6	119	3383.90973676461	0
6	132	3834.778843274435	0
6	139	3960.420388100442	0
6	142	4047.712916592612	0
6	147	4186.702533746965	0
6	151	4469.203507449996	0
6	161	4844.672866329291	0
6	164	4879.387918318941	0
6	175	4991.988585376199	0
6	180	5065.519926215865	0
6	184	5094.952210442933	0
6	190	5169.086854054443	0
6	196	5210.583761720509	0
6	198	5255.170744356797	0
6	202	5290.702709308079	0
6	214	5419.656735593101	0
6	215	5425.361507823733	0
6	227	5637.584157995717	0
6	234	5754.778329090698	0
6	243	5942.542843294962	0
6	246	5982.17811272869	0
6	259	6283.053219842209	0
6	268	6497.074059457633	0
6	269	6574.894910736977	0
6	295	7358.765899980207	0
6	301	7464.663999106034	0
6	307	7607.460615958584	0
6	321	8491.598695038915	0
6	322	8533.863772717312	0
6	340	9503.719954838261	0
6	344	9607.57289510871	0
6	345	9654.065929027542	0
6	349	9795.344913223496	0
6	353	10087.424855439443	0
6	365	10609.848895289589	0
6	366	10666.819197351031	0
6	371	10812.548278063011	0
6	377	11071.217057474738	0
6	383	11240.973285612232	0
6	390	11382.480297245758	0
6	399	11531.976702599798	0
6	409	11700.146734411346	0
6	425	11989.444572351649	0
6	427	12014.41327931016	0
6	433	12179.086364303686	0
6	436	12327.99893129081	0
6	451	12676.119559871882	0
6	453	12718.932701206448	0
6	457	12789.381540733833	0
6	468	12939.351965450851	0
6	471	12994.849514711126	0
6	476	13040.182636381576	0
6	487	13190.988154101337	0
6	490	13232.160396014777	0
6	495	13302.886540826201	0
6	498	13336.3290936757	0
6	506	13520.778773883205	0
6	520	13942.745399121505	0
6	525	14101.568032842444	0
6	527	14187.073614125993	0
6	534	14431.716317620513	0
6	536	14502.387468022811	0
6	548	14734.725576716829	0
6	555	14886.711410745341	0
6	556	14914.806157574969	0
6	561	15053.034672143426	0
6	562	15060.247834246197	0
6	573	15263.727937563829	0
6	576	15349.893365506713	0
6	579	15452.013023382881	0
6	593	16027.780884682222	0
6	599	16170.018007724875	0
6	601	16185.204418472152	0
6	609	16744.438173148736	0
6	614	17019.128501883069	0
6	620	17289.120100412878	0
6	621	17316.447057656597	0
6	632	17684.941107409727	0
6	637	17841.208676681988	0
6	638	17856.270943898932	0
6	647	18225.937752558325	0
6	651	18385.050305679872	0
6	660	18628.681174503297	0
6	664	18760.992202355894	0
6	667	18913.521694344896	0
6	676	19392.823751806003	0
6	683	19655.294799964338	0
6	692	19839.06005207858	0
6	694	19890.048878980208	0
7	62	1602.416942484725	3
7	70	2038.486524208696	3
7	71	2062.133781149241	3
7	80	2439.242466895722	3
7	91	2747.135372581037	3
7	103	3049.217162659856	3
7	111	3226.272859273464	3
7	119	3383.90973676461	3
7	132	3834.778843274435	3
7	139	3960.420388100442	3
7	142	4047.712916592612	3
7	147	4186.702533746965	3
7	151	4469.203507449996	3
7	161	4844.672866329291	3
7	164	4879.387918318941	3
7	175	4991.988585376199	3
7	180	5065.519926215865	3
7	184	5094.952210442933	3
7	190	5169.086854054443	3
7	196	5210.583761720509	3
7	198	5255.170744356797	3
7	202	5290.702709308079	3
7	214	5419.656735593101	3
7	215	5425.361507823733	3
7	227	5637.584157995717	3
7	234	5754.778329090698	3
7	243	5942.542843294962	3
7	246	5982.17811272869	3
7	259	6283.053219842209	3
7	268	6497.074059457633	3
7	269	6574.894910736977	3
7	295	7358.765899980207	3
7	301	7464.663999106034	3
7	307	7607.460615958584	3
7	321	8491.598695038915	3
7	322	8533.863772717312	3
7	340	9503.719954838261	3
7	344	9607.57289510871	3
7	345	9654.065929027542	3
7	349	9795.344913223496	3
7	353	10087.424855439443	3
7	365	10609.848895289589	3
7	366	10666.819197351031	3
7	371	10812.548278063011	3
7	377	11071.217057474738	3
7	383	11240.973285612232	3
7	390	11382.480297245758	3
7	399	11531.976702599798	3
7	409	11700.146734411346	3
7	425	11989.444572351649	3
7	427	12014.41327931016	3
7	433	12179.086364303686	3
7	436	12327.99893129081	3
7	451	12676.119559871882	3
7	453	12718.932701206448	3
7	457	12789.381540733833	3
7	468	12939.351965450851	3
7	471	12994.849514711126	3
7	476	13040.182636381576	3
7	487	13190.988154101337	3
7	490	13232.160396014777	3
7	495	13302.886540826201	3
7	498	13336.3290936757	3
7	506	13520.778773883205	3
7	520	13942.745399121505	3
7	525	14101.568032842444	3
7	527	14187.073614125993	3
7	534	14431.716317620513	3
7	536	14502.387468022811	3
7	548	14734.725576716829	3
7	555	14886.711410745341	3
7	556	14914.806157574969	3
7	561	15053.034672143426	3
7	562	15060.247834246197	3
7	573	15263.727937563829	3
7	576	15349.893365506713	3
7	579	15452.013023382881	3
7	593	16027.780884682222	3
7	599	16170.018007724875	3
7	601	16185.204418472152	3
7	609	16744.438173148736	3
7	614	17019.128501883069	3
7	620	17289.120100412878	3
7	621	17316.447057656597	3
7	632	17684.941107409727	3
7	637	17841.208676681988	3
7	638	17856.270943898932	3
7	647	18225.937752558325	3
7	651	18385.050305679872	3
7	660	18628.681174503297	3
7	664	18760.992202355894	3
7	667	18913.521694344896	3
7	676	19392.823751806003	3
7	683	19655.294799964338	3
7	692	19839.06005207858	3
7	694	19890.048878980208	3
8	62	1602.416942484725	6035
8	70	2038.486524208696	6037
8	71	2062.133781149241	6036
8	80	2439.242466895722	6038
8	91	2747.135372581037	6042
8	103	3049.217162659856	6043
8	111	3226.272859273464	6045
8	119	3383.90973676461	6046
8	132	3834.778843274435	6049
8	139	3960.420388100442	6050
8	142	4047.712916592612	6052
8	147	4186.702533746965	6053
8	151	4469.203507449996	6054
8	161	4844.672866329291	6056
8	164	4879.387918318941	6055
8	175	4991.988585376199	6061
8	180	5065.519926215865	6062
8	184	5094.952210442933	6057
8	190	5169.086854054443	6058
8	196	5210.583761720509	6063
8	198	5255.170744356797	6065
8	202	5290.702709308079	6066
8	214	5419.656735593101	6067
8	215	5425.361507823733	6064
8	227	5637.584157995717	6069
8	234	5754.778329090698	6068
8	243	5942.542843294962	6071
8	246	5982.17811272869	6070
8	259	6283.053219842209	6073
8	268	6497.074059457633	6076
8	269	6574.894910736977	6077
8	295	7358.765899980207	6081
8	301	7464.663999106034	6084
8	307	7607.460615958584	6085
8	321	8491.598695038915	6088
8	322	8533.863772717312	6089
8	340	9503.719954838261	6091
8	344	9607.57289510871	6093
8	345	9654.065929027542	6094
8	349	9795.344913223496	6095
8	353	10087.424855439443	6096
8	365	10609.848895289589	6099
8	366	10666.819197351031	6097
8	371	10812.548278063011	6098
8	377	11071.217057474738	6100
8	383	11240.973285612232	6102
8	390	11382.480297245758	6101
8	399	11531.976702599798	6105
8	409	11700.146734411346	6109
8	425	11989.444572351649	6111
8	427	12014.41327931016	6110
8	433	12179.086364303686	6112
8	436	12327.99893129081	6113
8	451	12676.119559871882	6114
8	453	12718.932701206448	6118
8	457	12789.381540733833	6117
8	468	12939.351965450851	6115
8	471	12994.849514711126	6120
8	476	13040.182636381576	6123
8	487	13190.988154101337	6124
8	490	13232.160396014777	6121
8	495	13302.886540826201	6119
8	498	13336.3290936757	6122
8	506	13520.778773883205	6125
8	520	13942.745399121505	6128
8	525	14101.568032842444	6130
8	527	14187.073614125993	6129
8	534	14431.716317620513	6132
8	536	14502.387468022811	6131
8	548	14734.725576716829	6133
8	555	14886.711410745341	6136
8	556	14914.806157574969	6135
8	561	15053.034672143426	6138
8	562	15060.247834246197	6137
8	573	15263.727937563829	6139
8	576	15349.893365506713	6141
8	579	15452.013023382881	6140
8	593	16027.780884682222	6144
8	599	16170.018007724875	6146
8	601	16185.204418472152	6145
8	609	16744.438173148736	6148
8	614	17019.128501883069	6147
8	620	17289.120100412878	6149
8	621	17316.447057656597	6150
8	632	17684.941107409727	6152
8	637	17841.208676681988	6153
8	638	17856.270943898932	6151
8	647	18225.937752558325	6155
8	651	18385.050305679872	6157
8	660	18628.681174503297	6156
8	664	18760.992202355894	6158
8	667	18913.521694344896	6159
8	676	19392.823751806003	6160
8	683	19655.294799964338	6163
8	692	19839.06005207858	6166
8	694	19890.048878980208	6164
9	66	1911.416942484725	0
9	68	1959.133781149241	0
9	92	2769.090755279324	0
9	99	2946.217162659856	0
9	106	3123.272859273464	0
9	115	3280.90973676461	0
9	122	3447.116977716312	0
9	129	3731.778843274435	0
9	134	3857.420388100442	0
9	138	3944.712916592612	0
9	144	4083.702533746965	0
9	158	4776.387918318941	0
9	174	4991.952210442933	0
9	181	5066.086854054443	0
9	186	5107.583761720509	0
9	188	5152.170744356797	0
9	191	5176.678589297453	0
9	193	5190.960620652321	0
9	207	5322.361507823733	0
9	210	5374.519926215865	0
9	222	5534.584157995717	0
9	228	5651.778329090698	0
9	231	5728.656735593101	0
9	238	5839.542843294962	0
9	241	5879.17811272869	0
9	255	6180.053219842209	0
9	264	6394.074059457633	0
9	286	7162.543619111741	0
9	289	7255.765899980207	0
9	296	7361.663999106034	0
9	302	7504.460615958584	0
9	303	7521.300218232031	0
9	304	7537.507739490227	0
9	329	9087.531161731993	0
9	336	9400.719954838261	0
9	341	9504.57289510871	0
9	342	9551.065929027542	0
9	362	10506.848895289589	0
9	363	10563.819197351031	0
9	367	10709.548278063011	0
9	375	10968.217057474738	0
9	384	11279.480297245758	0
9	393	11428.976702599798	0
9	394	11485.019183561844	0
9	397	11496.406205742275	0
9	408	11696.423041160477	0
9	418	11828.224002761941	0
9	419	11842.127295514816	0
9	420	11886.444572351649	0
9	422	11911.41327931016	0
9	426	12009.146734411346	0
9	434	12224.99893129081	0
9	441	12488.086364303686	0
9	445	12573.119559871882	0
9	452	12686.381540733833	0
9	455	12745.000294524274	0
9	459	12836.351965450851	0
9	475	13027.932701206448	0
9	483	13129.160396014777	0
9	488	13199.886540826201	0
9	491	13233.3290936757	0
9	502	13417.778773883205	0
9	505	13499.988154101337	0
9	507	13591.126523771755	0
9	516	13839.745399121505	0
9	522	13998.568032842444	0
9	524	14084.073614125993	0
9	532	14399.387468022811	0
9	540	14542.705779354123	0
9	543	14631.725576716829	0
9	550	14783.711410745341	0
9	551	14811.806157574969	0
9	557	14950.034672143426	0
9	558	14957.247834246197	0
9	567	15160.727937563829	0
9	575	15349.013023382881	0
9	592	16005.520427270153	0
9	596	16082.204418472152	0
9	600	16170.94467119914	0
9	612	16916.128501883069	0
9	618	17186.120100412878	0
9	619	17213.447057656597	0
9	628	17581.941107409727	0
9	633	17738.208676681988	0
9	634	17753.270943898932	0
9	645	18122.937752558325	0
9	656	18525.681174503297	0
9	661	18657.992202355894	0
9	665	18810.521694344896	0
9	673	19289.823751806003	0
9	681	19552.294799964338	0
9	689	19787.048878980208	0
9	696	19907.60458340751	0
9	697	19936.004077714591	0
10	66	1911.416942484725	3
10	68	1959.133781149241	3
10	92	2769.090755279324	3
10	99	2946.217162659856	3
10	106	3123.272859273464	3
10	115	3280.90973676461	3
10	122	3447.116977716312	3
10	129	3731.778843274435	3
10	134	3857.420388100442	3
10	138	3944.712916592612	3
10	144	4083.702533746965	3
10	158	4776.387918318941	3
10	174	4991.952210442933	3
10	181	5066.086854054443	3
10	186	5107.583761720509	3
10	188	5152.170744356797	3
10	191	5176.678589297453	3
10	193	5190.960620652321	3
10	207	5322.361507823733	3
10	210	5374.519926215865	3
10	222	5534.584157995717	3
10	228	5651.778329090698	3
10	231	5728.656735593101	3
10	238	5839.542843294962	3
10	241	5879.17811272869	3
10	255	6180.053219842209	3
10	264	6394.074059457633	3
10	286	7162.543619111741	3
10	289	7255.765899980207	3
10	296	7361.663999106034	3
10	302	7504.460615958584	3
10	303	7521.300218232031	3
10	304	7537.507739490227	3
10	329	9087.531161731993	3
10	336	9400.719954838261	3
10	341	9504.57289510871	3
10	342	9551.065929027542	3
10	362	10506.848895289589	3
10	363	10563.819197351031	3
10	367	10709.548278063011	3
10	375	10968.217057474738	3
10	384	11279.480297245758	3
10	393	11428.976702599798	3
10	394	11485.019183561844	3
10	397	11496.406205742275	3
10	408	11696.423041160477	3
10	418	11828.224002761941	3
10	419	11842.127295514816	3
10	420	11886.444572351649	3
10	422	11911.41327931016	3
10	426	12009.146734411346	3
10	434	12224.99893129081	3
10	441	12488.086364303686	3
10	445	12573.119559871882	3
10	452	12686.381540733833	3
10	455	12745.000294524274	3
10	459	12836.351965450851	3
10	475	13027.932701206448	3
10	483	13129.160396014777	3
10	488	13199.886540826201	3
10	491	13233.3290936757	3
10	502	13417.778773883205	3
10	505	13499.988154101337	3
10	507	13591.126523771755	3
10	516	13839.745399121505	3
10	522	13998.568032842444	3
10	524	14084.073614125993	3
10	532	14399.387468022811	3
10	540	14542.705779354123	3
10	543	14631.725576716829	3
10	550	14783.711410745341	3
10	551	14811.806157574969	3
10	557	14950.034672143426	3
10	558	14957.247834246197	3
10	567	15160.727937563829	3
10	575	15349.013023382881	3
10	592	16005.520427270153	3
10	596	16082.204418472152	3
10	600	16170.94467119914	3
10	612	16916.128501883069	3
10	618	17186.120100412878	3
10	619	17213.447057656597	3
10	628	17581.941107409727	3
10	633	17738.208676681988	3
10	634	17753.270943898932	3
10	645	18122.937752558325	3
10	656	18525.681174503297	3
10	661	18657.992202355894	3
10	665	18810.521694344896	3
10	673	19289.823751806003	3
10	681	19552.294799964338	3
10	689	19787.048878980208	3
10	696	19907.60458340751	3
10	697	19936.004077714591	3
11	66	1911.416942484725	6035
11	68	1959.133781149241	6036
11	92	2769.090755279324	6040
11	99	2946.217162659856	6043
11	106	3123.272859273464	6045
11	115	3280.90973676461	6046
11	122	3447.116977716312	6048
11	129	3731.778843274435	6049
11	134	3857.420388100442	6050
11	138	3944.712916592612	6052
11	144	4083.702533746965	6053
11	158	4776.387918318941	6055
11	174	4991.952210442933	6057
11	181	5066.086854054443	6058
11	186	5107.583761720509	6063
11	188	5152.170744356797	6065
11	191	5176.678589297453	6059
11	193	5190.960620652321	6060
11	207	5322.361507823733	6064
11	210	5374.519926215865	6062
11	222	5534.584157995717	6069
11	228	5651.778329090698	6068
11	231	5728.656735593101	6067
11	238	5839.542843294962	6071
11	241	5879.17811272869	6070
11	255	6180.053219842209	6073
11	264	6394.074059457633	6076
11	286	7162.543619111741	6080
11	289	7255.765899980207	6081
11	296	7361.663999106034	6084
11	302	7504.460615958584	6085
11	303	7521.300218232031	6082
11	304	7537.507739490227	6083
11	329	9087.531161731993	6090
11	336	9400.719954838261	6091
11	341	9504.57289510871	6093
11	342	9551.065929027542	6094
11	362	10506.848895289589	6099
11	363	10563.819197351031	6097
11	367	10709.548278063011	6098
11	375	10968.217057474738	6100
11	384	11279.480297245758	6101
11	393	11428.976702599798	6105
11	394	11485.019183561844	6104
11	397	11496.406205742275	6103
11	408	11696.423041160477	6106
11	418	11828.224002761941	6107
11	419	11842.127295514816	6108
11	420	11886.444572351649	6111
11	422	11911.41327931016	6110
11	426	12009.146734411346	6109
11	434	12224.99893129081	6113
11	441	12488.086364303686	6112
11	445	12573.119559871882	6114
11	452	12686.381540733833	6117
11	455	12745.000294524274	6116
11	459	12836.351965450851	6115
11	475	13027.932701206448	6118
11	483	13129.160396014777	6121
11	488	13199.886540826201	6119
11	491	13233.3290936757	6122
11	502	13417.778773883205	6125
11	505	13499.988154101337	6124
11	507	13591.126523771755	6126
11	516	13839.745399121505	6128
11	522	13998.568032842444	6130
11	524	14084.073614125993	6129
11	532	14399.387468022811	6131
11	540	14542.705779354123	6134
11	543	14631.725576716829	6133
11	550	14783.711410745341	6136
11	551	14811.806157574969	6135
11	557	14950.034672143426	6138
11	558	14957.247834246197	6137
11	567	15160.727937563829	6139
11	575	15349.013023382881	6140
11	592	16005.520427270153	6142
11	596	16082.204418472152	6145
11	600	16170.94467119914	6143
11	612	16916.128501883069	6147
11	618	17186.120100412878	6149
11	619	17213.447057656597	6150
11	628	17581.941107409727	6152
11	633	17738.208676681988	6153
11	634	17753.270943898932	6151
11	645	18122.937752558325	6155
11	656	18525.681174503297	6156
11	661	18657.992202355894	6158
11	665	18810.521694344896	6159
11	673	19289.823751806003	6160
11	681	19552.294799964338	6163
11	689	19787.048878980208	6164
11	696	19907.60458340751	6167
11	697	19936.004077714591	6165
12	77	2347.486524208696	409
12	78	2371.133781149241	512
12	113	3239.212639723428	306
12	121	3444.366207984129	306
12	125	3535.272859273464	512
12	140	3969.929393653435	203
12	148	4269.420388100442	512
12	244	5946.584157995717	512
12	248	5999.214014309768	306
12	265	6435.134029200003	306
12	316	8040.595508080676	203
12	481	13098.381540733833	512
12	569	15195.711410745341	512
12	584	15572.727937563829	512
12	678	19436.137346946872	203
13	77	2347.486524208696	9
13	78	2371.133781149241	12
13	113	3239.212639723428	6
13	121	3444.366207984129	6
13	125	3535.272859273464	12
13	140	3969.929393653435	3
13	148	4269.420388100442	12
13	244	5946.584157995717	12
13	248	5999.214014309768	6
13	265	6435.134029200003	6
13	316	8040.595508080676	3
13	481	13098.381540733833	12
13	569	15195.711410745341	12
13	584	15572.727937563829	12
13	678	19436.137346946872	3
14	77	2347.486524208696	3
14	78	2371.133781149241	4
14	113	3239.212639723428	2
14	121	3444.366207984129	2
14	125	3535.272859273464	4
14	140	3969.929393653435	1
14	148	4269.420388100442	4
14	244	5946.584157995717	4
14	248	5999.214014309768	2
14	265	6435.134029200003	2
14	316	8040.595508080676	1
14	481	13098.381540733833	4
14	569	15195.711410745341	4
14	584	15572.727937563829	4
14	678	19436.137346946872	1
15	85	2588.229731443009	203
15	87	2645.242466895722	306
15	178	5050.672866329291	306
15	195	5197.988585376199	306
15	211	5375.086854054443	512
15	254	6148.542843294962	512
15	267	6489.053219842209	512
15	272	6703.074059457633	512
15	310	7670.663999106034	409
15	312	7813.460615958584	512
15	325	8697.598695038915	306
15	326	8739.863772717312	306
15	350	9813.57289510871	512
15	412	11737.976702599798	409
15	461	12882.119559871882	512
15	492	13246.182636381576	306
15	519	13933.198651740456	203
15	544	14637.716317620513	306
15	574	15266.247834246197	512
15	643	18031.424717871442	203
15	668	18966.992202355894	512
15	693	19861.294799964338	409
16	85	2588.229731443009	3
16	87	2645.242466895722	6
16	178	5050.672866329291	6
16	195	5197.988585376199	6
16	211	5375.086854054443	12
16	254	6148.542843294962	12
16	267	6489.053219842209	12
16	272	6703.074059457633	12
16	310	7670.663999106034	9
16	312	7813.460615958584	12
16	325	8697.598695038915	6
16	326	8739.863772717312	6
16	350	9813.57289510871	12
16	412	11737.976702599798	9
16	461	12882.119559871882	12
16	492	13246.182636381576	6
16	519	13933.198651740456	3
16	544	14637.716317620513	6
16	574	15266.247834246197	12
16	643	18031.424717871442	3
16	668	18966.992202355894	12
16	693	19861.294799964338	9
17	85	2588.229731443009	1
17	87	2645.242466895722	2
17	178	5050.672866329291	2
17	195	5197.988585376199	2
17	211	5375.086854054443	4
17	254	6148.542843294962	4
17	267	6489.053219842209	4
17	272	6703.074059457633	4
17	310	7670.663999106034	3
17	312	7813.460615958584	4
17	325	8697.598695038915	2
17	326	8739.863772717312	2
17	350	9813.57289510871	4
17	412	11737.976702599798	3
17	461	12882.119559871882	4
17	492	13246.182636381576	2
17	519	13933.198651740456	1
17	544	14637.716317620513	2
17	574	15266.247834246197	4
17	643	18031.424717871442	1
17	668	18966.992202355894	4
17	693	19861.294799964338	3
18	127	3589.90973676461	512
18	204	5300.952210442933	512
18	213	5416.583761720509	409
18	219	5496.702709308079	306
18	281	7009.258527635033	203
18	305	7564.765899980207	409
18	339	9463.609800439391	203
18	356	10293.424855439443	306
18	372	10815.848895289589	409
18	443	12533.99893129081	409
18	526	14148.745399121505	409
18	605	16376.018007724875	306
18	613	16950.438173148736	306
18	644	18047.208676681988	409
18	677	19413.025596232905	203
19	127	3589.90973676461	12
19	204	5300.952210442933	12
19	213	5416.583761720509	9
19	219	5496.702709308079	6
19	281	7009.258527635033	3
19	305	7564.765899980207	9
19	339	9463.609800439391	3
19	356	10293.424855439443	6
19	372	10815.848895289589	9
19	443	12533.99893129081	9
19	526	14148.745399121505	9
19	605	16376.018007724875	6
19	613	16950.438173148736	6
19	644	18047.208676681988	9
19	677	19413.025596232905	3
20	127	3589.90973676461	4
20	204	5300.952210442933	4
20	213	5416.583761720509	3
20	219	5496.702709308079	2
20	281	7009.258527635033	1
20	305	7564.765899980207	3
20	339	9463.609800439391	1
20	356	10293.424855439443	2
20	372	10815.848895289589	3
20	443	12533.99893129081	3
20	526	14148.745399121505	3
20	605	16376.018007724875	2
20	613	16950.438173148736	2
20	644	18047.208676681988	3
20	677	19413.025596232905	1
21	145	4150.712916592612	306
21	172	4982.387918318941	512
21	209	5358.170744356797	306
21	221	5528.361507823733	512
21	348	9757.065929027542	306
21	380	11174.217057474738	409
21	388	11343.973285612232	203
21	429	12092.444572351649	306
21	431	12117.41327931016	409
21	477	13042.351965450851	512
21	480	13097.849514711126	203
21	503	13439.3290936757	512
21	560	15017.806157574969	512
21	582	15555.013023382881	409
21	598	16130.780884682222	203
21	617	17122.128501883069	512
21	635	17787.941107409727	306
21	663	18731.681174503297	512
21	669	19016.521694344896	409
22	145	4150.712916592612	6
22	172	4982.387918318941	12
22	209	5358.170744356797	6
22	221	5528.361507823733	12
22	348	9757.065929027542	6
22	380	11174.217057474738	9
22	388	11343.973285612232	3
22	429	12092.444572351649	6
22	431	12117.41327931016	9
22	477	13042.351965450851	12
22	480	13097.849514711126	3
22	503	13439.3290936757	12
22	560	15017.806157574969	12
22	582	15555.013023382881	9
22	598	16130.780884682222	3
22	617	17122.128501883069	12
22	635	17787.941107409727	6
22	663	18731.681174503297	12
22	669	19016.521694344896	9
23	145	4150.712916592612	2
23	172	4982.387918318941	4
23	209	5358.170744356797	2
23	221	5528.361507823733	4
23	348	9757.065929027542	2
23	380	11174.217057474738	3
23	388	11343.973285612232	1
23	429	12092.444572351649	2
23	431	12117.41327931016	3
23	477	13042.351965450851	4
23	480	13097.849514711126	1
23	503	13439.3290936757	4
23	560	15017.806157574969	4
23	582	15555.013023382881	3
23	598	16130.780884682222	1
23	617	17122.128501883069	4
23	635	17787.941107409727	2
23	663	18731.681174503297	4
23	669	19016.521694344896	3
24	109	3152.217162659856	306
24	137	3937.778843274435	409
24	149	4289.702533746965	409
24	240	5857.778329090698	512
24	251	6085.17811272869	512
24	343	9606.719954838261	409
24	351	9898.344913223496	203
24	370	10769.819197351031	512
24	374	10915.548278063011	512
24	395	11485.480297245758	512
24	497	13335.160396014777	409
24	501	13405.886540826201	512
24	509	13623.778773883205	512
24	528	14204.568032842444	409
24	529	14290.073614125993	512
24	541	14605.387468022811	306
24	552	14837.725576716829	409
24	604	16288.204418472152	306
24	622	17392.120100412878	306
24	641	17959.270943898932	512
24	655	18488.050305679872	203
25	109	3152.217162659856	6
25	137	3937.778843274435	9
25	149	4289.702533746965	9
25	240	5857.778329090698	12
25	251	6085.17811272869	12
25	343	9606.719954838261	9
25	351	9898.344913223496	3
25	370	10769.819197351031	12
25	374	10915.548278063011	12
25	395	11485.480297245758	12
25	497	13335.160396014777	9
25	501	13405.886540826201	12
25	509	13623.778773883205	12
25	528	14204.568032842444	9
25	529	14290.073614125993	12
25	541	14605.387468022811	6
25	552	14837.725576716829	9
25	604	16288.204418472152	6
25	622	17392.120100412878	6
25	641	17959.270943898932	12
25	655	18488.050305679872	3
26	109	3152.217162659856	2
26	137	3937.778843274435	3
26	149	4289.702533746965	3
26	240	5857.778329090698	4
26	251	6085.17811272869	4
26	343	9606.719954838261	3
26	351	9898.344913223496	1
26	370	10769.819197351031	4
26	374	10915.548278063011	4
26	395	11485.480297245758	4
26	497	13335.160396014777	3
26	501	13405.886540826201	4
26	509	13623.778773883205	4
26	528	14204.568032842444	3
26	529	14290.073614125993	4
26	541	14605.387468022811	2
26	552	14837.725576716829	3
26	604	16288.204418472152	2
26	622	17392.120100412878	2
26	641	17959.270943898932	4
26	655	18488.050305679872	1
27	54	1042.283403845716	409
27	56	1046.609822846347	409
27	69	2014.416942484725	512
27	203	5293.960620652321	409
27	218	5477.519926215865	512
27	237	5831.656735593101	512
27	291	7265.543619111741	409
27	403	11599.406205742275	409
27	424	11945.127295514816	409
27	447	12591.086364303686	512
27	485	13130.932701206448	512
27	508	13602.988154101337	512
27	545	14645.705779354123	203
27	597	16108.520427270153	306
27	603	16273.94467119914	409
28	54	1042.283403845716	9
28	56	1046.609822846347	9
28	69	2014.416942484725	12
28	203	5293.960620652321	9
28	218	5477.519926215865	12
28	237	5831.656735593101	12
28	291	7265.543619111741	9
28	403	11599.406205742275	9
28	424	11945.127295514816	9
28	447	12591.086364303686	12
28	485	13130.932701206448	12
28	508	13602.988154101337	12
28	545	14645.705779354123	3
28	597	16108.520427270153	6
28	603	16273.94467119914	9
29	54	1042.283403845716	3
29	56	1046.609822846347	3
29	69	2014.416942484725	4
29	203	5293.960620652321	3
29	218	5477.519926215865	4
29	237	5831.656735593101	4
29	291	7265.543619111741	3
29	403	11599.406205742275	3
29	424	11945.127295514816	3
29	447	12591.086364303686	4
29	485	13130.932701206448	4
29	508	13602.988154101337	4
29	545	14645.705779354123	1
29	597	16108.520427270153	2
29	603	16273.94467119914	3
30	55	1045.029767840166	306
30	96	2872.090755279324	409
30	126	3550.116977716312	306
30	201	5279.678589297453	409
30	308	7624.300218232031	409
30	309	7640.507739490227	409
30	330	9190.531161731993	306
30	401	11588.019183561844	306
30	415	11799.423041160477	409
30	423	11931.224002761941	409
30	430	12112.146734411346	512
30	460	12848.000294524274	306
30	510	13694.126523771755	409
31	55	1045.029767840166	6
31	96	2872.090755279324	9
31	126	3550.116977716312	6
31	201	5279.678589297453	9
31	308	7624.300218232031	9
31	309	7640.507739490227	9
31	330	9190.531161731993	6
31	401	11588.019183561844	6
31	415	11799.423041160477	9
31	423	11931.224002761941	9
31	430	12112.146734411346	12
31	460	12848.000294524274	6
31	510	13694.126523771755	9
32	55	1045.029767840166	2
32	96	2872.090755279324	3
32	126	3550.116977716312	2
32	201	5279.678589297453	3
32	308	7624.300218232031	3
32	309	7640.507739490227	3
32	330	9190.531161731993	2
32	401	11588.019183561844	2
32	415	11799.423041160477	3
32	423	11931.224002761941	3
32	430	12112.146734411346	4
32	460	12848.000294524274	2
32	510	13694.126523771755	3
33	61	1582.308482136115	306
33	97	2904.662947517396	306
33	104	3056.135372581037	409
33	159	4778.203507449996	409
33	261	6296.179136564436	306
33	277	6883.894910736977	409
33	284	7128.735363809489	306
33	318	8203.41863490345	203
33	577	15362.034672143426	512
33	585	15658.893365506713	409
33	629	17625.447057656597	512
33	657	18534.937752558325	512
33	685	19701.823751806003	512
34	61	1582.308482136115	6
34	97	2904.662947517396	6
34	104	3056.135372581037	9
34	159	4778.203507449996	9
34	261	6296.179136564436	6
34	277	6883.894910736977	9
34	284	7128.735363809489	6
34	318	8203.41863490345	3
34	577	15362.034672143426	12
34	585	15658.893365506713	9
34	629	17625.447057656597	12
34	657	18534.937752558325	12
34	685	19701.823751806003	12
35	61	1582.308482136115	2
35	97	2904.662947517396	2
35	104	3056.135372581037	3
35	159	4778.203507449996	3
35	261	6296.179136564436	2
35	277	6883.894910736977	3
35	284	7128.735363809489	2
35	318	8203.41863490345	1
35	577	15362.034672143426	4
35	585	15658.893365506713	3
35	629	17625.447057656597	4
35	657	18534.937752558325	4
35	685	19701.823751806003	4

