version 3
run LightLoad_Circle-16-20260126-10:58:55-289
attr configname LightLoad_Circle
attr datetime 20260126-10:58:55
attr datetimef 20260126-105855
attr experiment LightLoad_Circle
attr inifile simulations/nwsim_project/omnetpp.ini
attr iterationvars ""
attr iterationvarsd ""
attr iterationvarsf ""
attr measurement ""
attr network CrossTraffic
attr processid 289
attr repetition 16
attr replication #16
attr resultdir results
attr runnumber 16
attr seedset 16
config description "Light Load - Circle Mode"
config *.Junc*.junctionMode "\"circle\""
config *.EndNW.spawnInterval exponential(800s)
config *.EndNE.spawnInterval exponential(1200s)
config *.EndEN.spawnInterval exponential(1000s)
config *.EndES.spawnInterval exponential(1500s)
config *.EndSE.spawnInterval exponential(900s)
config *.EndSW.spawnInterval exponential(1000s)
config *.EndWS.spawnInterval exponential(1200s)
config *.EndWN.spawnInterval exponential(1400s)
config network CrossTraffic
config sim-time-limit 20000s
config warmup-period 1000s
config repeat 50
config **.scalar-recording true
config **.vector-recording true
config *.Junc*.junctionMode "\"queue\""
config *.EndNW.spawnInterval exponential(800s)
config *.EndNE.spawnInterval exponential(1200s)
config *.EndEN.spawnInterval exponential(1000s)
config *.EndES.spawnInterval exponential(1500s)
config *.EndSE.spawnInterval exponential(900s)
config *.EndSW.spawnInterval exponential(1100s)
config *.EndWS.spawnInterval exponential(1300s)
config *.EndWN.spawnInterval exponential(1400s)

vector 0 CrossTraffic.JuncNW queueLength:vector ETV
attr interpolationmode sample-hold
attr recordingmode vector
attr source queueLength
attr title "Queue Length"
vector 1 CrossTraffic.JuncNW junctionProcessingTime:vector ETV
attr recordingmode vector
attr source junctionProcessingTime
attr title "Junction Processing Time"
vector 2 CrossTraffic.JuncNW vehicleCount:vector ETV
attr recordingmode vector
attr source vehicleCount
attr title "Vehicle Count"
vector 3 CrossTraffic.JuncNE queueLength:vector ETV
attr interpolationmode sample-hold
attr recordingmode vector
attr source queueLength
attr title "Queue Length"
vector 4 CrossTraffic.JuncNE junctionProcessingTime:vector ETV
attr recordingmode vector
attr source junctionProcessingTime
attr title "Junction Processing Time"
vector 5 CrossTraffic.JuncNE vehicleCount:vector ETV
attr recordingmode vector
attr source vehicleCount
attr title "Vehicle Count"
vector 6 CrossTraffic.JuncSE queueLength:vector ETV
attr interpolationmode sample-hold
attr recordingmode vector
attr source queueLength
attr title "Queue Length"
vector 7 CrossTraffic.JuncSE junctionProcessingTime:vector ETV
attr recordingmode vector
attr source junctionProcessingTime
attr title "Junction Processing Time"
vector 8 CrossTraffic.JuncSE vehicleCount:vector ETV
attr recordingmode vector
attr source vehicleCount
attr title "Vehicle Count"
vector 9 CrossTraffic.JuncSW queueLength:vector ETV
attr interpolationmode sample-hold
attr recordingmode vector
attr source queueLength
attr title "Queue Length"
vector 10 CrossTraffic.JuncSW junctionProcessingTime:vector ETV
attr recordingmode vector
attr source junctionProcessingTime
attr title "Junction Processing Time"
vector 11 CrossTraffic.JuncSW vehicleCount:vector ETV
attr recordingmode vector
attr source vehicleCount
attr title "Vehicle Count"
vector 12 CrossTraffic.EndNW travelTime:vector ETV
attr recordingmode vector
attr source travelTime
attr title "Vehicle Travel Time"
vector 13 CrossTraffic.EndNW junctionTime:vector ETV
attr recordingmode vector
attr source junctionTime
attr title "Total Junction Time per Vehicle"
vector 14 CrossTraffic.EndNW junctionCount:vector ETV
attr recordingmode vector
attr source junctionCount
attr title "Junctions Visited per Vehicle"
vector 15 CrossTraffic.EndNE travelTime:vector ETV
attr recordingmode vector
attr source travelTime
attr title "Vehicle Travel Time"
vector 16 CrossTraffic.EndNE junctionTime:vector ETV
attr recordingmode vector
attr source junctionTime
attr title "Total Junction Time per Vehicle"
vector 17 CrossTraffic.EndNE junctionCount:vector ETV
attr recordingmode vector
attr source junctionCount
attr title "Junctions Visited per Vehicle"
vector 18 CrossTraffic.EndEN travelTime:vector ETV
attr recordingmode vector
attr source travelTime
attr title "Vehicle Travel Time"
vector 19 CrossTraffic.EndEN junctionTime:vector ETV
attr recordingmode vector
attr source junctionTime
attr title "Total Junction Time per Vehicle"
vector 20 CrossTraffic.EndEN junctionCount:vector ETV
attr recordingmode vector
attr source junctionCount
attr title "Junctions Visited per Vehicle"
vector 21 CrossTraffic.EndES travelTime:vector ETV
attr recordingmode vector
attr source travelTime
attr title "Vehicle Travel Time"
vector 22 CrossTraffic.EndES junctionTime:vector ETV
attr recordingmode vector
attr source junctionTime
attr title "Total Junction Time per Vehicle"
vector 23 CrossTraffic.EndES junctionCount:vector ETV
attr recordingmode vector
attr source junctionCount
attr title "Junctions Visited per Vehicle"
vector 24 CrossTraffic.EndSE travelTime:vector ETV
attr recordingmode vector
attr source travelTime
attr title "Vehicle Travel Time"
vector 25 CrossTraffic.EndSE junctionTime:vector ETV
attr recordingmode vector
attr source junctionTime
attr title "Total Junction Time per Vehicle"
vector 26 CrossTraffic.EndSE junctionCount:vector ETV
attr recordingmode vector
attr source junctionCount
attr title "Junctions Visited per Vehicle"
vector 27 CrossTraffic.EndSW travelTime:vector ETV
attr recordingmode vector
attr source travelTime
attr title "Vehicle Travel Time"
vector 28 CrossTraffic.EndSW junctionTime:vector ETV
attr recordingmode vector
attr source junctionTime
attr title "Total Junction Time per Vehicle"
vector 29 CrossTraffic.EndSW junctionCount:vector ETV
attr recordingmode vector
attr source junctionCount
attr title "Junctions Visited per Vehicle"
vector 30 CrossTraffic.EndWS travelTime:vector ETV
attr recordingmode vector
attr source travelTime
attr title "Vehicle Travel Time"
vector 31 CrossTraffic.EndWS junctionTime:vector ETV
attr recordingmode vector
attr source junctionTime
attr title "Total Junction Time per Vehicle"
vector 32 CrossTraffic.EndWS junctionCount:vector ETV
attr recordingmode vector
attr source junctionCount
attr title "Junctions Visited per Vehicle"
vector 33 CrossTraffic.EndWN travelTime:vector ETV
attr recordingmode vector
attr source travelTime
attr title "Vehicle Travel Time"
vector 34 CrossTraffic.EndWN junctionTime:vector ETV
attr recordingmode vector
attr source junctionTime
attr title "Total Junction Time per Vehicle"
vector 35 CrossTraffic.EndWN junctionCount:vector ETV
attr recordingmode vector
attr source junctionCount
attr title "Junctions Visited per Vehicle"
0	69	1032.382520857585	0
0	72	1125.310805125682	0
0	80	1261.948688663119	0
0	82	1285.655285095629	0
0	84	1294.973497605192	0
0	100	1564.958191419297	0
0	116	1805.92996409705	0
0	117	1809.498690314009	0
0	120	1871.397910496246	0
0	123	1888.757490071698	0
0	129	1978.712048352958	0
0	132	2044.438845672458	0
0	141	2362.482048854878	0
0	153	2668.309351669243	0
0	155	2698.243375617992	0
0	157	2768.483257478268	0
0	160	2853.36172470503	0
0	173	3189.44202522045	0
0	177	3241.212529400089	0
0	185	3430.751162363407	0
0	186	3434.184922833619	0
0	196	3605.506383710605	0
0	197	3610.376516048828	0
0	201	3655.634607584331	0
0	206	3747.846569491641	0
0	225	3972.38959295852	0
0	226	4026.914098051962	0
0	227	4038.98838574663	0
0	243	4435.573539423706	0
0	244	4467.603480770248	0
0	249	4635.323252306974	0
0	266	5120.746756196091	0
0	272	5376.422373231745	0
0	273	5423.814523688995	0
0	282	6022.751179931859	0
0	294	6440.436475873103	0
0	301	6692.342030116438	0
0	304	6788.130955733734	0
0	311	6965.808860434529	0
0	313	7065.396573793922	0
0	323	7366.333962089747	0
0	327	7445.484472607059	0
0	332	7499.598698526513	0
0	337	7588.039503238557	0
0	354	7917.980840723023	0
0	361	8205.393201294214	0
0	366	8489.522223993959	0
0	380	8877.738253497097	0
0	387	8981.929102735311	0
0	389	9043.886743798846	0
0	391	9108.12205458989	0
0	402	9547.214057819095	0
0	406	9657.038605334343	0
0	413	9835.219106104233	0
0	415	9899.407363215884	0
0	423	10228.310132160694	0
0	431	10612.710440124544	0
0	434	10735.650275123685	0
0	445	11129.751015320754	0
0	455	11587.816896785088	0
0	465	12107.022900945388	0
0	466	12161.624219057413	0
0	475	12288.792183266457	0
0	479	12371.657354400305	0
0	489	12547.051365916258	0
0	490	12555.281423238091	0
0	492	12622.902596520021	0
0	510	13367.112568768904	0
0	519	13581.309961483959	0
0	528	13839.835408295061	0
0	531	13984.008436765667	0
0	542	14476.471567393711	0
0	547	14546.600859184877	0
0	553	14648.118437759051	0
0	561	14754.061792844184	0
0	571	15095.449266639241	0
0	572	15193.350014765004	0
0	578	15403.442260821677	0
0	591	15971.196152043744	0
0	596	16088.569309813572	0
0	607	16422.556724987768	0
0	608	16434.028056401622	0
0	623	16737.469583448897	0
0	638	17236.329901763143	0
0	643	17481.361039188187	0
0	647	17584.897321858553	0
0	650	17671.859674809871	0
0	656	17742.457356711104	0
0	667	17888.102396013896	0
0	676	18020.942834810779	0
0	677	18063.41165934969	0
0	687	18290.44576129243	0
0	692	18420.292555752638	0
0	701	18725.092394947985	0
0	710	18972.020866171722	0
0	711	18979.095963276359	0
0	712	18985.382515442084	0
0	713	18988.995262109418	0
0	724	19229.316614651654	0
0	729	19377.741410788173	0
0	736	19650.459172787883	0
0	739	19836.503348854135	0
1	69	1032.382520857585	3
1	72	1125.310805125682	3
1	80	1261.948688663119	3
1	82	1285.655285095629	3
1	84	1294.973497605192	3
1	100	1564.958191419297	3
1	116	1805.92996409705	3
1	117	1809.498690314009	3
1	120	1871.397910496246	3
1	123	1888.757490071698	3
1	129	1978.712048352958	3
1	132	2044.438845672458	3
1	141	2362.482048854878	3
1	153	2668.309351669243	3
1	155	2698.243375617992	3
1	157	2768.483257478268	3
1	160	2853.36172470503	3
1	173	3189.44202522045	3
1	177	3241.212529400089	3
1	185	3430.751162363407	3
1	186	3434.184922833619	3
1	196	3605.506383710605	3
1	197	3610.376516048828	3
1	201	3655.634607584331	3
1	206	3747.846569491641	3
1	225	3972.38959295852	3
1	226	4026.914098051962	3
1	227	4038.98838574663	3
1	243	4435.573539423706	3
1	244	4467.603480770248	3
1	249	4635.323252306974	3
1	266	5120.746756196091	3
1	272	5376.422373231745	3
1	273	5423.814523688995	3
1	282	6022.751179931859	3
1	294	6440.436475873103	3
1	301	6692.342030116438	3
1	304	6788.130955733734	3
1	311	6965.808860434529	3
1	313	7065.396573793922	3
1	323	7366.333962089747	3
1	327	7445.484472607059	3
1	332	7499.598698526513	3
1	337	7588.039503238557	3
1	354	7917.980840723023	3
1	361	8205.393201294214	3
1	366	8489.522223993959	3
1	380	8877.738253497097	3
1	387	8981.929102735311	3
1	389	9043.886743798846	3
1	391	9108.12205458989	3
1	402	9547.214057819095	3
1	406	9657.038605334343	3
1	413	9835.219106104233	3
1	415	9899.407363215884	3
1	423	10228.310132160694	3
1	431	10612.710440124544	3
1	434	10735.650275123685	3
1	445	11129.751015320754	3
1	455	11587.816896785088	3
1	465	12107.022900945388	3
1	466	12161.624219057413	3
1	475	12288.792183266457	3
1	479	12371.657354400305	3
1	489	12547.051365916258	3
1	490	12555.281423238091	3
1	492	12622.902596520021	3
1	510	13367.112568768904	3
1	519	13581.309961483959	3
1	528	13839.835408295061	3
1	531	13984.008436765667	3
1	542	14476.471567393711	3
1	547	14546.600859184877	3
1	553	14648.118437759051	3
1	561	14754.061792844184	3
1	571	15095.449266639241	3
1	572	15193.350014765004	3
1	578	15403.442260821677	3
1	591	15971.196152043744	3
1	596	16088.569309813572	3
1	607	16422.556724987768	3
1	608	16434.028056401622	3
1	623	16737.469583448897	3
1	638	17236.329901763143	3
1	643	17481.361039188187	3
1	647	17584.897321858553	3
1	650	17671.859674809871	3
1	656	17742.457356711104	3
1	667	17888.102396013896	3
1	676	18020.942834810779	3
1	677	18063.41165934969	3
1	687	18290.44576129243	3
1	692	18420.292555752638	3
1	701	18725.092394947985	3
1	710	18972.020866171722	3
1	711	18979.095963276359	3
1	712	18985.382515442084	3
1	713	18988.995262109418	3
1	724	19229.316614651654	3
1	729	19377.741410788173	3
1	736	19650.459172787883	3
1	739	19836.503348854135	3
2	69	1032.382520857585	2577
2	72	1125.310805125682	2578
2	80	1261.948688663119	2581
2	82	1285.655285095629	2580
2	84	1294.973497605192	2582
2	100	1564.958191419297	2586
2	116	1805.92996409705	2589
2	117	1809.498690314009	2584
2	120	1871.397910496246	2587
2	123	1888.757490071698	2588
2	129	1978.712048352958	2590
2	132	2044.438845672458	2591
2	141	2362.482048854878	2592
2	153	2668.309351669243	2596
2	155	2698.243375617992	2593
2	157	2768.483257478268	2597
2	160	2853.36172470503	2595
2	173	3189.44202522045	2600
2	177	3241.212529400089	2599
2	185	3430.751162363407	2602
2	186	3434.184922833619	2603
2	196	3605.506383710605	2605
2	197	3610.376516048828	2601
2	201	3655.634607584331	2604
2	206	3747.846569491641	2606
2	225	3972.38959295852	2610
2	226	4026.914098051962	2607
2	227	4038.98838574663	2611
2	243	4435.573539423706	2613
2	244	4467.603480770248	2612
2	249	4635.323252306974	2614
2	266	5120.746756196091	2618
2	272	5376.422373231745	2619
2	273	5423.814523688995	2620
2	282	6022.751179931859	2621
2	294	6440.436475873103	2623
2	301	6692.342030116438	2625
2	304	6788.130955733734	2626
2	311	6965.808860434529	2628
2	313	7065.396573793922	2627
2	323	7366.333962089747	2630
2	327	7445.484472607059	2629
2	332	7499.598698526513	2632
2	337	7588.039503238557	2631
2	354	7917.980840723023	2636
2	361	8205.393201294214	2638
2	366	8489.522223993959	2639
2	380	8877.738253497097	2643
2	387	8981.929102735311	2641
2	389	9043.886743798846	2644
2	391	9108.12205458989	2645
2	402	9547.214057819095	2646
2	406	9657.038605334343	2647
2	413	9835.219106104233	2648
2	415	9899.407363215884	2650
2	423	10228.310132160694	2651
2	431	10612.710440124544	2652
2	434	10735.650275123685	2653
2	445	11129.751015320754	2655
2	455	11587.816896785088	2657
2	465	12107.022900945388	2662
2	466	12161.624219057413	2659
2	475	12288.792183266457	2661
2	479	12371.657354400305	2665
2	489	12547.051365916258	2663
2	490	12555.281423238091	2664
2	492	12622.902596520021	2668
2	510	13367.112568768904	2669
2	519	13581.309961483959	2673
2	528	13839.835408295061	2674
2	531	13984.008436765667	2675
2	542	14476.471567393711	2676
2	547	14546.600859184877	2678
2	553	14648.118437759051	2680
2	561	14754.061792844184	2683
2	571	15095.449266639241	2685
2	572	15193.350014765004	2684
2	578	15403.442260821677	2686
2	591	15971.196152043744	2687
2	596	16088.569309813572	2689
2	607	16422.556724987768	2692
2	608	16434.028056401622	2691
2	623	16737.469583448897	2694
2	638	17236.329901763143	2699
2	643	17481.361039188187	2700
2	647	17584.897321858553	2701
2	650	17671.859674809871	2702
2	656	17742.457356711104	2704
2	667	17888.102396013896	2705
2	676	18020.942834810779	2706
2	677	18063.41165934969	2708
2	687	18290.44576129243	2709
2	692	18420.292555752638	2710
2	701	18725.092394947985	2711
2	710	18972.020866171722	2714
2	711	18979.095963276359	2712
2	712	18985.382515442084	2715
2	713	18988.995262109418	2713
2	724	19229.316614651654	2716
2	729	19377.741410788173	2717
2	736	19650.459172787883	2718
2	739	19836.503348854135	2719
3	73	1135.382520857585	0
3	74	1161.441548488018	0
3	88	1388.655285095629	0
3	90	1397.973497605192	0
3	97	1500.498690314009	0
3	99	1553.51150068172	0
3	105	1667.958191419297	0
3	124	1908.92996409705	0
3	134	2081.712048352958	0
3	135	2147.438845672458	0
3	142	2389.243375617992	0
3	144	2465.482048854878	0
3	146	2493.904429629412	0
3	158	2771.309351669243	0
3	161	2871.483257478268	0
3	168	3020.34791973165	0
3	178	3292.44202522045	0
3	179	3301.376516048828	0
3	191	3533.751162363407	0
3	202	3708.506383710605	0
3	204	3717.914098051962	0
3	207	3758.634607584331	0
3	214	3850.846569491641	0
3	231	4075.38959295852	0
3	233	4141.98838574663	0
3	234	4158.603480770248	0
3	246	4538.573539423706	0
3	252	4703.509217400784	0
3	268	5223.746756196091	0
3	276	5526.814523688995	0
3	284	6125.751179931859	0
3	292	6364.446320694002	0
3	296	6543.436475873103	0
3	305	6795.342030116438	0
3	308	6891.130955733734	0
3	314	7068.808860434529	0
3	316	7168.396573793922	0
3	329	7469.333962089747	0
3	334	7548.484472607059	0
3	335	7561.413598678622	0
3	339	7602.598698526513	0
3	343	7691.039503238557	0
3	355	7950.718029696834	0
3	356	8020.980840723023	0
3	363	8308.393201294214	0
3	368	8592.522223993959	0
3	369	8610.773226095752	0
3	390	9084.929102735311	0
3	392	9146.886743798846	0
3	394	9211.12205458989	0
3	405	9650.214057819095	0
3	411	9796.025071068754	0
3	416	9938.219106104233	0
3	418	10002.407363215884	0
3	425	10331.310132160694	0
3	433	10715.710440124544	0
3	439	10849.228412003188	0
3	447	11232.751015320754	0
3	454	11498.192090529536	0
3	463	12074.143140302475	0
3	472	12264.624219057413	0
3	485	12474.657354400305	0
3	495	12650.051365916258	0
3	498	12725.902596520021	0
3	504	13058.112568768904	0
3	514	13473.982556475227	0
3	517	13569.545677896507	0
3	548	14579.471567393711	0
3	551	14583.240410216292	0
3	554	14649.600859184877	0
3	558	14703.293041377678	0
3	559	14751.118437759051	0
3	565	14857.061792844184	0
3	573	15198.449266639241	0
3	574	15296.350014765004	0
3	580	15506.442260821677	0
3	584	15662.196152043744	0
3	597	16169.215331203144	0
3	598	16191.569309813572	0
3	610	16510.371280188684	0
3	611	16525.556724987768	0
3	613	16537.028056401622	0
3	619	16658.125792930829	0
3	628	16840.469583448897	0
3	646	17584.361039188187	0
3	653	17687.897321858553	0
3	654	17711.599517922509	0
3	658	17774.859674809871	0
3	665	17869.979162310829	0
3	674	17991.102396013896	0
3	681	18166.41165934969	0
3	690	18393.44576129243	0
3	695	18523.292555752638	0
3	715	19075.020866171722	0
3	716	19082.095963276359	0
3	717	19088.382515442084	0
3	718	19091.995262109418	0
3	733	19480.741410788173	0
3	740	19939.503348854135	0
4	73	1135.382520857585	3
4	74	1161.441548488018	3
4	88	1388.655285095629	3
4	90	1397.973497605192	3
4	97	1500.498690314009	3
4	99	1553.51150068172	3
4	105	1667.958191419297	3
4	124	1908.92996409705	3
4	134	2081.712048352958	3
4	135	2147.438845672458	3
4	142	2389.243375617992	3
4	144	2465.482048854878	3
4	146	2493.904429629412	3
4	158	2771.309351669243	3
4	161	2871.483257478268	3
4	168	3020.34791973165	3
4	178	3292.44202522045	3
4	179	3301.376516048828	3
4	191	3533.751162363407	3
4	202	3708.506383710605	3
4	204	3717.914098051962	3
4	207	3758.634607584331	3
4	214	3850.846569491641	3
4	231	4075.38959295852	3
4	233	4141.98838574663	3
4	234	4158.603480770248	3
4	246	4538.573539423706	3
4	252	4703.509217400784	3
4	268	5223.746756196091	3
4	276	5526.814523688995	3
4	284	6125.751179931859	3
4	292	6364.446320694002	3
4	296	6543.436475873103	3
4	305	6795.342030116438	3
4	308	6891.130955733734	3
4	314	7068.808860434529	3
4	316	7168.396573793922	3
4	329	7469.333962089747	3
4	334	7548.484472607059	3
4	335	7561.413598678622	3
4	339	7602.598698526513	3
4	343	7691.039503238557	3
4	355	7950.718029696834	3
4	356	8020.980840723023	3
4	363	8308.393201294214	3
4	368	8592.522223993959	3
4	369	8610.773226095752	3
4	390	9084.929102735311	3
4	392	9146.886743798846	3
4	394	9211.12205458989	3
4	405	9650.214057819095	3
4	411	9796.025071068754	3
4	416	9938.219106104233	3
4	418	10002.407363215884	3
4	425	10331.310132160694	3
4	433	10715.710440124544	3
4	439	10849.228412003188	3
4	447	11232.751015320754	3
4	454	11498.192090529536	3
4	463	12074.143140302475	3
4	472	12264.624219057413	3
4	485	12474.657354400305	3
4	495	12650.051365916258	3
4	498	12725.902596520021	3
4	504	13058.112568768904	3
4	514	13473.982556475227	3
4	517	13569.545677896507	3
4	548	14579.471567393711	3
4	551	14583.240410216292	3
4	554	14649.600859184877	3
4	558	14703.293041377678	3
4	559	14751.118437759051	3
4	565	14857.061792844184	3
4	573	15198.449266639241	3
4	574	15296.350014765004	3
4	580	15506.442260821677	3
4	584	15662.196152043744	3
4	597	16169.215331203144	3
4	598	16191.569309813572	3
4	610	16510.371280188684	3
4	611	16525.556724987768	3
4	613	16537.028056401622	3
4	619	16658.125792930829	3
4	628	16840.469583448897	3
4	646	17584.361039188187	3
4	653	17687.897321858553	3
4	654	17711.599517922509	3
4	658	17774.859674809871	3
4	665	17869.979162310829	3
4	674	17991.102396013896	3
4	681	18166.41165934969	3
4	690	18393.44576129243	3
4	695	18523.292555752638	3
4	715	19075.020866171722	3
4	716	19082.095963276359	3
4	717	19088.382515442084	3
4	718	19091.995262109418	3
4	733	19480.741410788173	3
4	740	19939.503348854135	3
5	73	1135.382520857585	2577
5	74	1161.441548488018	2579
5	88	1388.655285095629	2580
5	90	1397.973497605192	2582
5	97	1500.498690314009	2584
5	99	1553.51150068172	2585
5	105	1667.958191419297	2586
5	124	1908.92996409705	2589
5	134	2081.712048352958	2590
5	135	2147.438845672458	2591
5	142	2389.243375617992	2593
5	144	2465.482048854878	2592
5	146	2493.904429629412	2594
5	158	2771.309351669243	2596
5	161	2871.483257478268	2597
5	168	3020.34791973165	2598
5	178	3292.44202522045	2600
5	179	3301.376516048828	2601
5	191	3533.751162363407	2602
5	202	3708.506383710605	2605
5	204	3717.914098051962	2607
5	207	3758.634607584331	2604
5	214	3850.846569491641	2606
5	231	4075.38959295852	2610
5	233	4141.98838574663	2611
5	234	4158.603480770248	2612
5	246	4538.573539423706	2613
5	252	4703.509217400784	2615
5	268	5223.746756196091	2618
5	276	5526.814523688995	2620
5	284	6125.751179931859	2621
5	292	6364.446320694002	2624
5	296	6543.436475873103	2623
5	305	6795.342030116438	2625
5	308	6891.130955733734	2626
5	314	7068.808860434529	2628
5	316	7168.396573793922	2627
5	329	7469.333962089747	2630
5	334	7548.484472607059	2629
5	335	7561.413598678622	2633
5	339	7602.598698526513	2632
5	343	7691.039503238557	2631
5	355	7950.718029696834	2637
5	356	8020.980840723023	2636
5	363	8308.393201294214	2638
5	368	8592.522223993959	2639
5	369	8610.773226095752	2640
5	390	9084.929102735311	2641
5	392	9146.886743798846	2644
5	394	9211.12205458989	2645
5	405	9650.214057819095	2646
5	411	9796.025071068754	2649
5	416	9938.219106104233	2648
5	418	10002.407363215884	2650
5	425	10331.310132160694	2651
5	433	10715.710440124544	2652
5	439	10849.228412003188	2654
5	447	11232.751015320754	2655
5	454	11498.192090529536	2658
5	463	12074.143140302475	2660
5	472	12264.624219057413	2659
5	485	12474.657354400305	2665
5	495	12650.051365916258	2663
5	498	12725.902596520021	2668
5	504	13058.112568768904	2669
5	514	13473.982556475227	2671
5	517	13569.545677896507	2672
5	548	14579.471567393711	2676
5	551	14583.240410216292	2681
5	554	14649.600859184877	2678
5	558	14703.293041377678	2682
5	559	14751.118437759051	2680
5	565	14857.061792844184	2683
5	573	15198.449266639241	2685
5	574	15296.350014765004	2684
5	580	15506.442260821677	2686
5	584	15662.196152043744	2687
5	597	16169.215331203144	2690
5	598	16191.569309813572	2689
5	610	16510.371280188684	2693
5	611	16525.556724987768	2692
5	613	16537.028056401622	2691
5	619	16658.125792930829	2695
5	628	16840.469583448897	2694
5	646	17584.361039188187	2700
5	653	17687.897321858553	2701
5	654	17711.599517922509	2703
5	658	17774.859674809871	2702
5	665	17869.979162310829	2707
5	674	17991.102396013896	2705
5	681	18166.41165934969	2708
5	690	18393.44576129243	2709
5	695	18523.292555752638	2710
5	715	19075.020866171722	2714
5	716	19082.095963276359	2712
5	717	19088.382515442084	2715
5	718	19091.995262109418	2713
5	733	19480.741410788173	2717
5	740	19939.503348854135	2719
6	79	1238.382520857585	0
6	81	1264.441548488018	0
6	95	1491.655285095629	0
6	98	1500.973497605192	0
6	102	1603.498690314009	0
6	104	1656.51150068172	0
6	113	1770.958191419297	0
6	136	2156.482048854878	0
6	145	2492.243375617992	0
6	152	2647.36172470503	0
6	162	2874.309351669243	0
6	169	3035.212529400089	0
6	183	3395.44202522045	0
6	184	3404.376516048828	0
6	210	3811.506383710605	0
6	211	3820.914098051962	0
6	212	3835.824846356342	0
6	215	3861.634607584331	0
6	216	3865.17250003755	0
6	222	3953.846569491641	0
6	235	4178.38959295852	0
6	236	4244.98838574663	0
6	237	4261.603480770248	0
6	254	4778.555085006575	0
6	255	4806.509217400784	0
6	267	5170.422373231745	0
6	271	5326.746756196091	0
6	277	5629.814523688995	0
6	283	6084.298347259149	0
6	286	6228.751179931859	0
6	295	6467.446320694002	0
6	299	6646.436475873103	0
6	306	6859.396573793922	0
6	317	7171.808860434529	0
6	318	7239.484472607059	0
6	340	7612.338242970028	0
6	342	7664.413598678622	0
6	345	7705.598698526513	0
6	348	7794.039503238557	0
6	357	8053.718029696834	0
6	359	8123.980840723023	0
6	371	8695.522223993959	0
6	372	8713.773226095752	0
6	374	8775.929102735311	0
6	395	9249.886743798846	0
6	401	9451.038605334343	0
6	414	9899.025071068754	0
6	420	10105.407363215884	0
6	426	10406.710440124544	0
6	427	10434.310132160694	0
6	440	10923.751015320754	0
6	441	10952.228412003188	0
6	446	11203.467410753429	0
6	451	11381.816896785088	0
6	464	12082.792183266457	0
6	467	12177.143140302475	0
6	476	12341.051365916258	0
6	477	12349.281423238091	0
6	487	12527.033482285941	0
6	488	12530.013041995238	0
6	491	12577.657354400305	0
6	505	13139.566929973283	0
6	506	13161.112568768904	0
6	518	13576.982556475227	0
6	520	13633.835408295061	0
6	521	13672.545677896507	0
6	534	14270.471567393711	0
6	538	14373.575242976071	0
6	557	14686.240410216292	0
6	564	14854.118437759051	0
6	575	15301.449266639241	0
6	583	15609.442260821677	0
6	586	15765.196152043744	0
6	590	15933.207329968725	0
6	600	16272.215331203144	0
6	601	16294.569309813572	0
6	615	16613.371280188684	0
6	616	16628.556724987768	0
6	630	16943.469583448897	0
6	634	17091.610899673656	0
6	636	17185.923483203687	0
6	652	17687.361039188187	0
6	661	17790.897321858553	0
6	662	17814.599517922509	0
6	663	17814.942834810779	0
6	666	17877.859674809871	0
6	672	17972.979162310829	0
6	679	18094.102396013896	0
6	686	18269.41165934969	0
6	693	18496.44576129243	0
6	694	18519.092394947985	0
6	698	18626.292555752638	0
6	703	18773.095963276359	0
6	704	18782.995262109418	0
6	720	19178.020866171722	0
6	722	19191.382515442084	0
7	79	1238.382520857585	3
7	81	1264.441548488018	3
7	95	1491.655285095629	3
7	98	1500.973497605192	3
7	102	1603.498690314009	3
7	104	1656.51150068172	3
7	113	1770.958191419297	3
7	136	2156.482048854878	3
7	145	2492.243375617992	3
7	152	2647.36172470503	3
7	162	2874.309351669243	3
7	169	3035.212529400089	3
7	183	3395.44202522045	3
7	184	3404.376516048828	3
7	210	3811.506383710605	3
7	211	3820.914098051962	3
7	212	3835.824846356342	3
7	215	3861.634607584331	3
7	216	3865.17250003755	3
7	222	3953.846569491641	3
7	235	4178.38959295852	3
7	236	4244.98838574663	3
7	237	4261.603480770248	3
7	254	4778.555085006575	3
7	255	4806.509217400784	3
7	267	5170.422373231745	3
7	271	5326.746756196091	3
7	277	5629.814523688995	3
7	283	6084.298347259149	3
7	286	6228.751179931859	3
7	295	6467.446320694002	3
7	299	6646.436475873103	3
7	306	6859.396573793922	3
7	317	7171.808860434529	3
7	318	7239.484472607059	3
7	340	7612.338242970028	3
7	342	7664.413598678622	3
7	345	7705.598698526513	3
7	348	7794.039503238557	3
7	357	8053.718029696834	3
7	359	8123.980840723023	3
7	371	8695.522223993959	3
7	372	8713.773226095752	3
7	374	8775.929102735311	3
7	395	9249.886743798846	3
7	401	9451.038605334343	3
7	414	9899.025071068754	3
7	420	10105.407363215884	3
7	426	10406.710440124544	3
7	427	10434.310132160694	3
7	440	10923.751015320754	3
7	441	10952.228412003188	3
7	446	11203.467410753429	3
7	451	11381.816896785088	3
7	464	12082.792183266457	3
7	467	12177.143140302475	3
7	476	12341.051365916258	3
7	477	12349.281423238091	3
7	487	12527.033482285941	3
7	488	12530.013041995238	3
7	491	12577.657354400305	3
7	505	13139.566929973283	3
7	506	13161.112568768904	3
7	518	13576.982556475227	3
7	520	13633.835408295061	3
7	521	13672.545677896507	3
7	534	14270.471567393711	3
7	538	14373.575242976071	3
7	557	14686.240410216292	3
7	564	14854.118437759051	3
7	575	15301.449266639241	3
7	583	15609.442260821677	3
7	586	15765.196152043744	3
7	590	15933.207329968725	3
7	600	16272.215331203144	3
7	601	16294.569309813572	3
7	615	16613.371280188684	3
7	616	16628.556724987768	3
7	630	16943.469583448897	3
7	634	17091.610899673656	3
7	636	17185.923483203687	3
7	652	17687.361039188187	3
7	661	17790.897321858553	3
7	662	17814.599517922509	3
7	663	17814.942834810779	3
7	666	17877.859674809871	3
7	672	17972.979162310829	3
7	679	18094.102396013896	3
7	686	18269.41165934969	3
7	693	18496.44576129243	3
7	694	18519.092394947985	3
7	698	18626.292555752638	3
7	703	18773.095963276359	3
7	704	18782.995262109418	3
7	720	19178.020866171722	3
7	722	19191.382515442084	3
8	79	1238.382520857585	2577
8	81	1264.441548488018	2579
8	95	1491.655285095629	2580
8	98	1500.973497605192	2582
8	102	1603.498690314009	2584
8	104	1656.51150068172	2585
8	113	1770.958191419297	2586
8	136	2156.482048854878	2592
8	145	2492.243375617992	2593
8	152	2647.36172470503	2595
8	162	2874.309351669243	2596
8	169	3035.212529400089	2599
8	183	3395.44202522045	2600
8	184	3404.376516048828	2601
8	210	3811.506383710605	2605
8	211	3820.914098051962	2607
8	212	3835.824846356342	2608
8	215	3861.634607584331	2604
8	216	3865.17250003755	2609
8	222	3953.846569491641	2606
8	235	4178.38959295852	2610
8	236	4244.98838574663	2611
8	237	4261.603480770248	2612
8	254	4778.555085006575	2616
8	255	4806.509217400784	2615
8	267	5170.422373231745	2619
8	271	5326.746756196091	2618
8	277	5629.814523688995	2620
8	283	6084.298347259149	2622
8	286	6228.751179931859	2621
8	295	6467.446320694002	2624
8	299	6646.436475873103	2623
8	306	6859.396573793922	2627
8	317	7171.808860434529	2628
8	318	7239.484472607059	2629
8	340	7612.338242970028	2635
8	342	7664.413598678622	2633
8	345	7705.598698526513	2632
8	348	7794.039503238557	2631
8	357	8053.718029696834	2637
8	359	8123.980840723023	2636
8	371	8695.522223993959	2639
8	372	8713.773226095752	2640
8	374	8775.929102735311	2641
8	395	9249.886743798846	2644
8	401	9451.038605334343	2647
8	414	9899.025071068754	2649
8	420	10105.407363215884	2650
8	426	10406.710440124544	2652
8	427	10434.310132160694	2651
8	440	10923.751015320754	2655
8	441	10952.228412003188	2654
8	446	11203.467410753429	2656
8	451	11381.816896785088	2657
8	464	12082.792183266457	2661
8	467	12177.143140302475	2660
8	476	12341.051365916258	2663
8	477	12349.281423238091	2664
8	487	12527.033482285941	2666
8	488	12530.013041995238	2667
8	491	12577.657354400305	2665
8	505	13139.566929973283	2670
8	506	13161.112568768904	2669
8	518	13576.982556475227	2671
8	520	13633.835408295061	2674
8	521	13672.545677896507	2672
8	534	14270.471567393711	2676
8	538	14373.575242976071	2677
8	557	14686.240410216292	2681
8	564	14854.118437759051	2680
8	575	15301.449266639241	2685
8	583	15609.442260821677	2686
8	586	15765.196152043744	2687
8	590	15933.207329968725	2688
8	600	16272.215331203144	2690
8	601	16294.569309813572	2689
8	615	16613.371280188684	2693
8	616	16628.556724987768	2692
8	630	16943.469583448897	2694
8	634	17091.610899673656	2697
8	636	17185.923483203687	2698
8	652	17687.361039188187	2700
8	661	17790.897321858553	2701
8	662	17814.599517922509	2703
8	663	17814.942834810779	2706
8	666	17877.859674809871	2702
8	672	17972.979162310829	2707
8	679	18094.102396013896	2705
8	686	18269.41165934969	2708
8	693	18496.44576129243	2709
8	694	18519.092394947985	2711
8	698	18626.292555752638	2710
8	703	18773.095963276359	2712
8	704	18782.995262109418	2713
8	720	19178.020866171722	2714
8	722	19191.382515442084	2715
9	68	1022.310805125682	0
9	76	1182.655285095629	0
9	87	1367.441548488018	0
9	89	1390.694224659613	0
9	103	1603.973497605192	0
9	109	1706.498690314009	0
9	111	1759.51150068172	0
9	112	1768.397910496246	0
9	115	1785.757490071698	0
9	121	1873.958191419297	0
9	122	1875.712048352958	0
9	126	1941.438845672458	0
9	139	2259.482048854878	0
9	150	2595.243375617992	0
9	156	2750.36172470503	0
9	172	3138.212529400089	0
9	180	3327.751162363407	0
9	181	3331.184922833619	0
9	188	3498.44202522045	0
9	190	3507.376516048828	0
9	194	3552.634607584331	0
9	200	3644.846569491641	0
9	217	3869.38959295852	0
9	219	3923.914098051962	0
9	220	3935.98838574663	0
9	221	3938.824846356342	0
9	241	4364.603480770248	0
9	245	4532.323252306974	0
9	257	4881.555085006575	0
9	258	4909.509217400784	0
9	260	4968.810581163915	0
9	263	5017.746756196091	0
9	269	5273.422373231745	0
9	278	5732.814523688995	0
9	285	6187.298347259149	0
9	290	6331.751179931859	0
9	291	6337.436475873103	0
9	310	6962.396573793922	0
9	321	7274.808860434529	0
9	322	7342.484472607059	0
9	330	7485.039503238557	0
9	338	7591.038010798972	0
9	347	7767.413598678622	0
9	377	8816.773226095752	0
9	378	8824.936563303723	0
9	381	8878.929102735311	0
9	385	8940.886743798846	0
9	388	9005.12205458989	0
9	400	9444.214057819095	0
9	403	9554.038605334343	0
9	408	9732.219106104233	0
9	428	10509.710440124544	0
9	432	10632.650275123685	0
9	442	11026.751015320754	0
9	453	11484.816896785088	0
9	462	12058.624219057413	0
9	468	12185.792183266457	0
9	483	12444.051365916258	0
9	484	12452.281423238091	0
9	497	12680.657354400305	0
9	507	13242.566929973283	0
9	508	13264.112568768904	0
9	522	13679.982556475227	0
9	524	13736.835408295061	0
9	529	13881.008436765667	0
9	537	14373.471567393711	0
9	540	14443.600859184877	0
9	543	14476.575242976071	0
9	544	14477.603977098256	0
9	546	14545.118437759051	0
9	570	15090.350014765004	0
9	579	15404.449266639241	0
9	585	15712.442260821677	0
9	589	15868.196152043744	0
9	603	16331.028056401622	0
9	605	16397.569309813572	0
9	617	16634.469583448897	0
9	621	16716.371280188684	0
9	622	16731.556724987768	0
9	625	16800.755492392858	0
9	639	17288.923483203687	0
9	659	17785.102396013896	0
9	669	17917.599517922509	0
9	670	17917.942834810779	0
9	678	18075.979162310829	0
9	688	18317.292555752638	0
9	697	18622.092394947985	0
9	707	18876.095963276359	0
9	709	18885.995262109418	0
9	719	19126.316614651654	0
9	726	19281.020866171722	0
9	727	19294.382515442084	0
9	734	19547.459172787883	0
10	68	1022.310805125682	3
10	76	1182.655285095629	3
10	87	1367.441548488018	3
10	89	1390.694224659613	3
10	103	1603.973497605192	3
10	109	1706.498690314009	3
10	111	1759.51150068172	3
10	112	1768.397910496246	3
10	115	1785.757490071698	3
10	121	1873.958191419297	3
10	122	1875.712048352958	3
10	126	1941.438845672458	3
10	139	2259.482048854878	3
10	150	2595.243375617992	3
10	156	2750.36172470503	3
10	172	3138.212529400089	3
10	180	3327.751162363407	3
10	181	3331.184922833619	3
10	188	3498.44202522045	3
10	190	3507.376516048828	3
10	194	3552.634607584331	3
10	200	3644.846569491641	3
10	217	3869.38959295852	3
10	219	3923.914098051962	3
10	220	3935.98838574663	3
10	221	3938.824846356342	3
10	241	4364.603480770248	3
10	245	4532.323252306974	3
10	257	4881.555085006575	3
10	258	4909.509217400784	3
10	260	4968.810581163915	3
10	263	5017.746756196091	3
10	269	5273.422373231745	3
10	278	5732.814523688995	3
10	285	6187.298347259149	3
10	290	6331.751179931859	3
10	291	6337.436475873103	3
10	310	6962.396573793922	3
10	321	7274.808860434529	3
10	322	7342.484472607059	3
10	330	7485.039503238557	3
10	338	7591.038010798972	3
10	347	7767.413598678622	3
10	377	8816.773226095752	3
10	378	8824.936563303723	3
10	381	8878.929102735311	3
10	385	8940.886743798846	3
10	388	9005.12205458989	3
10	400	9444.214057819095	3
10	403	9554.038605334343	3
10	408	9732.219106104233	3
10	428	10509.710440124544	3
10	432	10632.650275123685	3
10	442	11026.751015320754	3
10	453	11484.816896785088	3
10	462	12058.624219057413	3
10	468	12185.792183266457	3
10	483	12444.051365916258	3
10	484	12452.281423238091	3
10	497	12680.657354400305	3
10	507	13242.566929973283	3
10	508	13264.112568768904	3
10	522	13679.982556475227	3
10	524	13736.835408295061	3
10	529	13881.008436765667	3
10	537	14373.471567393711	3
10	540	14443.600859184877	3
10	543	14476.575242976071	3
10	544	14477.603977098256	3
10	546	14545.118437759051	3
10	570	15090.350014765004	3
10	579	15404.449266639241	3
10	585	15712.442260821677	3
10	589	15868.196152043744	3
10	603	16331.028056401622	3
10	605	16397.569309813572	3
10	617	16634.469583448897	3
10	621	16716.371280188684	3
10	622	16731.556724987768	3
10	625	16800.755492392858	3
10	639	17288.923483203687	3
10	659	17785.102396013896	3
10	669	17917.599517922509	3
10	670	17917.942834810779	3
10	678	18075.979162310829	3
10	688	18317.292555752638	3
10	697	18622.092394947985	3
10	707	18876.095963276359	3
10	709	18885.995262109418	3
10	719	19126.316614651654	3
10	726	19281.020866171722	3
10	727	19294.382515442084	3
10	734	19547.459172787883	3
11	68	1022.310805125682	2578
11	76	1182.655285095629	2580
11	87	1367.441548488018	2579
11	89	1390.694224659613	2583
11	103	1603.973497605192	2582
11	109	1706.498690314009	2584
11	111	1759.51150068172	2585
11	112	1768.397910496246	2587
11	115	1785.757490071698	2588
11	121	1873.958191419297	2586
11	122	1875.712048352958	2590
11	126	1941.438845672458	2591
11	139	2259.482048854878	2592
11	150	2595.243375617992	2593
11	156	2750.36172470503	2595
11	172	3138.212529400089	2599
11	180	3327.751162363407	2602
11	181	3331.184922833619	2603
11	188	3498.44202522045	2600
11	190	3507.376516048828	2601
11	194	3552.634607584331	2604
11	200	3644.846569491641	2606
11	217	3869.38959295852	2610
11	219	3923.914098051962	2607
11	220	3935.98838574663	2611
11	221	3938.824846356342	2608
11	241	4364.603480770248	2612
11	245	4532.323252306974	2614
11	257	4881.555085006575	2616
11	258	4909.509217400784	2615
11	260	4968.810581163915	2617
11	263	5017.746756196091	2618
11	269	5273.422373231745	2619
11	278	5732.814523688995	2620
11	285	6187.298347259149	2622
11	290	6331.751179931859	2621
11	291	6337.436475873103	2623
11	310	6962.396573793922	2627
11	321	7274.808860434529	2628
11	322	7342.484472607059	2629
11	330	7485.039503238557	2631
11	338	7591.038010798972	2634
11	347	7767.413598678622	2633
11	377	8816.773226095752	2640
11	378	8824.936563303723	2642
11	381	8878.929102735311	2641
11	385	8940.886743798846	2644
11	388	9005.12205458989	2645
11	400	9444.214057819095	2646
11	403	9554.038605334343	2647
11	408	9732.219106104233	2648
11	428	10509.710440124544	2652
11	432	10632.650275123685	2653
11	442	11026.751015320754	2655
11	453	11484.816896785088	2657
11	462	12058.624219057413	2659
11	468	12185.792183266457	2661
11	483	12444.051365916258	2663
11	484	12452.281423238091	2664
11	497	12680.657354400305	2665
11	507	13242.566929973283	2670
11	508	13264.112568768904	2669
11	522	13679.982556475227	2671
11	524	13736.835408295061	2674
11	529	13881.008436765667	2675
11	537	14373.471567393711	2676
11	540	14443.600859184877	2678
11	543	14476.575242976071	2677
11	544	14477.603977098256	2679
11	546	14545.118437759051	2680
11	570	15090.350014765004	2684
11	579	15404.449266639241	2685
11	585	15712.442260821677	2686
11	589	15868.196152043744	2687
11	603	16331.028056401622	2691
11	605	16397.569309813572	2689
11	617	16634.469583448897	2694
11	621	16716.371280188684	2693
11	622	16731.556724987768	2692
11	625	16800.755492392858	2696
11	639	17288.923483203687	2698
11	659	17785.102396013896	2705
11	669	17917.599517922509	2703
11	670	17917.942834810779	2706
11	678	18075.979162310829	2707
11	688	18317.292555752638	2710
11	697	18622.092394947985	2711
11	707	18876.095963276359	2712
11	709	18885.995262109418	2713
11	719	19126.316614651654	2716
11	726	19281.020866171722	2714
11	727	19294.382515442084	2715
11	734	19547.459172787883	2718
12	78	1228.310805125682	306
12	86	1364.948688663119	203
12	127	1974.397910496246	306
12	130	1991.757490071698	306
12	159	2801.243375617992	512
12	182	3344.212529400089	409
12	232	4129.914098051962	512
12	247	4570.603480770248	512
12	386	8980.738253497097	203
12	457	11690.816896785088	409
12	480	12391.792183266457	409
12	496	12658.281423238091	409
12	513	13470.112568768904	512
12	523	13684.309961483959	203
12	530	13942.835408295061	409
12	532	14087.008436765667	306
12	664	17845.457356711104	203
12	680	18123.942834810779	409
12	705	18828.092394947985	409
12	728	19332.316614651654	306
13	78	1228.310805125682	6
13	86	1364.948688663119	3
13	127	1974.397910496246	6
13	130	1991.757490071698	6
13	159	2801.243375617992	12
13	182	3344.212529400089	9
13	232	4129.914098051962	12
13	247	4570.603480770248	12
13	386	8980.738253497097	3
13	457	11690.816896785088	9
13	480	12391.792183266457	9
13	496	12658.281423238091	9
13	513	13470.112568768904	12
13	523	13684.309961483959	3
13	530	13942.835408295061	9
13	532	14087.008436765667	6
13	664	17845.457356711104	3
13	680	18123.942834810779	9
13	705	18828.092394947985	9
13	728	19332.316614651654	6
14	78	1228.310805125682	2
14	86	1364.948688663119	1
14	127	1974.397910496246	2
14	130	1991.757490071698	2
14	159	2801.243375617992	4
14	182	3344.212529400089	3
14	232	4129.914098051962	4
14	247	4570.603480770248	4
14	386	8980.738253497097	1
14	457	11690.816896785088	3
14	480	12391.792183266457	3
14	496	12658.281423238091	3
14	513	13470.112568768904	4
14	523	13684.309961483959	1
14	530	13942.835408295061	3
14	532	14087.008436765667	2
14	664	17845.457356711104	1
14	680	18123.942834810779	3
14	705	18828.092394947985	3
14	728	19332.316614651654	2
15	131	2011.92996409705	306
15	138	2250.438845672458	409
15	171	3123.34791973165	203
15	199	3636.751162363407	409
15	341	7651.484472607059	512
15	365	8411.393201294214	306
15	419	10041.219106104233	409
15	436	10818.710440124544	512
15	450	11335.751015320754	512
15	499	12753.051365916258	512
15	567	14960.061792844184	306
15	577	15399.350014765004	409
15	618	16640.028056401622	409
15	624	16761.125792930829	203
15	721	19185.095963276359	512
15	735	19583.741410788173	306
16	131	2011.92996409705	6
16	138	2250.438845672458	9
16	171	3123.34791973165	3
16	199	3636.751162363407	9
16	341	7651.484472607059	12
16	365	8411.393201294214	6
16	419	10041.219106104233	9
16	436	10818.710440124544	12
16	450	11335.751015320754	12
16	499	12753.051365916258	12
16	567	14960.061792844184	6
16	577	15399.350014765004	9
16	618	16640.028056401622	9
16	624	16761.125792930829	3
16	721	19185.095963276359	12
16	735	19583.741410788173	6
17	131	2011.92996409705	2
17	138	2250.438845672458	3
17	171	3123.34791973165	1
17	199	3636.751162363407	3
17	341	7651.484472607059	4
17	365	8411.393201294214	2
17	419	10041.219106104233	3
17	436	10818.710440124544	4
17	450	11335.751015320754	4
17	499	12753.051365916258	4
17	567	14960.061792844184	2
17	577	15399.350014765004	3
17	618	16640.028056401622	3
17	624	16761.125792930829	1
17	721	19185.095963276359	4
17	735	19583.741410788173	2
18	137	2184.712048352958	409
18	149	2568.482048854878	512
18	151	2596.904429629412	203
18	166	2974.483257478268	306
18	250	4641.573539423706	306
18	309	6898.342030116438	306
18	312	6994.130955733734	306
18	320	7271.396573793922	512
18	336	7572.333962089747	306
18	393	9187.929102735311	512
18	396	9314.12205458989	409
18	409	9753.214057819095	409
18	456	11601.192090529536	203
18	478	12367.624219057413	409
18	501	12828.902596520021	306
18	556	14682.471567393711	512
18	560	14752.600859184877	409
18	563	14806.293041377678	203
18	723	19194.995262109418	512
19	137	2184.712048352958	9
19	149	2568.482048854878	12
19	151	2596.904429629412	3
19	166	2974.483257478268	6
19	250	4641.573539423706	6
19	309	6898.342030116438	6
19	312	6994.130955733734	6
19	320	7271.396573793922	12
19	336	7572.333962089747	6
19	393	9187.929102735311	12
19	396	9314.12205458989	9
19	409	9753.214057819095	9
19	456	11601.192090529536	3
19	478	12367.624219057413	9
19	501	12828.902596520021	6
19	556	14682.471567393711	12
19	560	14752.600859184877	9
19	563	14806.293041377678	3
19	723	19194.995262109418	12
20	137	2184.712048352958	3
20	149	2568.482048854878	4
20	151	2596.904429629412	1
20	166	2974.483257478268	2
20	250	4641.573539423706	2
20	309	6898.342030116438	2
20	312	6994.130955733734	2
20	320	7271.396573793922	4
20	336	7572.333962089747	2
20	393	9187.929102735311	4
20	396	9314.12205458989	3
20	409	9753.214057819095	3
20	456	11601.192090529536	1
20	478	12367.624219057413	3
20	501	12828.902596520021	2
20	556	14682.471567393711	4
20	560	14752.600859184877	3
20	563	14806.293041377678	1
20	723	19194.995262109418	4
21	223	3964.634607584331	512
21	224	3968.17250003755	203
21	238	4281.38959295852	512
21	240	4347.98838574663	512
21	346	7715.338242970028	203
21	353	7897.039503238557	512
21	362	8226.980840723023	409
21	399	9352.886743798846	512
21	417	10002.025071068754	306
21	422	10208.407363215884	409
21	430	10537.310132160694	409
21	443	11055.228412003188	306
21	449	11306.467410753429	203
21	525	13775.545677896507	306
21	566	14957.118437759051	512
21	604	16375.215331203144	306
21	637	17194.610899673656	203
21	660	17790.361039188187	409
21	696	18599.44576129243	409
22	223	3964.634607584331	12
22	224	3968.17250003755	3
22	238	4281.38959295852	12
22	240	4347.98838574663	12
22	346	7715.338242970028	3
22	353	7897.039503238557	12
22	362	8226.980840723023	9
22	399	9352.886743798846	12
22	417	10002.025071068754	6
22	422	10208.407363215884	9
22	430	10537.310132160694	9
22	443	11055.228412003188	6
22	449	11306.467410753429	3
22	525	13775.545677896507	6
22	566	14957.118437759051	12
22	604	16375.215331203144	6
22	637	17194.610899673656	3
22	660	17790.361039188187	9
22	696	18599.44576129243	9
23	223	3964.634607584331	4
23	224	3968.17250003755	1
23	238	4281.38959295852	4
23	240	4347.98838574663	4
23	346	7715.338242970028	1
23	353	7897.039503238557	4
23	362	8226.980840723023	3
23	399	9352.886743798846	4
23	417	10002.025071068754	2
23	422	10208.407363215884	3
23	430	10537.310132160694	3
23	443	11055.228412003188	2
23	449	11306.467410753429	1
23	525	13775.545677896507	2
23	566	14957.118437759051	4
23	604	16375.215331203144	2
23	637	17194.610899673656	1
23	660	17790.361039188187	3
23	696	18599.44576129243	3
24	85	1341.382520857585	512
24	101	1594.655285095629	512
24	167	2977.309351669243	409
24	218	3914.506383710605	409
24	229	4056.846569491641	512
24	274	5429.746756196091	512
24	297	6570.446320694002	306
24	302	6749.436475873103	512
24	349	7808.598698526513	409
24	360	8156.718029696834	306
24	376	8798.522223993959	409
24	474	12280.143140302475	306
24	493	12630.033482285941	203
24	494	12633.013041995238	203
24	562	14789.240410216292	306
24	593	16036.207329968725	203
24	632	17046.469583448897	512
24	668	17893.897321858553	409
24	673	17980.859674809871	409
24	684	18197.102396013896	512
24	689	18372.41165934969	409
24	702	18729.292555752638	512
25	85	1341.382520857585	12
25	101	1594.655285095629	12
25	167	2977.309351669243	9
25	218	3914.506383710605	9
25	229	4056.846569491641	12
25	274	5429.746756196091	12
25	297	6570.446320694002	6
25	302	6749.436475873103	12
25	349	7808.598698526513	9
25	360	8156.718029696834	6
25	376	8798.522223993959	9
25	474	12280.143140302475	6
25	493	12630.033482285941	3
25	494	12633.013041995238	3
25	562	14789.240410216292	6
25	593	16036.207329968725	3
25	632	17046.469583448897	12
25	668	17893.897321858553	9
25	673	17980.859674809871	9
25	684	18197.102396013896	12
25	689	18372.41165934969	9
25	702	18729.292555752638	12
26	85	1341.382520857585	4
26	101	1594.655285095629	4
26	167	2977.309351669243	3
26	218	3914.506383710605	3
26	229	4056.846569491641	4
26	274	5429.746756196091	4
26	297	6570.446320694002	2
26	302	6749.436475873103	4
26	349	7808.598698526513	3
26	360	8156.718029696834	2
26	376	8798.522223993959	3
26	474	12280.143140302475	2
26	493	12630.033482285941	1
26	494	12633.013041995238	1
26	562	14789.240410216292	2
26	593	16036.207329968725	1
26	632	17046.469583448897	4
26	668	17893.897321858553	3
26	673	17980.859674809871	3
26	684	18197.102396013896	4
26	689	18372.41165934969	3
26	702	18729.292555752638	4
27	110	1706.973497605192	512
27	195	3601.44202522045	512
27	228	4041.824846356342	306
27	262	5012.509217400784	409
27	289	6290.298347259149	306
27	324	7377.808860434529	512
27	352	7870.413598678622	409
27	384	8927.936563303723	203
27	500	12783.657354400305	512
27	527	13782.982556475227	409
27	587	15815.442260821677	512
27	609	16500.569309813572	512
27	627	16834.556724987768	512
27	629	16903.755492392858	203
28	110	1706.973497605192	12
28	195	3601.44202522045	12
28	228	4041.824846356342	6
28	262	5012.509217400784	9
28	289	6290.298347259149	6
28	324	7377.808860434529	12
28	352	7870.413598678622	9
28	384	8927.936563303723	3
28	500	12783.657354400305	12
28	527	13782.982556475227	9
28	587	15815.442260821677	12
28	609	16500.569309813572	12
28	627	16834.556724987768	12
28	629	16903.755492392858	3
29	110	1706.973497605192	4
29	195	3601.44202522045	4
29	228	4041.824846356342	2
29	262	5012.509217400784	3
29	289	6290.298347259149	2
29	324	7377.808860434529	4
29	352	7870.413598678622	3
29	384	8927.936563303723	1
29	500	12783.657354400305	4
29	527	13782.982556475227	3
29	587	15815.442260821677	4
29	609	16500.569309813572	4
29	627	16834.556724987768	4
29	629	16903.755492392858	1
30	94	1470.441548488018	409
30	96	1493.694224659613	203
30	119	1862.51150068172	409
30	128	1976.958191419297	512
30	261	4984.555085006575	306
30	265	5071.810581163915	203
30	279	5835.814523688995	512
30	293	6434.751179931859	512
30	344	7694.038010798972	203
30	383	8919.773226095752	409
30	509	13345.566929973283	306
30	549	14579.575242976071	306
30	550	14580.603977098256	203
30	581	15507.449266639241	512
30	626	16819.371280188684	409
30	642	17391.923483203687	306
30	675	18020.599517922509	409
30	682	18178.979162310829	409
30	730	19384.020866171722	512
30	731	19397.382515442084	512
31	94	1470.441548488018	9
31	96	1493.694224659613	3
31	119	1862.51150068172	9
31	128	1976.958191419297	12
31	261	4984.555085006575	6
31	265	5071.810581163915	3
31	279	5835.814523688995	12
31	293	6434.751179931859	12
31	344	7694.038010798972	3
31	383	8919.773226095752	9
31	509	13345.566929973283	6
31	549	14579.575242976071	6
31	550	14580.603977098256	3
31	581	15507.449266639241	12
31	626	16819.371280188684	9
31	642	17391.923483203687	6
31	675	18020.599517922509	9
31	682	18178.979162310829	9
31	730	19384.020866171722	12
31	731	19397.382515442084	12
32	94	1470.441548488018	3
32	96	1493.694224659613	1
32	119	1862.51150068172	3
32	128	1976.958191419297	4
32	261	4984.555085006575	2
32	265	5071.810581163915	1
32	279	5835.814523688995	4
32	293	6434.751179931859	4
32	344	7694.038010798972	1
32	383	8919.773226095752	3
32	509	13345.566929973283	2
32	549	14579.575242976071	2
32	550	14580.603977098256	1
32	581	15507.449266639241	4
32	626	16819.371280188684	3
32	642	17391.923483203687	2
32	675	18020.599517922509	3
32	682	18178.979162310829	3
32	730	19384.020866171722	4
32	731	19397.382515442084	4
33	125	1912.498690314009	512
33	165	2956.36172470503	409
33	192	3537.184922833619	306
33	203	3713.376516048828	512
33	253	4738.323252306974	306
33	275	5479.422373231745	409
33	410	9760.038605334343	409
33	438	10838.650275123685	306
33	469	12210.022900945388	203
33	595	16074.196152043744	512
33	640	17339.329901763143	203
33	738	19753.459172787883	306
34	125	1912.498690314009	12
34	165	2956.36172470503	9
34	192	3537.184922833619	6
34	203	3713.376516048828	12
34	253	4738.323252306974	6
34	275	5479.422373231745	9
34	410	9760.038605334343	9
34	438	10838.650275123685	6
34	469	12210.022900945388	3
34	595	16074.196152043744	12
34	640	17339.329901763143	3
34	738	19753.459172787883	6
35	125	1912.498690314009	4
35	165	2956.36172470503	3
35	192	3537.184922833619	2
35	203	3713.376516048828	4
35	253	4738.323252306974	2
35	275	5479.422373231745	3
35	410	9760.038605334343	3
35	438	10838.650275123685	2
35	469	12210.022900945388	1
35	595	16074.196152043744	4
35	640	17339.329901763143	1
35	738	19753.459172787883	2

