version 3
run LightLoad_Queue-26-20260126-10:58:43-288
attr configname LightLoad_Queue
attr datetime 20260126-10:58:43
attr datetimef 20260126-105843
attr experiment LightLoad_Queue
attr inifile simulations/nwsim_project/omnetpp.ini
attr iterationvars ""
attr iterationvarsd ""
attr iterationvarsf ""
attr measurement ""
attr network CrossTraffic
attr processid 288
attr repetition 26
attr replication #26
attr resultdir results
attr runnumber 26
attr seedset 26
config description "Light Load - Queue Mode"
config *.Junc*.junctionMode "\"queue\""
config *.EndNW.spawnInterval exponential(800s)
config *.EndNE.spawnInterval exponential(1200s)
config *.EndEN.spawnInterval exponential(1000s)
config *.EndES.spawnInterval exponential(1500s)
config *.EndSE.spawnInterval exponential(900s)
config *.EndSW.spawnInterval exponential(1100s)
config *.EndWS.spawnInterval exponential(1300s)
config *.EndWN.spawnInterval exponential(1400s)
config network CrossTraffic
config sim-time-limit 20000s
config warmup-period 1000s
config repeat 50
config **.scalar-recording true
config **.vector-recording true
config *.Junc*.junctionMode "\"queue\""
config *.EndNW.spawnInterval exponential(800s)
config *.EndNE.spawnInterval exponential(1200s)
config *.EndEN.spawnInterval exponential(1000s)
config *.EndES.spawnInterval exponential(1500s)
config *.EndSE.spawnInterval exponential(900s)
config *.EndSW.spawnInterval exponential(1100s)
config *.EndWS.spawnInterval exponential(1300s)
config *.EndWN.spawnInterval exponential(1400s)

vector 0 CrossTraffic.JuncNW queueLength:vector ETV
attr interpolationmode sample-hold
attr recordingmode vector
attr source queueLength
attr title "Queue Length"
vector 1 CrossTraffic.JuncNW junctionProcessingTime:vector ETV
attr recordingmode vector
attr source junctionProcessingTime
attr title "Junction Processing Time"
vector 2 CrossTraffic.JuncNW vehicleCount:vector ETV
attr recordingmode vector
attr source vehicleCount
attr title "Vehicle Count"
vector 3 CrossTraffic.JuncNE queueLength:vector ETV
attr interpolationmode sample-hold
attr recordingmode vector
attr source queueLength
attr title "Queue Length"
vector 4 CrossTraffic.JuncNE junctionProcessingTime:vector ETV
attr recordingmode vector
attr source junctionProcessingTime
attr title "Junction Processing Time"
vector 5 CrossTraffic.JuncNE vehicleCount:vector ETV
attr recordingmode vector
attr source vehicleCount
attr title "Vehicle Count"
vector 6 CrossTraffic.JuncSE queueLength:vector ETV
attr interpolationmode sample-hold
attr recordingmode vector
attr source queueLength
attr title "Queue Length"
vector 7 CrossTraffic.JuncSE junctionProcessingTime:vector ETV
attr recordingmode vector
attr source junctionProcessingTime
attr title "Junction Processing Time"
vector 8 CrossTraffic.JuncSE vehicleCount:vector ETV
attr recordingmode vector
attr source vehicleCount
attr title "Vehicle Count"
vector 9 CrossTraffic.JuncSW queueLength:vector ETV
attr interpolationmode sample-hold
attr recordingmode vector
attr source queueLength
attr title "Queue Length"
vector 10 CrossTraffic.JuncSW junctionProcessingTime:vector ETV
attr recordingmode vector
attr source junctionProcessingTime
attr title "Junction Processing Time"
vector 11 CrossTraffic.JuncSW vehicleCount:vector ETV
attr recordingmode vector
attr source vehicleCount
attr title "Vehicle Count"
vector 12 CrossTraffic.EndNW travelTime:vector ETV
attr recordingmode vector
attr source travelTime
attr title "Vehicle Travel Time"
vector 13 CrossTraffic.EndNW junctionTime:vector ETV
attr recordingmode vector
attr source junctionTime
attr title "Total Junction Time per Vehicle"
vector 14 CrossTraffic.EndNW junctionCount:vector ETV
attr recordingmode vector
attr source junctionCount
attr title "Junctions Visited per Vehicle"
vector 15 CrossTraffic.EndNE travelTime:vector ETV
attr recordingmode vector
attr source travelTime
attr title "Vehicle Travel Time"
vector 16 CrossTraffic.EndNE junctionTime:vector ETV
attr recordingmode vector
attr source junctionTime
attr title "Total Junction Time per Vehicle"
vector 17 CrossTraffic.EndNE junctionCount:vector ETV
attr recordingmode vector
attr source junctionCount
attr title "Junctions Visited per Vehicle"
vector 18 CrossTraffic.EndEN travelTime:vector ETV
attr recordingmode vector
attr source travelTime
attr title "Vehicle Travel Time"
vector 19 CrossTraffic.EndEN junctionTime:vector ETV
attr recordingmode vector
attr source junctionTime
attr title "Total Junction Time per Vehicle"
vector 20 CrossTraffic.EndEN junctionCount:vector ETV
attr recordingmode vector
attr source junctionCount
attr title "Junctions Visited per Vehicle"
vector 21 CrossTraffic.EndES travelTime:vector ETV
attr recordingmode vector
attr source travelTime
attr title "Vehicle Travel Time"
vector 22 CrossTraffic.EndES junctionTime:vector ETV
attr recordingmode vector
attr source junctionTime
attr title "Total Junction Time per Vehicle"
vector 23 CrossTraffic.EndES junctionCount:vector ETV
attr recordingmode vector
attr source junctionCount
attr title "Junctions Visited per Vehicle"
vector 24 CrossTraffic.EndSE travelTime:vector ETV
attr recordingmode vector
attr source travelTime
attr title "Vehicle Travel Time"
vector 25 CrossTraffic.EndSE junctionTime:vector ETV
attr recordingmode vector
attr source junctionTime
attr title "Total Junction Time per Vehicle"
vector 26 CrossTraffic.EndSE junctionCount:vector ETV
attr recordingmode vector
attr source junctionCount
attr title "Junctions Visited per Vehicle"
vector 27 CrossTraffic.EndSW travelTime:vector ETV
attr recordingmode vector
attr source travelTime
attr title "Vehicle Travel Time"
vector 28 CrossTraffic.EndSW junctionTime:vector ETV
attr recordingmode vector
attr source junctionTime
attr title "Total Junction Time per Vehicle"
vector 29 CrossTraffic.EndSW junctionCount:vector ETV
attr recordingmode vector
attr source junctionCount
attr title "Junctions Visited per Vehicle"
vector 30 CrossTraffic.EndWS travelTime:vector ETV
attr recordingmode vector
attr source travelTime
attr title "Vehicle Travel Time"
vector 31 CrossTraffic.EndWS junctionTime:vector ETV
attr recordingmode vector
attr source junctionTime
attr title "Total Junction Time per Vehicle"
vector 32 CrossTraffic.EndWS junctionCount:vector ETV
attr recordingmode vector
attr source junctionCount
attr title "Junctions Visited per Vehicle"
vector 33 CrossTraffic.EndWN travelTime:vector ETV
attr recordingmode vector
attr source travelTime
attr title "Vehicle Travel Time"
vector 34 CrossTraffic.EndWN junctionTime:vector ETV
attr recordingmode vector
attr source junctionTime
attr title "Total Junction Time per Vehicle"
vector 35 CrossTraffic.EndWN junctionCount:vector ETV
attr recordingmode vector
attr source junctionCount
attr title "Junctions Visited per Vehicle"
0	99	1294.182083394411	1
0	100	1297.182083394411	0
0	106	1476.098510486581	1
0	107	1479.098510486581	0
0	126	2237.714129024019	1
0	127	2240.714129024019	0
0	128	2255.497166332933	1
0	129	2258.497166332933	0
0	142	2488.801176393807	1
0	143	2491.165222485537	2
0	144	2491.801176393807	1
0	145	2497.801176393807	0
0	146	2568.824771303991	1
0	147	2571.824771303991	0
0	160	2845.44819159403	1
0	161	2848.44819159403	0
0	176	3254.104444194828	1
0	177	3257.104444194828	0
0	186	3520.717323563462	1
0	187	3523.717323563462	0
0	212	4176.211792971098	1
0	213	4179.211792971098	0
0	214	4232.455266096648	1
0	215	4235.455266096648	0
0	221	4373.605869206604	1
0	222	4376.605869206604	0
0	228	4495.671637196195	1
0	229	4498.671637196195	0
0	232	4587.578317852614	1
0	234	4590.578317852614	0
0	239	4689.279411264595	1
0	241	4692.279411264595	0
0	259	4913.372671775448	1
0	260	4916.372671775448	0
0	264	4972.166855989464	1
0	265	4975.166855989464	0
0	272	5041.234375674947	1
0	273	5044.234375674947	0
0	277	5120.089237844484	1
0	278	5123.089237844484	0
0	279	5125.159456538006	1
0	280	5128.159456538006	0
0	288	5430.935924894777	1
0	289	5433.935924894777	0
0	319	6102.715412050765	1
0	320	6105.715412050765	0
0	326	6332.718768806781	1
0	327	6335.718768806781	0
0	337	6650.12806241261	1
0	338	6653.12806241261	0
0	358	7249.146892704464	1
0	359	7252.146892704464	0
0	361	7306.736510864671	1
0	362	7309.736510864671	0
0	363	7315.192100324199	1
0	364	7318.192100324199	0
0	388	8212.53158981948	1
0	389	8215.53158981948	0
0	414	8770.384253304931	1
0	415	8773.384253304931	0
0	425	8892.437259553377	1
0	426	8895.437259553377	0
0	428	8943.268134553529	1
0	429	8946.268134553529	0
0	435	9114.524821888586	1
0	436	9117.524821888586	0
0	442	9223.048712442757	1
0	443	9226.048712442757	0
0	451	9366.451350645542	1
0	452	9369.451350645542	0
0	455	9415.709885792806	1
0	456	9418.709885792806	0
0	475	9662.75342286206	1
0	476	9665.75342286206	0
0	477	9681.081569870034	1
0	478	9684.081569870034	0
0	490	9945.997800581211	1
0	491	9948.997800581211	0
0	526	10836.593267747373	1
0	527	10839.593267747373	0
0	528	10847.412102861009	1
0	529	10850.412102861009	0
0	540	11059.246997126393	1
0	541	11062.246997126393	0
0	544	11232.764860372149	1
0	545	11235.764860372149	0
0	554	11726.093919468231	1
0	555	11729.093919468231	0
0	613	13100.067560771952	1
0	614	13103.067560771952	0
0	616	13142.734303602161	1
0	618	13145.734303602161	0
0	619	13191.08680272457	1
0	620	13194.08680272457	0
0	634	13418.168560065194	1
0	635	13421.168560065194	0
0	654	13774.818485877568	1
0	655	13777.818485877568	0
0	664	14159.551726417102	1
0	665	14162.551726417102	0
0	688	14572.332972937059	1
0	689	14575.332972937059	0
0	693	14658.492919862949	1
0	694	14661.492919862949	0
0	698	14756.291343694334	1
0	699	14759.291343694334	0
0	733	15726.254985355946	1
0	734	15729.254985355946	0
0	767	16509.996203170446	1
0	768	16512.996203170446	0
0	784	16885.774997434452	1
0	785	16888.774997434452	0
0	792	16972.020694012122	1
0	793	16975.020694012122	0
0	799	17056.474328285323	1
0	800	17059.474328285323	0
0	813	17275.634738639452	1
0	814	17278.634738639452	0
0	833	17518.64072071643	1
0	834	17521.64072071643	0
0	853	17718.76451984893	1
0	854	17721.76451984893	0
0	866	18232.342357417724	1
0	867	18235.342357417724	0
0	878	19213.640096251001	1
0	879	19216.640096251001	0
0	887	19388.798867752867	1
0	888	19391.798867752867	0
0	902	19549.676989532169	1
0	903	19552.676989532169	0
1	100	1297.182083394411	3
1	107	1479.098510486581	3
1	127	2240.714129024019	3
1	129	2258.497166332933	3
1	144	2491.801176393807	3
1	145	2497.801176393807	6.63595390827
1	147	2571.824771303991	3
1	161	2848.44819159403	3
1	177	3257.104444194828	3
1	187	3523.717323563462	3
1	213	4179.211792971098	3
1	215	4235.455266096648	3
1	222	4376.605869206604	3
1	229	4498.671637196195	3
1	234	4590.578317852614	3
1	241	4692.279411264595	3
1	260	4916.372671775448	3
1	265	4975.166855989464	3
1	273	5044.234375674947	3
1	278	5123.089237844484	3
1	280	5128.159456538006	3
1	289	5433.935924894777	3
1	320	6105.715412050765	3
1	327	6335.718768806781	3
1	338	6653.12806241261	3
1	359	7252.146892704464	3
1	362	7309.736510864671	3
1	364	7318.192100324199	3
1	389	8215.53158981948	3
1	415	8773.384253304931	3
1	426	8895.437259553377	3
1	429	8946.268134553529	3
1	436	9117.524821888586	3
1	443	9226.048712442757	3
1	452	9369.451350645542	3
1	456	9418.709885792806	3
1	476	9665.75342286206	3
1	478	9684.081569870034	3
1	491	9948.997800581211	3
1	527	10839.593267747373	3
1	529	10850.412102861009	3
1	541	11062.246997126393	3
1	545	11235.764860372149	3
1	555	11729.093919468231	3
1	614	13103.067560771952	3
1	618	13145.734303602161	3
1	620	13194.08680272457	3
1	635	13421.168560065194	3
1	655	13777.818485877568	3
1	665	14162.551726417102	3
1	689	14575.332972937059	3
1	694	14661.492919862949	3
1	699	14759.291343694334	3
1	734	15729.254985355946	3
1	768	16512.996203170446	3
1	785	16888.774997434452	3
1	793	16975.020694012122	3
1	800	17059.474328285323	3
1	814	17278.634738639452	3
1	834	17521.64072071643	3
1	854	17721.76451984893	3
1	867	18235.342357417724	3
1	879	19216.640096251001	3
1	888	19391.798867752867	3
1	903	19552.676989532169	3
2	100	1297.182083394411	4070
2	107	1479.098510486581	4071
2	127	2240.714129024019	4075
2	129	2258.497166332933	4074
2	144	2491.801176393807	4077
2	145	2497.801176393807	4078
2	147	2571.824771303991	4076
2	161	2848.44819159403	4079
2	177	3257.104444194828	4083
2	187	3523.717323563462	4084
2	213	4179.211792971098	4088
2	215	4235.455266096648	4087
2	222	4376.605869206604	4089
2	229	4498.671637196195	4090
2	234	4590.578317852614	4091
2	241	4692.279411264595	4093
2	260	4916.372671775448	4095
2	265	4975.166855989464	4094
2	273	5044.234375674947	4096
2	278	5123.089237844484	4099
2	280	5128.159456538006	4098
2	289	5433.935924894777	4100
2	320	6105.715412050765	4104
2	327	6335.718768806781	4106
2	338	6653.12806241261	4107
2	359	7252.146892704464	4110
2	362	7309.736510864671	4112
2	364	7318.192100324199	4111
2	389	8215.53158981948	4117
2	415	8773.384253304931	4118
2	426	8895.437259553377	4119
2	429	8946.268134553529	4122
2	436	9117.524821888586	4123
2	443	9226.048712442757	4124
2	452	9369.451350645542	4125
2	456	9418.709885792806	4127
2	476	9665.75342286206	4129
2	478	9684.081569870034	4131
2	491	9948.997800581211	4132
2	527	10839.593267747373	4138
2	529	10850.412102861009	4139
2	541	11062.246997126393	4140
2	545	11235.764860372149	4141
2	555	11729.093919468231	4142
2	614	13103.067560771952	4150
2	618	13145.734303602161	4151
2	620	13194.08680272457	4152
2	635	13421.168560065194	4155
2	655	13777.818485877568	4156
2	665	14162.551726417102	4159
2	689	14575.332972937059	4162
2	694	14661.492919862949	4163
2	699	14759.291343694334	4164
2	734	15729.254985355946	4169
2	768	16512.996203170446	4176
2	785	16888.774997434452	4180
2	793	16975.020694012122	4178
2	800	17059.474328285323	4179
2	814	17278.634738639452	4184
2	834	17521.64072071643	4185
2	854	17721.76451984893	4191
2	867	18235.342357417724	4192
2	879	19216.640096251001	4194
2	888	19391.798867752867	4195
2	903	19552.676989532169	4198
3	108	1489.438213484577	1
3	109	1492.438213484577	0
3	122	2152.497166332933	1
3	123	2155.497166332933	0
3	124	2218.552168640377	1
3	125	2221.552168640377	0
3	148	2591.801176393807	1
3	149	2594.801176393807	0
3	157	2742.44819159403	1
3	158	2745.44819159403	0
3	194	3753.120275124759	1
3	195	3756.120275124759	0
3	201	3970.31096229052	1
3	203	3973.31096229052	0
3	206	4073.211792971098	1
3	208	4076.211792971098	0
3	209	4129.455266096648	1
3	210	4132.455266096648	0
3	216	4270.605869206604	1
3	217	4273.605869206604	0
3	223	4392.671637196195	1
3	224	4395.671637196195	0
3	240	4690.578317852614	1
3	242	4693.578317852614	0
3	244	4759.370859981071	1
3	245	4762.370859981071	0
3	255	4869.166855989464	1
3	256	4872.166855989464	0
3	262	4938.234375674947	1
3	263	4941.234375674947	0
3	270	5022.159456538006	1
3	271	5025.159456538006	0
3	283	5223.089237844484	1
3	284	5226.089237844484	0
3	305	5837.237993907869	1
3	307	5840.237993907869	0
3	315	5999.715412050765	1
3	316	6002.715412050765	0
3	352	7146.146892704464	1
3	353	7149.146892704464	0
3	367	7403.85718317984	1
3	368	7406.85718317984	0
3	378	8012.616973642537	1
3	379	8015.616973642537	0
3	384	8116.936364645525	1
3	385	8119.936364645525	0
3	397	8374.326489329456	1
3	398	8377.326489329456	0
3	416	8789.437259553377	1
3	417	8792.437259553377	0
3	418	8826.826732995421	1
3	419	8829.826732995421	0
3	437	9120.048712442757	1
3	438	9123.048712442757	0
3	461	9499.752514457724	1
3	462	9502.752514457724	0
3	464	9533.794457900438	1
3	465	9536.794457900438	0
3	480	9755.780629087674	1
3	481	9758.780629087674	0
3	495	10048.997800581211	1
3	496	10051.997800581211	0
3	501	10247.846090942743	1
3	502	10250.846090942743	0
3	519	10675.713614023069	1
3	520	10678.713614023069	0
3	534	10950.412102861009	1
3	535	10953.412102861009	0
3	552	11623.093919468231	1
3	553	11626.093919468231	0
3	559	11920.191216760774	1
3	560	11923.191216760774	0
3	565	12029.681686204289	1
3	566	12032.681686204289	0
3	582	12549.832600325268	1
3	583	12552.832600325268	0
3	586	12641.969725304265	1
3	588	12644.969725304265	0
3	598	12846.473435868681	1
3	599	12849.473435868681	0
3	606	12997.067560771952	1
3	607	13000.067560771952	0
3	609	13040.456044352351	1
3	611	13043.456044352351	0
3	622	13221.012633367455	1
3	623	13224.012633367455	0
3	625	13294.08680272457	1
3	626	13297.08680272457	0
3	644	13596.580832355751	1
3	645	13599.580832355751	0
3	646	13617.091398243485	1
3	647	13620.091398243485	0
3	648	13671.818485877568	1
3	649	13674.818485877568	0
3	660	13951.857317518786	1
3	661	13954.857317518786	0
3	673	14349.011027306376	1
3	674	14352.011027306376	0
3	682	14469.332972937059	1
3	683	14472.332972937059	0
3	691	14653.291343694334	1
3	692	14656.291343694334	0
3	710	15245.932529592655	1
3	711	15248.932529592655	0
3	714	15416.55347223526	1
3	715	15419.55347223526	0
3	724	15623.254985355946	1
3	725	15626.254985355946	0
3	736	15743.675082053202	1
3	737	15746.675082053202	0
3	742	15803.869278118613	1
3	743	15806.869278118613	0
3	756	15996.242968319138	1
3	757	15999.242968319138	0
3	769	16591.724201111238	1
3	770	16594.724201111238	0
3	782	16869.020694012122	1
3	783	16872.020694012122	0
3	788	16953.474328285323	1
3	789	16956.474328285323	0
3	794	16988.774997434452	1
3	795	16991.774997434452	0
3	819	17378.634738639452	1
3	820	17381.634738639452	0
3	822	17415.64072071643	1
3	823	17418.64072071643	0
3	884	19316.640096251001	1
3	885	19319.640096251001	0
3	897	19513.01634401483	1
3	898	19516.01634401483	0
4	109	1492.438213484577	3
4	123	2155.497166332933	3
4	125	2221.552168640377	3
4	149	2594.801176393807	3
4	158	2745.44819159403	3
4	195	3756.120275124759	3
4	203	3973.31096229052	3
4	208	4076.211792971098	3
4	210	4132.455266096648	3
4	217	4273.605869206604	3
4	224	4395.671637196195	3
4	242	4693.578317852614	3
4	245	4762.370859981071	3
4	256	4872.166855989464	3
4	263	4941.234375674947	3
4	271	5025.159456538006	3
4	284	5226.089237844484	3
4	307	5840.237993907869	3
4	316	6002.715412050765	3
4	353	7149.146892704464	3
4	368	7406.85718317984	3
4	379	8015.616973642537	3
4	385	8119.936364645525	3
4	398	8377.326489329456	3
4	417	8792.437259553377	3
4	419	8829.826732995421	3
4	438	9123.048712442757	3
4	462	9502.752514457724	3
4	465	9536.794457900438	3
4	481	9758.780629087674	3
4	496	10051.997800581211	3
4	502	10250.846090942743	3
4	520	10678.713614023069	3
4	535	10953.412102861009	3
4	553	11626.093919468231	3
4	560	11923.191216760774	3
4	566	12032.681686204289	3
4	583	12552.832600325268	3
4	588	12644.969725304265	3
4	599	12849.473435868681	3
4	607	13000.067560771952	3
4	611	13043.456044352351	3
4	623	13224.012633367455	3
4	626	13297.08680272457	3
4	645	13599.580832355751	3
4	647	13620.091398243485	3
4	649	13674.818485877568	3
4	661	13954.857317518786	3
4	674	14352.011027306376	3
4	683	14472.332972937059	3
4	692	14656.291343694334	3
4	711	15248.932529592655	3
4	715	15419.55347223526	3
4	725	15626.254985355946	3
4	737	15746.675082053202	3
4	743	15806.869278118613	3
4	757	15999.242968319138	3
4	770	16594.724201111238	3
4	783	16872.020694012122	3
4	789	16956.474328285323	3
4	795	16991.774997434452	3
4	820	17381.634738639452	3
4	823	17418.64072071643	3
4	885	19319.640096251001	3
4	898	19516.01634401483	3
5	109	1492.438213484577	4072
5	123	2155.497166332933	4074
5	125	2221.552168640377	4073
5	149	2594.801176393807	4077
5	158	2745.44819159403	4079
5	195	3756.120275124759	4085
5	203	3973.31096229052	4086
5	208	4076.211792971098	4088
5	210	4132.455266096648	4087
5	217	4273.605869206604	4089
5	224	4395.671637196195	4090
5	242	4693.578317852614	4091
5	245	4762.370859981071	4092
5	256	4872.166855989464	4094
5	263	4941.234375674947	4096
5	271	5025.159456538006	4098
5	284	5226.089237844484	4099
5	307	5840.237993907869	4102
5	316	6002.715412050765	4104
5	353	7149.146892704464	4110
5	368	7406.85718317984	4113
5	379	8015.616973642537	4114
5	385	8119.936364645525	4115
5	398	8377.326489329456	4116
5	417	8792.437259553377	4119
5	419	8829.826732995421	4120
5	438	9123.048712442757	4124
5	462	9502.752514457724	4126
5	465	9536.794457900438	4128
5	481	9758.780629087674	4130
5	496	10051.997800581211	4132
5	502	10250.846090942743	4133
5	520	10678.713614023069	4137
5	535	10953.412102861009	4139
5	553	11626.093919468231	4142
5	560	11923.191216760774	4143
5	566	12032.681686204289	4144
5	583	12552.832600325268	4146
5	588	12644.969725304265	4145
5	599	12849.473435868681	4148
5	607	13000.067560771952	4150
5	611	13043.456044352351	4149
5	623	13224.012633367455	4153
5	626	13297.08680272457	4152
5	645	13599.580832355751	4157
5	647	13620.091398243485	4154
5	649	13674.818485877568	4156
5	661	13954.857317518786	4158
5	674	14352.011027306376	4161
5	683	14472.332972937059	4162
5	692	14656.291343694334	4164
5	711	15248.932529592655	4166
5	715	15419.55347223526	4167
5	725	15626.254985355946	4169
5	737	15746.675082053202	4171
5	743	15806.869278118613	4174
5	757	15999.242968319138	4173
5	770	16594.724201111238	4177
5	783	16872.020694012122	4178
5	789	16956.474328285323	4179
5	795	16991.774997434452	4180
5	820	17381.634738639452	4184
5	823	17418.64072071643	4185
5	885	19319.640096251001	4194
5	898	19516.01634401483	4196
6	97	1209.174571024831	1
6	98	1212.174571024831	0
6	114	1682.098510486581	1
6	115	1685.098510486581	0
6	119	2115.552168640377	1
6	120	2118.552168640377	0
6	155	2700.801176393807	1
6	156	2703.801176393807	0
6	166	3109.699467558756	1
6	167	3112.699467558756	0
6	172	3235.543518548644	1
6	173	3238.543518548644	0
6	174	3247.97612425288	1
6	175	3250.97612425288	0
6	191	3650.120275124759	1
6	192	3653.120275124759	0
6	198	3867.31096229052	1
6	199	3870.31096229052	0
6	204	4026.455266096648	1
6	205	4029.455266096648	0
6	236	4656.370859981071	1
6	237	4659.370859981071	0
6	246	4766.166855989464	1
6	247	4769.166855989464	0
6	266	4981.153541160955	1
6	267	4984.153541160955	0
6	294	5636.935924894777	1
6	295	5639.935924894777	0
6	298	5734.237993907869	1
6	300	5737.237993907869	0
6	302	5791.932818558701	1
6	303	5794.932818558701	0
6	304	5835.97427496575	1
6	306	5838.97427496575	0
6	317	6051.342731272727	1
6	318	6054.342731272727	0
6	331	6538.718768806781	1
6	332	6541.718768806781	0
6	339	6718.353854881564	1
6	340	6721.353854881564	0
6	349	7111.723292870419	1
6	351	7114.723292870419	0
6	373	7506.85718317984	1
6	374	7509.85718317984	0
6	390	8219.936364645525	1
6	391	8222.936364645525	0
6	392	8271.326489329456	1
6	393	8274.326489329456	0
6	407	8686.437259553377	1
6	408	8689.437259553377	0
6	409	8723.826732995421	1
6	410	8726.826732995421	0
6	412	8745.788253531455	1
6	413	8748.788253531455	0
6	453	9396.752514457724	1
6	454	9399.752514457724	0
6	471	9636.794457900438	1
6	472	9639.794457900438	0
6	473	9652.780629087674	1
6	474	9655.780629087674	0
6	487	9887.081569870034	1
6	488	9890.081569870034	0
6	497	10144.846090942743	1
6	498	10147.846090942743	0
6	513	10512.449259242986	1
6	514	10515.449259242986	0
6	516	10602.255308881952	1
6	517	10605.255308881952	0
6	524	10778.713614023069	1
6	525	10781.713614023069	0
6	548	11438.764860372149	1
6	549	11441.764860372149	0
6	563	12023.191216760774	1
6	564	12026.191216760774	0
6	568	12132.681686204289	1
6	569	12135.681686204289	0
6	576	12446.832600325268	1
6	577	12449.832600325268	0
6	578	12528.243847877215	1
6	579	12531.243847877215	0
6	580	12538.969725304265	1
6	581	12541.969725304265	0
6	592	12743.473435868681	1
6	594	12746.473435868681	0
6	600	12894.067560771952	1
6	601	12897.067560771952	0
6	602	12937.456044352351	1
6	604	12940.456044352351	0
6	629	13324.012633367455	1
6	630	13327.012633367455	0
6	639	13514.091398243485	1
6	640	13517.091398243485	0
6	642	13568.818485877568	1
6	643	13571.818485877568	0
6	650	13699.580832355751	1
6	651	13702.580832355751	0
6	657	13848.857317518786	1
6	658	13851.857317518786	0
6	671	14279.152034289632	1
6	672	14282.152034289632	0
6	676	14366.332972937059	1
6	677	14369.332972937059	0
6	679	14452.011027306376	1
6	680	14455.011027306376	0
6	701	14796.10334467511	1
6	702	14799.10334467511	0
6	708	15142.932529592655	1
6	709	15145.932529592655	0
6	717	15519.55347223526	1
6	718	15522.55347223526	0
6	738	15750.788481990522	1
6	739	15753.788481990522	0
6	749	15893.242968319138	1
6	750	15896.242968319138	0
6	751	15906.869278118613	1
6	752	15909.869278118613	0
6	765	16488.724201111238	1
6	766	16491.724201111238	0
6	775	16766.020694012122	1
6	776	16769.020694012122	0
6	779	16850.474328285323	1
6	780	16853.474328285323	0
6	786	16931.529203580946	1
6	787	16934.529203580946	0
6	801	17063.89806953603	1
6	802	17066.89806953603	0
6	806	17142.117447038783	1
6	807	17145.117447038783	0
6	824	17456.19617241892	1
6	825	17459.19617241892	0
6	842	17599.06906690604	1
6	843	17602.06906690604	0
6	848	17678.583036131524	1
6	849	17681.583036131524	0
6	850	17689.256283821339	1
6	851	17692.256283821339	0
6	860	17924.76451984893	1
6	861	17927.76451984893	0
6	872	18438.624954567617	1
6	873	18441.624954567617	0
6	889	19410.01634401483	1
6	890	19413.01634401483	0
6	892	19443.274288536613	1
6	893	19446.274288536613	0
6	904	19570.163988087586	1
6	905	19573.163988087586	0
6	907	19637.600314088012	1
6	908	19640.600314088012	0
6	918	19999.875533319453	1
7	98	1212.174571024831	3
7	115	1685.098510486581	3
7	120	2118.552168640377	3
7	156	2703.801176393807	3
7	167	3112.699467558756	3
7	173	3238.543518548644	3
7	175	3250.97612425288	3
7	192	3653.120275124759	3
7	199	3870.31096229052	3
7	205	4029.455266096648	3
7	237	4659.370859981071	3
7	247	4769.166855989464	3
7	267	4984.153541160955	3
7	295	5639.935924894777	3
7	300	5737.237993907869	3
7	303	5794.932818558701	3
7	306	5838.97427496575	3
7	318	6054.342731272727	3
7	332	6541.718768806781	3
7	340	6721.353854881564	3
7	351	7114.723292870419	3
7	374	7509.85718317984	3
7	391	8222.936364645525	3
7	393	8274.326489329456	3
7	408	8689.437259553377	3
7	410	8726.826732995421	3
7	413	8748.788253531455	3
7	454	9399.752514457724	3
7	472	9639.794457900438	3
7	474	9655.780629087674	3
7	488	9890.081569870034	3
7	498	10147.846090942743	3
7	514	10515.449259242986	3
7	517	10605.255308881952	3
7	525	10781.713614023069	3
7	549	11441.764860372149	3
7	564	12026.191216760774	3
7	569	12135.681686204289	3
7	577	12449.832600325268	3
7	579	12531.243847877215	3
7	581	12541.969725304265	3
7	594	12746.473435868681	3
7	601	12897.067560771952	3
7	604	12940.456044352351	3
7	630	13327.012633367455	3
7	640	13517.091398243485	3
7	643	13571.818485877568	3
7	651	13702.580832355751	3
7	658	13851.857317518786	3
7	672	14282.152034289632	3
7	677	14369.332972937059	3
7	680	14455.011027306376	3
7	702	14799.10334467511	3
7	709	15145.932529592655	3
7	718	15522.55347223526	3
7	739	15753.788481990522	3
7	750	15896.242968319138	3
7	752	15909.869278118613	3
7	766	16491.724201111238	3
7	776	16769.020694012122	3
7	780	16853.474328285323	3
7	787	16934.529203580946	3
7	802	17066.89806953603	3
7	807	17145.117447038783	3
7	825	17459.19617241892	3
7	843	17602.06906690604	3
7	849	17681.583036131524	3
7	851	17692.256283821339	3
7	861	17927.76451984893	3
7	873	18441.624954567617	3
7	890	19413.01634401483	3
7	893	19446.274288536613	3
7	905	19573.163988087586	3
7	908	19640.600314088012	3
8	98	1212.174571024831	4069
8	115	1685.098510486581	4071
8	120	2118.552168640377	4073
8	156	2703.801176393807	4078
8	167	3112.699467558756	4080
8	173	3238.543518548644	4081
8	175	3250.97612425288	4082
8	192	3653.120275124759	4085
8	199	3870.31096229052	4086
8	205	4029.455266096648	4087
8	237	4659.370859981071	4092
8	247	4769.166855989464	4094
8	267	4984.153541160955	4097
8	295	5639.935924894777	4100
8	300	5737.237993907869	4102
8	303	5794.932818558701	4103
8	306	5838.97427496575	4101
8	318	6054.342731272727	4105
8	332	6541.718768806781	4106
8	340	6721.353854881564	4108
8	351	7114.723292870419	4109
8	374	7509.85718317984	4113
8	391	8222.936364645525	4115
8	393	8274.326489329456	4116
8	408	8689.437259553377	4119
8	410	8726.826732995421	4120
8	413	8748.788253531455	4121
8	454	9399.752514457724	4126
8	472	9639.794457900438	4128
8	474	9655.780629087674	4130
8	488	9890.081569870034	4131
8	498	10147.846090942743	4133
8	514	10515.449259242986	4135
8	517	10605.255308881952	4136
8	525	10781.713614023069	4137
8	549	11441.764860372149	4141
8	564	12026.191216760774	4143
8	569	12135.681686204289	4144
8	577	12449.832600325268	4146
8	579	12531.243847877215	4147
8	581	12541.969725304265	4145
8	594	12746.473435868681	4148
8	601	12897.067560771952	4150
8	604	12940.456044352351	4149
8	630	13327.012633367455	4153
8	640	13517.091398243485	4154
8	643	13571.818485877568	4156
8	651	13702.580832355751	4157
8	658	13851.857317518786	4158
8	672	14282.152034289632	4160
8	677	14369.332972937059	4162
8	680	14455.011027306376	4161
8	702	14799.10334467511	4165
8	709	15145.932529592655	4166
8	718	15522.55347223526	4167
8	739	15753.788481990522	4172
8	750	15896.242968319138	4173
8	752	15909.869278118613	4174
8	766	16491.724201111238	4177
8	776	16769.020694012122	4178
8	780	16853.474328285323	4179
8	787	16934.529203580946	4181
8	802	17066.89806953603	4182
8	807	17145.117447038783	4183
8	825	17459.19617241892	4186
8	843	17602.06906690604	4188
8	849	17681.583036131524	4189
8	851	17692.256283821339	4190
8	861	17927.76451984893	4191
8	873	18441.624954567617	4193
8	890	19413.01634401483	4196
8	893	19446.274288536613	4197
8	905	19573.163988087586	4199
8	908	19640.600314088012	4200
9	94	1106.174571024831	1
9	95	1109.174571024831	0
9	104	1397.182083394411	1
9	105	1400.182083394411	0
9	111	1579.098510486581	1
9	112	1582.098510486581	0
9	131	2340.714129024019	1
9	132	2343.714129024019	0
9	133	2358.497166332933	1
9	134	2361.497166332933	0
9	140	2465.824771303991	1
9	141	2468.824771303991	0
9	150	2597.801176393807	1
9	151	2600.801176393807	0
9	164	3006.699467558756	1
9	165	3009.699467558756	0
9	178	3338.543518548644	1
9	179	3341.543518548644	0
9	180	3350.97612425288	1
9	181	3353.97612425288	0
9	189	3623.717323563462	1
9	190	3626.717323563462	0
9	225	4476.605869206604	1
9	226	4479.605869206604	0
9	248	4792.279411264595	1
9	250	4795.279411264595	0
9	251	4810.372671775448	1
9	252	4813.372671775448	0
9	275	5084.153541160955	1
9	276	5087.153541160955	0
9	290	5533.935924894777	1
9	291	5536.935924894777	0
9	297	5732.97427496575	1
9	299	5735.97427496575	0
9	308	5894.932818558701	1
9	309	5897.932818558701	0
9	321	6154.342731272727	1
9	322	6157.342731272727	0
9	328	6435.718768806781	1
9	329	6438.718768806781	0
9	333	6547.12806241261	1
9	334	6550.12806241261	0
9	342	6821.353854881564	1
9	343	6824.353854881564	0
9	346	7008.723292870419	1
9	347	7011.723292870419	0
9	355	7212.192100324199	1
9	357	7215.192100324199	0
9	365	7352.146892704464	1
9	366	7355.146892704464	0
9	369	7409.736510864671	1
9	370	7412.736510864671	0
9	386	8168.326489329456	1
9	387	8171.326489329456	0
9	394	8315.53158981948	1
9	395	8318.53158981948	0
9	405	8667.384253304931	1
9	406	8670.384253304931	0
9	420	8840.268134553529	1
9	421	8843.268134553529	0
9	422	8848.788253531455	1
9	423	8851.788253531455	0
9	440	9217.524821888586	1
9	441	9220.524821888586	0
9	444	9263.451350645542	1
9	445	9266.451350645542	0
9	449	9326.048712442757	1
9	450	9329.048712442757	0
9	467	9559.75342286206	1
9	468	9562.75342286206	0
9	483	9784.081569870034	1
9	484	9787.081569870034	0
9	493	10041.846090942743	1
9	494	10044.846090942743	0
9	504	10345.24941381494	1
9	505	10348.24941381494	0
9	508	10409.449259242986	1
9	509	10412.449259242986	0
9	511	10499.255308881952	1
9	512	10502.255308881952	0
9	532	10939.593267747373	1
9	533	10942.593267747373	0
9	536	10956.246997126393	1
9	537	10959.246997126393	0
9	546	11335.764860372149	1
9	547	11338.764860372149	0
9	557	11829.093919468231	1
9	558	11832.093919468231	0
9	574	12435.969725304265	1
9	575	12438.969725304265	0
9	584	12631.243847877215	1
9	585	12634.243847877215	0
9	596	12834.456044352351	1
9	597	12837.456044352351	0
9	608	13039.734303602161	1
9	610	13042.734303602161	0
9	632	13411.091398243485	1
9	633	13414.091398243485	0
9	668	14262.551726417102	1
9	669	14265.551726417102	0
9	686	14555.492919862949	1
9	687	14558.492919862949	0
9	696	14693.10334467511	1
9	697	14696.10334467511	0
9	703	14859.291343694334	1
9	704	14862.291343694334	0
9	721	15604.915645365392	1
9	722	15607.915645365392	0
9	726	15630.636574730134	1
9	727	15633.636574730134	0
9	740	15790.242968319138	1
9	741	15793.242968319138	0
9	746	15853.788481990522	1
9	747	15856.788481990522	0
9	754	15990.023475164045	1
9	755	15993.023475164045	0
9	763	16406.996203170446	1
9	764	16409.996203170446	0
9	790	16960.89806953603	1
9	791	16963.89806953603	0
9	796	17034.529203580946	1
9	797	17037.529203580946	0
9	811	17245.117447038783	1
9	812	17248.117447038783	0
9	826	17469.363619806101	1
9	827	17472.363619806101	0
9	831	17496.06906690604	1
9	832	17499.06906690604	0
9	835	17559.19617241892	1
9	836	17562.19617241892	0
9	838	17575.583036131524	1
9	839	17578.583036131524	0
9	840	17586.256283821339	1
9	841	17589.256283821339	0
9	845	17621.64072071643	1
9	846	17624.64072071643	0
9	858	17821.76451984893	1
9	859	17824.76451984893	0
9	864	18129.342357417724	1
9	865	18132.342357417724	0
9	870	18335.624954567617	1
9	871	18338.624954567617	0
9	880	19285.798867752867	1
9	881	19288.798867752867	0
9	882	19307.01634401483	1
9	883	19310.01634401483	0
9	900	19546.274288536613	1
9	901	19549.274288536613	0
9	910	19652.676989532169	1
9	911	19655.676989532169	0
9	913	19740.600314088012	1
9	914	19743.600314088012	0
10	95	1109.174571024831	3
10	105	1400.182083394411	3
10	112	1582.098510486581	3
10	132	2343.714129024019	3
10	134	2361.497166332933	3
10	141	2468.824771303991	3
10	151	2600.801176393807	3
10	165	3009.699467558756	3
10	179	3341.543518548644	3
10	181	3353.97612425288	3
10	190	3626.717323563462	3
10	226	4479.605869206604	3
10	250	4795.279411264595	3
10	252	4813.372671775448	3
10	276	5087.153541160955	3
10	291	5536.935924894777	3
10	299	5735.97427496575	3
10	309	5897.932818558701	3
10	322	6157.342731272727	3
10	329	6438.718768806781	3
10	334	6550.12806241261	3
10	343	6824.353854881564	3
10	347	7011.723292870419	3
10	357	7215.192100324199	3
10	366	7355.146892704464	3
10	370	7412.736510864671	3
10	387	8171.326489329456	3
10	395	8318.53158981948	3
10	406	8670.384253304931	3
10	421	8843.268134553529	3
10	423	8851.788253531455	3
10	441	9220.524821888586	3
10	445	9266.451350645542	3
10	450	9329.048712442757	3
10	468	9562.75342286206	3
10	484	9787.081569870034	3
10	494	10044.846090942743	3
10	505	10348.24941381494	3
10	509	10412.449259242986	3
10	512	10502.255308881952	3
10	533	10942.593267747373	3
10	537	10959.246997126393	3
10	547	11338.764860372149	3
10	558	11832.093919468231	3
10	575	12438.969725304265	3
10	585	12634.243847877215	3
10	597	12837.456044352351	3
10	610	13042.734303602161	3
10	633	13414.091398243485	3
10	669	14265.551726417102	3
10	687	14558.492919862949	3
10	697	14696.10334467511	3
10	704	14862.291343694334	3
10	722	15607.915645365392	3
10	727	15633.636574730134	3
10	741	15793.242968319138	3
10	747	15856.788481990522	3
10	755	15993.023475164045	3
10	764	16409.996203170446	3
10	791	16963.89806953603	3
10	797	17037.529203580946	3
10	812	17248.117447038783	3
10	827	17472.363619806101	3
10	832	17499.06906690604	3
10	836	17562.19617241892	3
10	839	17578.583036131524	3
10	841	17589.256283821339	3
10	846	17624.64072071643	3
10	859	17824.76451984893	3
10	865	18132.342357417724	3
10	871	18338.624954567617	3
10	881	19288.798867752867	3
10	883	19310.01634401483	3
10	901	19549.274288536613	3
10	911	19655.676989532169	3
10	914	19743.600314088012	3
11	95	1109.174571024831	4069
11	105	1400.182083394411	4070
11	112	1582.098510486581	4071
11	132	2343.714129024019	4075
11	134	2361.497166332933	4074
11	141	2468.824771303991	4076
11	151	2600.801176393807	4078
11	165	3009.699467558756	4080
11	179	3341.543518548644	4081
11	181	3353.97612425288	4082
11	190	3626.717323563462	4084
11	226	4479.605869206604	4089
11	250	4795.279411264595	4093
11	252	4813.372671775448	4095
11	276	5087.153541160955	4097
11	291	5536.935924894777	4100
11	299	5735.97427496575	4101
11	309	5897.932818558701	4103
11	322	6157.342731272727	4105
11	329	6438.718768806781	4106
11	334	6550.12806241261	4107
11	343	6824.353854881564	4108
11	347	7011.723292870419	4109
11	357	7215.192100324199	4111
11	366	7355.146892704464	4110
11	370	7412.736510864671	4112
11	387	8171.326489329456	4116
11	395	8318.53158981948	4117
11	406	8670.384253304931	4118
11	421	8843.268134553529	4122
11	423	8851.788253531455	4121
11	441	9220.524821888586	4123
11	445	9266.451350645542	4125
11	450	9329.048712442757	4124
11	468	9562.75342286206	4129
11	484	9787.081569870034	4131
11	494	10044.846090942743	4133
11	505	10348.24941381494	4134
11	509	10412.449259242986	4135
11	512	10502.255308881952	4136
11	533	10942.593267747373	4138
11	537	10959.246997126393	4140
11	547	11338.764860372149	4141
11	558	11832.093919468231	4142
11	575	12438.969725304265	4145
11	585	12634.243847877215	4147
11	597	12837.456044352351	4149
11	610	13042.734303602161	4151
11	633	13414.091398243485	4154
11	669	14265.551726417102	4159
11	687	14558.492919862949	4163
11	697	14696.10334467511	4165
11	704	14862.291343694334	4164
11	722	15607.915645365392	4168
11	727	15633.636574730134	4170
11	741	15793.242968319138	4173
11	747	15856.788481990522	4172
11	755	15993.023475164045	4175
11	764	16409.996203170446	4176
11	791	16963.89806953603	4182
11	797	17037.529203580946	4181
11	812	17248.117447038783	4183
11	827	17472.363619806101	4187
11	832	17499.06906690604	4188
11	836	17562.19617241892	4186
11	839	17578.583036131524	4189
11	841	17589.256283821339	4190
11	846	17624.64072071643	4185
11	859	17824.76451984893	4191
11	865	18132.342357417724	4192
11	871	18338.624954567617	4193
11	881	19288.798867752867	4195
11	883	19310.01634401483	4196
11	901	19549.274288536613	4197
11	911	19655.676989532169	4198
11	914	19743.600314088012	4200
12	153	2671.824771303991	306
12	218	4279.211792971098	306
12	235	4598.671637196195	306
12	274	5075.166855989464	409
12	281	5144.234375674947	306
12	323	6205.715412050765	306
12	341	6753.12806241261	306
12	371	7418.192100324199	306
12	424	8873.384253304931	306
12	434	9046.268134553529	306
12	460	9469.451350645542	306
12	621	13203.067560771952	409
12	641	13521.168560065194	203
12	659	13877.818485877568	409
12	695	14675.332972937059	409
12	771	16612.996203170446	306
13	153	2671.824771303991	6
13	218	4279.211792971098	6
13	235	4598.671637196195	6
13	274	5075.166855989464	9
13	281	5144.234375674947	6
13	323	6205.715412050765	6
13	341	6753.12806241261	6
13	371	7418.192100324199	6
13	424	8873.384253304931	6
13	434	9046.268134553529	6
13	460	9469.451350645542	6
13	621	13203.067560771952	9
13	641	13521.168560065194	3
13	659	13877.818485877568	9
13	695	14675.332972937059	9
13	771	16612.996203170446	6
14	153	2671.824771303991	2
14	218	4279.211792971098	2
14	235	4598.671637196195	2
14	274	5075.166855989464	3
14	281	5144.234375674947	2
14	323	6205.715412050765	2
14	341	6753.12806241261	2
14	371	7418.192100324199	2
14	424	8873.384253304931	2
14	434	9046.268134553529	2
14	460	9469.451350645542	2
14	621	13203.067560771952	3
14	641	13521.168560065194	1
14	659	13877.818485877568	3
14	695	14675.332972937059	3
14	771	16612.996203170446	2
15	113	1592.438213484577	203
15	130	2321.552168640377	306
15	154	2694.801176393807	306
15	249	4793.578317852614	306
15	254	4862.370859981071	306
15	312	5940.237993907869	306
15	400	8477.326489329456	409
15	470	9602.752514457724	306
15	486	9858.780629087674	306
15	499	10151.997800581211	306
15	605	12949.473435868681	306
15	617	13143.456044352351	409
15	631	13397.08680272457	306
15	652	13720.091398243485	409
15	713	15348.932529592655	306
15	745	15846.675082053202	203
15	760	16099.242968319138	409
15	829	17481.634738639452	306
15	891	19419.640096251001	306
15	906	19616.01634401483	409
16	113	1592.438213484577	3
16	130	2321.552168640377	6
16	154	2694.801176393807	6
16	249	4793.578317852614	6
16	254	4862.370859981071	6
16	312	5940.237993907869	6
16	400	8477.326489329456	9
16	470	9602.752514457724	6
16	486	9858.780629087674	6
16	499	10151.997800581211	6
16	605	12949.473435868681	6
16	617	13143.456044352351	9
16	631	13397.08680272457	6
16	652	13720.091398243485	9
16	713	15348.932529592655	6
16	745	15846.675082053202	3
16	760	16099.242968319138	9
16	829	17481.634738639452	6
16	891	19419.640096251001	6
16	906	19616.01634401483	9
17	113	1592.438213484577	1
17	130	2321.552168640377	2
17	154	2694.801176393807	2
17	249	4793.578317852614	2
17	254	4862.370859981071	2
17	312	5940.237993907869	2
17	400	8477.326489329456	3
17	470	9602.752514457724	2
17	486	9858.780629087674	2
17	499	10151.997800581211	2
17	605	12949.473435868681	2
17	617	13143.456044352351	3
17	631	13397.08680272457	2
17	652	13720.091398243485	3
17	713	15348.932529592655	2
17	745	15846.675082053202	1
17	760	16099.242968319138	3
17	829	17481.634738639452	2
17	891	19419.640096251001	2
17	906	19616.01634401483	3
18	197	3856.120275124759	306
18	207	4073.31096229052	306
18	286	5326.089237844484	306
18	383	8115.616973642537	203
18	427	8929.826732995421	306
18	506	10350.846090942743	409
18	539	11053.412102861009	306
18	589	12652.832600325268	306
18	593	12744.969725304265	409
18	662	14054.857317518786	306
18	773	16694.724201111238	306
18	804	17091.774997434452	306
19	197	3856.120275124759	6
19	207	4073.31096229052	6
19	286	5326.089237844484	6
19	383	8115.616973642537	3
19	427	8929.826732995421	6
19	506	10350.846090942743	9
19	539	11053.412102861009	6
19	589	12652.832600325268	6
19	593	12744.969725304265	9
19	662	14054.857317518786	6
19	773	16694.724201111238	6
19	804	17091.774997434452	6
20	197	3856.120275124759	2
20	207	4073.31096229052	2
20	286	5326.089237844484	2
20	383	8115.616973642537	1
20	427	8929.826732995421	2
20	506	10350.846090942743	3
20	539	11053.412102861009	2
20	589	12652.832600325268	2
20	593	12744.969725304265	3
20	662	14054.857317518786	2
20	773	16694.724201111238	2
20	804	17091.774997434452	2
21	101	1312.174571024831	306
21	159	2803.801176393807	412.63595390827
21	301	5739.935924894777	409
21	356	7214.723292870419	306
21	396	8322.936364645525	306
21	521	10705.255308881952	306
21	531	10881.713614023069	306
21	551	11541.764860372149	409
21	570	12235.681686204289	306
21	636	13427.012633367455	306
21	685	14555.011027306376	306
21	705	14899.10334467511	306
21	723	15622.55347223526	306
21	852	17702.06906690604	306
21	862	18027.76451984893	409
22	101	1312.174571024831	6
22	159	2803.801176393807	12.63595390827
22	301	5739.935924894777	9
22	356	7214.723292870419	6
22	396	8322.936364645525	6
22	521	10705.255308881952	6
22	531	10881.713614023069	6
22	551	11541.764860372149	9
22	570	12235.681686204289	6
22	636	13427.012633367455	6
22	685	14555.011027306376	6
22	705	14899.10334467511	6
22	723	15622.55347223526	6
22	852	17702.06906690604	6
22	862	18027.76451984893	9
23	101	1312.174571024831	2
23	159	2803.801176393807	3
23	301	5739.935924894777	3
23	356	7214.723292870419	2
23	396	8322.936364645525	2
23	521	10705.255308881952	2
23	531	10881.713614023069	2
23	551	11541.764860372149	3
23	570	12235.681686204289	2
23	636	13427.012633367455	2
23	685	14555.011027306376	2
23	705	14899.10334467511	2
23	723	15622.55347223526	2
23	852	17702.06906690604	2
23	862	18027.76451984893	3
24	116	1785.098510486581	409
24	171	3212.699467558756	306
24	311	5938.97427496575	306
24	336	6641.718768806781	409
24	376	7609.85718317984	306
24	479	9739.794457900438	306
24	492	9990.081569870034	409
24	518	10615.449259242986	306
24	567	12126.191216760774	306
24	656	13802.580832355751	306
24	678	14382.152034289632	203
24	758	16009.869278118613	306
24	809	17166.89806953603	306
24	856	17781.583036131524	306
24	857	17792.256283821339	306
24	874	18541.624954567617	306
24	912	19673.163988087586	203
25	116	1785.098510486581	9
25	171	3212.699467558756	6
25	311	5938.97427496575	6
25	336	6641.718768806781	9
25	376	7609.85718317984	6
25	479	9739.794457900438	6
25	492	9990.081569870034	9
25	518	10615.449259242986	6
25	567	12126.191216760774	6
25	656	13802.580832355751	6
25	678	14382.152034289632	3
25	758	16009.869278118613	6
25	809	17166.89806953603	6
25	856	17781.583036131524	6
25	857	17792.256283821339	6
25	874	18541.624954567617	6
25	912	19673.163988087586	3
26	116	1785.098510486581	3
26	171	3212.699467558756	2
26	311	5938.97427496575	2
26	336	6641.718768806781	3
26	376	7609.85718317984	2
26	479	9739.794457900438	2
26	492	9990.081569870034	3
26	518	10615.449259242986	2
26	567	12126.191216760774	2
26	656	13802.580832355751	2
26	678	14382.152034289632	1
26	758	16009.869278118613	2
26	809	17166.89806953603	2
26	856	17781.583036131524	2
26	857	17792.256283821339	2
26	874	18541.624954567617	2
26	912	19673.163988087586	1
27	110	1500.182083394411	306
27	139	2461.497166332933	409
27	184	3441.543518548644	306
27	185	3453.97612425288	306
27	193	3726.717323563462	306
27	282	5187.153541160955	306
27	345	6924.353854881564	306
27	372	7455.146892704464	409
27	375	7512.736510864671	306
27	430	8951.788253531455	306
27	562	11932.093919468231	409
27	706	14962.291343694334	409
27	732	15707.915645365392	203
27	753	15956.788481990522	306
27	759	16093.023475164045	203
27	816	17348.117447038783	306
27	855	17724.64072071643	409
27	909	19649.274288536613	306
27	916	19843.600314088012	306
28	110	1500.182083394411	6
28	139	2461.497166332933	9
28	184	3441.543518548644	6
28	185	3453.97612425288	6
28	193	3726.717323563462	6
28	282	5187.153541160955	6
28	345	6924.353854881564	6
28	372	7455.146892704464	9
28	375	7512.736510864671	6
28	430	8951.788253531455	6
28	562	11932.093919468231	9
28	706	14962.291343694334	9
28	732	15707.915645365392	3
28	753	15956.788481990522	6
28	759	16093.023475164045	3
28	816	17348.117447038783	6
28	855	17724.64072071643	9
28	909	19649.274288536613	6
28	916	19843.600314088012	6
29	110	1500.182083394411	2
29	139	2461.497166332933	3
29	184	3441.543518548644	2
29	185	3453.97612425288	2
29	193	3726.717323563462	2
29	282	5187.153541160955	2
29	345	6924.353854881564	2
29	372	7455.146892704464	3
29	375	7512.736510864671	2
29	430	8951.788253531455	2
29	562	11932.093919468231	3
29	706	14962.291343694334	3
29	732	15707.915645365392	1
29	753	15956.788481990522	2
29	759	16093.023475164045	1
29	816	17348.117447038783	2
29	855	17724.64072071643	3
29	909	19649.274288536613	2
29	916	19843.600314088012	2
30	138	2443.714129024019	306
30	231	4579.605869206604	409
30	258	4895.279411264595	306
30	314	5997.932818558701	306
30	325	6257.342731272727	306
30	399	8418.53158981948	306
30	448	9320.524821888586	306
30	457	9429.048712442757	409
30	510	10448.24941381494	203
30	538	11042.593267747373	306
30	590	12734.243847877215	306
30	675	14365.551726417102	306
30	735	15733.636574730134	203
30	805	17137.529203580946	306
30	837	17572.363619806101	203
30	847	17662.19617241892	306
30	915	19755.676989532169	306
31	138	2443.714129024019	6
31	231	4579.605869206604	9
31	258	4895.279411264595	6
31	314	5997.932818558701	6
31	325	6257.342731272727	6
31	399	8418.53158981948	6
31	448	9320.524821888586	6
31	457	9429.048712442757	9
31	510	10448.24941381494	3
31	538	11042.593267747373	6
31	590	12734.243847877215	6
31	675	14365.551726417102	6
31	735	15733.636574730134	3
31	805	17137.529203580946	6
31	837	17572.363619806101	3
31	847	17662.19617241892	6
31	915	19755.676989532169	6
32	138	2443.714129024019	2
32	231	4579.605869206604	3
32	258	4895.279411264595	2
32	314	5997.932818558701	2
32	325	6257.342731272727	2
32	399	8418.53158981948	2
32	448	9320.524821888586	2
32	457	9429.048712442757	3
32	510	10448.24941381494	1
32	538	11042.593267747373	2
32	590	12734.243847877215	2
32	675	14365.551726417102	2
32	735	15733.636574730134	1
32	805	17137.529203580946	2
32	837	17572.363619806101	1
32	847	17662.19617241892	2
32	915	19755.676989532169	2
33	163	2948.44819159403	306
33	182	3357.104444194828	203
33	220	4335.455266096648	409
33	268	5016.372671775448	306
33	285	5228.159456538006	306
33	431	8995.437259553377	409
33	463	9518.709885792806	203
33	482	9765.75342286206	306
33	543	11162.246997126393	306
33	624	13245.734303602161	306
33	700	14761.492919862949	306
33	744	15829.254985355946	306
33	803	17075.020694012122	409
33	808	17159.474328285323	409
33	869	18335.342357417724	306
33	896	19491.798867752867	306
34	163	2948.44819159403	6
34	182	3357.104444194828	3
34	220	4335.455266096648	9
34	268	5016.372671775448	6
34	285	5228.159456538006	6
34	431	8995.437259553377	9
34	463	9518.709885792806	3
34	482	9765.75342286206	6
34	543	11162.246997126393	6
34	624	13245.734303602161	6
34	700	14761.492919862949	6
34	744	15829.254985355946	6
34	803	17075.020694012122	9
34	808	17159.474328285323	9
34	869	18335.342357417724	6
34	896	19491.798867752867	6
35	163	2948.44819159403	2
35	182	3357.104444194828	1
35	220	4335.455266096648	3
35	268	5016.372671775448	2
35	285	5228.159456538006	2
35	431	8995.437259553377	3
35	463	9518.709885792806	1
35	482	9765.75342286206	2
35	543	11162.246997126393	2
35	624	13245.734303602161	2
35	700	14761.492919862949	2
35	744	15829.254985355946	2
35	803	17075.020694012122	3
35	808	17159.474328285323	3
35	869	18335.342357417724	2
35	896	19491.798867752867	2

