version 3
run LightLoad_Circle-31-20260126-10:58:55-289
attr configname LightLoad_Circle
attr datetime 20260126-10:58:55
attr datetimef 20260126-105855
attr experiment LightLoad_Circle
attr inifile simulations/nwsim_project/omnetpp.ini
attr iterationvars ""
attr iterationvarsd ""
attr iterationvarsf ""
attr measurement ""
attr network CrossTraffic
attr processid 289
attr repetition 31
attr replication #31
attr resultdir results
attr runnumber 31
attr seedset 31
config description "Light Load - Circle Mode"
config *.Junc*.junctionMode "\"circle\""
config *.EndNW.spawnInterval exponential(800s)
config *.EndNE.spawnInterval exponential(1200s)
config *.EndEN.spawnInterval exponential(1000s)
config *.EndES.spawnInterval exponential(1500s)
config *.EndSE.spawnInterval exponential(900s)
config *.EndSW.spawnInterval exponential(1000s)
config *.EndWS.spawnInterval exponential(1200s)
config *.EndWN.spawnInterval exponential(1400s)
config network CrossTraffic
config sim-time-limit 20000s
config warmup-period 1000s
config repeat 50
config **.scalar-recording true
config **.vector-recording true
config *.Junc*.junctionMode "\"queue\""
config *.EndNW.spawnInterval exponential(800s)
config *.EndNE.spawnInterval exponential(1200s)
config *.EndEN.spawnInterval exponential(1000s)
config *.EndES.spawnInterval exponential(1500s)
config *.EndSE.spawnInterval exponential(900s)
config *.EndSW.spawnInterval exponential(1100s)
config *.EndWS.spawnInterval exponential(1300s)
config *.EndWN.spawnInterval exponential(1400s)

vector 0 CrossTraffic.JuncNW queueLength:vector ETV
attr interpolationmode sample-hold
attr recordingmode vector
attr source queueLength
attr title "Queue Length"
vector 1 CrossTraffic.JuncNW junctionProcessingTime:vector ETV
attr recordingmode vector
attr source junctionProcessingTime
attr title "Junction Processing Time"
vector 2 CrossTraffic.JuncNW vehicleCount:vector ETV
attr recordingmode vector
attr source vehicleCount
attr title "Vehicle Count"
vector 3 CrossTraffic.JuncNE queueLength:vector ETV
attr interpolationmode sample-hold
attr recordingmode vector
attr source queueLength
attr title "Queue Length"
vector 4 CrossTraffic.JuncNE junctionProcessingTime:vector ETV
attr recordingmode vector
attr source junctionProcessingTime
attr title "Junction Processing Time"
vector 5 CrossTraffic.JuncNE vehicleCount:vector ETV
attr recordingmode vector
attr source vehicleCount
attr title "Vehicle Count"
vector 6 CrossTraffic.JuncSE queueLength:vector ETV
attr interpolationmode sample-hold
attr recordingmode vector
attr source queueLength
attr title "Queue Length"
vector 7 CrossTraffic.JuncSE junctionProcessingTime:vector ETV
attr recordingmode vector
attr source junctionProcessingTime
attr title "Junction Processing Time"
vector 8 CrossTraffic.JuncSE vehicleCount:vector ETV
attr recordingmode vector
attr source vehicleCount
attr title "Vehicle Count"
vector 9 CrossTraffic.JuncSW queueLength:vector ETV
attr interpolationmode sample-hold
attr recordingmode vector
attr source queueLength
attr title "Queue Length"
vector 10 CrossTraffic.JuncSW junctionProcessingTime:vector ETV
attr recordingmode vector
attr source junctionProcessingTime
attr title "Junction Processing Time"
vector 11 CrossTraffic.JuncSW vehicleCount:vector ETV
attr recordingmode vector
attr source vehicleCount
attr title "Vehicle Count"
vector 12 CrossTraffic.EndNW travelTime:vector ETV
attr recordingmode vector
attr source travelTime
attr title "Vehicle Travel Time"
vector 13 CrossTraffic.EndNW junctionTime:vector ETV
attr recordingmode vector
attr source junctionTime
attr title "Total Junction Time per Vehicle"
vector 14 CrossTraffic.EndNW junctionCount:vector ETV
attr recordingmode vector
attr source junctionCount
attr title "Junctions Visited per Vehicle"
vector 15 CrossTraffic.EndNE travelTime:vector ETV
attr recordingmode vector
attr source travelTime
attr title "Vehicle Travel Time"
vector 16 CrossTraffic.EndNE junctionTime:vector ETV
attr recordingmode vector
attr source junctionTime
attr title "Total Junction Time per Vehicle"
vector 17 CrossTraffic.EndNE junctionCount:vector ETV
attr recordingmode vector
attr source junctionCount
attr title "Junctions Visited per Vehicle"
vector 18 CrossTraffic.EndEN travelTime:vector ETV
attr recordingmode vector
attr source travelTime
attr title "Vehicle Travel Time"
vector 19 CrossTraffic.EndEN junctionTime:vector ETV
attr recordingmode vector
attr source junctionTime
attr title "Total Junction Time per Vehicle"
vector 20 CrossTraffic.EndEN junctionCount:vector ETV
attr recordingmode vector
attr source junctionCount
attr title "Junctions Visited per Vehicle"
vector 21 CrossTraffic.EndES travelTime:vector ETV
attr recordingmode vector
attr source travelTime
attr title "Vehicle Travel Time"
vector 22 CrossTraffic.EndES junctionTime:vector ETV
attr recordingmode vector
attr source junctionTime
attr title "Total Junction Time per Vehicle"
vector 23 CrossTraffic.EndES junctionCount:vector ETV
attr recordingmode vector
attr source junctionCount
attr title "Junctions Visited per Vehicle"
vector 24 CrossTraffic.EndSE travelTime:vector ETV
attr recordingmode vector
attr source travelTime
attr title "Vehicle Travel Time"
vector 25 CrossTraffic.EndSE junctionTime:vector ETV
attr recordingmode vector
attr source junctionTime
attr title "Total Junction Time per Vehicle"
vector 26 CrossTraffic.EndSE junctionCount:vector ETV
attr recordingmode vector
attr source junctionCount
attr title "Junctions Visited per Vehicle"
vector 27 CrossTraffic.EndSW travelTime:vector ETV
attr recordingmode vector
attr source travelTime
attr title "Vehicle Travel Time"
vector 28 CrossTraffic.EndSW junctionTime:vector ETV
attr recordingmode vector
attr source junctionTime
attr title "Total Junction Time per Vehicle"
vector 29 CrossTraffic.EndSW junctionCount:vector ETV
attr recordingmode vector
attr source junctionCount
attr title "Junctions Visited per Vehicle"
vector 30 CrossTraffic.EndWS travelTime:vector ETV
attr recordingmode vector
attr source travelTime
attr title "Vehicle Travel Time"
vector 31 CrossTraffic.EndWS junctionTime:vector ETV
attr recordingmode vector
attr source junctionTime
attr title "Total Junction Time per Vehicle"
vector 32 CrossTraffic.EndWS junctionCount:vector ETV
attr recordingmode vector
attr source junctionCount
attr title "Junctions Visited per Vehicle"
vector 33 CrossTraffic.EndWN travelTime:vector ETV
attr recordingmode vector
attr source travelTime
attr title "Vehicle Travel Time"
vector 34 CrossTraffic.EndWN junctionTime:vector ETV
attr recordingmode vector
attr source junctionTime
attr title "Total Junction Time per Vehicle"
vector 35 CrossTraffic.EndWN junctionCount:vector ETV
attr recordingmode vector
attr source junctionCount
attr title "Junctions Visited per Vehicle"
0	75	1194.374478247067	0
0	76	1281.160811530151	0
0	83	1384.71728745321	0
0	86	1462.780258035393	0
0	90	1505.930675513933	0
0	106	1935.757963824259	0
0	109	2013.263182421772	0
0	110	2028.091548158899	0
0	122	2250.036366331642	0
0	124	2298.463130288394	0
0	125	2309.978655609092	0
0	128	2364.438627486177	0
0	138	2803.538696323573	0
0	148	3254.575511404639	0
0	153	3365.37782763557	0
0	158	3519.251237306168	0
0	159	3559.018933021027	0
0	165	3717.269602274207	0
0	168	3768.011806696382	0
0	169	3801.823266992426	0
0	177	4045.30251410551	0
0	194	4471.164668881268	0
0	202	4809.920661510525	0
0	206	4923.269690653506	0
0	214	5154.923426775676	0
0	217	5231.467554641926	0
0	228	5537.014788600856	0
0	233	5747.628145295837	0
0	239	5866.856366602915	0
0	240	5871.828288175833	0
0	250	6155.3567007026	0
0	253	6238.196337707023	0
0	261	6405.019177118774	0
0	268	6525.064960028049	0
0	271	6561.975361247531	0
0	281	6792.756541232557	0
0	286	6943.966699841168	0
0	287	6960.956864376318	0
0	299	7403.65192486676	0
0	302	7471.461779776775	0
0	307	7536.864484107807	0
0	317	7695.636744672847	0
0	319	7789.813909558215	0
0	335	8226.068806437627	0
0	337	8269.220039274759	0
0	351	8542.86431219505	0
0	352	8564.382868458983	0
0	373	8987.332571363712	0
0	380	9168.474655049905	0
0	382	9209.385087377281	0
0	389	9378.608954644802	0
0	397	9524.677619706226	0
0	414	9754.489282731727	0
0	418	9784.514311406135	0
0	422	9825.79378918386	0
0	426	9881.891642004952	0
0	435	10007.290549484473	0
0	437	10077.448555064784	0
0	439	10149.606276726473	0
0	462	10551.771241819726	0
0	463	10554.866677041101	0
0	473	10629.572614178291	0
0	477	10659.738501590313	0
0	483	10706.094689090207	0
0	495	10805.000073238751	0
0	504	10884.409632240374	0
0	513	11060.603364130223	0
0	519	11324.708539088542	0
0	541	12029.211661088566	0
0	542	12055.950853388888	0
0	562	12964.285601128862	0
0	563	13027.390009427772	0
0	567	13356.724172370863	0
0	576	14077.905751241661	0
0	577	14089.871557554826	0
0	588	14737.86336870256	0
0	599	15040.209750265403	0
0	604	15121.550902948983	0
0	606	15138.604199353144	0
0	608	15180.609225131114	0
0	611	15221.748497900284	0
0	640	15916.305019972608	0
0	641	15936.307527252815	0
0	648	16253.895246455684	0
0	649	16276.571033729989	0
0	659	16701.288190064114	0
0	666	16949.87531652831	0
0	672	17115.212438444838	0
0	680	17288.136594516714	0
0	699	17933.700154197198	0
0	706	18092.048694605395	0
0	708	18143.279293213605	0
0	717	18414.312377464807	0
0	720	18466.052465069441	0
0	730	18626.266046288086	0
0	733	18699.654290335023	0
0	736	18744.063798976279	0
0	748	19131.977236473666	0
0	752	19515.466835153099	0
0	758	19825.505165918575	0
1	75	1194.374478247067	3
1	76	1281.160811530151	3
1	83	1384.71728745321	3
1	86	1462.780258035393	3
1	90	1505.930675513933	3
1	106	1935.757963824259	3
1	109	2013.263182421772	3
1	110	2028.091548158899	3
1	122	2250.036366331642	3
1	124	2298.463130288394	3
1	125	2309.978655609092	3
1	128	2364.438627486177	3
1	138	2803.538696323573	3
1	148	3254.575511404639	3
1	153	3365.37782763557	3
1	158	3519.251237306168	3
1	159	3559.018933021027	3
1	165	3717.269602274207	3
1	168	3768.011806696382	3
1	169	3801.823266992426	3
1	177	4045.30251410551	3
1	194	4471.164668881268	3
1	202	4809.920661510525	3
1	206	4923.269690653506	3
1	214	5154.923426775676	3
1	217	5231.467554641926	3
1	228	5537.014788600856	3
1	233	5747.628145295837	3
1	239	5866.856366602915	3
1	240	5871.828288175833	3
1	250	6155.3567007026	3
1	253	6238.196337707023	3
1	261	6405.019177118774	3
1	268	6525.064960028049	3
1	271	6561.975361247531	3
1	281	6792.756541232557	3
1	286	6943.966699841168	3
1	287	6960.956864376318	3
1	299	7403.65192486676	3
1	302	7471.461779776775	3
1	307	7536.864484107807	3
1	317	7695.636744672847	3
1	319	7789.813909558215	3
1	335	8226.068806437627	3
1	337	8269.220039274759	3
1	351	8542.86431219505	3
1	352	8564.382868458983	3
1	373	8987.332571363712	3
1	380	9168.474655049905	3
1	382	9209.385087377281	3
1	389	9378.608954644802	3
1	397	9524.677619706226	3
1	414	9754.489282731727	3
1	418	9784.514311406135	3
1	422	9825.79378918386	3
1	426	9881.891642004952	3
1	435	10007.290549484473	3
1	437	10077.448555064784	3
1	439	10149.606276726473	3
1	462	10551.771241819726	3
1	463	10554.866677041101	3
1	473	10629.572614178291	3
1	477	10659.738501590313	3
1	483	10706.094689090207	3
1	495	10805.000073238751	3
1	504	10884.409632240374	3
1	513	11060.603364130223	3
1	519	11324.708539088542	3
1	541	12029.211661088566	3
1	542	12055.950853388888	3
1	562	12964.285601128862	3
1	563	13027.390009427772	3
1	567	13356.724172370863	3
1	576	14077.905751241661	3
1	577	14089.871557554826	3
1	588	14737.86336870256	3
1	599	15040.209750265403	3
1	604	15121.550902948983	3
1	606	15138.604199353144	3
1	608	15180.609225131114	3
1	611	15221.748497900284	3
1	640	15916.305019972608	3
1	641	15936.307527252815	3
1	648	16253.895246455684	3
1	649	16276.571033729989	3
1	659	16701.288190064114	3
1	666	16949.87531652831	3
1	672	17115.212438444838	3
1	680	17288.136594516714	3
1	699	17933.700154197198	3
1	706	18092.048694605395	3
1	708	18143.279293213605	3
1	717	18414.312377464807	3
1	720	18466.052465069441	3
1	730	18626.266046288086	3
1	733	18699.654290335023	3
1	736	18744.063798976279	3
1	748	19131.977236473666	3
1	752	19515.466835153099	3
1	758	19825.505165918575	3
2	75	1194.374478247067	4931
2	76	1281.160811530151	4932
2	83	1384.71728745321	4930
2	86	1462.780258035393	4934
2	90	1505.930675513933	4933
2	106	1935.757963824259	4936
2	109	2013.263182421772	4938
2	110	2028.091548158899	4939
2	122	2250.036366331642	4941
2	124	2298.463130288394	4943
2	125	2309.978655609092	4940
2	128	2364.438627486177	4942
2	138	2803.538696323573	4945
2	148	3254.575511404639	4946
2	153	3365.37782763557	4947
2	158	3519.251237306168	4948
2	159	3559.018933021027	4949
2	165	3717.269602274207	4950
2	168	3768.011806696382	4951
2	169	3801.823266992426	4952
2	177	4045.30251410551	4953
2	194	4471.164668881268	4957
2	202	4809.920661510525	4960
2	206	4923.269690653506	4959
2	214	5154.923426775676	4961
2	217	5231.467554641926	4963
2	228	5537.014788600856	4965
2	233	5747.628145295837	4966
2	239	5866.856366602915	4968
2	240	5871.828288175833	4967
2	250	6155.3567007026	4969
2	253	6238.196337707023	4970
2	261	6405.019177118774	4972
2	268	6525.064960028049	4974
2	271	6561.975361247531	4971
2	281	6792.756541232557	4975
2	286	6943.966699841168	4976
2	287	6960.956864376318	4977
2	299	7403.65192486676	4978
2	302	7471.461779776775	4981
2	307	7536.864484107807	4980
2	317	7695.636744672847	4983
2	319	7789.813909558215	4984
2	335	8226.068806437627	4985
2	337	8269.220039274759	4987
2	351	8542.86431219505	4992
2	352	8564.382868458983	4990
2	373	8987.332571363712	4996
2	380	9168.474655049905	4998
2	382	9209.385087377281	4997
2	389	9378.608954644802	5000
2	397	9524.677619706226	5002
2	414	9754.489282731727	5006
2	418	9784.514311406135	5005
2	422	9825.79378918386	5001
2	426	9881.891642004952	5003
2	435	10007.290549484473	5007
2	437	10077.448555064784	5009
2	439	10149.606276726473	5010
2	462	10551.771241819726	5017
2	463	10554.866677041101	5014
2	473	10629.572614178291	5013
2	477	10659.738501590313	5018
2	483	10706.094689090207	5020
2	495	10805.000073238751	5024
2	504	10884.409632240374	5019
2	513	11060.603364130223	5022
2	519	11324.708539088542	5027
2	541	12029.211661088566	5032
2	542	12055.950853388888	5031
2	562	12964.285601128862	5035
2	563	13027.390009427772	5036
2	567	13356.724172370863	5037
2	576	14077.905751241661	5039
2	577	14089.871557554826	5040
2	588	14737.86336870256	5041
2	599	15040.209750265403	5045
2	604	15121.550902948983	5048
2	606	15138.604199353144	5044
2	608	15180.609225131114	5046
2	611	15221.748497900284	5050
2	640	15916.305019972608	5053
2	641	15936.307527252815	5054
2	648	16253.895246455684	5055
2	649	16276.571033729989	5056
2	659	16701.288190064114	5058
2	666	16949.87531652831	5059
2	672	17115.212438444838	5061
2	680	17288.136594516714	5063
2	699	17933.700154197198	5067
2	706	18092.048694605395	5069
2	708	18143.279293213605	5068
2	717	18414.312377464807	5070
2	720	18466.052465069441	5071
2	730	18626.266046288086	5072
2	733	18699.654290335023	5073
2	736	18744.063798976279	5075
2	748	19131.977236473666	5076
2	752	19515.466835153099	5077
2	758	19825.505165918575	5078
3	71	1075.71728745321	0
3	78	1297.374478247067	0
3	82	1384.160811530151	0
3	87	1474.616475521644	0
3	91	1565.780258035393	0
3	94	1608.930675513933	0
3	103	1851.407293395376	0
3	111	2038.757963824259	0
3	113	2116.263182421772	0
3	114	2131.091548158899	0
3	129	2401.463130288394	0
3	135	2601.909676569155	0
3	140	2906.538696323573	0
3	161	3622.251237306168	0
3	162	3662.018933021027	0
3	170	3820.269602274207	0
3	172	3904.823266992426	0
3	182	4148.30251410551	0
3	198	4635.645102513698	0
3	205	4912.920661510525	0
3	208	5026.269690653506	0
3	215	5189.211411949304	0
3	218	5257.923426775676	0
3	222	5334.467554641926	0
3	229	5640.014788600856	0
3	238	5850.628145295837	0
3	243	5969.856366602915	0
3	254	6252.975361247531	0
3	259	6341.196337707023	0
3	267	6508.019177118774	0
3	274	6628.064960028049	0
3	285	6895.756541232557	0
3	305	7506.65192486676	0
3	308	7574.461779776775	0
3	321	7798.636744672847	0
3	323	7892.813909558215	0
3	332	8140.909578413833	0
3	334	8178.530500222956	0
3	343	8377.265082430961	0
3	357	8645.86431219505	0
3	358	8667.382868458983	0
3	359	8677.80798465996	0
3	360	8696.306453112473	0
3	370	8892.937601260394	0
3	377	9090.332571363712	0
3	383	9271.474655049905	0
3	388	9375.446344878515	0
3	395	9481.608954644802	0
3	396	9516.79378918386	0
3	398	9572.891642004952	0
3	406	9675.826490274665	0
3	421	9821.086907170361	0
3	427	9887.514311406135	0
3	440	10180.448555064784	0
3	442	10252.606276726473	0
3	449	10356.044293512269	0
3	459	10479.699041370059	0
3	460	10520.785138670312	0
3	475	10654.771241819726	0
3	476	10657.866677041101	0
3	486	10732.572614178291	0
3	487	10751.603364130223	0
3	491	10762.738501590313	0
3	505	10888.872597095356	0
3	506	10908.000073238751	0
3	523	11427.708539088542	0
3	526	11511.282887855167	0
3	529	11602.986652896286	0
3	543	12132.211661088566	0
3	544	12158.950853388888	0
3	551	12553.464349964211	0
3	568	13459.724172370863	0
3	578	14180.905751241661	0
3	579	14192.871557554826	0
3	595	14989.257671052409	0
3	607	15143.209750265403	0
3	609	15182.140396796308	0
3	613	15224.550902948983	0
3	616	15283.609225131114	0
3	619	15324.748497900284	0
3	650	16356.895246455684	0
3	655	16554.208268248544	0
3	662	16804.288190064114	0
3	669	17052.87531652831	0
3	674	17182.366109776784	0
3	677	17218.212438444838	0
3	682	17391.136594516714	0
3	688	17566.818024004513	0
3	689	17608.525385352284	0
3	694	17773.734839427541	0
3	703	18036.700154197198	0
3	709	18195.048694605395	0
3	712	18246.279293213605	0
3	723	18517.312377464807	0
3	726	18569.052465069441	0
3	738	18802.654290335023	0
3	740	18847.063798976279	0
3	753	19618.466835153099	0
3	762	19928.505165918575	0
4	71	1075.71728745321	3
4	78	1297.374478247067	3
4	82	1384.160811530151	3
4	87	1474.616475521644	3
4	91	1565.780258035393	3
4	94	1608.930675513933	3
4	103	1851.407293395376	3
4	111	2038.757963824259	3
4	113	2116.263182421772	3
4	114	2131.091548158899	3
4	129	2401.463130288394	3
4	135	2601.909676569155	3
4	140	2906.538696323573	3
4	161	3622.251237306168	3
4	162	3662.018933021027	3
4	170	3820.269602274207	3
4	172	3904.823266992426	3
4	182	4148.30251410551	3
4	198	4635.645102513698	3
4	205	4912.920661510525	3
4	208	5026.269690653506	3
4	215	5189.211411949304	3
4	218	5257.923426775676	3
4	222	5334.467554641926	3
4	229	5640.014788600856	3
4	238	5850.628145295837	3
4	243	5969.856366602915	3
4	254	6252.975361247531	3
4	259	6341.196337707023	3
4	267	6508.019177118774	3
4	274	6628.064960028049	3
4	285	6895.756541232557	3
4	305	7506.65192486676	3
4	308	7574.461779776775	3
4	321	7798.636744672847	3
4	323	7892.813909558215	3
4	332	8140.909578413833	3
4	334	8178.530500222956	3
4	343	8377.265082430961	3
4	357	8645.86431219505	3
4	358	8667.382868458983	3
4	359	8677.80798465996	3
4	360	8696.306453112473	3
4	370	8892.937601260394	3
4	377	9090.332571363712	3
4	383	9271.474655049905	3
4	388	9375.446344878515	3
4	395	9481.608954644802	3
4	396	9516.79378918386	3
4	398	9572.891642004952	3
4	406	9675.826490274665	3
4	421	9821.086907170361	3
4	427	9887.514311406135	3
4	440	10180.448555064784	3
4	442	10252.606276726473	3
4	449	10356.044293512269	3
4	459	10479.699041370059	3
4	460	10520.785138670312	3
4	475	10654.771241819726	3
4	476	10657.866677041101	3
4	486	10732.572614178291	3
4	487	10751.603364130223	3
4	491	10762.738501590313	3
4	505	10888.872597095356	3
4	506	10908.000073238751	3
4	523	11427.708539088542	3
4	526	11511.282887855167	3
4	529	11602.986652896286	3
4	543	12132.211661088566	3
4	544	12158.950853388888	3
4	551	12553.464349964211	3
4	568	13459.724172370863	3
4	578	14180.905751241661	3
4	579	14192.871557554826	3
4	595	14989.257671052409	3
4	607	15143.209750265403	3
4	609	15182.140396796308	3
4	613	15224.550902948983	3
4	616	15283.609225131114	3
4	619	15324.748497900284	3
4	650	16356.895246455684	3
4	655	16554.208268248544	3
4	662	16804.288190064114	3
4	669	17052.87531652831	3
4	674	17182.366109776784	3
4	677	17218.212438444838	3
4	682	17391.136594516714	3
4	688	17566.818024004513	3
4	689	17608.525385352284	3
4	694	17773.734839427541	3
4	703	18036.700154197198	3
4	709	18195.048694605395	3
4	712	18246.279293213605	3
4	723	18517.312377464807	3
4	726	18569.052465069441	3
4	738	18802.654290335023	3
4	740	18847.063798976279	3
4	753	19618.466835153099	3
4	762	19928.505165918575	3
5	71	1075.71728745321	4930
5	78	1297.374478247067	4931
5	82	1384.160811530151	4932
5	87	1474.616475521644	4935
5	91	1565.780258035393	4934
5	94	1608.930675513933	4933
5	103	1851.407293395376	4937
5	111	2038.757963824259	4936
5	113	2116.263182421772	4938
5	114	2131.091548158899	4939
5	129	2401.463130288394	4943
5	135	2601.909676569155	4944
5	140	2906.538696323573	4945
5	161	3622.251237306168	4948
5	162	3662.018933021027	4949
5	170	3820.269602274207	4950
5	172	3904.823266992426	4952
5	182	4148.30251410551	4953
5	198	4635.645102513698	4958
5	205	4912.920661510525	4960
5	208	5026.269690653506	4959
5	215	5189.211411949304	4962
5	218	5257.923426775676	4961
5	222	5334.467554641926	4963
5	229	5640.014788600856	4965
5	238	5850.628145295837	4966
5	243	5969.856366602915	4968
5	254	6252.975361247531	4971
5	259	6341.196337707023	4970
5	267	6508.019177118774	4972
5	274	6628.064960028049	4974
5	285	6895.756541232557	4975
5	305	7506.65192486676	4978
5	308	7574.461779776775	4981
5	321	7798.636744672847	4983
5	323	7892.813909558215	4984
5	332	8140.909578413833	4986
5	334	8178.530500222956	4988
5	343	8377.265082430961	4989
5	357	8645.86431219505	4992
5	358	8667.382868458983	4990
5	359	8677.80798465996	4993
5	360	8696.306453112473	4994
5	370	8892.937601260394	4995
5	377	9090.332571363712	4996
5	383	9271.474655049905	4998
5	388	9375.446344878515	4999
5	395	9481.608954644802	5000
5	396	9516.79378918386	5001
5	398	9572.891642004952	5003
5	406	9675.826490274665	5004
5	421	9821.086907170361	5008
5	427	9887.514311406135	5005
5	440	10180.448555064784	5009
5	442	10252.606276726473	5010
5	449	10356.044293512269	5012
5	459	10479.699041370059	5015
5	460	10520.785138670312	5016
5	475	10654.771241819726	5017
5	476	10657.866677041101	5014
5	486	10732.572614178291	5013
5	487	10751.603364130223	5022
5	491	10762.738501590313	5018
5	505	10888.872597095356	5025
5	506	10908.000073238751	5024
5	523	11427.708539088542	5027
5	526	11511.282887855167	5028
5	529	11602.986652896286	5030
5	543	12132.211661088566	5032
5	544	12158.950853388888	5031
5	551	12553.464349964211	5033
5	568	13459.724172370863	5037
5	578	14180.905751241661	5039
5	579	14192.871557554826	5040
5	595	14989.257671052409	5043
5	607	15143.209750265403	5045
5	609	15182.140396796308	5049
5	613	15224.550902948983	5048
5	616	15283.609225131114	5046
5	619	15324.748497900284	5050
5	650	16356.895246455684	5055
5	655	16554.208268248544	5057
5	662	16804.288190064114	5058
5	669	17052.87531652831	5059
5	674	17182.366109776784	5062
5	677	17218.212438444838	5061
5	682	17391.136594516714	5063
5	688	17566.818024004513	5064
5	689	17608.525385352284	5065
5	694	17773.734839427541	5066
5	703	18036.700154197198	5067
5	709	18195.048694605395	5069
5	712	18246.279293213605	5068
5	723	18517.312377464807	5070
5	726	18569.052465069441	5071
5	738	18802.654290335023	5073
5	740	18847.063798976279	5075
5	753	19618.466835153099	5077
5	762	19928.505165918575	5078
6	73	1178.71728745321	0
6	88	1487.160811530151	0
6	92	1577.616475521644	0
6	98	1711.930675513933	0
6	99	1729.757963824259	0
6	112	2103.978655609092	0
6	121	2234.091548158899	0
6	137	2704.909676569155	0
6	146	3159.37782763557	0
6	150	3313.251237306168	0
6	176	4007.823266992426	0
6	185	4199.577177747444	0
6	186	4227.444659522157	0
6	188	4265.164668881268	0
6	200	4717.269690653506	0
6	201	4738.645102513698	0
6	207	5015.920661510525	0
6	219	5292.211411949304	0
6	220	5307.573847891119	0
6	232	5743.014788600856	0
6	241	5949.3567007026	0
6	247	6072.856366602915	0
6	260	6355.975361247531	0
6	263	6437.810269243136	0
6	264	6444.196337707023	0
6	272	6586.756541232557	0
6	273	6611.019177118774	0
6	279	6731.064960028049	0
6	292	7197.65192486676	0
6	296	7312.593656423232	0
6	297	7330.864484107807	0
6	309	7584.577441027956	0
6	314	7677.461779776775	0
6	324	7901.636744672847	0
6	339	8281.530500222956	0
6	348	8480.265082430961	0
6	349	8483.092860411003	0
6	361	8748.86431219505	0
6	362	8770.382868458983	0
6	363	8780.80798465996	0
6	365	8799.306453112473	0
6	374	8995.937601260394	0
6	375	9003.385087377281	0
6	387	9374.474655049905	0
6	394	9478.446344878515	0
6	402	9584.608954644802	0
6	403	9619.79378918386	0
6	407	9675.891642004952	0
6	416	9778.826490274665	0
6	420	9801.290549484473	0
6	424	9871.448555064784	0
6	447	10351.927654341838	0
6	448	10355.606276726473	0
6	452	10423.572614178291	0
6	458	10459.044293512269	0
6	469	10582.699041370059	0
6	472	10623.785138670312	0
6	480	10678.409632240374	0
6	484	10707.594037762824	0
6	488	10757.771241819726	0
6	500	10854.603364130223	0
6	503	10865.738501590313	0
6	512	11011.000073238751	0
6	518	11267.728714305175	0
6	527	11512.395886977665	0
6	530	11614.282887855167	0
6	532	11705.986652896286	0
6	537	11849.950853388888	0
6	545	12235.211661088566	0
6	553	12656.464349964211	0
6	557	12758.285601128862	0
6	559	12821.390009427772	0
6	571	13874.47408496004	0
6	581	14295.871557554826	0
6	584	14531.86336870256	0
6	602	15092.257671052409	0
6	603	15119.869484350174	0
6	617	15285.140396796308	0
6	621	15327.550902948983	0
6	624	15427.748497900284	0
6	630	15572.110410951198	0
6	631	15572.534045272503	0
6	635	15710.305019972608	0
6	653	16459.895246455684	0
6	658	16657.208268248544	0
6	673	17155.87531652831	0
6	681	17321.212438444838	0
6	690	17669.818024004513	0
6	692	17711.525385352284	0
6	697	17876.734839427541	0
6	707	18139.700154197198	0
6	715	18349.279293213605	0
6	732	18672.052465069441	0
6	742	18905.654290335023	0
6	743	18925.977236473666	0
6	744	18950.063798976279	0
6	754	19721.466835153099	0
6	760	19857.910288594344	0
7	73	1178.71728745321	3
7	88	1487.160811530151	3
7	92	1577.616475521644	3
7	98	1711.930675513933	3
7	99	1729.757963824259	3
7	112	2103.978655609092	3
7	121	2234.091548158899	3
7	137	2704.909676569155	3
7	146	3159.37782763557	3
7	150	3313.251237306168	3
7	176	4007.823266992426	3
7	185	4199.577177747444	3
7	186	4227.444659522157	3
7	188	4265.164668881268	3
7	200	4717.269690653506	3
7	201	4738.645102513698	3
7	207	5015.920661510525	3
7	219	5292.211411949304	3
7	220	5307.573847891119	3
7	232	5743.014788600856	3
7	241	5949.3567007026	3
7	247	6072.856366602915	3
7	260	6355.975361247531	3
7	263	6437.810269243136	3
7	264	6444.196337707023	3
7	272	6586.756541232557	3
7	273	6611.019177118774	3
7	279	6731.064960028049	3
7	292	7197.65192486676	3
7	296	7312.593656423232	3
7	297	7330.864484107807	3
7	309	7584.577441027956	3
7	314	7677.461779776775	3
7	324	7901.636744672847	3
7	339	8281.530500222956	3
7	348	8480.265082430961	3
7	349	8483.092860411003	3
7	361	8748.86431219505	3
7	362	8770.382868458983	3
7	363	8780.80798465996	3
7	365	8799.306453112473	3
7	374	8995.937601260394	3
7	375	9003.385087377281	3
7	387	9374.474655049905	3
7	394	9478.446344878515	3
7	402	9584.608954644802	3
7	403	9619.79378918386	3
7	407	9675.891642004952	3
7	416	9778.826490274665	3
7	420	9801.290549484473	3
7	424	9871.448555064784	3
7	447	10351.927654341838	3
7	448	10355.606276726473	3
7	452	10423.572614178291	3
7	458	10459.044293512269	3
7	469	10582.699041370059	3
7	472	10623.785138670312	3
7	480	10678.409632240374	3
7	484	10707.594037762824	3
7	488	10757.771241819726	3
7	500	10854.603364130223	3
7	503	10865.738501590313	3
7	512	11011.000073238751	3
7	518	11267.728714305175	3
7	527	11512.395886977665	3
7	530	11614.282887855167	3
7	532	11705.986652896286	3
7	537	11849.950853388888	3
7	545	12235.211661088566	3
7	553	12656.464349964211	3
7	557	12758.285601128862	3
7	559	12821.390009427772	3
7	571	13874.47408496004	3
7	581	14295.871557554826	3
7	584	14531.86336870256	3
7	602	15092.257671052409	3
7	603	15119.869484350174	3
7	617	15285.140396796308	3
7	621	15327.550902948983	3
7	624	15427.748497900284	3
7	630	15572.110410951198	3
7	631	15572.534045272503	3
7	635	15710.305019972608	3
7	653	16459.895246455684	3
7	658	16657.208268248544	3
7	673	17155.87531652831	3
7	681	17321.212438444838	3
7	690	17669.818024004513	3
7	692	17711.525385352284	3
7	697	17876.734839427541	3
7	707	18139.700154197198	3
7	715	18349.279293213605	3
7	732	18672.052465069441	3
7	742	18905.654290335023	3
7	743	18925.977236473666	3
7	744	18950.063798976279	3
7	754	19721.466835153099	3
7	760	19857.910288594344	3
8	73	1178.71728745321	4930
8	88	1487.160811530151	4932
8	92	1577.616475521644	4935
8	98	1711.930675513933	4933
8	99	1729.757963824259	4936
8	112	2103.978655609092	4940
8	121	2234.091548158899	4939
8	137	2704.909676569155	4944
8	146	3159.37782763557	4947
8	150	3313.251237306168	4948
8	176	4007.823266992426	4952
8	185	4199.577177747444	4955
8	186	4227.444659522157	4956
8	188	4265.164668881268	4957
8	200	4717.269690653506	4959
8	201	4738.645102513698	4958
8	207	5015.920661510525	4960
8	219	5292.211411949304	4962
8	220	5307.573847891119	4964
8	232	5743.014788600856	4965
8	241	5949.3567007026	4969
8	247	6072.856366602915	4968
8	260	6355.975361247531	4971
8	263	6437.810269243136	4973
8	264	6444.196337707023	4970
8	272	6586.756541232557	4975
8	273	6611.019177118774	4972
8	279	6731.064960028049	4974
8	292	7197.65192486676	4978
8	296	7312.593656423232	4979
8	297	7330.864484107807	4980
8	309	7584.577441027956	4982
8	314	7677.461779776775	4981
8	324	7901.636744672847	4983
8	339	8281.530500222956	4988
8	348	8480.265082430961	4989
8	349	8483.092860411003	4991
8	361	8748.86431219505	4992
8	362	8770.382868458983	4990
8	363	8780.80798465996	4993
8	365	8799.306453112473	4994
8	374	8995.937601260394	4995
8	375	9003.385087377281	4997
8	387	9374.474655049905	4998
8	394	9478.446344878515	4999
8	402	9584.608954644802	5000
8	403	9619.79378918386	5001
8	407	9675.891642004952	5003
8	416	9778.826490274665	5004
8	420	9801.290549484473	5007
8	424	9871.448555064784	5009
8	447	10351.927654341838	5011
8	448	10355.606276726473	5010
8	452	10423.572614178291	5013
8	458	10459.044293512269	5012
8	469	10582.699041370059	5015
8	472	10623.785138670312	5016
8	480	10678.409632240374	5019
8	484	10707.594037762824	5021
8	488	10757.771241819726	5017
8	500	10854.603364130223	5022
8	503	10865.738501590313	5018
8	512	11011.000073238751	5024
8	518	11267.728714305175	5026
8	527	11512.395886977665	5029
8	530	11614.282887855167	5028
8	532	11705.986652896286	5030
8	537	11849.950853388888	5031
8	545	12235.211661088566	5032
8	553	12656.464349964211	5033
8	557	12758.285601128862	5035
8	559	12821.390009427772	5036
8	571	13874.47408496004	5038
8	581	14295.871557554826	5040
8	584	14531.86336870256	5041
8	602	15092.257671052409	5043
8	603	15119.869484350174	5047
8	617	15285.140396796308	5049
8	621	15327.550902948983	5048
8	624	15427.748497900284	5050
8	630	15572.110410951198	5051
8	631	15572.534045272503	5052
8	635	15710.305019972608	5053
8	653	16459.895246455684	5055
8	658	16657.208268248544	5057
8	673	17155.87531652831	5059
8	681	17321.212438444838	5061
8	690	17669.818024004513	5064
8	692	17711.525385352284	5065
8	697	17876.734839427541	5066
8	707	18139.700154197198	5067
8	715	18349.279293213605	5068
8	732	18672.052465069441	5071
8	742	18905.654290335023	5073
8	743	18925.977236473666	5076
8	744	18950.063798976279	5075
8	754	19721.466835153099	5077
8	760	19857.910288594344	5079
9	72	1091.374478247067	0
9	77	1281.71728745321	0
9	85	1402.930675513933	0
9	102	1832.757963824259	0
9	119	2206.978655609092	0
9	123	2261.438627486177	0
9	126	2337.091548158899	0
9	139	2807.909676569155	0
9	145	3151.575511404639	0
9	149	3262.37782763557	0
9	154	3416.251237306168	0
9	155	3456.018933021027	0
9	160	3614.269602274207	0
9	178	4089.651111545292	0
9	189	4302.577177747444	0
9	190	4330.444659522157	0
9	191	4368.164668881268	0
9	203	4820.269690653506	0
9	226	5434.014788600856	0
9	235	5768.828288175833	0
9	246	6052.3567007026	0
9	248	6135.196337707023	0
9	251	6175.856366602915	0
9	257	6302.019177118774	0
9	265	6458.975361247531	0
9	269	6540.810269243136	0
9	277	6689.756541232557	0
9	283	6840.966699841168	0
9	295	7300.65192486676	0
9	300	7415.593656423232	0
9	301	7433.864484107807	0
9	311	7592.636744672847	0
9	315	7686.813909558215	0
9	316	7687.577441027956	0
9	318	7780.461779776775	0
9	331	8123.068806437627	0
9	333	8166.220039274759	0
9	345	8384.530500222956	0
9	347	8461.382868458983	0
9	379	9106.385087377281	0
9	400	9581.446344878515	0
9	408	9681.514311406135	0
9	410	9687.608954644802	0
9	413	9722.79378918386	0
9	417	9778.891642004952	0
9	425	9881.826490274665	0
9	428	9904.290549484473	0
9	431	9974.448555064784	0
9	454	10451.866677041101	0
9	455	10454.927654341838	0
9	457	10458.606276726473	0
9	461	10526.572614178291	0
9	464	10556.738501590313	0
9	467	10562.044293512269	0
9	481	10685.699041370059	0
9	485	10726.785138670312	0
9	489	10759.744721710959	0
9	492	10781.409632240374	0
9	497	10810.594037762824	0
9	508	10957.603364130223	0
9	520	11370.728714305175	0
9	533	11717.282887855167	0
9	535	11808.986652896286	0
9	540	11952.950853388888	0
9	547	12338.211661088566	0
9	552	12573.761193885809	0
9	560	12861.285601128862	0
9	561	12924.390009427772	0
9	573	13974.905751241661	0
9	586	14634.86336870256	0
9	587	14698.2937034053	0
9	598	15035.604199353144	0
9	600	15077.609225131114	0
9	610	15195.257671052409	0
9	612	15222.869484350174	0
9	625	15430.550902948983	0
9	634	15675.534045272503	0
9	638	15813.305019972608	0
9	639	15833.307527252815	0
9	646	16150.895246455684	0
9	647	16173.571033729989	0
9	657	16598.288190064114	0
9	661	16760.208268248544	0
9	663	16846.87531652831	0
9	671	17109.671913781961	0
9	683	17424.212438444838	0
9	695	17814.525385352284	0
9	701	17979.734839427541	0
9	704	18040.279293213605	0
9	714	18311.312377464807	0
9	724	18523.266046288086	0
9	727	18596.654290335023	0
9	728	18606.488921696421	0
9	731	18641.063798976279	0
9	737	18775.052465069441	0
9	746	19028.977236473666	0
9	751	19412.466835153099	0
9	763	19951.200813460906	0
9	764	19960.910288594344	0
10	72	1091.374478247067	3
10	77	1281.71728745321	3
10	85	1402.930675513933	3
10	102	1832.757963824259	3
10	119	2206.978655609092	3
10	123	2261.438627486177	3
10	126	2337.091548158899	3
10	139	2807.909676569155	3
10	145	3151.575511404639	3
10	149	3262.37782763557	3
10	154	3416.251237306168	3
10	155	3456.018933021027	3
10	160	3614.269602274207	3
10	178	4089.651111545292	3
10	189	4302.577177747444	3
10	190	4330.444659522157	3
10	191	4368.164668881268	3
10	203	4820.269690653506	3
10	226	5434.014788600856	3
10	235	5768.828288175833	3
10	246	6052.3567007026	3
10	248	6135.196337707023	3
10	251	6175.856366602915	3
10	257	6302.019177118774	3
10	265	6458.975361247531	3
10	269	6540.810269243136	3
10	277	6689.756541232557	3
10	283	6840.966699841168	3
10	295	7300.65192486676	3
10	300	7415.593656423232	3
10	301	7433.864484107807	3
10	311	7592.636744672847	3
10	315	7686.813909558215	3
10	316	7687.577441027956	3
10	318	7780.461779776775	3
10	331	8123.068806437627	3
10	333	8166.220039274759	3
10	345	8384.530500222956	3
10	347	8461.382868458983	3
10	379	9106.385087377281	3
10	400	9581.446344878515	3
10	408	9681.514311406135	3
10	410	9687.608954644802	3
10	413	9722.79378918386	3
10	417	9778.891642004952	3
10	425	9881.826490274665	3
10	428	9904.290549484473	3
10	431	9974.448555064784	3
10	454	10451.866677041101	3
10	455	10454.927654341838	3
10	457	10458.606276726473	3
10	461	10526.572614178291	3
10	464	10556.738501590313	3
10	467	10562.044293512269	3
10	481	10685.699041370059	3
10	485	10726.785138670312	3
10	489	10759.744721710959	3
10	492	10781.409632240374	3
10	497	10810.594037762824	3
10	508	10957.603364130223	3
10	520	11370.728714305175	3
10	533	11717.282887855167	3
10	535	11808.986652896286	3
10	540	11952.950853388888	3
10	547	12338.211661088566	3
10	552	12573.761193885809	3
10	560	12861.285601128862	3
10	561	12924.390009427772	3
10	573	13974.905751241661	3
10	586	14634.86336870256	3
10	587	14698.2937034053	3
10	598	15035.604199353144	3
10	600	15077.609225131114	3
10	610	15195.257671052409	3
10	612	15222.869484350174	3
10	625	15430.550902948983	3
10	634	15675.534045272503	3
10	638	15813.305019972608	3
10	639	15833.307527252815	3
10	646	16150.895246455684	3
10	647	16173.571033729989	3
10	657	16598.288190064114	3
10	661	16760.208268248544	3
10	663	16846.87531652831	3
10	671	17109.671913781961	3
10	683	17424.212438444838	3
10	695	17814.525385352284	3
10	701	17979.734839427541	3
10	704	18040.279293213605	3
10	714	18311.312377464807	3
10	724	18523.266046288086	3
10	727	18596.654290335023	3
10	728	18606.488921696421	3
10	731	18641.063798976279	3
10	737	18775.052465069441	3
10	746	19028.977236473666	3
10	751	19412.466835153099	3
10	763	19951.200813460906	3
10	764	19960.910288594344	3
11	72	1091.374478247067	4931
11	77	1281.71728745321	4930
11	85	1402.930675513933	4933
11	102	1832.757963824259	4936
11	119	2206.978655609092	4940
11	123	2261.438627486177	4942
11	126	2337.091548158899	4939
11	139	2807.909676569155	4944
11	145	3151.575511404639	4946
11	149	3262.37782763557	4947
11	154	3416.251237306168	4948
11	155	3456.018933021027	4949
11	160	3614.269602274207	4950
11	178	4089.651111545292	4954
11	189	4302.577177747444	4955
11	190	4330.444659522157	4956
11	191	4368.164668881268	4957
11	203	4820.269690653506	4959
11	226	5434.014788600856	4965
11	235	5768.828288175833	4967
11	246	6052.3567007026	4969
11	248	6135.196337707023	4970
11	251	6175.856366602915	4968
11	257	6302.019177118774	4972
11	265	6458.975361247531	4971
11	269	6540.810269243136	4973
11	277	6689.756541232557	4975
11	283	6840.966699841168	4976
11	295	7300.65192486676	4978
11	300	7415.593656423232	4979
11	301	7433.864484107807	4980
11	311	7592.636744672847	4983
11	315	7686.813909558215	4984
11	316	7687.577441027956	4982
11	318	7780.461779776775	4981
11	331	8123.068806437627	4985
11	333	8166.220039274759	4987
11	345	8384.530500222956	4988
11	347	8461.382868458983	4990
11	379	9106.385087377281	4997
11	400	9581.446344878515	4999
11	408	9681.514311406135	5005
11	410	9687.608954644802	5000
11	413	9722.79378918386	5001
11	417	9778.891642004952	5003
11	425	9881.826490274665	5004
11	428	9904.290549484473	5007
11	431	9974.448555064784	5009
11	454	10451.866677041101	5014
11	455	10454.927654341838	5011
11	457	10458.606276726473	5010
11	461	10526.572614178291	5013
11	464	10556.738501590313	5018
11	467	10562.044293512269	5012
11	481	10685.699041370059	5015
11	485	10726.785138670312	5016
11	489	10759.744721710959	5023
11	492	10781.409632240374	5019
11	497	10810.594037762824	5021
11	508	10957.603364130223	5022
11	520	11370.728714305175	5026
11	533	11717.282887855167	5028
11	535	11808.986652896286	5030
11	540	11952.950853388888	5031
11	547	12338.211661088566	5032
11	552	12573.761193885809	5034
11	560	12861.285601128862	5035
11	561	12924.390009427772	5036
11	573	13974.905751241661	5039
11	586	14634.86336870256	5041
11	587	14698.2937034053	5042
11	598	15035.604199353144	5044
11	600	15077.609225131114	5046
11	610	15195.257671052409	5043
11	612	15222.869484350174	5047
11	625	15430.550902948983	5048
11	634	15675.534045272503	5052
11	638	15813.305019972608	5053
11	639	15833.307527252815	5054
11	646	16150.895246455684	5055
11	647	16173.571033729989	5056
11	657	16598.288190064114	5058
11	661	16760.208268248544	5057
11	663	16846.87531652831	5059
11	671	17109.671913781961	5060
11	683	17424.212438444838	5061
11	695	17814.525385352284	5065
11	701	17979.734839427541	5066
11	704	18040.279293213605	5068
11	714	18311.312377464807	5070
11	724	18523.266046288086	5072
11	727	18596.654290335023	5073
11	728	18606.488921696421	5074
11	731	18641.063798976279	5075
11	737	18775.052465069441	5071
11	746	19028.977236473666	5076
11	751	19412.466835153099	5077
11	763	19951.200813460906	5080
11	764	19960.910288594344	5079
12	89	1487.71728745321	512
12	132	2467.438627486177	306
12	152	3357.575511404639	306
12	156	3468.37782763557	409
12	171	3871.011806696382	203
12	196	4574.164668881268	409
12	404	9627.677619706226	203
12	430	9928.79378918386	512
12	438	10110.290549484473	409
12	510	10987.409632240374	409
12	565	13130.390009427772	409
12	614	15241.604199353144	306
12	735	18729.266046288086	306
12	749	19234.977236473666	409
13	89	1487.71728745321	12
13	132	2467.438627486177	6
13	152	3357.575511404639	6
13	156	3468.37782763557	9
13	171	3871.011806696382	3
13	196	4574.164668881268	9
13	404	9627.677619706226	3
13	430	9928.79378918386	12
13	438	10110.290549484473	9
13	510	10987.409632240374	9
13	565	13130.390009427772	9
13	614	15241.604199353144	6
13	735	18729.266046288086	6
13	749	19234.977236473666	9
14	89	1487.71728745321	4
14	132	2467.438627486177	2
14	152	3357.575511404639	2
14	156	3468.37782763557	3
14	171	3871.011806696382	1
14	196	4574.164668881268	3
14	404	9627.677619706226	1
14	430	9928.79378918386	4
14	438	10110.290549484473	3
14	510	10987.409632240374	3
14	565	13130.390009427772	3
14	614	15241.604199353144	2
14	735	18729.266046288086	2
14	749	19234.977236473666	3
15	84	1400.374478247067	409
15	96	1668.780258035393	306
15	115	2141.757963824259	512
15	120	2219.263182421772	306
15	167	3765.018933021027	409
15	187	4251.30251410551	306
15	223	5360.923426775676	306
15	336	8243.909578413833	203
15	381	9193.332571363712	306
15	499	10835.572614178291	512
15	511	10991.872597095356	203
15	546	12261.950853388888	512
15	622	15386.609225131114	409
15	679	17285.366109776784	203
15	685	17494.136594516714	306
15	713	18298.048694605395	306
15	729	18620.312377464807	409
16	84	1400.374478247067	9
16	96	1668.780258035393	6
16	115	2141.757963824259	12
16	120	2219.263182421772	6
16	167	3765.018933021027	9
16	187	4251.30251410551	6
16	223	5360.923426775676	6
16	336	8243.909578413833	3
16	381	9193.332571363712	6
16	499	10835.572614178291	12
16	511	10991.872597095356	3
16	546	12261.950853388888	12
16	622	15386.609225131114	9
16	679	17285.366109776784	3
16	685	17494.136594516714	6
16	713	18298.048694605395	6
16	729	18620.312377464807	9
17	84	1400.374478247067	3
17	96	1668.780258035393	2
17	115	2141.757963824259	4
17	120	2219.263182421772	2
17	167	3765.018933021027	3
17	187	4251.30251410551	2
17	223	5360.923426775676	2
17	336	8243.909578413833	1
17	381	9193.332571363712	2
17	499	10835.572614178291	4
17	511	10991.872597095356	1
17	546	12261.950853388888	4
17	622	15386.609225131114	3
17	679	17285.366109776784	1
17	685	17494.136594516714	2
17	713	18298.048694605395	2
17	729	18620.312377464807	3
18	107	1954.407293395376	203
18	134	2504.463130288394	306
18	142	3009.538696323573	306
18	166	3725.251237306168	512
18	173	3923.269602274207	409
18	212	5129.269690653506	512
18	227	5437.467554641926	306
18	242	5953.628145295837	306
18	288	6998.756541232557	512
18	312	7609.65192486676	512
18	325	7995.813909558215	409
18	429	9924.086907170361	203
18	434	9990.514311406135	409
18	444	10283.448555064784	512
18	490	10760.866677041101	409
18	528	11530.708539088542	306
18	569	13562.724172370863	306
18	580	14283.905751241661	409
18	615	15246.209750265403	306
18	665	16907.288190064114	409
19	107	1954.407293395376	3
19	134	2504.463130288394	6
19	142	3009.538696323573	6
19	166	3725.251237306168	12
19	173	3923.269602274207	9
19	212	5129.269690653506	12
19	227	5437.467554641926	6
19	242	5953.628145295837	6
19	288	6998.756541232557	12
19	312	7609.65192486676	12
19	325	7995.813909558215	9
19	429	9924.086907170361	3
19	434	9990.514311406135	9
19	444	10283.448555064784	12
19	490	10760.866677041101	9
19	528	11530.708539088542	6
19	569	13562.724172370863	6
19	580	14283.905751241661	9
19	615	15246.209750265403	6
19	665	16907.288190064114	9
20	107	1954.407293395376	1
20	134	2504.463130288394	2
20	142	3009.538696323573	2
20	166	3725.251237306168	4
20	173	3923.269602274207	3
20	212	5129.269690653506	4
20	227	5437.467554641926	2
20	242	5953.628145295837	2
20	288	6998.756541232557	4
20	312	7609.65192486676	4
20	325	7995.813909558215	3
20	429	9924.086907170361	1
20	434	9990.514311406135	3
20	444	10283.448555064784	4
20	490	10760.866677041101	3
20	528	11530.708539088542	2
20	569	13562.724172370863	2
20	580	14283.905751241661	3
20	615	15246.209750265403	2
20	665	16907.288190064114	3
21	93	1590.160811530151	409
21	97	1680.616475521644	306
21	101	1814.930675513933	512
21	204	4841.645102513698	306
21	211	5118.920661510525	409
21	278	6714.019177118774	512
21	326	8004.636744672847	512
21	355	8586.092860411003	203
21	366	8851.86431219505	409
21	368	8883.80798465996	306
21	371	8902.306453112473	306
21	501	10860.771241819726	409
21	514	11114.000073238751	409
21	531	11615.395886977665	203
21	558	12759.464349964211	306
21	574	13977.47408496004	203
21	582	14398.871557554826	409
21	623	15388.140396796308	306
21	633	15675.110410951198	203
21	656	16562.895246455684	512
21	678	17258.87531652831	512
21	693	17772.818024004513	306
21	711	18242.700154197198	409
21	747	19053.063798976279	512
22	93	1590.160811530151	9
22	97	1680.616475521644	6
22	101	1814.930675513933	12
22	204	4841.645102513698	6
22	211	5118.920661510525	9
22	278	6714.019177118774	12
22	326	8004.636744672847	12
22	355	8586.092860411003	3
22	366	8851.86431219505	9
22	368	8883.80798465996	6
22	371	8902.306453112473	6
22	501	10860.771241819726	9
22	514	11114.000073238751	9
22	531	11615.395886977665	3
22	558	12759.464349964211	6
22	574	13977.47408496004	3
22	582	14398.871557554826	9
22	623	15388.140396796308	6
22	633	15675.110410951198	3
22	656	16562.895246455684	12
22	678	17258.87531652831	12
22	693	17772.818024004513	6
22	711	18242.700154197198	9
22	747	19053.063798976279	12
23	93	1590.160811530151	3
23	97	1680.616475521644	2
23	101	1814.930675513933	4
23	204	4841.645102513698	2
23	211	5118.920661510525	3
23	278	6714.019177118774	4
23	326	8004.636744672847	4
23	355	8586.092860411003	1
23	366	8851.86431219505	3
23	368	8883.80798465996	2
23	371	8902.306453112473	2
23	501	10860.771241819726	3
23	514	11114.000073238751	3
23	531	11615.395886977665	1
23	558	12759.464349964211	2
23	574	13977.47408496004	1
23	582	14398.871557554826	3
23	623	15388.140396796308	2
23	633	15675.110410951198	1
23	656	16562.895246455684	4
23	678	17258.87531652831	4
23	693	17772.818024004513	2
23	711	18242.700154197198	3
23	747	19053.063798976279	4
24	180	4110.823266992426	409
24	224	5395.211411949304	306
24	225	5410.573847891119	203
24	236	5846.014788600856	512
24	270	6547.196337707023	512
24	282	6834.064960028049	409
24	354	8583.265082430961	306
24	367	8873.382868458983	512
24	378	9098.937601260394	306
24	393	9477.474655049905	409
24	509	10968.738501590313	512
24	628	15530.748497900284	409
24	719	18452.279293213605	512
24	745	19008.654290335023	512
24	757	19824.466835153099	512
25	180	4110.823266992426	9
25	224	5395.211411949304	6
25	225	5410.573847891119	3
25	236	5846.014788600856	12
25	270	6547.196337707023	12
25	282	6834.064960028049	9
25	354	8583.265082430961	6
25	367	8873.382868458983	12
25	378	9098.937601260394	6
25	393	9477.474655049905	9
25	509	10968.738501590313	12
25	628	15530.748497900284	9
25	719	18452.279293213605	12
25	745	19008.654290335023	12
25	757	19824.466835153099	12
26	180	4110.823266992426	3
26	224	5395.211411949304	2
26	225	5410.573847891119	1
26	236	5846.014788600856	4
26	270	6547.196337707023	4
26	282	6834.064960028049	3
26	354	8583.265082430961	2
26	367	8873.382868458983	4
26	378	9098.937601260394	2
26	393	9477.474655049905	3
26	509	10968.738501590313	4
26	628	15530.748497900284	3
26	719	18452.279293213605	4
26	745	19008.654290335023	4
26	757	19824.466835153099	4
27	131	2440.091548158899	512
27	193	4433.444659522157	306
27	256	6278.856366602915	512
27	320	7790.577441027956	306
27	350	8487.530500222956	409
27	409	9684.446344878515	409
27	466	10561.606276726473	512
27	493	10788.699041370059	409
27	524	11473.728714305175	306
27	536	11820.282887855167	409
27	548	12441.211661088566	512
27	555	12676.761193885809	203
27	589	14801.2937034053	203
27	620	15325.869484350174	306
27	629	15533.550902948983	512
27	676	17212.671913781961	203
27	698	17917.525385352284	409
27	705	18082.734839427541	409
27	741	18878.052465069441	512
28	131	2440.091548158899	12
28	193	4433.444659522157	6
28	256	6278.856366602915	12
28	320	7790.577441027956	6
28	350	8487.530500222956	9
28	409	9684.446344878515	9
28	466	10561.606276726473	12
28	493	10788.699041370059	9
28	524	11473.728714305175	6
28	536	11820.282887855167	9
28	548	12441.211661088566	12
28	555	12676.761193885809	3
28	589	14801.2937034053	3
28	620	15325.869484350174	6
28	629	15533.550902948983	12
28	676	17212.671913781961	3
28	698	17917.525385352284	9
28	705	18082.734839427541	9
28	741	18878.052465069441	12
29	131	2440.091548158899	4
29	193	4433.444659522157	2
29	256	6278.856366602915	4
29	320	7790.577441027956	2
29	350	8487.530500222956	3
29	409	9684.446344878515	3
29	466	10561.606276726473	4
29	493	10788.699041370059	3
29	524	11473.728714305175	2
29	536	11820.282887855167	3
29	548	12441.211661088566	4
29	555	12676.761193885809	1
29	589	14801.2937034053	1
29	620	15325.869484350174	2
29	629	15533.550902948983	4
29	676	17212.671913781961	1
29	698	17917.525385352284	3
29	705	18082.734839427541	3
29	741	18878.052465069441	4
30	141	2910.909676569155	409
30	184	4192.651111545292	203
30	192	4405.577177747444	306
30	275	6643.810269243136	306
30	306	7518.593656423232	306
30	322	7883.461779776775	512
30	419	9790.608954644802	512
30	432	9984.826490274665	409
30	465	10557.927654341838	306
30	479	10665.044293512269	409
30	498	10829.785138670312	409
30	502	10862.744721710959	203
30	507	10913.594037762824	306
30	538	11911.986652896286	409
30	618	15298.257671052409	409
30	637	15778.534045272503	306
30	664	16863.208268248544	409
30	687	17527.212438444838	512
30	734	18709.488921696421	203
31	141	2910.909676569155	9
31	184	4192.651111545292	3
31	192	4405.577177747444	6
31	275	6643.810269243136	6
31	306	7518.593656423232	6
31	322	7883.461779776775	12
31	419	9790.608954644802	12
31	432	9984.826490274665	9
31	465	10557.927654341838	6
31	479	10665.044293512269	9
31	498	10829.785138670312	9
31	502	10862.744721710959	3
31	507	10913.594037762824	6
31	538	11911.986652896286	9
31	618	15298.257671052409	9
31	637	15778.534045272503	6
31	664	16863.208268248544	9
31	687	17527.212438444838	12
31	734	18709.488921696421	3
32	141	2910.909676569155	3
32	184	4192.651111545292	1
32	192	4405.577177747444	2
32	275	6643.810269243136	2
32	306	7518.593656423232	2
32	322	7883.461779776775	4
32	419	9790.608954644802	4
32	432	9984.826490274665	3
32	465	10557.927654341838	2
32	479	10665.044293512269	3
32	498	10829.785138670312	3
32	502	10862.744721710959	1
32	507	10913.594037762824	2
32	538	11911.986652896286	3
32	618	15298.257671052409	3
32	637	15778.534045272503	2
32	664	16863.208268248544	3
32	687	17527.212438444838	4
32	734	18709.488921696421	1
33	127	2353.036366331642	203
33	130	2412.978655609092	409
33	244	5974.828288175833	306
33	255	6258.3567007026	409
33	276	6664.975361247531	512
33	289	7046.966699841168	306
33	290	7063.956864376318	203
33	313	7639.864484107807	409
33	340	8329.068806437627	306
33	342	8372.220039274759	306
33	386	9312.385087377281	409
33	423	9857.489282731727	203
33	433	9984.891642004952	512
33	496	10809.094689090207	203
33	515	11163.603364130223	512
33	564	13067.285601128862	409
33	590	14840.86336870256	409
33	642	16019.305019972608	409
33	643	16039.307527252815	306
33	651	16379.571033729989	306
34	127	2353.036366331642	3
34	130	2412.978655609092	9
34	244	5974.828288175833	6
34	255	6258.3567007026	9
34	276	6664.975361247531	12
34	289	7046.966699841168	6
34	290	7063.956864376318	3
34	313	7639.864484107807	9
34	340	8329.068806437627	6
34	342	8372.220039274759	6
34	386	9312.385087377281	9
34	423	9857.489282731727	3
34	433	9984.891642004952	12
34	496	10809.094689090207	3
34	515	11163.603364130223	12
34	564	13067.285601128862	9
34	590	14840.86336870256	9
34	642	16019.305019972608	9
34	643	16039.307527252815	6
34	651	16379.571033729989	6
35	127	2353.036366331642	1
35	130	2412.978655609092	3
35	244	5974.828288175833	2
35	255	6258.3567007026	3
35	276	6664.975361247531	4
35	289	7046.966699841168	2
35	290	7063.956864376318	1
35	313	7639.864484107807	3
35	340	8329.068806437627	2
35	342	8372.220039274759	2
35	386	9312.385087377281	3
35	423	9857.489282731727	1
35	433	9984.891642004952	4
35	496	10809.094689090207	1
35	515	11163.603364130223	4
35	564	13067.285601128862	3
35	590	14840.86336870256	3
35	642	16019.305019972608	3
35	643	16039.307527252815	2
35	651	16379.571033729989	2

