version 3
run LightLoad_Queue-46-20260126-10:58:43-288
attr configname LightLoad_Queue
attr datetime 20260126-10:58:43
attr datetimef 20260126-105843
attr experiment LightLoad_Queue
attr inifile simulations/nwsim_project/omnetpp.ini
attr iterationvars ""
attr iterationvarsd ""
attr iterationvarsf ""
attr measurement ""
attr network CrossTraffic
attr processid 288
attr repetition 46
attr replication #46
attr resultdir results
attr runnumber 46
attr seedset 46
config description "Light Load - Queue Mode"
config *.Junc*.junctionMode "\"queue\""
config *.EndNW.spawnInterval exponential(800s)
config *.EndNE.spawnInterval exponential(1200s)
config *.EndEN.spawnInterval exponential(1000s)
config *.EndES.spawnInterval exponential(1500s)
config *.EndSE.spawnInterval exponential(900s)
config *.EndSW.spawnInterval exponential(1100s)
config *.EndWS.spawnInterval exponential(1300s)
config *.EndWN.spawnInterval exponential(1400s)
config network CrossTraffic
config sim-time-limit 20000s
config warmup-period 1000s
config repeat 50
config **.scalar-recording true
config **.vector-recording true
config *.Junc*.junctionMode "\"queue\""
config *.EndNW.spawnInterval exponential(800s)
config *.EndNE.spawnInterval exponential(1200s)
config *.EndEN.spawnInterval exponential(1000s)
config *.EndES.spawnInterval exponential(1500s)
config *.EndSE.spawnInterval exponential(900s)
config *.EndSW.spawnInterval exponential(1100s)
config *.EndWS.spawnInterval exponential(1300s)
config *.EndWN.spawnInterval exponential(1400s)

vector 0 CrossTraffic.JuncNW queueLength:vector ETV
attr interpolationmode sample-hold
attr recordingmode vector
attr source queueLength
attr title "Queue Length"
vector 1 CrossTraffic.JuncNW junctionProcessingTime:vector ETV
attr recordingmode vector
attr source junctionProcessingTime
attr title "Junction Processing Time"
vector 2 CrossTraffic.JuncNW vehicleCount:vector ETV
attr recordingmode vector
attr source vehicleCount
attr title "Vehicle Count"
vector 3 CrossTraffic.JuncNE queueLength:vector ETV
attr interpolationmode sample-hold
attr recordingmode vector
attr source queueLength
attr title "Queue Length"
vector 4 CrossTraffic.JuncNE junctionProcessingTime:vector ETV
attr recordingmode vector
attr source junctionProcessingTime
attr title "Junction Processing Time"
vector 5 CrossTraffic.JuncNE vehicleCount:vector ETV
attr recordingmode vector
attr source vehicleCount
attr title "Vehicle Count"
vector 6 CrossTraffic.JuncSE queueLength:vector ETV
attr interpolationmode sample-hold
attr recordingmode vector
attr source queueLength
attr title "Queue Length"
vector 7 CrossTraffic.JuncSE junctionProcessingTime:vector ETV
attr recordingmode vector
attr source junctionProcessingTime
attr title "Junction Processing Time"
vector 8 CrossTraffic.JuncSE vehicleCount:vector ETV
attr recordingmode vector
attr source vehicleCount
attr title "Vehicle Count"
vector 9 CrossTraffic.JuncSW queueLength:vector ETV
attr interpolationmode sample-hold
attr recordingmode vector
attr source queueLength
attr title "Queue Length"
vector 10 CrossTraffic.JuncSW junctionProcessingTime:vector ETV
attr recordingmode vector
attr source junctionProcessingTime
attr title "Junction Processing Time"
vector 11 CrossTraffic.JuncSW vehicleCount:vector ETV
attr recordingmode vector
attr source vehicleCount
attr title "Vehicle Count"
vector 12 CrossTraffic.EndNW travelTime:vector ETV
attr recordingmode vector
attr source travelTime
attr title "Vehicle Travel Time"
vector 13 CrossTraffic.EndNW junctionTime:vector ETV
attr recordingmode vector
attr source junctionTime
attr title "Total Junction Time per Vehicle"
vector 14 CrossTraffic.EndNW junctionCount:vector ETV
attr recordingmode vector
attr source junctionCount
attr title "Junctions Visited per Vehicle"
vector 15 CrossTraffic.EndNE travelTime:vector ETV
attr recordingmode vector
attr source travelTime
attr title "Vehicle Travel Time"
vector 16 CrossTraffic.EndNE junctionTime:vector ETV
attr recordingmode vector
attr source junctionTime
attr title "Total Junction Time per Vehicle"
vector 17 CrossTraffic.EndNE junctionCount:vector ETV
attr recordingmode vector
attr source junctionCount
attr title "Junctions Visited per Vehicle"
vector 18 CrossTraffic.EndEN travelTime:vector ETV
attr recordingmode vector
attr source travelTime
attr title "Vehicle Travel Time"
vector 19 CrossTraffic.EndEN junctionTime:vector ETV
attr recordingmode vector
attr source junctionTime
attr title "Total Junction Time per Vehicle"
vector 20 CrossTraffic.EndEN junctionCount:vector ETV
attr recordingmode vector
attr source junctionCount
attr title "Junctions Visited per Vehicle"
vector 21 CrossTraffic.EndES travelTime:vector ETV
attr recordingmode vector
attr source travelTime
attr title "Vehicle Travel Time"
vector 22 CrossTraffic.EndES junctionTime:vector ETV
attr recordingmode vector
attr source junctionTime
attr title "Total Junction Time per Vehicle"
vector 23 CrossTraffic.EndES junctionCount:vector ETV
attr recordingmode vector
attr source junctionCount
attr title "Junctions Visited per Vehicle"
vector 24 CrossTraffic.EndSE travelTime:vector ETV
attr recordingmode vector
attr source travelTime
attr title "Vehicle Travel Time"
vector 25 CrossTraffic.EndSE junctionTime:vector ETV
attr recordingmode vector
attr source junctionTime
attr title "Total Junction Time per Vehicle"
vector 26 CrossTraffic.EndSE junctionCount:vector ETV
attr recordingmode vector
attr source junctionCount
attr title "Junctions Visited per Vehicle"
vector 27 CrossTraffic.EndSW travelTime:vector ETV
attr recordingmode vector
attr source travelTime
attr title "Vehicle Travel Time"
vector 28 CrossTraffic.EndSW junctionTime:vector ETV
attr recordingmode vector
attr source junctionTime
attr title "Total Junction Time per Vehicle"
vector 29 CrossTraffic.EndSW junctionCount:vector ETV
attr recordingmode vector
attr source junctionCount
attr title "Junctions Visited per Vehicle"
vector 30 CrossTraffic.EndWS travelTime:vector ETV
attr recordingmode vector
attr source travelTime
attr title "Vehicle Travel Time"
vector 31 CrossTraffic.EndWS junctionTime:vector ETV
attr recordingmode vector
attr source junctionTime
attr title "Total Junction Time per Vehicle"
vector 32 CrossTraffic.EndWS junctionCount:vector ETV
attr recordingmode vector
attr source junctionCount
attr title "Junctions Visited per Vehicle"
vector 33 CrossTraffic.EndWN travelTime:vector ETV
attr recordingmode vector
attr source travelTime
attr title "Vehicle Travel Time"
vector 34 CrossTraffic.EndWN junctionTime:vector ETV
attr recordingmode vector
attr source junctionTime
attr title "Total Junction Time per Vehicle"
vector 35 CrossTraffic.EndWN junctionCount:vector ETV
attr recordingmode vector
attr source junctionCount
attr title "Junctions Visited per Vehicle"
0	113	1725.497389905606	1
0	114	1728.497389905606	0
0	119	1834.330951604995	1
0	120	1837.330951604995	0
0	134	2102.467231749214	1
0	135	2105.467231749214	0
0	139	2181.280024898212	1
0	140	2184.280024898212	0
0	146	2313.695202148607	1
0	147	2316.695202148607	0
0	153	2569.791649295713	1
0	154	2572.791649295713	0
0	159	2689.92217276823	1
0	160	2692.92217276823	0
0	161	2765.128090182474	1
0	162	2768.128090182474	0
0	174	3126.687179856271	1
0	175	3129.687179856271	0
0	176	3173.695130432129	1
0	178	3176.695130432129	0
0	197	3759.427618222446	1
0	198	3762.427618222446	0
0	199	3798.589159543418	1
0	200	3801.589159543418	0
0	224	4186.249651937229	1
0	225	4189.249651937229	0
0	228	4220.533386772903	1
0	229	4223.533386772903	0
0	230	4245.115532474689	1
0	231	4248.115532474689	0
0	235	4310.900461630644	1
0	236	4313.900461630644	0
0	256	4896.014309921376	1
0	257	4899.014309921376	0
0	280	5313.623107971959	1
0	281	5316.623107971959	0
0	283	5328.309083112987	1
0	284	5331.309083112987	0
0	298	5786.805513143664	1
0	299	5789.805513143664	0
0	326	6334.838188753477	1
0	327	6337.838188753477	0
0	337	6575.352179726136	1
0	339	6578.352179726136	0
0	341	6603.414526307456	1
0	342	6606.414526307456	0
0	345	6612.541441886105	1
0	346	6615.541441886105	0
0	347	6625.807792213569	1
0	348	6628.807792213569	0
0	365	6837.227080401573	1
0	366	6840.227080401573	0
0	377	7060.672726956337	1
0	378	7063.672726956337	0
0	398	7580.415897090562	1
0	399	7583.415897090562	0
0	445	8450.125023749206	1
0	446	8453.125023749206	0
0	459	8790.439471601055	1
0	461	8793.439471601055	0
0	470	8994.708116101311	1
0	472	8997.708116101311	0
0	482	9181.544220496974	1
0	483	9184.544220496974	0
0	499	9393.544220496974	1
0	500	9396.544220496974	0
0	507	9504.623958825623	1
0	508	9507.623958825623	0
0	515	9670.272984998586	1
0	516	9673.272984998586	0
0	517	9695.631478897099	1
0	518	9698.631478897099	0
0	537	9944.325603553556	1
0	538	9947.325603553556	0
0	559	10479.396790389971	1
0	560	10482.396790389971	0
0	561	10547.605300790939	1
0	562	10550.605300790939	0
0	571	10754.052357506949	1
0	573	10757.052357506949	0
0	574	10828.12218782055	1
0	575	10831.12218782055	0
0	596	11379.916147001272	1
0	597	11382.916147001272	0
0	604	11539.832220685024	1
0	605	11542.832220685024	0
0	609	11591.621794253802	1
0	610	11594.621794253802	0
0	612	11652.31220730548	1
0	613	11655.31220730548	0
0	614	11663.00874894399	1
0	615	11666.00874894399	0
0	636	11892.689230512998	1
0	637	11895.689230512998	0
0	644	11975.641884459803	1
0	645	11978.641884459803	0
0	661	12124.711125591083	1
0	662	12127.711125591083	0
0	682	12322.802566506759	1
0	684	12325.802566506759	0
0	692	12423.509512597151	1
0	694	12426.509512597151	0
0	702	12567.396360582593	1
0	703	12570.396360582593	0
0	716	12860.95146942927	1
0	717	12863.95146942927	0
0	718	12916.530736253408	1
0	719	12919.530736253408	0
0	727	13044.022997515193	1
0	728	13047.022997515193	0
0	736	13250.936391967611	1
0	738	13253.936391967611	0
0	748	13639.006315057852	1
0	749	13642.006315057852	0
0	758	13802.523648102275	1
0	759	13805.523648102275	0
0	760	13815.551565142306	1
0	761	13818.551565142306	0
0	783	14297.867326844097	1
0	784	14300.867326844097	0
0	785	14302.642369012887	1
0	786	14305.642369012887	0
0	801	14635.02449699934	1
0	802	14638.02449699934	0
0	804	14683.921825389631	1
0	805	14686.921825389631	0
0	811	14773.814146310346	1
0	812	14776.814146310346	0
0	817	14804.152069232312	1
0	818	14807.152069232312	0
0	840	15364.023978066408	1
0	841	15367.023978066408	0
0	853	16066.779429389556	1
0	854	16069.779429389556	0
0	878	16750.427586480897	1
0	880	16753.427586480897	0
0	883	16797.760526428483	1
0	884	16800.760526428483	0
0	891	16955.485363886549	1
0	892	16958.485363886549	0
0	893	16964.27935886684	1
0	894	16967.27935886684	0
0	911	17382.198798569683	1
0	912	17385.198798569683	0
0	913	17406.999116478074	1
0	914	17409.999116478074	0
0	930	17773.95903720034	1
0	931	17776.95903720034	0
0	942	17961.310344588699	1
0	943	17964.310344588699	0
0	961	18370.126207087629	1
0	962	18373.126207087629	0
0	975	18789.115684774939	1
0	976	18792.115684774939	0
0	988	19002.116960850336	1
0	989	19005.116960850336	0
0	994	19170.362830246474	1
0	995	19173.362830246474	0
0	1012	19628.152736639174	1
0	1013	19631.152736639174	0
1	114	1728.497389905606	3
1	120	1837.330951604995	3
1	135	2105.467231749214	3
1	140	2184.280024898212	3
1	147	2316.695202148607	3
1	154	2572.791649295713	3
1	160	2692.92217276823	3
1	162	2768.128090182474	3
1	175	3129.687179856271	3
1	178	3176.695130432129	3
1	198	3762.427618222446	3
1	200	3801.589159543418	3
1	225	4189.249651937229	3
1	229	4223.533386772903	3
1	231	4248.115532474689	3
1	236	4313.900461630644	3
1	257	4899.014309921376	3
1	281	5316.623107971959	3
1	284	5331.309083112987	3
1	299	5789.805513143664	3
1	327	6337.838188753477	3
1	339	6578.352179726136	3
1	342	6606.414526307456	3
1	346	6615.541441886105	3
1	348	6628.807792213569	3
1	366	6840.227080401573	3
1	378	7063.672726956337	3
1	399	7583.415897090562	3
1	446	8453.125023749206	3
1	461	8793.439471601055	3
1	472	8997.708116101311	3
1	483	9184.544220496974	3
1	500	9396.544220496974	3
1	508	9507.623958825623	3
1	516	9673.272984998586	3
1	518	9698.631478897099	3
1	538	9947.325603553556	3
1	560	10482.396790389971	3
1	562	10550.605300790939	3
1	573	10757.052357506949	3
1	575	10831.12218782055	3
1	597	11382.916147001272	3
1	605	11542.832220685024	3
1	610	11594.621794253802	3
1	613	11655.31220730548	3
1	615	11666.00874894399	3
1	637	11895.689230512998	3
1	645	11978.641884459803	3
1	662	12127.711125591083	3
1	684	12325.802566506759	3
1	694	12426.509512597151	3
1	703	12570.396360582593	3
1	717	12863.95146942927	3
1	719	12919.530736253408	3
1	728	13047.022997515193	3
1	738	13253.936391967611	3
1	749	13642.006315057852	3
1	759	13805.523648102275	3
1	761	13818.551565142306	3
1	784	14300.867326844097	3
1	786	14305.642369012887	3
1	802	14638.02449699934	3
1	805	14686.921825389631	3
1	812	14776.814146310346	3
1	818	14807.152069232312	3
1	841	15367.023978066408	3
1	854	16069.779429389556	3
1	880	16753.427586480897	3
1	884	16800.760526428483	3
1	892	16958.485363886549	3
1	894	16967.27935886684	3
1	912	17385.198798569683	3
1	914	17409.999116478074	3
1	931	17776.95903720034	3
1	943	17964.310344588699	3
1	962	18373.126207087629	3
1	976	18792.115684774939	3
1	989	19005.116960850336	3
1	995	19173.362830246474	3
1	1013	19631.152736639174	3
2	114	1728.497389905606	7125
2	120	1837.330951604995	7127
2	135	2105.467231749214	7128
2	140	2184.280024898212	7130
2	147	2316.695202148607	7131
2	154	2572.791649295713	7132
2	160	2692.92217276823	7134
2	162	2768.128090182474	7133
2	175	3129.687179856271	7136
2	178	3176.695130432129	7135
2	198	3762.427618222446	7139
2	200	3801.589159543418	7140
2	225	4189.249651937229	7145
2	229	4223.533386772903	7143
2	231	4248.115532474689	7144
2	236	4313.900461630644	7146
2	257	4899.014309921376	7148
2	281	5316.623107971959	7152
2	284	5331.309083112987	7153
2	299	5789.805513143664	7154
2	327	6337.838188753477	7158
2	339	6578.352179726136	7162
2	342	6606.414526307456	7161
2	346	6615.541441886105	7165
2	348	6628.807792213569	7166
2	366	6840.227080401573	7167
2	378	7063.672726956337	7169
2	399	7583.415897090562	7173
2	446	8453.125023749206	7179
2	461	8793.439471601055	7182
2	472	8997.708116101311	7183
2	483	9184.544220496974	7185
2	500	9396.544220496974	7187
2	508	9507.623958825623	7189
2	516	9673.272984998586	7190
2	518	9698.631478897099	7191
2	538	9947.325603553556	7194
2	560	10482.396790389971	7197
2	562	10550.605300790939	7198
2	573	10757.052357506949	7200
2	575	10831.12218782055	7199
2	597	11382.916147001272	7203
2	605	11542.832220685024	7204
2	610	11594.621794253802	7205
2	613	11655.31220730548	7206
2	615	11666.00874894399	7207
2	637	11895.689230512998	7208
2	645	11978.641884459803	7210
2	662	12127.711125591083	7214
2	684	12325.802566506759	7213
2	694	12426.509512597151	7218
2	703	12570.396360582593	7219
2	717	12863.95146942927	7221
2	719	12919.530736253408	7222
2	728	13047.022997515193	7223
2	738	13253.936391967611	7224
2	749	13642.006315057852	7226
2	759	13805.523648102275	7227
2	761	13818.551565142306	7228
2	784	14300.867326844097	7231
2	786	14305.642369012887	7232
2	802	14638.02449699934	7233
2	805	14686.921825389631	7234
2	812	14776.814146310346	7237
2	818	14807.152069232312	7236
2	841	15367.023978066408	7241
2	854	16069.779429389556	7242
2	880	16753.427586480897	7246
2	884	16800.760526428483	7247
2	892	16958.485363886549	7249
2	894	16967.27935886684	7248
2	912	17385.198798569683	7251
2	914	17409.999116478074	7252
2	931	17776.95903720034	7256
2	943	17964.310344588699	7255
2	962	18373.126207087629	7258
2	976	18792.115684774939	7261
2	989	19005.116960850336	7262
2	995	19173.362830246474	7264
2	1013	19631.152736639174	7268
3	105	1553.010737214651	1
3	106	1556.010737214651	0
3	108	1622.497389905606	1
3	109	1625.497389905606	0
3	127	1999.467231749214	1
3	128	2002.467231749214	0
3	137	2172.297968721922	1
3	138	2175.297968721922	0
3	156	2662.128090182474	1
3	157	2665.128090182474	0
3	163	2792.92217276823	1
3	164	2795.92217276823	0
3	183	3276.021221057059	1
3	185	3279.021221057059	0
3	191	3400.849040339817	1
3	192	3403.849040339817	0
3	202	3862.427618222446	1
3	203	3865.427618222446	0
3	213	4044.634207752527	1
3	214	4047.634207752527	0
3	217	4117.533386772903	1
3	218	4120.533386772903	0
3	252	4793.014309921376	1
3	253	4796.014309921376	0
3	268	5039.753954481359	1
3	269	5042.753954481359	0
3	272	5136.323740714027	1
3	273	5139.323740714027	0
3	276	5220.069558844639	1
3	277	5223.069558844639	0
3	321	6231.838188753477	1
3	322	6234.838188753477	0
3	332	6500.414526307456	1
3	333	6503.414526307456	0
3	338	6575.740492531079	1
3	340	6578.740492531079	0
3	343	6608.822257306426	1
3	344	6611.822257306426	0
3	370	6940.227080401573	1
3	371	6943.227080401573	0
3	372	6957.672726956337	1
3	373	6960.672726956337	0
3	404	7683.415897090562	1
3	405	7686.415897090562	0
3	406	7708.300145052245	1
3	407	7711.300145052245	0
3	419	7943.491637437261	1
3	421	7946.491637437261	0
3	427	8052.716018441073	1
3	428	8055.716018441073	0
3	440	8347.125023749206	1
3	441	8350.125023749206	0
3	451	8558.650904994677	1
3	452	8561.650904994677	0
3	457	8759.03916516864	1
3	458	8762.03916516864	0
3	464	8891.708116101311	1
3	466	8894.708116101311	0
3	480	9169.71808050249	1
3	481	9172.71808050249	0
3	485	9210.401102040804	1
3	486	9213.401102040804	0
3	495	9387.508859364849	1
3	497	9390.508859364849	0
3	519	9699.230624010063	1
3	520	9702.230624010063	0
3	530	9870.650029850514	1
3	531	9873.650029850514	0
3	552	10257.082641560188	1
3	553	10260.082641560188	0
3	556	10376.396790389971	1
3	557	10379.396790389971	0
3	568	10725.12218782055	1
3	569	10728.12218782055	0
3	577	10857.052357506949	1
3	578	10860.052357506949	0
3	584	11110.343413339482	1
3	585	11113.343413339482	0
3	591	11276.916147001272	1
3	592	11279.916147001272	0
3	617	11694.621794253802	1
3	618	11697.621794253802	0
3	619	11755.31220730548	1
3	620	11758.31220730548	0
3	625	11789.689230512998	1
3	626	11792.689230512998	0
3	634	11872.641884459803	1
3	635	11875.641884459803	0
3	655	12071.96258295398	1
3	656	12074.96258295398	0
3	663	12142.077818231031	1
3	664	12145.077818231031	0
3	665	12146.883854572246	1
3	666	12149.883854572246	0
3	671	12219.802566506759	1
3	672	12222.802566506759	0
3	677	12252.620414400468	1
3	680	12255.620414400468	0
3	696	12464.396360582593	1
3	697	12467.396360582593	0
3	700	12526.509512597151	1
3	701	12529.509512597151	0
3	704	12594.876261867528	1
3	705	12597.876261867528	0
3	714	12832.242305897459	1
3	715	12835.242305897459	0
3	723	12963.95146942927	1
3	724	12966.95146942927	0
3	732	13147.936391967611	1
3	734	13150.936391967611	0
3	752	13699.523648102275	1
3	753	13702.523648102275	0
3	755	13742.006315057852	1
3	756	13745.006315057852	0
3	765	13918.551565142306	1
3	766	13921.551565142306	0
3	771	14073.333833886742	1
3	773	14076.333833886742	0
3	795	14532.02449699934	1
3	796	14535.02449699934	0
3	797	14580.921825389631	1
3	798	14583.921825389631	0
3	832	15123.85988774759	1
3	833	15126.85988774759	0
3	842	15467.023978066408	1
3	843	15470.023978066408	0
3	849	15963.779429389556	1
3	850	15966.779429389556	0
3	864	16336.054522762834	1
3	866	16339.054522762834	0
3	867	16436.647946130111	1
3	869	16439.647946130111	0
3	873	16647.427586480897	1
3	874	16650.427586480897	0
3	885	16852.485363886549	1
3	887	16855.485363886549	0
3	888	16861.27935886684	1
3	889	16864.27935886684	0
3	906	17279.198798569683	1
3	907	17282.198798569683	0
3	908	17303.999116478074	1
3	909	17306.999116478074	0
3	926	17748.920247676796	1
3	927	17751.920247676796	0
3	935	17858.310344588699	1
3	936	17861.310344588699	0
3	957	18267.126207087629	1
3	958	18270.126207087629	0
3	959	18348.267833339177	1
3	960	18351.267833339177	0
3	967	18624.008202685007	1
3	968	18627.008202685007	0
3	969	18686.115684774939	1
3	970	18689.115684774939	0
3	983	18899.116960850336	1
3	984	18902.116960850336	0
3	985	18923.507712040395	1
3	986	18926.507712040395	0
3	1008	19529.402186872884	1
3	1009	19532.402186872884	0
3	1021	19767.115978617307	1
3	1022	19770.115978617307	0
4	106	1556.010737214651	3
4	109	1625.497389905606	3
4	128	2002.467231749214	3
4	138	2175.297968721922	3
4	157	2665.128090182474	3
4	164	2795.92217276823	3
4	185	3279.021221057059	3
4	192	3403.849040339817	3
4	203	3865.427618222446	3
4	214	4047.634207752527	3
4	218	4120.533386772903	3
4	253	4796.014309921376	3
4	269	5042.753954481359	3
4	273	5139.323740714027	3
4	277	5223.069558844639	3
4	322	6234.838188753477	3
4	333	6503.414526307456	3
4	340	6578.740492531079	3
4	344	6611.822257306426	3
4	371	6943.227080401573	3
4	373	6960.672726956337	3
4	405	7686.415897090562	3
4	407	7711.300145052245	3
4	421	7946.491637437261	3
4	428	8055.716018441073	3
4	441	8350.125023749206	3
4	452	8561.650904994677	3
4	458	8762.03916516864	3
4	466	8894.708116101311	3
4	481	9172.71808050249	3
4	486	9213.401102040804	3
4	497	9390.508859364849	3
4	520	9702.230624010063	3
4	531	9873.650029850514	3
4	553	10260.082641560188	3
4	557	10379.396790389971	3
4	569	10728.12218782055	3
4	578	10860.052357506949	3
4	585	11113.343413339482	3
4	592	11279.916147001272	3
4	618	11697.621794253802	3
4	620	11758.31220730548	3
4	626	11792.689230512998	3
4	635	11875.641884459803	3
4	656	12074.96258295398	3
4	664	12145.077818231031	3
4	666	12149.883854572246	3
4	672	12222.802566506759	3
4	680	12255.620414400468	3
4	697	12467.396360582593	3
4	701	12529.509512597151	3
4	705	12597.876261867528	3
4	715	12835.242305897459	3
4	724	12966.95146942927	3
4	734	13150.936391967611	3
4	753	13702.523648102275	3
4	756	13745.006315057852	3
4	766	13921.551565142306	3
4	773	14076.333833886742	3
4	796	14535.02449699934	3
4	798	14583.921825389631	3
4	833	15126.85988774759	3
4	843	15470.023978066408	3
4	850	15966.779429389556	3
4	866	16339.054522762834	3
4	869	16439.647946130111	3
4	874	16650.427586480897	3
4	887	16855.485363886549	3
4	889	16864.27935886684	3
4	907	17282.198798569683	3
4	909	17306.999116478074	3
4	927	17751.920247676796	3
4	936	17861.310344588699	3
4	958	18270.126207087629	3
4	960	18351.267833339177	3
4	968	18627.008202685007	3
4	970	18689.115684774939	3
4	984	18902.116960850336	3
4	986	18926.507712040395	3
4	1009	19532.402186872884	3
4	1022	19770.115978617307	3
5	106	1556.010737214651	7124
5	109	1625.497389905606	7125
5	128	2002.467231749214	7128
5	138	2175.297968721922	7129
5	157	2665.128090182474	7133
5	164	2795.92217276823	7134
5	185	3279.021221057059	7138
5	192	3403.849040339817	7137
5	203	3865.427618222446	7139
5	214	4047.634207752527	7142
5	218	4120.533386772903	7143
5	253	4796.014309921376	7148
5	269	5042.753954481359	7150
5	273	5139.323740714027	7149
5	277	5223.069558844639	7151
5	322	6234.838188753477	7158
5	333	6503.414526307456	7161
5	340	6578.740492531079	7163
5	344	6611.822257306426	7164
5	371	6943.227080401573	7167
5	373	6960.672726956337	7169
5	405	7686.415897090562	7173
5	407	7711.300145052245	7172
5	421	7946.491637437261	7177
5	428	8055.716018441073	7175
5	441	8350.125023749206	7179
5	452	8561.650904994677	7180
5	458	8762.03916516864	7181
5	466	8894.708116101311	7183
5	481	9172.71808050249	7184
5	486	9213.401102040804	7186
5	497	9390.508859364849	7188
5	520	9702.230624010063	7192
5	531	9873.650029850514	7193
5	553	10260.082641560188	7196
5	557	10379.396790389971	7197
5	569	10728.12218782055	7199
5	578	10860.052357506949	7200
5	585	11113.343413339482	7201
5	592	11279.916147001272	7203
5	618	11697.621794253802	7205
5	620	11758.31220730548	7206
5	626	11792.689230512998	7208
5	635	11875.641884459803	7210
5	656	12074.96258295398	7209
5	664	12145.077818231031	7211
5	666	12149.883854572246	7215
5	672	12222.802566506759	7213
5	680	12255.620414400468	7216
5	697	12467.396360582593	7219
5	701	12529.509512597151	7218
5	705	12597.876261867528	7217
5	715	12835.242305897459	7220
5	724	12966.95146942927	7221
5	734	13150.936391967611	7224
5	753	13702.523648102275	7227
5	756	13745.006315057852	7226
5	766	13921.551565142306	7228
5	773	14076.333833886742	7229
5	796	14535.02449699934	7233
5	798	14583.921825389631	7234
5	833	15126.85988774759	7239
5	843	15470.023978066408	7241
5	850	15966.779429389556	7242
5	866	16339.054522762834	7244
5	869	16439.647946130111	7245
5	874	16650.427586480897	7246
5	887	16855.485363886549	7249
5	889	16864.27935886684	7248
5	907	17282.198798569683	7251
5	909	17306.999116478074	7252
5	927	17751.920247676796	7254
5	936	17861.310344588699	7255
5	958	18270.126207087629	7258
5	960	18351.267833339177	7259
5	968	18627.008202685007	7260
5	970	18689.115684774939	7261
5	984	18902.116960850336	7262
5	986	18926.507712040395	7263
5	1009	19532.402186872884	7267
5	1022	19770.115978617307	7269
6	102	1450.010737214651	1
6	103	1453.010737214651	0
6	111	1696.122386601839	1
6	112	1699.122386601839	0
6	121	1896.467231749214	1
6	122	1899.467231749214	0
6	130	2069.297968721922	1
6	131	2072.297968721922	0
6	186	3297.849040339817	1
6	187	3300.849040339817	0
6	189	3379.021221057059	1
6	190	3382.021221057059	0
6	210	4036.432607798606	1
6	211	4039.432607798606	0
6	222	4147.634207752527	1
6	223	4150.634207752527	0
6	244	4577.804837694891	1
6	245	4580.804837694891	0
6	249	4690.014309921376	1
6	250	4693.014309921376	0
6	261	4936.753954481359	1
6	262	4939.753954481359	0
6	266	5033.323740714027	1
6	267	5036.323740714027	0
6	270	5117.069558844639	1
6	271	5120.069558844639	0
6	300	5850.44568048165	1
6	301	5853.44568048165	0
6	302	5880.898249301164	1
6	303	5883.898249301164	0
6	310	6050.549180703095	1
6	311	6053.549180703095	0
6	313	6128.838188753477	1
6	314	6131.838188753477	0
6	315	6146.757369467	1
6	316	6149.757369467	0
6	319	6200.182848324823	1
6	320	6203.182848324823	0
6	350	6678.740492531079	1
6	352	6681.740492531079	0
6	368	6922.76152818176	1
6	369	6925.76152818176	0
6	388	7304.674192600583	1
6	389	7307.674192600583	0
6	400	7605.300145052245	1
6	401	7608.300145052245	0
6	402	7622.889184390749	1
6	403	7625.889184390749	0
6	422	7949.716018441073	1
6	423	7952.716018441073	0
6	425	8046.491637437261	1
6	426	8049.491637437261	0
6	433	8158.30476112092	1
6	434	8161.30476112092	0
6	435	8244.125023749206	1
6	436	8247.125023749206	0
6	447	8455.650904994677	1
6	448	8458.650904994677	0
6	453	8656.03916516864	1
6	454	8659.03916516864	0
6	471	8996.439471601055	1
6	473	8999.439471601055	0
6	474	9066.71808050249	1
6	475	9069.71808050249	0
6	493	9313.401102040804	1
6	494	9316.401102040804	0
6	496	9387.544220496974	1
6	498	9390.544220496974	0
6	503	9490.508859364849	1
6	505	9493.508859364849	0
6	527	9802.230624010063	1
6	528	9805.230624010063	0
6	532	9876.272984998586	1
6	533	9879.272984998586	0
6	539	9973.650029850514	1
6	540	9976.650029850514	0
6	547	10127.119888671218	1
6	548	10130.119888671218	0
6	549	10154.082641560188	1
6	550	10157.082641560188	0
6	570	10753.605300790939	1
6	572	10756.605300790939	0
6	582	11007.343413339482	1
6	583	11010.343413339482	0
6	594	11369.298276725698	1
6	595	11372.298276725698	0
6	632	11869.00874894399	1
6	633	11872.00874894399	0
6	641	11968.96258295398	1
6	642	11971.96258295398	0
6	650	12039.077818231031	1
6	651	12042.077818231031	0
6	659	12116.802566506759	1
6	660	12119.802566506759	0
6	667	12152.452126046123	1
6	669	12155.452126046123	0
6	676	12249.883854572246	1
6	678	12252.883854572246	0
6	687	12355.620414400468	1
6	688	12358.620414400468	0
6	698	12491.876261867528	1
6	699	12494.876261867528	0
6	720	12935.242305897459	1
6	721	12938.242305897459	0
6	735	13250.022997515193	1
6	737	13253.022997515193	0
6	750	13673.105452444805	1
6	751	13676.105452444805	0
6	775	14176.333833886742	1
6	776	14177.516504727443	2
6	777	14179.333833886742	1
6	778	14185.333833886742	0
6	791	14429.02449699934	1
6	792	14432.02449699934	0
6	806	14694.718309378203	1
6	807	14697.718309378203	0
6	828	15017.396551675528	1
6	829	15020.396551675528	0
6	836	15248.086683209932	1
6	837	15251.086683209932	0
6	846	15860.779429389556	1
6	847	15863.779429389556	0
6	851	16025.549237991964	1
6	852	16028.549237991964	0
6	860	16233.054522762834	1
6	862	16236.054522762834	0
6	863	16333.647946130111	1
6	865	16336.647946130111	0
6	881	16758.27935886684	1
6	882	16761.27935886684	0
6	899	17101.268611079928	1
6	900	17104.268611079928	0
6	901	17176.198798569683	1
6	902	17179.198798569683	0
6	928	17755.310344588699	1
6	929	17758.310344588699	0
6	933	17851.920247676796	1
6	934	17854.920247676796	0
6	944	17979.95903720034	1
6	945	17982.95903720034	0
6	946	18010.906256647539	1
6	947	18013.906256647539	0
6	953	18164.126207087629	1
6	954	18167.126207087629	0
6	955	18245.267833339177	1
6	956	18248.267833339177	0
6	973	18727.008202685007	1
6	974	18730.008202685007	0
6	977	18796.116960850336	1
6	978	18799.116960850336	0
6	979	18820.507712040395	1
6	980	18823.507712040395	0
6	999	19344.412282490764	1
6	1000	19347.412282490764	0
6	1001	19407.120978697816	1
6	1002	19410.120978697816	0
6	1014	19632.402186872884	1
6	1015	19635.402186872884	0
6	1016	19664.115978617307	1
6	1017	19667.115978617307	0
6	1023	19834.152736639174	1
6	1024	19837.152736639174	0
7	103	1453.010737214651	3
7	112	1699.122386601839	3
7	122	1899.467231749214	3
7	131	2072.297968721922	3
7	187	3300.849040339817	3
7	190	3382.021221057059	3
7	211	4039.432607798606	3
7	223	4150.634207752527	3
7	245	4580.804837694891	3
7	250	4693.014309921376	3
7	262	4939.753954481359	3
7	267	5036.323740714027	3
7	271	5120.069558844639	3
7	301	5853.44568048165	3
7	303	5883.898249301164	3
7	311	6053.549180703095	3
7	314	6131.838188753477	3
7	316	6149.757369467	3
7	320	6203.182848324823	3
7	352	6681.740492531079	3
7	369	6925.76152818176	3
7	389	7307.674192600583	3
7	401	7608.300145052245	3
7	403	7625.889184390749	3
7	423	7952.716018441073	3
7	426	8049.491637437261	3
7	434	8161.30476112092	3
7	436	8247.125023749206	3
7	448	8458.650904994677	3
7	454	8659.03916516864	3
7	473	8999.439471601055	3
7	475	9069.71808050249	3
7	494	9316.401102040804	3
7	498	9390.544220496974	3
7	505	9493.508859364849	3
7	528	9805.230624010063	3
7	533	9879.272984998586	3
7	540	9976.650029850514	3
7	548	10130.119888671218	3
7	550	10157.082641560188	3
7	572	10756.605300790939	3
7	583	11010.343413339482	3
7	595	11372.298276725698	3
7	633	11872.00874894399	3
7	642	11971.96258295398	3
7	651	12042.077818231031	3
7	660	12119.802566506759	3
7	669	12155.452126046123	3
7	678	12252.883854572246	3
7	688	12358.620414400468	3
7	699	12494.876261867528	3
7	721	12938.242305897459	3
7	737	13253.022997515193	3
7	751	13676.105452444805	3
7	777	14179.333833886742	3
7	778	14185.333833886742	7.817329159299
7	792	14432.02449699934	3
7	807	14697.718309378203	3
7	829	15020.396551675528	3
7	837	15251.086683209932	3
7	847	15863.779429389556	3
7	852	16028.549237991964	3
7	862	16236.054522762834	3
7	865	16336.647946130111	3
7	882	16761.27935886684	3
7	900	17104.268611079928	3
7	902	17179.198798569683	3
7	929	17758.310344588699	3
7	934	17854.920247676796	3
7	945	17982.95903720034	3
7	947	18013.906256647539	3
7	954	18167.126207087629	3
7	956	18248.267833339177	3
7	974	18730.008202685007	3
7	978	18799.116960850336	3
7	980	18823.507712040395	3
7	1000	19347.412282490764	3
7	1002	19410.120978697816	3
7	1015	19635.402186872884	3
7	1017	19667.115978617307	3
7	1024	19837.152736639174	3
8	103	1453.010737214651	7124
8	112	1699.122386601839	7126
8	122	1899.467231749214	7128
8	131	2072.297968721922	7129
8	187	3300.849040339817	7137
8	190	3382.021221057059	7138
8	211	4039.432607798606	7141
8	223	4150.634207752527	7142
8	245	4580.804837694891	7147
8	250	4693.014309921376	7148
8	262	4939.753954481359	7150
8	267	5036.323740714027	7149
8	271	5120.069558844639	7151
8	301	5853.44568048165	7156
8	303	5883.898249301164	7155
8	311	6053.549180703095	7157
8	314	6131.838188753477	7158
8	316	6149.757369467	7159
8	320	6203.182848324823	7160
8	352	6681.740492531079	7163
8	369	6925.76152818176	7168
8	389	7307.674192600583	7171
8	401	7608.300145052245	7172
8	403	7625.889184390749	7174
8	423	7952.716018441073	7175
8	426	8049.491637437261	7177
8	434	8161.30476112092	7178
8	436	8247.125023749206	7179
8	448	8458.650904994677	7180
8	454	8659.03916516864	7181
8	473	8999.439471601055	7182
8	475	9069.71808050249	7184
8	494	9316.401102040804	7186
8	498	9390.544220496974	7185
8	505	9493.508859364849	7188
8	528	9805.230624010063	7192
8	533	9879.272984998586	7190
8	540	9976.650029850514	7193
8	548	10130.119888671218	7195
8	550	10157.082641560188	7196
8	572	10756.605300790939	7198
8	583	11010.343413339482	7201
8	595	11372.298276725698	7202
8	633	11872.00874894399	7207
8	642	11971.96258295398	7209
8	651	12042.077818231031	7211
8	660	12119.802566506759	7213
8	669	12155.452126046123	7212
8	678	12252.883854572246	7215
8	688	12358.620414400468	7216
8	699	12494.876261867528	7217
8	721	12938.242305897459	7220
8	737	13253.022997515193	7223
8	751	13676.105452444805	7225
8	777	14179.333833886742	7229
8	778	14185.333833886742	7230
8	792	14432.02449699934	7233
8	807	14697.718309378203	7235
8	829	15020.396551675528	7238
8	837	15251.086683209932	7240
8	847	15863.779429389556	7242
8	852	16028.549237991964	7243
8	862	16236.054522762834	7244
8	865	16336.647946130111	7245
8	882	16761.27935886684	7248
8	900	17104.268611079928	7250
8	902	17179.198798569683	7251
8	929	17758.310344588699	7255
8	934	17854.920247676796	7254
8	945	17982.95903720034	7256
8	947	18013.906256647539	7257
8	954	18167.126207087629	7258
8	956	18248.267833339177	7259
8	974	18730.008202685007	7260
8	978	18799.116960850336	7262
8	980	18823.507712040395	7263
8	1000	19347.412282490764	7265
8	1002	19410.120978697816	7266
8	1015	19635.402186872884	7267
8	1017	19667.115978617307	7269
8	1024	19837.152736639174	7268
9	123	1937.330951604995	1
9	124	1940.330951604995	0
9	132	2078.280024898212	1
9	133	2081.280024898212	0
9	142	2210.695202148607	1
9	143	2213.695202148607	0
9	150	2466.791649295713	1
9	151	2469.791649295713	0
9	165	2868.128090182474	1
9	166	2871.128090182474	0
9	171	3070.695130432129	1
9	172	3073.695130432129	0
9	179	3194.849040339817	1
9	180	3197.849040339817	0
9	181	3229.687179856271	1
9	182	3232.687179856271	0
9	205	3933.432607798606	1
9	206	3936.432607798606	0
9	220	4142.115532474689	1
9	221	4145.115532474689	0
9	226	4207.900461630644	1
9	227	4210.900461630644	0
9	233	4289.249651937229	1
9	234	4292.249651937229	0
9	237	4323.533386772903	1
9	238	4326.533386772903	0
9	247	4680.804837694891	1
9	248	4683.804837694891	0
9	259	4930.323740714027	1
9	260	4933.323740714027	0
9	264	5014.069558844639	1
9	265	5017.069558844639	0
9	285	5416.623107971959	1
9	286	5419.623107971959	0
9	287	5431.309083112987	1
9	288	5434.309083112987	0
9	293	5683.805513143664	1
9	294	5686.805513143664	0
9	296	5777.898249301164	1
9	297	5780.898249301164	0
9	317	6153.549180703095	1
9	318	6156.549180703095	0
9	349	6678.352179726136	1
9	351	6681.352179726136	0
9	353	6706.414526307456	1
9	354	6709.414526307456	0
9	357	6728.807792213569	1
9	358	6731.807792213569	0
9	374	7025.76152818176	1
9	375	7028.76152818176	0
9	381	7163.672726956337	1
9	382	7166.672726956337	0
9	383	7176.334848297863	1
9	384	7179.334848297863	0
9	391	7407.674192600583	1
9	392	7410.674192600583	0
9	394	7502.300145052245	1
9	395	7505.300145052245	0
9	408	7725.889184390749	1
9	409	7728.889184390749	0
9	416	7846.716018441073	1
9	417	7849.716018441073	0
9	418	7942.730290802306	1
9	420	7945.730290802306	0
9	438	8261.30476112092	1
9	439	8264.30476112092	0
9	442	8352.650904994677	1
9	443	8355.650904994677	0
9	465	8893.439471601055	1
9	467	8896.439471601055	0
9	468	8963.71808050249	1
9	469	8966.71808050249	0
9	488	9284.544220496974	1
9	489	9286.586244821679	2
9	491	9287.544220496974	1
9	492	9293.544220496974	0
9	513	9607.623958825623	1
9	514	9610.623958825623	0
9	523	9773.272984998586	1
9	524	9776.272984998586	0
9	525	9798.631478897099	1
9	526	9801.631478897099	0
9	542	10024.119888671218	1
9	543	10027.119888671218	0
9	565	10650.605300790939	1
9	566	10653.605300790939	0
9	589	11266.298276725698	1
9	590	11269.298276725698	0
9	598	11436.832220685024	1
9	599	11439.832220685024	0
9	601	11482.916147001272	1
9	602	11485.916147001272	0
9	622	11766.00874894399	1
9	623	11769.00874894399	0
9	630	11865.96258295398	1
9	631	11868.96258295398	0
9	638	11936.077818231031	1
9	639	11939.077818231031	0
9	646	11995.689230512998	1
9	647	11998.689230512998	0
9	653	12049.452126046123	1
9	654	12052.452126046123	0
9	673	12227.711125591083	1
9	674	12230.711125591083	0
9	690	12388.876261867528	1
9	691	12391.876261867528	0
9	707	12670.396360582593	1
9	708	12673.396360582593	0
9	731	13147.022997515193	1
9	733	13150.022997515193	0
9	740	13353.936391967611	1
9	741	13356.936391967611	0
9	745	13570.105452444805	1
9	746	13573.105452444805	0
9	763	13905.523648102275	1
9	764	13908.523648102275	0
9	772	14074.516504727443	1
9	774	14077.516504727443	0
9	789	14405.642369012887	1
9	790	14408.642369012887	0
9	808	14701.152069232312	1
9	809	14704.152069232312	0
9	813	14786.921825389631	1
9	814	14789.921825389631	0
9	815	14797.718309378203	1
9	816	14800.718309378203	0
9	820	14876.814146310346	1
9	821	14879.814146310346	0
9	825	14914.396551675528	1
9	826	14917.396551675528	0
9	855	16128.549237991964	1
9	856	16131.549237991964	0
9	876	16694.760526428483	1
9	877	16697.760526428483	0
9	904	17204.268611079928	1
9	905	17207.268611079928	0
9	916	17509.999116478074	1
9	917	17512.999116478074	0
9	920	17636.120100612689	1
9	921	17639.120100612689	0
9	937	17876.95903720034	1
9	938	17879.95903720034	0
9	939	17907.906256647539	1
9	940	17910.906256647539	0
9	991	19067.362830246474	1
9	992	19070.362830246474	0
9	1004	19447.412282490764	1
9	1005	19450.412282490764	0
9	1018	19731.152736639174	1
9	1019	19734.152736639174	0
10	124	1940.330951604995	3
10	133	2081.280024898212	3
10	143	2213.695202148607	3
10	151	2469.791649295713	3
10	166	2871.128090182474	3
10	172	3073.695130432129	3
10	180	3197.849040339817	3
10	182	3232.687179856271	3
10	206	3936.432607798606	3
10	221	4145.115532474689	3
10	227	4210.900461630644	3
10	234	4292.249651937229	3
10	238	4326.533386772903	3
10	248	4683.804837694891	3
10	260	4933.323740714027	3
10	265	5017.069558844639	3
10	286	5419.623107971959	3
10	288	5434.309083112987	3
10	294	5686.805513143664	3
10	297	5780.898249301164	3
10	318	6156.549180703095	3
10	351	6681.352179726136	3
10	354	6709.414526307456	3
10	358	6731.807792213569	3
10	375	7028.76152818176	3
10	382	7166.672726956337	3
10	384	7179.334848297863	3
10	392	7410.674192600583	3
10	395	7505.300145052245	3
10	409	7728.889184390749	3
10	417	7849.716018441073	3
10	420	7945.730290802306	3
10	439	8264.30476112092	3
10	443	8355.650904994677	3
10	467	8896.439471601055	3
10	469	8966.71808050249	3
10	491	9287.544220496974	3
10	492	9293.544220496974	6.957975675295
10	514	9610.623958825623	3
10	524	9776.272984998586	3
10	526	9801.631478897099	3
10	543	10027.119888671218	3
10	566	10653.605300790939	3
10	590	11269.298276725698	3
10	599	11439.832220685024	3
10	602	11485.916147001272	3
10	623	11769.00874894399	3
10	631	11868.96258295398	3
10	639	11939.077818231031	3
10	647	11998.689230512998	3
10	654	12052.452126046123	3
10	674	12230.711125591083	3
10	691	12391.876261867528	3
10	708	12673.396360582593	3
10	733	13150.022997515193	3
10	741	13356.936391967611	3
10	746	13573.105452444805	3
10	764	13908.523648102275	3
10	774	14077.516504727443	3
10	790	14408.642369012887	3
10	809	14704.152069232312	3
10	814	14789.921825389631	3
10	816	14800.718309378203	3
10	821	14879.814146310346	3
10	826	14917.396551675528	3
10	856	16131.549237991964	3
10	877	16697.760526428483	3
10	905	17207.268611079928	3
10	917	17512.999116478074	3
10	921	17639.120100612689	3
10	938	17879.95903720034	3
10	940	17910.906256647539	3
10	992	19070.362830246474	3
10	1005	19450.412282490764	3
10	1019	19734.152736639174	3
11	124	1940.330951604995	7127
11	133	2081.280024898212	7130
11	143	2213.695202148607	7131
11	151	2469.791649295713	7132
11	166	2871.128090182474	7133
11	172	3073.695130432129	7135
11	180	3197.849040339817	7137
11	182	3232.687179856271	7136
11	206	3936.432607798606	7141
11	221	4145.115532474689	7144
11	227	4210.900461630644	7146
11	234	4292.249651937229	7145
11	238	4326.533386772903	7143
11	248	4683.804837694891	7147
11	260	4933.323740714027	7149
11	265	5017.069558844639	7151
11	286	5419.623107971959	7152
11	288	5434.309083112987	7153
11	294	5686.805513143664	7154
11	297	5780.898249301164	7155
11	318	6156.549180703095	7157
11	351	6681.352179726136	7162
11	354	6709.414526307456	7161
11	358	6731.807792213569	7166
11	375	7028.76152818176	7168
11	382	7166.672726956337	7169
11	384	7179.334848297863	7170
11	392	7410.674192600583	7171
11	395	7505.300145052245	7172
11	409	7728.889184390749	7174
11	417	7849.716018441073	7175
11	420	7945.730290802306	7176
11	439	8264.30476112092	7178
11	443	8355.650904994677	7180
11	467	8896.439471601055	7182
11	469	8966.71808050249	7184
11	491	9287.544220496974	7185
11	492	9293.544220496974	7187
11	514	9610.623958825623	7189
11	524	9776.272984998586	7190
11	526	9801.631478897099	7191
11	543	10027.119888671218	7195
11	566	10653.605300790939	7198
11	590	11269.298276725698	7202
11	599	11439.832220685024	7204
11	602	11485.916147001272	7203
11	623	11769.00874894399	7207
11	631	11868.96258295398	7209
11	639	11939.077818231031	7211
11	647	11998.689230512998	7208
11	654	12052.452126046123	7212
11	674	12230.711125591083	7214
11	691	12391.876261867528	7217
11	708	12673.396360582593	7219
11	733	13150.022997515193	7223
11	741	13356.936391967611	7224
11	746	13573.105452444805	7225
11	764	13908.523648102275	7227
11	774	14077.516504727443	7230
11	790	14408.642369012887	7232
11	809	14704.152069232312	7236
11	814	14789.921825389631	7234
11	816	14800.718309378203	7235
11	821	14879.814146310346	7237
11	826	14917.396551675528	7238
11	856	16131.549237991964	7243
11	877	16697.760526428483	7247
11	905	17207.268611079928	7250
11	917	17512.999116478074	7252
11	921	17639.120100612689	7253
11	938	17879.95903720034	7256
11	940	17910.906256647539	7257
11	992	19070.362830246474	7264
11	1005	19450.412282490764	7265
11	1019	19734.152736639174	7268
12	118	1828.497389905606	306
12	141	2205.467231749214	409
12	145	2284.280024898212	306
12	204	3901.589159543418	203
12	544	10047.325603553556	203
12	563	10582.396790389971	306
12	693	12425.802566506759	409
12	788	14400.867326844097	203
12	810	14738.02449699934	409
12	858	16169.779429389556	409
12	896	17058.485363886549	306
12	949	18064.310344588699	409
12	982	18892.115684774939	306
12	993	19105.116960850336	409
13	118	1828.497389905606	6
13	141	2205.467231749214	9
13	145	2284.280024898212	6
13	204	3901.589159543418	3
13	544	10047.325603553556	3
13	563	10582.396790389971	6
13	693	12425.802566506759	9
13	788	14400.867326844097	3
13	810	14738.02449699934	9
13	858	16169.779429389556	9
13	896	17058.485363886549	6
13	949	18064.310344588699	9
13	982	18892.115684774939	6
13	993	19105.116960850336	9
14	118	1828.497389905606	2
14	141	2205.467231749214	3
14	145	2284.280024898212	2
14	204	3901.589159543418	1
14	544	10047.325603553556	1
14	563	10582.396790389971	2
14	693	12425.802566506759	3
14	788	14400.867326844097	1
14	810	14738.02449699934	3
14	858	16169.779429389556	3
14	896	17058.485363886549	2
14	949	18064.310344588699	3
14	982	18892.115684774939	2
14	993	19105.116960850336	3
15	100	1057.466830669573	306
15	110	1656.010737214651	306
15	144	2275.297968721922	306
15	279	5239.323740714027	409
15	282	5323.069558844639	409
15	411	7786.415897090562	306
15	412	7811.300145052245	409
15	462	8862.03916516864	306
15	487	9272.71808050249	409
15	555	10360.082641560188	306
15	588	11213.343413339482	306
15	629	11858.31220730548	306
15	675	12245.077818231031	409
15	706	12629.509512597151	306
15	762	13845.006315057852	306
15	770	14021.551565142306	306
15	835	15226.85988774759	203
15	844	15570.023978066408	306
15	868	16439.054522762834	306
15	1025	19870.115978617307	306
16	100	1057.466830669573	6
16	110	1656.010737214651	6
16	144	2275.297968721922	6
16	279	5239.323740714027	9
16	282	5323.069558844639	9
16	411	7786.415897090562	6
16	412	7811.300145052245	9
16	462	8862.03916516864	6
16	487	9272.71808050249	9
16	555	10360.082641560188	6
16	588	11213.343413339482	6
16	629	11858.31220730548	6
16	675	12245.077818231031	9
16	706	12629.509512597151	6
16	762	13845.006315057852	6
16	770	14021.551565142306	6
16	835	15226.85988774759	3
16	844	15570.023978066408	6
16	868	16439.054522762834	6
16	1025	19870.115978617307	6
17	100	1057.466830669573	2
17	110	1656.010737214651	2
17	144	2275.297968721922	2
17	279	5239.323740714027	3
17	282	5323.069558844639	3
17	411	7786.415897090562	2
17	412	7811.300145052245	3
17	462	8862.03916516864	2
17	487	9272.71808050249	3
17	555	10360.082641560188	2
17	588	11213.343413339482	2
17	629	11858.31220730548	2
17	675	12245.077818231031	3
17	706	12629.509512597151	2
17	762	13845.006315057852	2
17	770	14021.551565142306	2
17	835	15226.85988774759	1
17	844	15570.023978066408	2
17	868	16439.054522762834	2
17	1025	19870.115978617307	2
18	167	2895.92217276823	306
18	194	3503.849040339817	409
18	208	3965.427618222446	306
18	274	5142.753954481359	306
18	355	6711.822257306426	203
18	376	7043.227080401573	306
18	432	8155.716018441073	409
18	455	8661.650904994677	409
18	581	10960.052357506949	306
18	627	11797.621794253802	306
18	670	12174.96258295398	409
18	709	12697.876261867528	409
18	730	13066.95146942927	306
18	870	16539.647946130111	306
18	963	18451.267833339177	306
18	990	19026.507712040395	306
19	167	2895.92217276823	6
19	194	3503.849040339817	9
19	208	3965.427618222446	6
19	274	5142.753954481359	6
19	355	6711.822257306426	3
19	376	7043.227080401573	6
19	432	8155.716018441073	9
19	455	8661.650904994677	9
19	581	10960.052357506949	6
19	627	11797.621794253802	6
19	670	12174.96258295398	9
19	709	12697.876261867528	9
19	730	13066.95146942927	6
19	870	16539.647946130111	6
19	963	18451.267833339177	6
19	990	19026.507712040395	6
20	167	2895.92217276823	2
20	194	3503.849040339817	3
20	208	3965.427618222446	2
20	274	5142.753954481359	2
20	355	6711.822257306426	1
20	376	7043.227080401573	2
20	432	8155.716018441073	3
20	455	8661.650904994677	3
20	581	10960.052357506949	2
20	627	11797.621794253802	2
20	670	12174.96258295398	3
20	709	12697.876261867528	3
20	730	13066.95146942927	2
20	870	16539.647946130111	2
20	963	18451.267833339177	2
20	990	19026.507712040395	2
21	117	1799.122386601839	203
21	193	3482.021221057059	306
21	232	4250.634207752527	306
21	323	6249.757369467	203
21	478	9099.439471601055	409
21	502	9416.401102040804	306
21	510	9593.508859364849	306
21	535	9905.230624010063	306
21	546	10076.650029850514	306
21	551	10230.119888671218	306
21	576	10856.605300790939	409
21	679	12255.452126046123	306
21	686	12352.883854572246	306
21	695	12458.620414400468	306
21	726	13038.242305897459	306
21	739	13353.022997515193	409
21	757	13776.105452444805	306
21	781	14279.333833886742	306
21	782	14285.333833886742	310.8173291593
21	831	15120.396551675528	306
21	1006	19510.120978697816	203
21	1027	19937.152736639174	409
22	117	1799.122386601839	3
22	193	3482.021221057059	6
22	232	4250.634207752527	6
22	323	6249.757369467	3
22	478	9099.439471601055	9
22	502	9416.401102040804	6
22	510	9593.508859364849	6
22	535	9905.230624010063	6
22	546	10076.650029850514	6
22	551	10230.119888671218	6
22	576	10856.605300790939	9
22	679	12255.452126046123	6
22	686	12352.883854572246	6
22	695	12458.620414400468	6
22	726	13038.242305897459	6
22	739	13353.022997515193	9
22	757	13776.105452444805	6
22	781	14279.333833886742	6
22	782	14285.333833886742	10.817329159299
22	831	15120.396551675528	6
22	1006	19510.120978697816	3
22	1027	19937.152736639174	9
23	117	1799.122386601839	1
23	193	3482.021221057059	2
23	232	4250.634207752527	2
23	323	6249.757369467	1
23	478	9099.439471601055	3
23	502	9416.401102040804	2
23	510	9593.508859364849	2
23	535	9905.230624010063	2
23	546	10076.650029850514	2
23	551	10230.119888671218	2
23	576	10856.605300790939	3
23	679	12255.452126046123	2
23	686	12352.883854572246	2
23	695	12458.620414400468	2
23	726	13038.242305897459	2
23	739	13353.022997515193	3
23	757	13776.105452444805	2
23	781	14279.333833886742	2
23	782	14285.333833886742	2
23	831	15120.396551675528	2
23	1006	19510.120978697816	1
23	1027	19937.152736639174	3
24	219	4139.432607798606	306
24	306	5953.44568048165	203
24	307	5983.898249301164	306
24	325	6303.182848324823	203
24	361	6781.740492531079	306
24	431	8149.491637437261	306
24	504	9490.544220496974	409
24	541	9979.272984998586	409
24	600	11472.298276725698	306
24	643	11972.00874894399	409
24	839	15351.086683209932	203
24	941	17954.920247676796	306
24	950	18082.95903720034	409
24	951	18113.906256647539	306
24	981	18830.008202685007	306
24	1020	19735.402186872884	306
25	219	4139.432607798606	6
25	306	5953.44568048165	3
25	307	5983.898249301164	6
25	325	6303.182848324823	3
25	361	6781.740492531079	6
25	431	8149.491637437261	6
25	504	9490.544220496974	9
25	541	9979.272984998586	9
25	600	11472.298276725698	6
25	643	11972.00874894399	9
25	839	15351.086683209932	3
25	941	17954.920247676796	6
25	950	18082.95903720034	9
25	951	18113.906256647539	6
25	981	18830.008202685007	6
25	1020	19735.402186872884	6
26	219	4139.432607798606	2
26	306	5953.44568048165	1
26	307	5983.898249301164	2
26	325	6303.182848324823	1
26	361	6781.740492531079	2
26	431	8149.491637437261	2
26	504	9490.544220496974	3
26	541	9979.272984998586	3
26	600	11472.298276725698	2
26	643	11972.00874894399	3
26	839	15351.086683209932	1
26	941	17954.920247676796	2
26	950	18082.95903720034	3
26	951	18113.906256647539	2
26	981	18830.008202685007	2
26	1020	19735.402186872884	2
27	129	2040.330951604995	306
27	169	2971.128090182474	409
27	188	3332.687179856271	306
27	242	4426.533386772903	409
27	251	4783.804837694891	306
27	290	5534.309083112987	306
27	324	6256.549180703095	306
27	360	6781.352179726136	306
27	386	7266.672726956337	409
27	387	7279.334848297863	203
27	396	7510.674192600583	306
27	413	7828.889184390749	306
27	444	8364.30476112092	306
27	534	9901.631478897099	306
27	794	14508.642369012887	306
27	859	16231.549237991964	306
27	925	17739.120100612689	203
27	1010	19550.412282490764	306
28	129	2040.330951604995	6
28	169	2971.128090182474	9
28	188	3332.687179856271	6
28	242	4426.533386772903	9
28	251	4783.804837694891	6
28	290	5534.309083112987	6
28	324	6256.549180703095	6
28	360	6781.352179726136	6
28	386	7266.672726956337	9
28	387	7279.334848297863	3
28	396	7510.674192600583	6
28	413	7828.889184390749	6
28	444	8364.30476112092	6
28	534	9901.631478897099	6
28	794	14508.642369012887	6
28	859	16231.549237991964	6
28	925	17739.120100612689	3
28	1010	19550.412282490764	6
29	129	2040.330951604995	2
29	169	2971.128090182474	3
29	188	3332.687179856271	2
29	242	4426.533386772903	3
29	251	4783.804837694891	2
29	290	5534.309083112987	2
29	324	6256.549180703095	2
29	360	6781.352179726136	2
29	386	7266.672726956337	3
29	387	7279.334848297863	1
29	396	7510.674192600583	2
29	413	7828.889184390749	2
29	444	8364.30476112092	2
29	534	9901.631478897099	2
29	794	14508.642369012887	2
29	859	16231.549237991964	2
29	925	17739.120100612689	1
29	1010	19550.412282490764	2
30	240	4392.249651937229	306
30	289	5519.623107971959	306
30	362	6809.414526307456	409
30	364	6831.807792213569	306
30	380	7128.76152818176	306
30	424	8045.730290802306	203
30	521	9710.623958825623	306
30	608	11585.916147001272	409
30	658	12098.689230512998	409
30	685	12330.711125591083	306
30	712	12773.396360582593	409
30	742	13456.936391967611	409
30	769	14008.523648102275	409
30	822	14889.921825389631	409
30	823	14900.718309378203	306
30	827	14979.814146310346	306
30	910	17307.268611079928	306
30	919	17612.999116478074	409
31	240	4392.249651937229	6
31	289	5519.623107971959	6
31	362	6809.414526307456	9
31	364	6831.807792213569	6
31	380	7128.76152818176	6
31	424	8045.730290802306	3
31	521	9710.623958825623	6
31	608	11585.916147001272	9
31	658	12098.689230512998	9
31	685	12330.711125591083	6
31	712	12773.396360582593	9
31	742	13456.936391967611	9
31	769	14008.523648102275	9
31	822	14889.921825389631	9
31	823	14900.718309378203	6
31	827	14979.814146310346	6
31	910	17307.268611079928	6
31	919	17612.999116478074	9
32	240	4392.249651937229	2
32	289	5519.623107971959	2
32	362	6809.414526307456	3
32	364	6831.807792213569	2
32	380	7128.76152818176	2
32	424	8045.730290802306	1
32	521	9710.623958825623	2
32	608	11585.916147001272	3
32	658	12098.689230512998	3
32	685	12330.711125591083	2
32	712	12773.396360582593	3
32	742	13456.936391967611	3
32	769	14008.523648102275	3
32	822	14889.921825389631	3
32	823	14900.718309378203	2
32	827	14979.814146310346	2
32	910	17307.268611079928	2
32	919	17612.999116478074	3
33	149	2416.695202148607	306
33	158	2672.791649295713	306
33	184	3276.695130432129	306
33	239	4348.115532474689	306
33	241	4413.900461630644	306
33	263	4999.014309921376	409
33	304	5889.805513143664	306
33	329	6437.838188753477	409
33	356	6715.541441886105	203
33	449	8553.125023749206	409
33	477	9097.708116101311	306
33	506	9496.544220496974	309.9579756753
33	580	10931.12218782055	306
33	611	11642.832220685024	306
33	657	12078.641884459803	306
33	725	13019.530736253408	203
33	824	14907.152069232312	306
33	886	16853.427586480897	306
33	890	16900.760526428483	306
33	897	17067.27935886684	409
33	915	17485.198798569683	409
33	964	18473.126207087629	409
33	997	19273.362830246474	306
34	149	2416.695202148607	6
34	158	2672.791649295713	6
34	184	3276.695130432129	6
34	239	4348.115532474689	6
34	241	4413.900461630644	6
34	263	4999.014309921376	9
34	304	5889.805513143664	6
34	329	6437.838188753477	9
34	356	6715.541441886105	3
34	449	8553.125023749206	9
34	477	9097.708116101311	6
34	506	9496.544220496974	9.957975675295
34	580	10931.12218782055	6
34	611	11642.832220685024	6
34	657	12078.641884459803	6
34	725	13019.530736253408	3
34	824	14907.152069232312	6
34	886	16853.427586480897	6
34	890	16900.760526428483	6
34	897	17067.27935886684	9
34	915	17485.198798569683	9
34	964	18473.126207087629	9
34	997	19273.362830246474	6
35	149	2416.695202148607	2
35	158	2672.791649295713	2
35	184	3276.695130432129	2
35	239	4348.115532474689	2
35	241	4413.900461630644	2
35	263	4999.014309921376	3
35	304	5889.805513143664	2
35	329	6437.838188753477	3
35	356	6715.541441886105	1
35	449	8553.125023749206	3
35	477	9097.708116101311	2
35	506	9496.544220496974	2
35	580	10931.12218782055	2
35	611	11642.832220685024	2
35	657	12078.641884459803	2
35	725	13019.530736253408	1
35	824	14907.152069232312	2
35	886	16853.427586480897	2
35	890	16900.760526428483	2
35	897	17067.27935886684	3
35	915	17485.198798569683	3
35	964	18473.126207087629	3
35	997	19273.362830246474	2

