version 3
run LightLoad_Circle-7-20260126-10:58:54-289
attr configname LightLoad_Circle
attr datetime 20260126-10:58:54
attr datetimef 20260126-105854
attr experiment LightLoad_Circle
attr inifile simulations/nwsim_project/omnetpp.ini
attr iterationvars ""
attr iterationvarsd ""
attr iterationvarsf ""
attr measurement ""
attr network CrossTraffic
attr processid 289
attr repetition 7
attr replication #7
attr resultdir results
attr runnumber 7
attr seedset 7
config description "Light Load - Circle Mode"
config *.Junc*.junctionMode "\"circle\""
config *.EndNW.spawnInterval exponential(800s)
config *.EndNE.spawnInterval exponential(1200s)
config *.EndEN.spawnInterval exponential(1000s)
config *.EndES.spawnInterval exponential(1500s)
config *.EndSE.spawnInterval exponential(900s)
config *.EndSW.spawnInterval exponential(1000s)
config *.EndWS.spawnInterval exponential(1200s)
config *.EndWN.spawnInterval exponential(1400s)
config network CrossTraffic
config sim-time-limit 20000s
config warmup-period 1000s
config repeat 50
config **.scalar-recording true
config **.vector-recording true
config *.Junc*.junctionMode "\"queue\""
config *.EndNW.spawnInterval exponential(800s)
config *.EndNE.spawnInterval exponential(1200s)
config *.EndEN.spawnInterval exponential(1000s)
config *.EndES.spawnInterval exponential(1500s)
config *.EndSE.spawnInterval exponential(900s)
config *.EndSW.spawnInterval exponential(1100s)
config *.EndWS.spawnInterval exponential(1300s)
config *.EndWN.spawnInterval exponential(1400s)

vector 0 CrossTraffic.JuncNW queueLength:vector ETV
attr interpolationmode sample-hold
attr recordingmode vector
attr source queueLength
attr title "Queue Length"
vector 1 CrossTraffic.JuncNW junctionProcessingTime:vector ETV
attr recordingmode vector
attr source junctionProcessingTime
attr title "Junction Processing Time"
vector 2 CrossTraffic.JuncNW vehicleCount:vector ETV
attr recordingmode vector
attr source vehicleCount
attr title "Vehicle Count"
vector 3 CrossTraffic.JuncNE queueLength:vector ETV
attr interpolationmode sample-hold
attr recordingmode vector
attr source queueLength
attr title "Queue Length"
vector 4 CrossTraffic.JuncNE junctionProcessingTime:vector ETV
attr recordingmode vector
attr source junctionProcessingTime
attr title "Junction Processing Time"
vector 5 CrossTraffic.JuncNE vehicleCount:vector ETV
attr recordingmode vector
attr source vehicleCount
attr title "Vehicle Count"
vector 6 CrossTraffic.JuncSE queueLength:vector ETV
attr interpolationmode sample-hold
attr recordingmode vector
attr source queueLength
attr title "Queue Length"
vector 7 CrossTraffic.JuncSE junctionProcessingTime:vector ETV
attr recordingmode vector
attr source junctionProcessingTime
attr title "Junction Processing Time"
vector 8 CrossTraffic.JuncSE vehicleCount:vector ETV
attr recordingmode vector
attr source vehicleCount
attr title "Vehicle Count"
vector 9 CrossTraffic.JuncSW queueLength:vector ETV
attr interpolationmode sample-hold
attr recordingmode vector
attr source queueLength
attr title "Queue Length"
vector 10 CrossTraffic.JuncSW junctionProcessingTime:vector ETV
attr recordingmode vector
attr source junctionProcessingTime
attr title "Junction Processing Time"
vector 11 CrossTraffic.JuncSW vehicleCount:vector ETV
attr recordingmode vector
attr source vehicleCount
attr title "Vehicle Count"
vector 12 CrossTraffic.EndNW travelTime:vector ETV
attr recordingmode vector
attr source travelTime
attr title "Vehicle Travel Time"
vector 13 CrossTraffic.EndNW junctionTime:vector ETV
attr recordingmode vector
attr source junctionTime
attr title "Total Junction Time per Vehicle"
vector 14 CrossTraffic.EndNW junctionCount:vector ETV
attr recordingmode vector
attr source junctionCount
attr title "Junctions Visited per Vehicle"
vector 15 CrossTraffic.EndNE travelTime:vector ETV
attr recordingmode vector
attr source travelTime
attr title "Vehicle Travel Time"
vector 16 CrossTraffic.EndNE junctionTime:vector ETV
attr recordingmode vector
attr source junctionTime
attr title "Total Junction Time per Vehicle"
vector 17 CrossTraffic.EndNE junctionCount:vector ETV
attr recordingmode vector
attr source junctionCount
attr title "Junctions Visited per Vehicle"
vector 18 CrossTraffic.EndEN travelTime:vector ETV
attr recordingmode vector
attr source travelTime
attr title "Vehicle Travel Time"
vector 19 CrossTraffic.EndEN junctionTime:vector ETV
attr recordingmode vector
attr source junctionTime
attr title "Total Junction Time per Vehicle"
vector 20 CrossTraffic.EndEN junctionCount:vector ETV
attr recordingmode vector
attr source junctionCount
attr title "Junctions Visited per Vehicle"
vector 21 CrossTraffic.EndES travelTime:vector ETV
attr recordingmode vector
attr source travelTime
attr title "Vehicle Travel Time"
vector 22 CrossTraffic.EndES junctionTime:vector ETV
attr recordingmode vector
attr source junctionTime
attr title "Total Junction Time per Vehicle"
vector 23 CrossTraffic.EndES junctionCount:vector ETV
attr recordingmode vector
attr source junctionCount
attr title "Junctions Visited per Vehicle"
vector 24 CrossTraffic.EndSE travelTime:vector ETV
attr recordingmode vector
attr source travelTime
attr title "Vehicle Travel Time"
vector 25 CrossTraffic.EndSE junctionTime:vector ETV
attr recordingmode vector
attr source junctionTime
attr title "Total Junction Time per Vehicle"
vector 26 CrossTraffic.EndSE junctionCount:vector ETV
attr recordingmode vector
attr source junctionCount
attr title "Junctions Visited per Vehicle"
vector 27 CrossTraffic.EndSW travelTime:vector ETV
attr recordingmode vector
attr source travelTime
attr title "Vehicle Travel Time"
vector 28 CrossTraffic.EndSW junctionTime:vector ETV
attr recordingmode vector
attr source junctionTime
attr title "Total Junction Time per Vehicle"
vector 29 CrossTraffic.EndSW junctionCount:vector ETV
attr recordingmode vector
attr source junctionCount
attr title "Junctions Visited per Vehicle"
vector 30 CrossTraffic.EndWS travelTime:vector ETV
attr recordingmode vector
attr source travelTime
attr title "Vehicle Travel Time"
vector 31 CrossTraffic.EndWS junctionTime:vector ETV
attr recordingmode vector
attr source junctionTime
attr title "Total Junction Time per Vehicle"
vector 32 CrossTraffic.EndWS junctionCount:vector ETV
attr recordingmode vector
attr source junctionCount
attr title "Junctions Visited per Vehicle"
vector 33 CrossTraffic.EndWN travelTime:vector ETV
attr recordingmode vector
attr source travelTime
attr title "Vehicle Travel Time"
vector 34 CrossTraffic.EndWN junctionTime:vector ETV
attr recordingmode vector
attr source junctionTime
attr title "Total Junction Time per Vehicle"
vector 35 CrossTraffic.EndWN junctionCount:vector ETV
attr recordingmode vector
attr source junctionCount
attr title "Junctions Visited per Vehicle"
0	72	1121.468048312142	0
0	86	1340.0308942028	0
0	87	1341.968927255559	0
0	99	1594.925233800356	0
0	101	1615.447843636124	0
0	116	2131.059159239768	0
0	117	2156.972097335374	0
0	124	2284.036847791659	0
0	125	2292.235580996487	0
0	136	2593.401021219693	0
0	143	2852.341066058333	0
0	151	3074.84925753065	0
0	156	3245.818905035357	0
0	169	3568.850546134182	0
0	182	4094.962320819399	0
0	192	4512.343537005494	0
0	198	4640.040683359908	0
0	205	4839.042534048059	0
0	217	5386.768007606555	0
0	225	5540.131457195836	0
0	227	5619.627992014871	0
0	229	5626.718324691403	0
0	246	6059.65994433424	0
0	264	6816.030556213063	0
0	266	6844.356486801425	0
0	270	6940.1034144181	0
0	283	7186.780940458018	0
0	286	7261.747630369638	0
0	291	7394.024165878298	0
0	302	7828.906405988376	0
0	316	8154.503300704785	0
0	321	8316.235378645903	0
0	331	8575.391527392335	0
0	339	9119.555912889911	0
0	347	9450.143037910206	0
0	349	9525.619781333285	0
0	356	9724.791454822592	0
0	364	9887.947495118544	0
0	371	10017.623305916288	0
0	374	10088.08020092929	0
0	381	10195.414245193541	0
0	384	10267.393812078152	0
0	387	10330.610285976921	0
0	396	10526.387343323694	0
0	399	10573.997074185954	0
0	402	10676.134302561193	0
0	419	11598.210147173298	0
0	422	11801.085297904881	0
0	429	12283.423000490985	0
0	432	12313.613804578209	0
0	435	12342.427622739315	0
0	454	12605.680381927113	0
0	470	12832.406105387557	0
0	473	12926.32334537368	0
0	500	13955.496666282311	0
0	506	14216.530560844211	0
0	507	14243.610096682953	0
0	518	14613.519463565353	0
0	521	14689.222496102186	0
0	528	14812.883302064797	0
0	532	14898.527247591641	0
0	537	15055.01770359037	0
0	546	15347.7288865657	0
0	549	15358.844434415813	0
0	565	15655.497276862689	0
0	566	15664.054539799959	0
0	567	15666.992527425243	0
0	577	15853.555242977604	0
0	578	15855.426235244884	0
0	585	16006.890111342135	0
0	604	16879.342731604428	0
0	609	16934.28161806366	0
0	611	16970.45692757505	0
0	614	17022.242793459881	0
0	628	17149.319153118529	0
0	635	17230.39363538951	0
0	636	17235.159426221846	0
0	640	17301.093569314412	0
0	646	17381.295838123685	0
0	647	17386.371197005477	0
0	650	17464.494534547825	0
0	653	17533.458745894292	0
0	661	17658.363720412787	0
0	662	17667.852399235384	0
0	678	17890.692711936877	0
0	680	17926.474350178392	0
0	682	17952.296078738233	0
0	688	18030.448563994241	0
0	692	18104.866349868196	0
0	703	18284.790641843237	0
0	708	18383.129444474058	0
0	711	18451.042685052725	0
0	719	18557.44071836391	0
0	729	18681.949961340903	0
0	732	18704.561384802587	0
0	740	18814.838250545472	0
0	743	18897.043530179176	0
0	748	18948.264467111497	0
0	753	19011.950457887419	0
0	754	19013.299185164067	0
0	756	19058.316035723247	0
0	765	19206.103016311652	0
0	769	19292.181398144073	0
0	778	19647.183344676548	0
0	782	19826.035934005772	0
0	788	19971.803168016603	0
1	72	1121.468048312142	3
1	86	1340.0308942028	3
1	87	1341.968927255559	3
1	99	1594.925233800356	3
1	101	1615.447843636124	3
1	116	2131.059159239768	3
1	117	2156.972097335374	3
1	124	2284.036847791659	3
1	125	2292.235580996487	3
1	136	2593.401021219693	3
1	143	2852.341066058333	3
1	151	3074.84925753065	3
1	156	3245.818905035357	3
1	169	3568.850546134182	3
1	182	4094.962320819399	3
1	192	4512.343537005494	3
1	198	4640.040683359908	3
1	205	4839.042534048059	3
1	217	5386.768007606555	3
1	225	5540.131457195836	3
1	227	5619.627992014871	3
1	229	5626.718324691403	3
1	246	6059.65994433424	3
1	264	6816.030556213063	3
1	266	6844.356486801425	3
1	270	6940.1034144181	3
1	283	7186.780940458018	3
1	286	7261.747630369638	3
1	291	7394.024165878298	3
1	302	7828.906405988376	3
1	316	8154.503300704785	3
1	321	8316.235378645903	3
1	331	8575.391527392335	3
1	339	9119.555912889911	3
1	347	9450.143037910206	3
1	349	9525.619781333285	3
1	356	9724.791454822592	3
1	364	9887.947495118544	3
1	371	10017.623305916288	3
1	374	10088.08020092929	3
1	381	10195.414245193541	3
1	384	10267.393812078152	3
1	387	10330.610285976921	3
1	396	10526.387343323694	3
1	399	10573.997074185954	3
1	402	10676.134302561193	3
1	419	11598.210147173298	3
1	422	11801.085297904881	3
1	429	12283.423000490985	3
1	432	12313.613804578209	3
1	435	12342.427622739315	3
1	454	12605.680381927113	3
1	470	12832.406105387557	3
1	473	12926.32334537368	3
1	500	13955.496666282311	3
1	506	14216.530560844211	3
1	507	14243.610096682953	3
1	518	14613.519463565353	3
1	521	14689.222496102186	3
1	528	14812.883302064797	3
1	532	14898.527247591641	3
1	537	15055.01770359037	3
1	546	15347.7288865657	3
1	549	15358.844434415813	3
1	565	15655.497276862689	3
1	566	15664.054539799959	3
1	567	15666.992527425243	3
1	577	15853.555242977604	3
1	578	15855.426235244884	3
1	585	16006.890111342135	3
1	604	16879.342731604428	3
1	609	16934.28161806366	3
1	611	16970.45692757505	3
1	614	17022.242793459881	3
1	628	17149.319153118529	3
1	635	17230.39363538951	3
1	636	17235.159426221846	3
1	640	17301.093569314412	3
1	646	17381.295838123685	3
1	647	17386.371197005477	3
1	650	17464.494534547825	3
1	653	17533.458745894292	3
1	661	17658.363720412787	3
1	662	17667.852399235384	3
1	678	17890.692711936877	3
1	680	17926.474350178392	3
1	682	17952.296078738233	3
1	688	18030.448563994241	3
1	692	18104.866349868196	3
1	703	18284.790641843237	3
1	708	18383.129444474058	3
1	711	18451.042685052725	3
1	719	18557.44071836391	3
1	729	18681.949961340903	3
1	732	18704.561384802587	3
1	740	18814.838250545472	3
1	743	18897.043530179176	3
1	748	18948.264467111497	3
1	753	19011.950457887419	3
1	754	19013.299185164067	3
1	756	19058.316035723247	3
1	765	19206.103016311652	3
1	769	19292.181398144073	3
1	778	19647.183344676548	3
1	782	19826.035934005772	3
1	788	19971.803168016603	3
2	72	1121.468048312142	1154
2	86	1340.0308942028	1157
2	87	1341.968927255559	1159
2	99	1594.925233800356	1161
2	101	1615.447843636124	1158
2	116	2131.059159239768	1163
2	117	2156.972097335374	1165
2	124	2284.036847791659	1166
2	125	2292.235580996487	1164
2	136	2593.401021219693	1169
2	143	2852.341066058333	1171
2	151	3074.84925753065	1172
2	156	3245.818905035357	1173
2	169	3568.850546134182	1176
2	182	4094.962320819399	1179
2	192	4512.343537005494	1181
2	198	4640.040683359908	1182
2	205	4839.042534048059	1184
2	217	5386.768007606555	1187
2	225	5540.131457195836	1188
2	227	5619.627992014871	1189
2	229	5626.718324691403	1191
2	246	6059.65994433424	1193
2	264	6816.030556213063	1197
2	266	6844.356486801425	1199
2	270	6940.1034144181	1198
2	283	7186.780940458018	1200
2	286	7261.747630369638	1202
2	291	7394.024165878298	1203
2	302	7828.906405988376	1205
2	316	8154.503300704785	1208
2	321	8316.235378645903	1209
2	331	8575.391527392335	1211
2	339	9119.555912889911	1212
2	347	9450.143037910206	1213
2	349	9525.619781333285	1215
2	356	9724.791454822592	1216
2	364	9887.947495118544	1219
2	371	10017.623305916288	1221
2	374	10088.08020092929	1217
2	381	10195.414245193541	1222
2	384	10267.393812078152	1224
2	387	10330.610285976921	1223
2	396	10526.387343323694	1226
2	399	10573.997074185954	1227
2	402	10676.134302561193	1225
2	419	11598.210147173298	1230
2	422	11801.085297904881	1231
2	429	12283.423000490985	1232
2	432	12313.613804578209	1233
2	435	12342.427622739315	1234
2	454	12605.680381927113	1235
2	470	12832.406105387557	1241
2	473	12926.32334537368	1242
2	500	13955.496666282311	1248
2	506	14216.530560844211	1250
2	507	14243.610096682953	1251
2	518	14613.519463565353	1253
2	521	14689.222496102186	1252
2	528	14812.883302064797	1256
2	532	14898.527247591641	1255
2	537	15055.01770359037	1254
2	546	15347.7288865657	1258
2	549	15358.844434415813	1257
2	565	15655.497276862689	1260
2	566	15664.054539799959	1262
2	567	15666.992527425243	1259
2	577	15853.555242977604	1263
2	578	15855.426235244884	1265
2	585	16006.890111342135	1266
2	604	16879.342731604428	1268
2	609	16934.28161806366	1269
2	611	16970.45692757505	1270
2	614	17022.242793459881	1274
2	628	17149.319153118529	1272
2	635	17230.39363538951	1275
2	636	17235.159426221846	1271
2	640	17301.093569314412	1277
2	646	17381.295838123685	1279
2	647	17386.371197005477	1280
2	650	17464.494534547825	1281
2	653	17533.458745894292	1278
2	661	17658.363720412787	1282
2	662	17667.852399235384	1283
2	678	17890.692711936877	1284
2	680	17926.474350178392	1285
2	682	17952.296078738233	1288
2	688	18030.448563994241	1287
2	692	18104.866349868196	1289
2	703	18284.790641843237	1292
2	708	18383.129444474058	1291
2	711	18451.042685052725	1294
2	719	18557.44071836391	1295
2	729	18681.949961340903	1293
2	732	18704.561384802587	1298
2	740	18814.838250545472	1299
2	743	18897.043530179176	1301
2	748	18948.264467111497	1300
2	753	19011.950457887419	1302
2	754	19013.299185164067	1297
2	756	19058.316035723247	1303
2	765	19206.103016311652	1304
2	769	19292.181398144073	1305
2	778	19647.183344676548	1306
2	782	19826.035934005772	1307
2	788	19971.803168016603	1308
3	85	1306.447843636124	0
3	96	1497.672227772437	0
3	102	1697.925233800356	0
3	110	1983.235580996487	0
3	120	2198.107958150657	0
3	137	2644.367407439461	0
3	138	2696.401021219693	0
3	146	2955.341066058333	0
3	153	3149.257949498864	0
3	155	3177.84925753065	0
3	162	3354.172407830085	0
3	171	3671.850546134182	0
3	172	3752.277317676516	0
3	176	3876.623061900097	0
3	184	4197.962320819399	0
3	185	4214.870203320207	0
3	195	4614.032510309141	0
3	196	4615.343537005494	0
3	203	4743.040683359908	0
3	204	4747.586742214779	0
3	208	4942.042534048059	0
3	221	5489.768007606555	0
3	231	5643.131457195836	0
3	234	5723.775640407541	0
3	235	5729.718324691403	0
3	251	6235.696083095032	0
3	268	6877.780940458018	0
3	271	6947.356486801425	0
3	274	7043.1034144181	0
3	290	7364.747630369638	0
3	294	7497.024165878298	0
3	305	7931.906405988376	0
3	320	8257.503300704785	0
3	325	8419.235378645903	0
3	333	8678.391527392335	0
3	340	9222.555912889911	0
3	350	9553.143037910206	0
3	358	9779.08020092929	0
3	360	9827.791454822592	0
3	366	9930.408733043273	0
3	370	9990.947495118544	0
3	385	10298.414245193541	0
3	389	10370.393812078152	0
3	392	10433.610285976921	0
3	403	10676.997074185954	0
3	414	11383.541261843139	0
3	421	11701.210147173298	0
3	437	12386.423000490985	0
3	439	12407.364484893697	0
3	440	12416.613804578209	0
3	441	12436.104286405493	0
3	443	12445.427622739315	0
3	461	12671.943847775218	0
3	474	12935.406105387557	0
3	475	12959.252133606976	0
3	479	13029.32334537368	0
3	483	13123.814638388791	0
3	484	13127.679397823212	0
3	496	13438.123717272561	0
3	505	14204.016820918937	0
3	509	14319.530560844211	0
3	510	14346.610096682953	0
3	524	14716.519463565353	0
3	525	14746.01770359037	0
3	526	14792.222496102186	0
3	533	14915.883302064797	0
3	535	15001.527247591641	0
3	548	15357.992527425243	0
3	555	15461.844434415813	0
3	556	15545.732893486641	0
3	572	15758.497276862689	0
3	573	15767.054539799959	0
3	582	15956.555242977604	0
3	583	15958.426235244884	0
3	589	16109.890111342135	0
3	590	16128.28680660796	0
3	608	16926.159426221846	0
3	618	17037.28161806366	0
3	620	17073.45692757505	0
3	624	17125.242793459881	0
3	651	17484.295838123685	0
3	655	17567.494534547825	0
3	660	17636.458745894292	0
3	667	17761.363720412787	0
3	668	17770.852399235384	0
3	685	17993.692711936877	0
3	689	18055.296078738233	0
3	693	18133.448563994241	0
3	700	18236.676000924804	0
3	707	18372.949961340903	0
3	709	18387.790641843237	0
3	715	18486.129444474058	0
3	720	18575.746887132295	0
3	727	18660.44071836391	0
3	731	18704.299185164067	0
3	739	18807.561384802587	0
3	751	19000.043530179176	0
3	755	19051.264467111497	0
3	759	19114.950457887419	0
3	762	19161.316035723247	0
3	773	19395.181398144073	0
3	780	19750.183344676548	0
3	785	19929.035934005772	0
4	85	1306.447843636124	3
4	96	1497.672227772437	3
4	102	1697.925233800356	3
4	110	1983.235580996487	3
4	120	2198.107958150657	3
4	137	2644.367407439461	3
4	138	2696.401021219693	3
4	146	2955.341066058333	3
4	153	3149.257949498864	3
4	155	3177.84925753065	3
4	162	3354.172407830085	3
4	171	3671.850546134182	3
4	172	3752.277317676516	3
4	176	3876.623061900097	3
4	184	4197.962320819399	3
4	185	4214.870203320207	3
4	195	4614.032510309141	3
4	196	4615.343537005494	3
4	203	4743.040683359908	3
4	204	4747.586742214779	3
4	208	4942.042534048059	3
4	221	5489.768007606555	3
4	231	5643.131457195836	3
4	234	5723.775640407541	3
4	235	5729.718324691403	3
4	251	6235.696083095032	3
4	268	6877.780940458018	3
4	271	6947.356486801425	3
4	274	7043.1034144181	3
4	290	7364.747630369638	3
4	294	7497.024165878298	3
4	305	7931.906405988376	3
4	320	8257.503300704785	3
4	325	8419.235378645903	3
4	333	8678.391527392335	3
4	340	9222.555912889911	3
4	350	9553.143037910206	3
4	358	9779.08020092929	3
4	360	9827.791454822592	3
4	366	9930.408733043273	3
4	370	9990.947495118544	3
4	385	10298.414245193541	3
4	389	10370.393812078152	3
4	392	10433.610285976921	3
4	403	10676.997074185954	3
4	414	11383.541261843139	3
4	421	11701.210147173298	3
4	437	12386.423000490985	3
4	439	12407.364484893697	3
4	440	12416.613804578209	3
4	441	12436.104286405493	3
4	443	12445.427622739315	3
4	461	12671.943847775218	3
4	474	12935.406105387557	3
4	475	12959.252133606976	3
4	479	13029.32334537368	3
4	483	13123.814638388791	3
4	484	13127.679397823212	3
4	496	13438.123717272561	3
4	505	14204.016820918937	3
4	509	14319.530560844211	3
4	510	14346.610096682953	3
4	524	14716.519463565353	3
4	525	14746.01770359037	3
4	526	14792.222496102186	3
4	533	14915.883302064797	3
4	535	15001.527247591641	3
4	548	15357.992527425243	3
4	555	15461.844434415813	3
4	556	15545.732893486641	3
4	572	15758.497276862689	3
4	573	15767.054539799959	3
4	582	15956.555242977604	3
4	583	15958.426235244884	3
4	589	16109.890111342135	3
4	590	16128.28680660796	3
4	608	16926.159426221846	3
4	618	17037.28161806366	3
4	620	17073.45692757505	3
4	624	17125.242793459881	3
4	651	17484.295838123685	3
4	655	17567.494534547825	3
4	660	17636.458745894292	3
4	667	17761.363720412787	3
4	668	17770.852399235384	3
4	685	17993.692711936877	3
4	689	18055.296078738233	3
4	693	18133.448563994241	3
4	700	18236.676000924804	3
4	707	18372.949961340903	3
4	709	18387.790641843237	3
4	715	18486.129444474058	3
4	720	18575.746887132295	3
4	727	18660.44071836391	3
4	731	18704.299185164067	3
4	739	18807.561384802587	3
4	751	19000.043530179176	3
4	755	19051.264467111497	3
4	759	19114.950457887419	3
4	762	19161.316035723247	3
4	773	19395.181398144073	3
4	780	19750.183344676548	3
4	785	19929.035934005772	3
5	85	1306.447843636124	1158
5	96	1497.672227772437	1162
5	102	1697.925233800356	1161
5	110	1983.235580996487	1164
5	120	2198.107958150657	1167
5	137	2644.367407439461	1170
5	138	2696.401021219693	1169
5	146	2955.341066058333	1171
5	153	3149.257949498864	1174
5	155	3177.84925753065	1172
5	162	3354.172407830085	1175
5	171	3671.850546134182	1176
5	172	3752.277317676516	1177
5	176	3876.623061900097	1178
5	184	4197.962320819399	1179
5	185	4214.870203320207	1180
5	195	4614.032510309141	1183
5	196	4615.343537005494	1181
5	203	4743.040683359908	1182
5	204	4747.586742214779	1185
5	208	4942.042534048059	1184
5	221	5489.768007606555	1187
5	231	5643.131457195836	1188
5	234	5723.775640407541	1192
5	235	5729.718324691403	1191
5	251	6235.696083095032	1195
5	268	6877.780940458018	1200
5	271	6947.356486801425	1199
5	274	7043.1034144181	1198
5	290	7364.747630369638	1202
5	294	7497.024165878298	1203
5	305	7931.906405988376	1205
5	320	8257.503300704785	1208
5	325	8419.235378645903	1209
5	333	8678.391527392335	1211
5	340	9222.555912889911	1212
5	350	9553.143037910206	1213
5	358	9779.08020092929	1217
5	360	9827.791454822592	1216
5	366	9930.408733043273	1220
5	370	9990.947495118544	1219
5	385	10298.414245193541	1222
5	389	10370.393812078152	1224
5	392	10433.610285976921	1223
5	403	10676.997074185954	1227
5	414	11383.541261843139	1229
5	421	11701.210147173298	1230
5	437	12386.423000490985	1232
5	439	12407.364484893697	1236
5	440	12416.613804578209	1233
5	441	12436.104286405493	1237
5	443	12445.427622739315	1234
5	461	12671.943847775218	1240
5	474	12935.406105387557	1241
5	475	12959.252133606976	1244
5	479	13029.32334537368	1242
5	483	13123.814638388791	1245
5	484	13127.679397823212	1246
5	496	13438.123717272561	1247
5	505	14204.016820918937	1249
5	509	14319.530560844211	1250
5	510	14346.610096682953	1251
5	524	14716.519463565353	1253
5	525	14746.01770359037	1254
5	526	14792.222496102186	1252
5	533	14915.883302064797	1256
5	535	15001.527247591641	1255
5	548	15357.992527425243	1259
5	555	15461.844434415813	1257
5	556	15545.732893486641	1261
5	572	15758.497276862689	1260
5	573	15767.054539799959	1262
5	582	15956.555242977604	1263
5	583	15958.426235244884	1265
5	589	16109.890111342135	1266
5	590	16128.28680660796	1267
5	608	16926.159426221846	1271
5	618	17037.28161806366	1269
5	620	17073.45692757505	1270
5	624	17125.242793459881	1274
5	651	17484.295838123685	1279
5	655	17567.494534547825	1281
5	660	17636.458745894292	1278
5	667	17761.363720412787	1282
5	668	17770.852399235384	1283
5	685	17993.692711936877	1284
5	689	18055.296078738233	1288
5	693	18133.448563994241	1287
5	700	18236.676000924804	1290
5	707	18372.949961340903	1293
5	709	18387.790641843237	1292
5	715	18486.129444474058	1291
5	720	18575.746887132295	1296
5	727	18660.44071836391	1295
5	731	18704.299185164067	1297
5	739	18807.561384802587	1298
5	751	19000.043530179176	1301
5	755	19051.264467111497	1300
5	759	19114.950457887419	1302
5	762	19161.316035723247	1303
5	773	19395.181398144073	1305
5	780	19750.183344676548	1306
5	785	19929.035934005772	1307
6	67	1004.784030322825	0
6	70	1080.14748774936	0
6	73	1124.119248736383	0
6	88	1372.372234406437	0
6	89	1388.925233800356	0
6	91	1409.447843636124	0
6	100	1600.672227772437	0
6	108	1925.059159239768	0
6	114	2086.235580996487	0
6	126	2301.107958150657	0
6	127	2323.174093306222	0
6	139	2747.367407439461	0
6	141	2799.401021219693	0
6	150	3058.341066058333	0
6	157	3252.257949498864	0
6	160	3280.84925753065	0
6	173	3774.850546134182	0
6	179	3979.623061900097	0
6	186	4300.962320819399	0
6	187	4317.870203320207	0
6	207	4850.586742214779	0
6	211	5042.088647108291	0
6	224	5534.362643352669	0
6	226	5592.768007606555	0
6	238	5826.775640407541	0
6	244	6005.038360519503	0
6	253	6338.696083095032	0
6	254	6402.755205106766	0
6	259	6610.030556213063	0
6	272	6956.858626194258	0
6	273	6980.780940458018	0
6	275	7050.356486801425	0
6	279	7146.1034144181	0
6	292	7418.182610443911	0
6	293	7467.747630369638	0
6	297	7600.024165878298	0
6	304	7915.76784352931	0
6	307	7977.758035101528	0
6	310	8034.906405988376	0
6	313	8110.235378645903	0
6	322	8360.503300704785	0
6	326	8463.208925032503	0
6	334	8781.391527392335	0
6	337	8913.555912889911	0
6	345	9361.073198985038	0
6	362	9850.039674230395	0
6	363	9882.08020092929	0
6	367	9930.791454822592	0
6	375	10093.947495118544	0
6	393	10470.134302561193	0
6	394	10473.393812078152	0
6	406	10779.997074185954	0
6	410	11051.367151844724	0
6	416	11486.541261843139	0
6	438	12399.680381927113	0
6	442	12442.046314291308	0
6	444	12463.373201879369	0
6	448	12519.613804578209	0
6	449	12539.104286405493	0
6	451	12548.427622739315	0
6	472	12889.870974897719	0
6	480	13038.406105387557	0
6	481	13062.252133606976	0
6	488	13226.814638388791	0
6	489	13230.679397823212	0
6	508	14307.016820918937	0
6	512	14422.530560844211	0
6	530	14849.01770359037	0
6	536	15018.883302064797	0
6	551	15449.497276862689	0
6	553	15460.992527425243	0
6	561	15564.844434415813	0
6	563	15647.555242977604	0
6	580	15870.054539799959	0
6	591	16212.890111342135	0
6	592	16231.28680660796	0
6	596	16673.342731604428	0
6	610	16943.319153118529	0
6	613	17012.017970271411	0
6	616	17024.39363538951	0
6	617	17029.159426221846	0
6	623	17122.998148982194	0
6	641	17327.458745894292	0
6	663	17670.494534547825	0
6	664	17684.692711936877	0
6	665	17720.474350178392	0
6	675	17864.363720412787	0
6	699	18236.448563994241	0
6	705	18339.676000924804	0
6	714	18475.949961340903	0
6	716	18490.790641843237	0
6	722	18589.129444474058	0
6	735	18763.44071836391	0
6	738	18807.299185164067	0
6	757	19103.043530179176	0
6	761	19154.264467111497	0
6	766	19217.950457887419	0
6	775	19498.181398144073	0
6	783	19853.183344676548	0
7	67	1004.784030322825	3
7	70	1080.14748774936	3
7	73	1124.119248736383	3
7	88	1372.372234406437	3
7	89	1388.925233800356	3
7	91	1409.447843636124	3
7	100	1600.672227772437	3
7	108	1925.059159239768	3
7	114	2086.235580996487	3
7	126	2301.107958150657	3
7	127	2323.174093306222	3
7	139	2747.367407439461	3
7	141	2799.401021219693	3
7	150	3058.341066058333	3
7	157	3252.257949498864	3
7	160	3280.84925753065	3
7	173	3774.850546134182	3
7	179	3979.623061900097	3
7	186	4300.962320819399	3
7	187	4317.870203320207	3
7	207	4850.586742214779	3
7	211	5042.088647108291	3
7	224	5534.362643352669	3
7	226	5592.768007606555	3
7	238	5826.775640407541	3
7	244	6005.038360519503	3
7	253	6338.696083095032	3
7	254	6402.755205106766	3
7	259	6610.030556213063	3
7	272	6956.858626194258	3
7	273	6980.780940458018	3
7	275	7050.356486801425	3
7	279	7146.1034144181	3
7	292	7418.182610443911	3
7	293	7467.747630369638	3
7	297	7600.024165878298	3
7	304	7915.76784352931	3
7	307	7977.758035101528	3
7	310	8034.906405988376	3
7	313	8110.235378645903	3
7	322	8360.503300704785	3
7	326	8463.208925032503	3
7	334	8781.391527392335	3
7	337	8913.555912889911	3
7	345	9361.073198985038	3
7	362	9850.039674230395	3
7	363	9882.08020092929	3
7	367	9930.791454822592	3
7	375	10093.947495118544	3
7	393	10470.134302561193	3
7	394	10473.393812078152	3
7	406	10779.997074185954	3
7	410	11051.367151844724	3
7	416	11486.541261843139	3
7	438	12399.680381927113	3
7	442	12442.046314291308	3
7	444	12463.373201879369	3
7	448	12519.613804578209	3
7	449	12539.104286405493	3
7	451	12548.427622739315	3
7	472	12889.870974897719	3
7	480	13038.406105387557	3
7	481	13062.252133606976	3
7	488	13226.814638388791	3
7	489	13230.679397823212	3
7	508	14307.016820918937	3
7	512	14422.530560844211	3
7	530	14849.01770359037	3
7	536	15018.883302064797	3
7	551	15449.497276862689	3
7	553	15460.992527425243	3
7	561	15564.844434415813	3
7	563	15647.555242977604	3
7	580	15870.054539799959	3
7	591	16212.890111342135	3
7	592	16231.28680660796	3
7	596	16673.342731604428	3
7	610	16943.319153118529	3
7	613	17012.017970271411	3
7	616	17024.39363538951	3
7	617	17029.159426221846	3
7	623	17122.998148982194	3
7	641	17327.458745894292	3
7	663	17670.494534547825	3
7	664	17684.692711936877	3
7	665	17720.474350178392	3
7	675	17864.363720412787	3
7	699	18236.448563994241	3
7	705	18339.676000924804	3
7	714	18475.949961340903	3
7	716	18490.790641843237	3
7	722	18589.129444474058	3
7	735	18763.44071836391	3
7	738	18807.299185164067	3
7	757	19103.043530179176	3
7	761	19154.264467111497	3
7	766	19217.950457887419	3
7	775	19498.181398144073	3
7	783	19853.183344676548	3
8	67	1004.784030322825	1153
8	70	1080.14748774936	1155
8	73	1124.119248736383	1156
8	88	1372.372234406437	1160
8	89	1388.925233800356	1161
8	91	1409.447843636124	1158
8	100	1600.672227772437	1162
8	108	1925.059159239768	1163
8	114	2086.235580996487	1164
8	126	2301.107958150657	1167
8	127	2323.174093306222	1168
8	139	2747.367407439461	1170
8	141	2799.401021219693	1169
8	150	3058.341066058333	1171
8	157	3252.257949498864	1174
8	160	3280.84925753065	1172
8	173	3774.850546134182	1176
8	179	3979.623061900097	1178
8	186	4300.962320819399	1179
8	187	4317.870203320207	1180
8	207	4850.586742214779	1185
8	211	5042.088647108291	1186
8	224	5534.362643352669	1190
8	226	5592.768007606555	1187
8	238	5826.775640407541	1192
8	244	6005.038360519503	1194
8	253	6338.696083095032	1195
8	254	6402.755205106766	1196
8	259	6610.030556213063	1197
8	272	6956.858626194258	1201
8	273	6980.780940458018	1200
8	275	7050.356486801425	1199
8	279	7146.1034144181	1198
8	292	7418.182610443911	1204
8	293	7467.747630369638	1202
8	297	7600.024165878298	1203
8	304	7915.76784352931	1206
8	307	7977.758035101528	1207
8	310	8034.906405988376	1205
8	313	8110.235378645903	1209
8	322	8360.503300704785	1208
8	326	8463.208925032503	1210
8	334	8781.391527392335	1211
8	337	8913.555912889911	1212
8	345	9361.073198985038	1214
8	362	9850.039674230395	1218
8	363	9882.08020092929	1217
8	367	9930.791454822592	1216
8	375	10093.947495118544	1219
8	393	10470.134302561193	1225
8	394	10473.393812078152	1224
8	406	10779.997074185954	1227
8	410	11051.367151844724	1228
8	416	11486.541261843139	1229
8	438	12399.680381927113	1235
8	442	12442.046314291308	1238
8	444	12463.373201879369	1239
8	448	12519.613804578209	1233
8	449	12539.104286405493	1237
8	451	12548.427622739315	1234
8	472	12889.870974897719	1243
8	480	13038.406105387557	1241
8	481	13062.252133606976	1244
8	488	13226.814638388791	1245
8	489	13230.679397823212	1246
8	508	14307.016820918937	1249
8	512	14422.530560844211	1250
8	530	14849.01770359037	1254
8	536	15018.883302064797	1256
8	551	15449.497276862689	1260
8	553	15460.992527425243	1259
8	561	15564.844434415813	1257
8	563	15647.555242977604	1263
8	580	15870.054539799959	1262
8	591	16212.890111342135	1266
8	592	16231.28680660796	1267
8	596	16673.342731604428	1268
8	610	16943.319153118529	1272
8	613	17012.017970271411	1273
8	616	17024.39363538951	1275
8	617	17029.159426221846	1271
8	623	17122.998148982194	1276
8	641	17327.458745894292	1278
8	663	17670.494534547825	1281
8	664	17684.692711936877	1284
8	665	17720.474350178392	1285
8	675	17864.363720412787	1282
8	699	18236.448563994241	1287
8	705	18339.676000924804	1290
8	714	18475.949961340903	1293
8	716	18490.790641843237	1292
8	722	18589.129444474058	1291
8	735	18763.44071836391	1295
8	738	18807.299185164067	1297
8	757	19103.043530179176	1301
8	761	19154.264467111497	1300
8	766	19217.950457887419	1302
8	775	19498.181398144073	1305
8	783	19853.183344676548	1306
9	68	1018.468048312142	0
9	71	1107.784030322825	0
9	75	1183.14748774936	0
9	80	1237.0308942028	0
9	94	1475.372234406437	0
9	95	1491.925233800356	0
9	97	1512.447843636124	0
9	111	2028.059159239768	0
9	112	2053.972097335374	0
9	118	2181.036847791659	0
9	119	2189.235580996487	0
9	130	2404.107958150657	0
9	131	2426.174093306222	0
9	147	2971.84925753065	0
9	152	3142.818905035357	0
9	154	3161.341066058333	0
9	163	3355.257949498864	0
9	168	3465.850546134182	0
9	180	3991.962320819399	0
9	194	4537.040683359908	0
9	202	4736.042534048059	0
9	213	5145.088647108291	0
9	220	5437.131457195836	0
9	222	5516.627992014871	0
9	230	5637.362643352669	0
9	242	5929.775640407541	0
9	243	5956.65994433424	0
9	247	6108.038360519503	0
9	255	6441.696083095032	0
9	260	6713.030556213063	0
9	265	6837.1034144181	0
9	277	7059.858626194258	0
9	278	7083.780940458018	0
9	281	7158.747630369638	0
9	288	7291.024165878298	0
9	295	7521.182610443911	0
9	309	8018.76784352931	0
9	311	8051.503300704785	0
9	312	8080.758035101528	0
9	315	8137.906405988376	0
9	318	8213.235378645903	0
9	328	8472.391527392335	0
9	330	8566.208925032503	0
9	338	9016.555912889911	0
9	344	9347.143037910206	0
9	348	9464.073198985038	0
9	369	9985.08020092929	0
9	382	10196.947495118544	0
9	383	10227.610285976921	0
9	398	10573.134302561193	0
9	400	10576.393812078152	0
9	407	10882.997074185954	0
9	411	11154.367151844724	0
9	417	11495.210147173298	0
9	426	12180.423000490985	0
9	446	12502.680381927113	0
9	450	12545.046314291308	0
9	452	12566.373201879369	0
9	455	12622.613804578209	0
9	457	12642.104286405493	0
9	465	12729.406105387557	0
9	469	12823.32334537368	0
9	476	12992.870974897719	0
9	487	13165.252133606976	0
9	491	13329.814638388791	0
9	492	13333.679397823212	0
9	499	13852.496666282311	0
9	516	14525.530560844211	0
9	517	14586.222496102186	0
9	527	14795.527247591641	0
9	534	14952.01770359037	0
9	539	15121.883302064797	0
9	544	15255.844434415813	0
9	558	15552.497276862689	0
9	559	15561.054539799959	0
9	560	15563.992527425243	0
9	569	15682.785557828911	0
9	570	15750.555242977604	0
9	581	15903.890111342135	0
9	599	16776.342731604428	0
9	601	16831.28161806366	0
9	603	16867.45692757505	0
9	619	17046.319153118529	0
9	622	17115.017970271411	0
9	625	17127.39363538951	0
9	626	17132.159426221846	0
9	630	17198.093569314412	0
9	632	17225.998148982194	0
9	649	17430.458745894292	0
9	671	17787.692711936877	0
9	672	17823.474350178392	0
9	677	17883.174054543928	0
9	681	17927.448563994241	0
9	683	17967.363720412787	0
9	686	18001.866349868196	0
9	702	18280.129444474058	0
9	710	18442.676000924804	0
9	721	18578.949961340903	0
9	733	18711.838250545472	0
9	741	18845.264467111497	0
9	742	18866.44071836391	0
9	744	18910.299185164067	0
9	758	19103.103016311652	0
9	764	19206.043530179176	0
9	772	19320.950457887419	0
9	784	19868.803168016603	0
9	786	19956.183344676548	0
10	68	1018.468048312142	3
10	71	1107.784030322825	3
10	75	1183.14748774936	3
10	80	1237.0308942028	3
10	94	1475.372234406437	3
10	95	1491.925233800356	3
10	97	1512.447843636124	3
10	111	2028.059159239768	3
10	112	2053.972097335374	3
10	118	2181.036847791659	3
10	119	2189.235580996487	3
10	130	2404.107958150657	3
10	131	2426.174093306222	3
10	147	2971.84925753065	3
10	152	3142.818905035357	3
10	154	3161.341066058333	3
10	163	3355.257949498864	3
10	168	3465.850546134182	3
10	180	3991.962320819399	3
10	194	4537.040683359908	3
10	202	4736.042534048059	3
10	213	5145.088647108291	3
10	220	5437.131457195836	3
10	222	5516.627992014871	3
10	230	5637.362643352669	3
10	242	5929.775640407541	3
10	243	5956.65994433424	3
10	247	6108.038360519503	3
10	255	6441.696083095032	3
10	260	6713.030556213063	3
10	265	6837.1034144181	3
10	277	7059.858626194258	3
10	278	7083.780940458018	3
10	281	7158.747630369638	3
10	288	7291.024165878298	3
10	295	7521.182610443911	3
10	309	8018.76784352931	3
10	311	8051.503300704785	3
10	312	8080.758035101528	3
10	315	8137.906405988376	3
10	318	8213.235378645903	3
10	328	8472.391527392335	3
10	330	8566.208925032503	3
10	338	9016.555912889911	3
10	344	9347.143037910206	3
10	348	9464.073198985038	3
10	369	9985.08020092929	3
10	382	10196.947495118544	3
10	383	10227.610285976921	3
10	398	10573.134302561193	3
10	400	10576.393812078152	3
10	407	10882.997074185954	3
10	411	11154.367151844724	3
10	417	11495.210147173298	3
10	426	12180.423000490985	3
10	446	12502.680381927113	3
10	450	12545.046314291308	3
10	452	12566.373201879369	3
10	455	12622.613804578209	3
10	457	12642.104286405493	3
10	465	12729.406105387557	3
10	469	12823.32334537368	3
10	476	12992.870974897719	3
10	487	13165.252133606976	3
10	491	13329.814638388791	3
10	492	13333.679397823212	3
10	499	13852.496666282311	3
10	516	14525.530560844211	3
10	517	14586.222496102186	3
10	527	14795.527247591641	3
10	534	14952.01770359037	3
10	539	15121.883302064797	3
10	544	15255.844434415813	3
10	558	15552.497276862689	3
10	559	15561.054539799959	3
10	560	15563.992527425243	3
10	569	15682.785557828911	3
10	570	15750.555242977604	3
10	581	15903.890111342135	3
10	599	16776.342731604428	3
10	601	16831.28161806366	3
10	603	16867.45692757505	3
10	619	17046.319153118529	3
10	622	17115.017970271411	3
10	625	17127.39363538951	3
10	626	17132.159426221846	3
10	630	17198.093569314412	3
10	632	17225.998148982194	3
10	649	17430.458745894292	3
10	671	17787.692711936877	3
10	672	17823.474350178392	3
10	677	17883.174054543928	3
10	681	17927.448563994241	3
10	683	17967.363720412787	3
10	686	18001.866349868196	3
10	702	18280.129444474058	3
10	710	18442.676000924804	3
10	721	18578.949961340903	3
10	733	18711.838250545472	3
10	741	18845.264467111497	3
10	742	18866.44071836391	3
10	744	18910.299185164067	3
10	758	19103.103016311652	3
10	764	19206.043530179176	3
10	772	19320.950457887419	3
10	784	19868.803168016603	3
10	786	19956.183344676548	3
11	68	1018.468048312142	1154
11	71	1107.784030322825	1153
11	75	1183.14748774936	1155
11	80	1237.0308942028	1157
11	94	1475.372234406437	1160
11	95	1491.925233800356	1161
11	97	1512.447843636124	1158
11	111	2028.059159239768	1163
11	112	2053.972097335374	1165
11	118	2181.036847791659	1166
11	119	2189.235580996487	1164
11	130	2404.107958150657	1167
11	131	2426.174093306222	1168
11	147	2971.84925753065	1172
11	152	3142.818905035357	1173
11	154	3161.341066058333	1171
11	163	3355.257949498864	1174
11	168	3465.850546134182	1176
11	180	3991.962320819399	1179
11	194	4537.040683359908	1182
11	202	4736.042534048059	1184
11	213	5145.088647108291	1186
11	220	5437.131457195836	1188
11	222	5516.627992014871	1189
11	230	5637.362643352669	1190
11	242	5929.775640407541	1192
11	243	5956.65994433424	1193
11	247	6108.038360519503	1194
11	255	6441.696083095032	1195
11	260	6713.030556213063	1197
11	265	6837.1034144181	1198
11	277	7059.858626194258	1201
11	278	7083.780940458018	1200
11	281	7158.747630369638	1202
11	288	7291.024165878298	1203
11	295	7521.182610443911	1204
11	309	8018.76784352931	1206
11	311	8051.503300704785	1208
11	312	8080.758035101528	1207
11	315	8137.906405988376	1205
11	318	8213.235378645903	1209
11	328	8472.391527392335	1211
11	330	8566.208925032503	1210
11	338	9016.555912889911	1212
11	344	9347.143037910206	1213
11	348	9464.073198985038	1214
11	369	9985.08020092929	1217
11	382	10196.947495118544	1219
11	383	10227.610285976921	1223
11	398	10573.134302561193	1225
11	400	10576.393812078152	1224
11	407	10882.997074185954	1227
11	411	11154.367151844724	1228
11	417	11495.210147173298	1230
11	426	12180.423000490985	1232
11	446	12502.680381927113	1235
11	450	12545.046314291308	1238
11	452	12566.373201879369	1239
11	455	12622.613804578209	1233
11	457	12642.104286405493	1237
11	465	12729.406105387557	1241
11	469	12823.32334537368	1242
11	476	12992.870974897719	1243
11	487	13165.252133606976	1244
11	491	13329.814638388791	1245
11	492	13333.679397823212	1246
11	499	13852.496666282311	1248
11	516	14525.530560844211	1250
11	517	14586.222496102186	1252
11	527	14795.527247591641	1255
11	534	14952.01770359037	1254
11	539	15121.883302064797	1256
11	544	15255.844434415813	1257
11	558	15552.497276862689	1260
11	559	15561.054539799959	1262
11	560	15563.992527425243	1259
11	569	15682.785557828911	1264
11	570	15750.555242977604	1263
11	581	15903.890111342135	1266
11	599	16776.342731604428	1268
11	601	16831.28161806366	1269
11	603	16867.45692757505	1270
11	619	17046.319153118529	1272
11	622	17115.017970271411	1273
11	625	17127.39363538951	1275
11	626	17132.159426221846	1271
11	630	17198.093569314412	1277
11	632	17225.998148982194	1276
11	649	17430.458745894292	1278
11	671	17787.692711936877	1284
11	672	17823.474350178392	1285
11	677	17883.174054543928	1286
11	681	17927.448563994241	1287
11	683	17967.363720412787	1282
11	686	18001.866349868196	1289
11	702	18280.129444474058	1291
11	710	18442.676000924804	1290
11	721	18578.949961340903	1293
11	733	18711.838250545472	1299
11	741	18845.264467111497	1300
11	742	18866.44071836391	1295
11	744	18910.299185164067	1297
11	758	19103.103016311652	1304
11	764	19206.043530179176	1301
11	772	19320.950457887419	1302
11	784	19868.803168016603	1308
11	786	19956.183344676548	1306
12	78	1224.468048312142	409
12	92	1443.0308942028	306
12	104	1718.447843636124	512
12	122	2234.059159239768	409
12	123	2259.972097335374	306
12	129	2395.235580996487	512
12	161	3348.818905035357	306
12	233	5722.627992014871	306
12	269	6919.030556213063	409
12	380	10191.08020092929	512
12	405	10779.134302561193	409
12	462	12708.680381927113	409
12	501	14058.496666282311	306
12	574	15769.992527425243	512
12	612	16982.342731604428	409
12	643	17333.39363538951	409
12	648	17404.093569314412	306
12	652	17489.371197005477	203
12	687	18029.474350178392	409
12	736	18784.949961340903	512
12	747	18917.838250545472	306
12	760	19116.299185164067	512
13	78	1224.468048312142	9
13	92	1443.0308942028	6
13	104	1718.447843636124	12
13	122	2234.059159239768	9
13	123	2259.972097335374	6
13	129	2395.235580996487	12
13	161	3348.818905035357	6
13	233	5722.627992014871	6
13	269	6919.030556213063	9
13	380	10191.08020092929	12
13	405	10779.134302561193	9
13	462	12708.680381927113	9
13	501	14058.496666282311	6
13	574	15769.992527425243	12
13	612	16982.342731604428	9
13	643	17333.39363538951	9
13	648	17404.093569314412	6
13	652	17489.371197005477	3
13	687	18029.474350178392	9
13	736	18784.949961340903	12
13	747	18917.838250545472	6
13	760	19116.299185164067	12
14	78	1224.468048312142	3
14	92	1443.0308942028	2
14	104	1718.447843636124	4
14	122	2234.059159239768	3
14	123	2259.972097335374	2
14	129	2395.235580996487	4
14	161	3348.818905035357	2
14	233	5722.627992014871	2
14	269	6919.030556213063	3
14	380	10191.08020092929	4
14	405	10779.134302561193	3
14	462	12708.680381927113	3
14	501	14058.496666282311	2
14	574	15769.992527425243	4
14	612	16982.342731604428	3
14	643	17333.39363538951	3
14	648	17404.093569314412	2
14	652	17489.371197005477	1
14	687	18029.474350178392	3
14	736	18784.949961340903	4
14	747	18917.838250545472	2
14	760	19116.299185164067	4
15	105	1800.925233800356	512
15	175	3855.277317676516	203
15	201	4718.343537005494	306
15	206	4846.040683359908	409
15	329	8522.235378645903	512
15	343	9325.555912889911	512
15	390	10401.414245193541	306
15	397	10536.610285976921	409
15	423	11804.210147173298	409
15	445	12489.423000490985	409
15	447	12510.364484893697	203
15	529	14819.519463565353	306
15	538	15104.527247591641	409
15	564	15648.732893486641	203
15	579	15861.497276862689	512
15	627	17140.28161806366	409
15	629	17176.45692757505	409
15	658	17587.295838123685	306
15	666	17739.458745894292	512
15	728	18678.746887132295	203
16	105	1800.925233800356	12
16	175	3855.277317676516	3
16	201	4718.343537005494	6
16	206	4846.040683359908	9
16	329	8522.235378645903	12
16	343	9325.555912889911	12
16	390	10401.414245193541	6
16	397	10536.610285976921	9
16	423	11804.210147173298	9
16	445	12489.423000490985	9
16	447	12510.364484893697	3
16	529	14819.519463565353	6
16	538	15104.527247591641	9
16	564	15648.732893486641	3
16	579	15861.497276862689	12
16	627	17140.28161806366	9
16	629	17176.45692757505	9
16	658	17587.295838123685	6
16	666	17739.458745894292	12
16	728	18678.746887132295	3
17	105	1800.925233800356	4
17	175	3855.277317676516	1
17	201	4718.343537005494	2
17	206	4846.040683359908	3
17	329	8522.235378645903	4
17	343	9325.555912889911	4
17	390	10401.414245193541	2
17	397	10536.610285976921	3
17	423	11804.210147173298	3
17	445	12489.423000490985	3
17	447	12510.364484893697	1
17	529	14819.519463565353	2
17	538	15104.527247591641	3
17	564	15648.732893486641	1
17	579	15861.497276862689	4
17	627	17140.28161806366	3
17	629	17176.45692757505	3
17	658	17587.295838123685	2
17	666	17739.458745894292	4
17	728	18678.746887132295	1
18	166	3457.172407830085	203
18	200	4717.032510309141	203
18	212	5045.042534048059	409
18	237	5746.131457195836	409
18	239	5832.718324691403	306
18	354	9656.143037910206	409
18	372	10033.408733043273	203
18	467	12774.943847775218	203
18	485	13132.32334537368	409
18	497	13541.123717272561	203
18	513	14449.610096682953	306
18	531	14895.222496102186	409
18	587	16059.555242977604	512
18	588	16061.426235244884	306
18	634	17228.242793459881	306
18	676	17873.852399235384	306
18	691	18096.692711936877	512
18	695	18158.296078738233	306
18	745	18910.561384802587	306
18	768	19264.316035723247	306
19	166	3457.172407830085	3
19	200	4717.032510309141	3
19	212	5045.042534048059	9
19	237	5746.131457195836	9
19	239	5832.718324691403	6
19	354	9656.143037910206	9
19	372	10033.408733043273	3
19	467	12774.943847775218	3
19	485	13132.32334537368	9
19	497	13541.123717272561	3
19	513	14449.610096682953	6
19	531	14895.222496102186	9
19	587	16059.555242977604	12
19	588	16061.426235244884	6
19	634	17228.242793459881	6
19	676	17873.852399235384	6
19	691	18096.692711936877	12
19	695	18158.296078738233	6
19	745	18910.561384802587	6
19	768	19264.316035723247	6
20	166	3457.172407830085	1
20	200	4717.032510309141	1
20	212	5045.042534048059	3
20	237	5746.131457195836	3
20	239	5832.718324691403	2
20	354	9656.143037910206	3
20	372	10033.408733043273	1
20	467	12774.943847775218	1
20	485	13132.32334537368	3
20	497	13541.123717272561	1
20	513	14449.610096682953	2
20	531	14895.222496102186	3
20	587	16059.555242977604	4
20	588	16061.426235244884	2
20	634	17228.242793459881	2
20	676	17873.852399235384	2
20	691	18096.692711936877	4
20	695	18158.296078738233	2
20	745	18910.561384802587	2
20	768	19264.316035723247	2
21	79	1227.119248736383	203
21	145	2902.401021219693	409
21	177	3877.850546134182	512
21	188	4403.962320819399	512
21	210	4953.586742214779	306
21	280	7153.356486801425	409
21	285	7249.1034144181	512
21	296	7570.747630369638	512
21	327	8463.503300704785	512
21	368	9953.039674230395	203
21	459	12651.427622739315	409
21	486	13141.406105387557	512
21	568	15667.844434415813	512
21	584	15973.054539799959	512
21	704	18339.448563994241	512
21	723	18593.790641843237	409
21	767	19257.264467111497	512
22	79	1227.119248736383	3
22	145	2902.401021219693	9
22	177	3877.850546134182	12
22	188	4403.962320819399	12
22	210	4953.586742214779	6
22	280	7153.356486801425	9
22	285	7249.1034144181	12
22	296	7570.747630369638	12
22	327	8463.503300704785	12
22	368	9953.039674230395	3
22	459	12651.427622739315	9
22	486	13141.406105387557	12
22	568	15667.844434415813	12
22	584	15973.054539799959	12
22	704	18339.448563994241	12
22	723	18593.790641843237	9
22	767	19257.264467111497	12
23	79	1227.119248736383	1
23	145	2902.401021219693	3
23	177	3877.850546134182	4
23	188	4403.962320819399	4
23	210	4953.586742214779	2
23	280	7153.356486801425	3
23	285	7249.1034144181	4
23	296	7570.747630369638	4
23	327	8463.503300704785	4
23	368	9953.039674230395	1
23	459	12651.427622739315	3
23	486	13141.406105387557	4
23	568	15667.844434415813	4
23	584	15973.054539799959	4
23	704	18339.448563994241	4
23	723	18593.790641843237	3
23	767	19257.264467111497	4
24	103	1703.672227772437	306
24	142	2850.367407439461	306
24	165	3383.84925753065	512
24	181	4082.623061900097	306
24	190	4420.870203320207	306
24	232	5695.768007606555	409
24	256	6505.755205106766	203
24	299	7703.024165878298	512
24	336	8884.391527392335	512
24	373	10033.791454822592	409
24	418	11589.541261843139	306
24	511	14410.016820918937	306
24	593	16315.890111342135	512
24	594	16334.28680660796	306
24	669	17773.494534547825	409
24	730	18692.129444474058	512
24	777	19601.181398144073	409
25	103	1703.672227772437	6
25	142	2850.367407439461	6
25	165	3383.84925753065	12
25	181	4082.623061900097	6
25	190	4420.870203320207	6
25	232	5695.768007606555	9
25	256	6505.755205106766	3
25	299	7703.024165878298	12
25	336	8884.391527392335	12
25	373	10033.791454822592	9
25	418	11589.541261843139	6
25	511	14410.016820918937	6
25	593	16315.890111342135	12
25	594	16334.28680660796	6
25	669	17773.494534547825	9
25	730	18692.129444474058	12
25	777	19601.181398144073	9
26	103	1703.672227772437	2
26	142	2850.367407439461	2
26	165	3383.84925753065	4
26	181	4082.623061900097	2
26	190	4420.870203320207	2
26	232	5695.768007606555	3
26	256	6505.755205106766	1
26	299	7703.024165878298	4
26	336	8884.391527392335	4
26	373	10033.791454822592	3
26	418	11589.541261843139	2
26	511	14410.016820918937	2
26	593	16315.890111342135	4
26	594	16334.28680660796	2
26	669	17773.494534547825	3
26	730	18692.129444474058	4
26	777	19601.181398144073	3
27	77	1210.784030322825	512
27	98	1578.372234406437	306
27	134	2529.174093306222	306
27	167	3458.257949498864	409
27	245	6032.775640407541	409
27	250	6211.038360519503	306
27	351	9567.073198985038	306
27	404	10679.393812078152	512
27	409	10985.997074185954	512
27	458	12648.046314291308	306
27	466	12745.104286405493	409
27	482	13095.870974897719	306
27	519	14628.530560844211	512
27	575	15785.785557828911	203
27	631	17218.017970271411	306
27	642	17328.998148982194	306
27	684	17986.174054543928	203
27	717	18545.676000924804	409
27	750	18969.44071836391	512
27	770	19309.043530179176	512
27	774	19423.950457887419	512
28	77	1210.784030322825	12
28	98	1578.372234406437	6
28	134	2529.174093306222	6
28	167	3458.257949498864	9
28	245	6032.775640407541	9
28	250	6211.038360519503	6
28	351	9567.073198985038	6
28	404	10679.393812078152	12
28	409	10985.997074185954	12
28	458	12648.046314291308	6
28	466	12745.104286405493	9
28	482	13095.870974897719	6
28	519	14628.530560844211	12
28	575	15785.785557828911	3
28	631	17218.017970271411	6
28	642	17328.998148982194	6
28	684	17986.174054543928	3
28	717	18545.676000924804	9
28	750	18969.44071836391	12
28	770	19309.043530179176	12
28	774	19423.950457887419	12
29	77	1210.784030322825	4
29	98	1578.372234406437	2
29	134	2529.174093306222	2
29	167	3458.257949498864	3
29	245	6032.775640407541	3
29	250	6211.038360519503	2
29	351	9567.073198985038	2
29	404	10679.393812078152	4
29	409	10985.997074185954	4
29	458	12648.046314291308	2
29	466	12745.104286405493	3
29	482	13095.870974897719	2
29	519	14628.530560844211	4
29	575	15785.785557828911	1
29	631	17218.017970271411	2
29	642	17328.998148982194	2
29	684	17986.174054543928	1
29	717	18545.676000924804	3
29	750	18969.44071836391	4
29	770	19309.043530179176	4
29	774	19423.950457887419	4
30	83	1286.14748774936	409
30	133	2507.107958150657	409
30	159	3264.341066058333	512
30	214	5248.088647108291	306
30	236	5740.362643352669	306
30	258	6544.696083095032	409
30	282	7162.858626194258	306
30	298	7624.182610443911	306
30	314	8121.76784352931	306
30	317	8183.758035101528	306
30	319	8240.906405988376	512
30	332	8669.208925032503	306
30	386	10299.947495118544	512
30	412	11257.367151844724	306
30	460	12669.373201879369	306
30	464	12725.613804578209	512
30	490	13268.252133606976	409
30	494	13432.814638388791	409
30	495	13436.679397823212	409
30	542	15224.883302064797	512
30	690	18070.363720412787	512
31	83	1286.14748774936	9
31	133	2507.107958150657	9
31	159	3264.341066058333	12
31	214	5248.088647108291	6
31	236	5740.362643352669	6
31	258	6544.696083095032	9
31	282	7162.858626194258	6
31	298	7624.182610443911	6
31	314	8121.76784352931	6
31	317	8183.758035101528	6
31	319	8240.906405988376	12
31	332	8669.208925032503	6
31	386	10299.947495118544	12
31	412	11257.367151844724	6
31	460	12669.373201879369	6
31	464	12725.613804578209	12
31	490	13268.252133606976	9
31	494	13432.814638388791	9
31	495	13436.679397823212	9
31	542	15224.883302064797	12
31	690	18070.363720412787	12
32	83	1286.14748774936	3
32	133	2507.107958150657	3
32	159	3264.341066058333	4
32	214	5248.088647108291	2
32	236	5740.362643352669	2
32	258	6544.696083095032	3
32	282	7162.858626194258	2
32	298	7624.182610443911	2
32	314	8121.76784352931	2
32	317	8183.758035101528	2
32	319	8240.906405988376	4
32	332	8669.208925032503	2
32	386	10299.947495118544	4
32	412	11257.367151844724	2
32	460	12669.373201879369	2
32	464	12725.613804578209	4
32	490	13268.252133606976	3
32	494	13432.814638388791	3
32	495	13436.679397823212	3
32	542	15224.883302064797	4
32	690	18070.363720412787	4
33	93	1444.968927255559	203
33	128	2387.036847791659	306
33	249	6162.65994433424	306
33	287	7289.780940458018	512
33	353	9628.619781333285	203
33	377	10120.623305916288	203
33	401	10629.387343323694	203
33	424	11904.085297904881	203
33	541	15158.01770359037	512
33	552	15450.7288865657	203
33	637	17252.319153118529	409
33	644	17338.159426221846	512
33	698	18207.866349868196	306
33	718	18554.042685052725	203
33	771	19309.103016311652	306
34	93	1444.968927255559	3
34	128	2387.036847791659	6
34	249	6162.65994433424	6
34	287	7289.780940458018	12
34	353	9628.619781333285	3
34	377	10120.623305916288	3
34	401	10629.387343323694	3
34	424	11904.085297904881	3
34	541	15158.01770359037	12
34	552	15450.7288865657	3
34	637	17252.319153118529	9
34	644	17338.159426221846	12
34	698	18207.866349868196	6
34	718	18554.042685052725	3
34	771	19309.103016311652	6
35	93	1444.968927255559	1
35	128	2387.036847791659	2
35	249	6162.65994433424	2
35	287	7289.780940458018	4
35	353	9628.619781333285	1
35	377	10120.623305916288	1
35	401	10629.387343323694	1
35	424	11904.085297904881	1
35	541	15158.01770359037	4
35	552	15450.7288865657	1
35	637	17252.319153118529	3
35	644	17338.159426221846	4
35	698	18207.866349868196	2
35	718	18554.042685052725	1
35	771	19309.103016311652	2

