version 3
run LightLoad_Circle-29-20260126-10:58:55-289
attr configname LightLoad_Circle
attr datetime 20260126-10:58:55
attr datetimef 20260126-105855
attr experiment LightLoad_Circle
attr inifile simulations/nwsim_project/omnetpp.ini
attr iterationvars ""
attr iterationvarsd ""
attr iterationvarsf ""
attr measurement ""
attr network CrossTraffic
attr processid 289
attr repetition 29
attr replication #29
attr resultdir results
attr runnumber 29
attr seedset 29
config description "Light Load - Circle Mode"
config *.Junc*.junctionMode "\"circle\""
config *.EndNW.spawnInterval exponential(800s)
config *.EndNE.spawnInterval exponential(1200s)
config *.EndEN.spawnInterval exponential(1000s)
config *.EndES.spawnInterval exponential(1500s)
config *.EndSE.spawnInterval exponential(900s)
config *.EndSW.spawnInterval exponential(1000s)
config *.EndWS.spawnInterval exponential(1200s)
config *.EndWN.spawnInterval exponential(1400s)
config network CrossTraffic
config sim-time-limit 20000s
config warmup-period 1000s
config repeat 50
config **.scalar-recording true
config **.vector-recording true
config *.Junc*.junctionMode "\"queue\""
config *.EndNW.spawnInterval exponential(800s)
config *.EndNE.spawnInterval exponential(1200s)
config *.EndEN.spawnInterval exponential(1000s)
config *.EndES.spawnInterval exponential(1500s)
config *.EndSE.spawnInterval exponential(900s)
config *.EndSW.spawnInterval exponential(1100s)
config *.EndWS.spawnInterval exponential(1300s)
config *.EndWN.spawnInterval exponential(1400s)

vector 0 CrossTraffic.JuncNW queueLength:vector ETV
attr interpolationmode sample-hold
attr recordingmode vector
attr source queueLength
attr title "Queue Length"
vector 1 CrossTraffic.JuncNW junctionProcessingTime:vector ETV
attr recordingmode vector
attr source junctionProcessingTime
attr title "Junction Processing Time"
vector 2 CrossTraffic.JuncNW vehicleCount:vector ETV
attr recordingmode vector
attr source vehicleCount
attr title "Vehicle Count"
vector 3 CrossTraffic.JuncNE queueLength:vector ETV
attr interpolationmode sample-hold
attr recordingmode vector
attr source queueLength
attr title "Queue Length"
vector 4 CrossTraffic.JuncNE junctionProcessingTime:vector ETV
attr recordingmode vector
attr source junctionProcessingTime
attr title "Junction Processing Time"
vector 5 CrossTraffic.JuncNE vehicleCount:vector ETV
attr recordingmode vector
attr source vehicleCount
attr title "Vehicle Count"
vector 6 CrossTraffic.JuncSE queueLength:vector ETV
attr interpolationmode sample-hold
attr recordingmode vector
attr source queueLength
attr title "Queue Length"
vector 7 CrossTraffic.JuncSE junctionProcessingTime:vector ETV
attr recordingmode vector
attr source junctionProcessingTime
attr title "Junction Processing Time"
vector 8 CrossTraffic.JuncSE vehicleCount:vector ETV
attr recordingmode vector
attr source vehicleCount
attr title "Vehicle Count"
vector 9 CrossTraffic.JuncSW queueLength:vector ETV
attr interpolationmode sample-hold
attr recordingmode vector
attr source queueLength
attr title "Queue Length"
vector 10 CrossTraffic.JuncSW junctionProcessingTime:vector ETV
attr recordingmode vector
attr source junctionProcessingTime
attr title "Junction Processing Time"
vector 11 CrossTraffic.JuncSW vehicleCount:vector ETV
attr recordingmode vector
attr source vehicleCount
attr title "Vehicle Count"
vector 12 CrossTraffic.EndNW travelTime:vector ETV
attr recordingmode vector
attr source travelTime
attr title "Vehicle Travel Time"
vector 13 CrossTraffic.EndNW junctionTime:vector ETV
attr recordingmode vector
attr source junctionTime
attr title "Total Junction Time per Vehicle"
vector 14 CrossTraffic.EndNW junctionCount:vector ETV
attr recordingmode vector
attr source junctionCount
attr title "Junctions Visited per Vehicle"
vector 15 CrossTraffic.EndNE travelTime:vector ETV
attr recordingmode vector
attr source travelTime
attr title "Vehicle Travel Time"
vector 16 CrossTraffic.EndNE junctionTime:vector ETV
attr recordingmode vector
attr source junctionTime
attr title "Total Junction Time per Vehicle"
vector 17 CrossTraffic.EndNE junctionCount:vector ETV
attr recordingmode vector
attr source junctionCount
attr title "Junctions Visited per Vehicle"
vector 18 CrossTraffic.EndEN travelTime:vector ETV
attr recordingmode vector
attr source travelTime
attr title "Vehicle Travel Time"
vector 19 CrossTraffic.EndEN junctionTime:vector ETV
attr recordingmode vector
attr source junctionTime
attr title "Total Junction Time per Vehicle"
vector 20 CrossTraffic.EndEN junctionCount:vector ETV
attr recordingmode vector
attr source junctionCount
attr title "Junctions Visited per Vehicle"
vector 21 CrossTraffic.EndES travelTime:vector ETV
attr recordingmode vector
attr source travelTime
attr title "Vehicle Travel Time"
vector 22 CrossTraffic.EndES junctionTime:vector ETV
attr recordingmode vector
attr source junctionTime
attr title "Total Junction Time per Vehicle"
vector 23 CrossTraffic.EndES junctionCount:vector ETV
attr recordingmode vector
attr source junctionCount
attr title "Junctions Visited per Vehicle"
vector 24 CrossTraffic.EndSE travelTime:vector ETV
attr recordingmode vector
attr source travelTime
attr title "Vehicle Travel Time"
vector 25 CrossTraffic.EndSE junctionTime:vector ETV
attr recordingmode vector
attr source junctionTime
attr title "Total Junction Time per Vehicle"
vector 26 CrossTraffic.EndSE junctionCount:vector ETV
attr recordingmode vector
attr source junctionCount
attr title "Junctions Visited per Vehicle"
vector 27 CrossTraffic.EndSW travelTime:vector ETV
attr recordingmode vector
attr source travelTime
attr title "Vehicle Travel Time"
vector 28 CrossTraffic.EndSW junctionTime:vector ETV
attr recordingmode vector
attr source junctionTime
attr title "Total Junction Time per Vehicle"
vector 29 CrossTraffic.EndSW junctionCount:vector ETV
attr recordingmode vector
attr source junctionCount
attr title "Junctions Visited per Vehicle"
vector 30 CrossTraffic.EndWS travelTime:vector ETV
attr recordingmode vector
attr source travelTime
attr title "Vehicle Travel Time"
vector 31 CrossTraffic.EndWS junctionTime:vector ETV
attr recordingmode vector
attr source junctionTime
attr title "Total Junction Time per Vehicle"
vector 32 CrossTraffic.EndWS junctionCount:vector ETV
attr recordingmode vector
attr source junctionCount
attr title "Junctions Visited per Vehicle"
vector 33 CrossTraffic.EndWN travelTime:vector ETV
attr recordingmode vector
attr source travelTime
attr title "Vehicle Travel Time"
vector 34 CrossTraffic.EndWN junctionTime:vector ETV
attr recordingmode vector
attr source junctionTime
attr title "Total Junction Time per Vehicle"
vector 35 CrossTraffic.EndWN junctionCount:vector ETV
attr recordingmode vector
attr source junctionCount
attr title "Junctions Visited per Vehicle"
0	81	1343.920542052082	0
0	86	1502.940897528526	0
0	100	2044.832605491215	0
0	108	2298.61564153249	0
0	109	2389.311734983522	0
0	124	2858.61456705987	0
0	129	2964.901157932821	0
0	130	2982.957633089012	0
0	139	3196.035484519495	0
0	144	3368.364992109159	0
0	152	3580.130071745336	0
0	171	4043.554538665982	0
0	173	4075.001285120189	0
0	185	4401.922598445333	0
0	186	4407.979353986643	0
0	196	4721.784126441081	0
0	197	4776.421353913391	0
0	215	5305.730938157724	0
0	228	6059.240442260904	0
0	229	6078.221796314591	0
0	230	6094.017014650003	0
0	242	6468.342552901143	0
0	247	6926.34831507506	0
0	250	7032.131354710933	0
0	260	7440.680107972899	0
0	261	7449.916558105253	0
0	266	7593.414331492902	0
0	271	7719.668321745629	0
0	286	7938.88309136013	0
0	287	7957.490543444173	0
0	289	7984.27107164785	0
0	302	8214.274946818841	0
0	303	8218.739170985708	0
0	314	8429.273887548309	0
0	318	8519.564371181101	0
0	329	8879.46067095584	0
0	337	9246.718877432677	0
0	349	9726.235576672308	0
0	352	9998.018402122525	0
0	363	10671.022441378767	0
0	364	10715.669314689685	0
0	365	10718.669522060273	0
0	379	11397.090124603132	0
0	385	11550.960290430184	0
0	391	11657.115005678325	0
0	397	11802.915588277956	0
0	403	11952.160436274236	0
0	405	12041.951867269737	0
0	421	12606.888074402718	0
0	430	12875.882496647099	0
0	433	12959.669031887818	0
0	436	12986.992057326581	0
0	447	13284.47587531633	0
0	459	13633.228689311011	0
0	460	13651.344884577069	0
0	462	13707.756522476977	0
0	466	13793.472369486397	0
0	467	13808.793026907968	0
0	477	14133.574943319561	0
0	495	14449.094523660232	0
0	497	14467.807208195123	0
0	502	14558.547757154518	0
0	505	14602.198342679092	0
0	515	14795.597200593659	0
0	539	15501.359070002782	0
0	542	15528.482186904115	0
0	548	15672.934509937911	0
0	550	15739.530725857445	0
0	562	16058.092567094573	0
0	573	16299.486082925772	0
0	581	16446.633947332011	0
0	584	16502.703296373227	0
0	603	17067.054425433211	0
0	605	17094.462382070275	0
0	607	17187.029211344436	0
0	615	17396.71826826309	0
0	616	17426.79910449237	0
0	633	17741.177681297786	0
0	635	17796.562029250475	0
0	641	17930.047846091442	0
0	643	17983.571086002698	0
0	650	18347.592407772336	0
0	656	18581.893289747951	0
0	657	18653.864723848096	0
0	663	18842.093077873928	0
0	671	19045.898899104743	0
0	679	19757.074195169941	0
1	81	1343.920542052082	3
1	86	1502.940897528526	3
1	100	2044.832605491215	3
1	108	2298.61564153249	3
1	109	2389.311734983522	3
1	124	2858.61456705987	3
1	129	2964.901157932821	3
1	130	2982.957633089012	3
1	139	3196.035484519495	3
1	144	3368.364992109159	3
1	152	3580.130071745336	3
1	171	4043.554538665982	3
1	173	4075.001285120189	3
1	185	4401.922598445333	3
1	186	4407.979353986643	3
1	196	4721.784126441081	3
1	197	4776.421353913391	3
1	215	5305.730938157724	3
1	228	6059.240442260904	3
1	229	6078.221796314591	3
1	230	6094.017014650003	3
1	242	6468.342552901143	3
1	247	6926.34831507506	3
1	250	7032.131354710933	3
1	260	7440.680107972899	3
1	261	7449.916558105253	3
1	266	7593.414331492902	3
1	271	7719.668321745629	3
1	286	7938.88309136013	3
1	287	7957.490543444173	3
1	289	7984.27107164785	3
1	302	8214.274946818841	3
1	303	8218.739170985708	3
1	314	8429.273887548309	3
1	318	8519.564371181101	3
1	329	8879.46067095584	3
1	337	9246.718877432677	3
1	349	9726.235576672308	3
1	352	9998.018402122525	3
1	363	10671.022441378767	3
1	364	10715.669314689685	3
1	365	10718.669522060273	3
1	379	11397.090124603132	3
1	385	11550.960290430184	3
1	391	11657.115005678325	3
1	397	11802.915588277956	3
1	403	11952.160436274236	3
1	405	12041.951867269737	3
1	421	12606.888074402718	3
1	430	12875.882496647099	3
1	433	12959.669031887818	3
1	436	12986.992057326581	3
1	447	13284.47587531633	3
1	459	13633.228689311011	3
1	460	13651.344884577069	3
1	462	13707.756522476977	3
1	466	13793.472369486397	3
1	467	13808.793026907968	3
1	477	14133.574943319561	3
1	495	14449.094523660232	3
1	497	14467.807208195123	3
1	502	14558.547757154518	3
1	505	14602.198342679092	3
1	515	14795.597200593659	3
1	539	15501.359070002782	3
1	542	15528.482186904115	3
1	548	15672.934509937911	3
1	550	15739.530725857445	3
1	562	16058.092567094573	3
1	573	16299.486082925772	3
1	581	16446.633947332011	3
1	584	16502.703296373227	3
1	603	17067.054425433211	3
1	605	17094.462382070275	3
1	607	17187.029211344436	3
1	615	17396.71826826309	3
1	616	17426.79910449237	3
1	633	17741.177681297786	3
1	635	17796.562029250475	3
1	641	17930.047846091442	3
1	643	17983.571086002698	3
1	650	18347.592407772336	3
1	656	18581.893289747951	3
1	657	18653.864723848096	3
1	663	18842.093077873928	3
1	671	19045.898899104743	3
1	679	19757.074195169941	3
2	81	1343.920542052082	4620
2	86	1502.940897528526	4623
2	100	2044.832605491215	4625
2	108	2298.61564153249	4627
2	109	2389.311734983522	4628
2	124	2858.61456705987	4629
2	129	2964.901157932821	4630
2	130	2982.957633089012	4632
2	139	3196.035484519495	4634
2	144	3368.364992109159	4635
2	152	3580.130071745336	4636
2	171	4043.554538665982	4641
2	173	4075.001285120189	4640
2	185	4401.922598445333	4644
2	186	4407.979353986643	4645
2	196	4721.784126441081	4647
2	197	4776.421353913391	4648
2	215	5305.730938157724	4651
2	228	6059.240442260904	4653
2	229	6078.221796314591	4655
2	230	6094.017014650003	4654
2	242	6468.342552901143	4657
2	247	6926.34831507506	4658
2	250	7032.131354710933	4659
2	260	7440.680107972899	4661
2	261	7449.916558105253	4662
2	266	7593.414331492902	4660
2	271	7719.668321745629	4663
2	286	7938.88309136013	4665
2	287	7957.490543444173	4668
2	289	7984.27107164785	4666
2	302	8214.274946818841	4670
2	303	8218.739170985708	4667
2	314	8429.273887548309	4672
2	318	8519.564371181101	4674
2	329	8879.46067095584	4676
2	337	9246.718877432677	4677
2	349	9726.235576672308	4680
2	352	9998.018402122525	4681
2	363	10671.022441378767	4685
2	364	10715.669314689685	4683
2	365	10718.669522060273	4684
2	379	11397.090124603132	4687
2	385	11550.960290430184	4689
2	391	11657.115005678325	4690
2	397	11802.915588277956	4688
2	403	11952.160436274236	4693
2	405	12041.951867269737	4692
2	421	12606.888074402718	4697
2	430	12875.882496647099	4698
2	433	12959.669031887818	4700
2	436	12986.992057326581	4699
2	447	13284.47587531633	4701
2	459	13633.228689311011	4702
2	460	13651.344884577069	4704
2	462	13707.756522476977	4703
2	466	13793.472369486397	4705
2	467	13808.793026907968	4706
2	477	14133.574943319561	4707
2	495	14449.094523660232	4711
2	497	14467.807208195123	4708
2	502	14558.547757154518	4712
2	505	14602.198342679092	4710
2	515	14795.597200593659	4715
2	539	15501.359070002782	4720
2	542	15528.482186904115	4718
2	548	15672.934509937911	4722
2	550	15739.530725857445	4723
2	562	16058.092567094573	4724
2	573	16299.486082925772	4725
2	581	16446.633947332011	4727
2	584	16502.703296373227	4729
2	603	17067.054425433211	4733
2	605	17094.462382070275	4732
2	607	17187.029211344436	4734
2	615	17396.71826826309	4735
2	616	17426.79910449237	4736
2	633	17741.177681297786	4738
2	635	17796.562029250475	4737
2	641	17930.047846091442	4741
2	643	17983.571086002698	4740
2	650	18347.592407772336	4742
2	656	18581.893289747951	4743
2	657	18653.864723848096	4744
2	663	18842.093077873928	4745
2	671	19045.898899104743	4747
2	679	19757.074195169941	4748
3	69	1025.111327442604	0
3	70	1034.920542052082	0
3	82	1389.654760152081	0
3	89	1605.940897528526	0
3	99	2028.331720963677	0
3	103	2147.832605491215	0
3	110	2401.61564153249	0
3	111	2492.311734983522	0
3	117	2655.901157932821	0
3	128	2961.61456705987	0
3	137	3166.690760503069	0
3	142	3271.130071745336	0
3	143	3299.035484519495	0
3	148	3471.364992109159	0
3	158	3683.544125410077	0
3	180	4241.938417888615	0
3	188	4504.922598445333	0
3	199	4824.784126441081	0
3	206	4960.46816088023	0
3	216	5381.684887377392	0
3	232	6181.221796314591	0
3	234	6197.017014650003	0
3	244	6571.342552901143	0
3	249	7029.34831507506	0
3	252	7135.131354710933	0
3	265	7552.916558105253	0
3	274	7765.81834461429	0
3	277	7822.668321745629	0
3	284	7909.739170985708	0
3	292	8041.88309136013	0
3	293	8060.490543444173	0
3	295	8087.27107164785	0
3	307	8317.274946818841	0
3	316	8491.355374006397	0
3	319	8532.273887548309	0
3	322	8622.564371181101	0
3	330	8982.46067095584	0
3	336	9216.536036153828	0
3	339	9349.718877432677	0
3	353	10101.018402122525	0
3	366	10774.022441378767	0
3	367	10818.669314689685	0
3	368	10821.669522060273	0
3	383	11493.915588277956	0
3	384	11500.090124603132	0
3	396	11760.115005678325	0
3	406	12055.160436274236	0
3	408	12144.951867269737	0
3	410	12238.50816109585	0
3	415	12417.117425438459	0
3	424	12709.888074402718	0
3	435	12978.882496647099	0
3	438	13062.669031887818	0
3	441	13089.992057326581	0
3	449	13324.228689311011	0
3	450	13387.47587531633	0
3	468	13810.756522476977	0
3	469	13896.472369486397	0
3	470	13911.793026907968	0
3	478	14158.807208195123	0
3	482	14236.574943319561	0
3	486	14262.108504426442	0
3	487	14293.198342679092	0
3	501	14552.094523660232	0
3	507	14661.547757154518	0
3	514	14772.992471458677	0
3	518	14898.597200593659	0
3	519	14934.490499041449	0
3	525	15134.81218679703	0
3	527	15219.482186904115	0
3	544	15604.359070002782	0
3	551	15775.934509937911	0
3	553	15842.530725857445	0
3	559	15990.486082925772	0
3	565	16137.633947332011	0
3	566	16161.092567094573	0
3	572	16289.793899888156	0
3	582	16473.991242630117	0
3	588	16605.703296373227	0
3	596	16785.462382070275	0
3	598	16878.029211344436	0
3	606	17170.054425433211	0
3	618	17487.562029250475	0
3	619	17499.71826826309	0
3	620	17529.79910449237	0
3	631	17734.661272255261	0
3	644	18033.047846091442	0
3	652	18450.592407772336	0
3	661	18756.864723848096	0
3	666	18893.992012678606	0
3	668	18945.093077873928	0
3	673	19148.898899104743	0
3	682	19860.074195169941	0
3	684	19923.785335189549	0
3	687	19964.838518152978	0
4	69	1025.111327442604	3
4	70	1034.920542052082	3
4	82	1389.654760152081	3
4	89	1605.940897528526	3
4	99	2028.331720963677	3
4	103	2147.832605491215	3
4	110	2401.61564153249	3
4	111	2492.311734983522	3
4	117	2655.901157932821	3
4	128	2961.61456705987	3
4	137	3166.690760503069	3
4	142	3271.130071745336	3
4	143	3299.035484519495	3
4	148	3471.364992109159	3
4	158	3683.544125410077	3
4	180	4241.938417888615	3
4	188	4504.922598445333	3
4	199	4824.784126441081	3
4	206	4960.46816088023	3
4	216	5381.684887377392	3
4	232	6181.221796314591	3
4	234	6197.017014650003	3
4	244	6571.342552901143	3
4	249	7029.34831507506	3
4	252	7135.131354710933	3
4	265	7552.916558105253	3
4	274	7765.81834461429	3
4	277	7822.668321745629	3
4	284	7909.739170985708	3
4	292	8041.88309136013	3
4	293	8060.490543444173	3
4	295	8087.27107164785	3
4	307	8317.274946818841	3
4	316	8491.355374006397	3
4	319	8532.273887548309	3
4	322	8622.564371181101	3
4	330	8982.46067095584	3
4	336	9216.536036153828	3
4	339	9349.718877432677	3
4	353	10101.018402122525	3
4	366	10774.022441378767	3
4	367	10818.669314689685	3
4	368	10821.669522060273	3
4	383	11493.915588277956	3
4	384	11500.090124603132	3
4	396	11760.115005678325	3
4	406	12055.160436274236	3
4	408	12144.951867269737	3
4	410	12238.50816109585	3
4	415	12417.117425438459	3
4	424	12709.888074402718	3
4	435	12978.882496647099	3
4	438	13062.669031887818	3
4	441	13089.992057326581	3
4	449	13324.228689311011	3
4	450	13387.47587531633	3
4	468	13810.756522476977	3
4	469	13896.472369486397	3
4	470	13911.793026907968	3
4	478	14158.807208195123	3
4	482	14236.574943319561	3
4	486	14262.108504426442	3
4	487	14293.198342679092	3
4	501	14552.094523660232	3
4	507	14661.547757154518	3
4	514	14772.992471458677	3
4	518	14898.597200593659	3
4	519	14934.490499041449	3
4	525	15134.81218679703	3
4	527	15219.482186904115	3
4	544	15604.359070002782	3
4	551	15775.934509937911	3
4	553	15842.530725857445	3
4	559	15990.486082925772	3
4	565	16137.633947332011	3
4	566	16161.092567094573	3
4	572	16289.793899888156	3
4	582	16473.991242630117	3
4	588	16605.703296373227	3
4	596	16785.462382070275	3
4	598	16878.029211344436	3
4	606	17170.054425433211	3
4	618	17487.562029250475	3
4	619	17499.71826826309	3
4	620	17529.79910449237	3
4	631	17734.661272255261	3
4	644	18033.047846091442	3
4	652	18450.592407772336	3
4	661	18756.864723848096	3
4	666	18893.992012678606	3
4	668	18945.093077873928	3
4	673	19148.898899104743	3
4	682	19860.074195169941	3
4	684	19923.785335189549	3
4	687	19964.838518152978	3
5	69	1025.111327442604	4619
5	70	1034.920542052082	4620
5	82	1389.654760152081	4622
5	89	1605.940897528526	4623
5	99	2028.331720963677	4626
5	103	2147.832605491215	4625
5	110	2401.61564153249	4627
5	111	2492.311734983522	4628
5	117	2655.901157932821	4630
5	128	2961.61456705987	4629
5	137	3166.690760503069	4633
5	142	3271.130071745336	4636
5	143	3299.035484519495	4634
5	148	3471.364992109159	4635
5	158	3683.544125410077	4637
5	180	4241.938417888615	4643
5	188	4504.922598445333	4644
5	199	4824.784126441081	4647
5	206	4960.46816088023	4650
5	216	5381.684887377392	4652
5	232	6181.221796314591	4655
5	234	6197.017014650003	4654
5	244	6571.342552901143	4657
5	249	7029.34831507506	4658
5	252	7135.131354710933	4659
5	265	7552.916558105253	4662
5	274	7765.81834461429	4664
5	277	7822.668321745629	4663
5	284	7909.739170985708	4667
5	292	8041.88309136013	4665
5	293	8060.490543444173	4668
5	295	8087.27107164785	4666
5	307	8317.274946818841	4670
5	316	8491.355374006397	4673
5	319	8532.273887548309	4672
5	322	8622.564371181101	4674
5	330	8982.46067095584	4676
5	336	9216.536036153828	4678
5	339	9349.718877432677	4677
5	353	10101.018402122525	4681
5	366	10774.022441378767	4685
5	367	10818.669314689685	4683
5	368	10821.669522060273	4684
5	383	11493.915588277956	4688
5	384	11500.090124603132	4687
5	396	11760.115005678325	4690
5	406	12055.160436274236	4693
5	408	12144.951867269737	4692
5	410	12238.50816109585	4694
5	415	12417.117425438459	4695
5	424	12709.888074402718	4697
5	435	12978.882496647099	4698
5	438	13062.669031887818	4700
5	441	13089.992057326581	4699
5	449	13324.228689311011	4702
5	450	13387.47587531633	4701
5	468	13810.756522476977	4703
5	469	13896.472369486397	4705
5	470	13911.793026907968	4706
5	478	14158.807208195123	4708
5	482	14236.574943319561	4707
5	486	14262.108504426442	4709
5	487	14293.198342679092	4710
5	501	14552.094523660232	4711
5	507	14661.547757154518	4712
5	514	14772.992471458677	4714
5	518	14898.597200593659	4715
5	519	14934.490499041449	4716
5	525	15134.81218679703	4717
5	527	15219.482186904115	4718
5	544	15604.359070002782	4720
5	551	15775.934509937911	4722
5	553	15842.530725857445	4723
5	559	15990.486082925772	4725
5	565	16137.633947332011	4727
5	566	16161.092567094573	4724
5	572	16289.793899888156	4728
5	582	16473.991242630117	4730
5	588	16605.703296373227	4729
5	596	16785.462382070275	4732
5	598	16878.029211344436	4734
5	606	17170.054425433211	4733
5	618	17487.562029250475	4737
5	619	17499.71826826309	4735
5	620	17529.79910449237	4736
5	631	17734.661272255261	4739
5	644	18033.047846091442	4741
5	652	18450.592407772336	4742
5	661	18756.864723848096	4744
5	666	18893.992012678606	4746
5	668	18945.093077873928	4745
5	673	19148.898899104743	4747
5	682	19860.074195169941	4748
5	684	19923.785335189549	4749
5	687	19964.838518152978	4751
6	71	1100.998443829816	0
6	72	1128.111327442604	0
6	73	1137.920542052082	0
6	85	1492.654760152081	0
6	90	1674.846418535866	0
6	92	1708.940897528526	0
6	102	2131.331720963677	0
6	116	2652.61456705987	0
6	121	2758.901157932821	0
6	122	2772.62695632195	0
6	123	2776.957633089012	0
6	141	3269.690760503069	0
6	146	3374.130071745336	0
6	147	3402.035484519495	0
6	159	3742.925595205331	0
6	160	3749.60936717125	0
6	162	3786.544125410077	0
6	166	3869.001285120189	0
6	184	4344.938417888615	0
6	191	4607.922598445333	0
6	194	4696.647625193521	0
6	204	4927.784126441081	0
6	205	4939.587697994488	0
6	211	5099.730938157724	0
6	218	5484.684887377392	0
6	223	5853.240442260904	0
6	224	5888.017014650003	0
6	236	6284.221796314591	0
6	237	6289.14373804039	0
6	253	7238.131354710933	0
6	258	7387.414331492902	0
6	263	7513.668321745629	0
6	268	7655.916558105253	0
6	288	7960.835031934319	0
6	291	8012.739170985708	0
6	299	8163.490543444173	0
6	301	8190.27107164785	0
6	310	8377.584230581233	0
6	321	8596.443698100963	0
6	323	8635.273887548309	0
6	332	9085.46067095584	0
6	338	9319.536036153828	0
6	343	9503.198805051379	0
6	370	10877.022441378767	0
6	373	10942.379102566846	0
6	388	11596.915588277956	0
6	398	11835.951867269737	0
6	400	11863.115005678325	0
6	413	12341.50816109585	0
6	418	12514.660005578043	0
6	419	12520.117425438459	0
6	428	12812.888074402718	0
6	439	13078.47587531633	0
6	442	13165.669031887818	0
6	444	13192.992057326581	0
6	452	13427.228689311011	0
6	454	13501.756522476977	0
6	473	14014.793026907968	0
6	485	14261.807208195123	0
6	490	14352.547757154518	0
6	492	14365.108504426442	0
6	494	14396.198342679092	0
6	499	14474.153245799673	0
6	506	14655.094523660232	0
6	517	14875.992471458677	0
6	528	15237.81218679703	0
6	530	15312.810648907058	0
6	532	15322.482186904115	0
6	536	15417.912177684901	0
6	549	15707.359070002782	0
6	563	16093.486082925772	0
6	570	16240.633947332011	0
6	577	16392.793899888156	0
6	585	16504.705365640819	0
6	587	16576.991242630117	0
6	597	16861.054425433211	0
6	599	16888.462382070275	0
6	601	16981.029211344436	0
6	621	17535.177681297786	0
6	622	17590.562029250475	0
6	623	17602.71826826309	0
6	624	17632.79910449237	0
6	634	17777.571086002698	0
6	637	17837.661272255261	0
6	647	18136.047846091442	0
6	654	18553.592407772336	0
6	665	18859.864723848096	0
6	672	19048.093077873928	0
6	677	19551.074195169941	0
6	685	19955.110153849613	0
7	71	1100.998443829816	3
7	72	1128.111327442604	3
7	73	1137.920542052082	3
7	85	1492.654760152081	3
7	90	1674.846418535866	3
7	92	1708.940897528526	3
7	102	2131.331720963677	3
7	116	2652.61456705987	3
7	121	2758.901157932821	3
7	122	2772.62695632195	3
7	123	2776.957633089012	3
7	141	3269.690760503069	3
7	146	3374.130071745336	3
7	147	3402.035484519495	3
7	159	3742.925595205331	3
7	160	3749.60936717125	3
7	162	3786.544125410077	3
7	166	3869.001285120189	3
7	184	4344.938417888615	3
7	191	4607.922598445333	3
7	194	4696.647625193521	3
7	204	4927.784126441081	3
7	205	4939.587697994488	3
7	211	5099.730938157724	3
7	218	5484.684887377392	3
7	223	5853.240442260904	3
7	224	5888.017014650003	3
7	236	6284.221796314591	3
7	237	6289.14373804039	3
7	253	7238.131354710933	3
7	258	7387.414331492902	3
7	263	7513.668321745629	3
7	268	7655.916558105253	3
7	288	7960.835031934319	3
7	291	8012.739170985708	3
7	299	8163.490543444173	3
7	301	8190.27107164785	3
7	310	8377.584230581233	3
7	321	8596.443698100963	3
7	323	8635.273887548309	3
7	332	9085.46067095584	3
7	338	9319.536036153828	3
7	343	9503.198805051379	3
7	370	10877.022441378767	3
7	373	10942.379102566846	3
7	388	11596.915588277956	3
7	398	11835.951867269737	3
7	400	11863.115005678325	3
7	413	12341.50816109585	3
7	418	12514.660005578043	3
7	419	12520.117425438459	3
7	428	12812.888074402718	3
7	439	13078.47587531633	3
7	442	13165.669031887818	3
7	444	13192.992057326581	3
7	452	13427.228689311011	3
7	454	13501.756522476977	3
7	473	14014.793026907968	3
7	485	14261.807208195123	3
7	490	14352.547757154518	3
7	492	14365.108504426442	3
7	494	14396.198342679092	3
7	499	14474.153245799673	3
7	506	14655.094523660232	3
7	517	14875.992471458677	3
7	528	15237.81218679703	3
7	530	15312.810648907058	3
7	532	15322.482186904115	3
7	536	15417.912177684901	3
7	549	15707.359070002782	3
7	563	16093.486082925772	3
7	570	16240.633947332011	3
7	577	16392.793899888156	3
7	585	16504.705365640819	3
7	587	16576.991242630117	3
7	597	16861.054425433211	3
7	599	16888.462382070275	3
7	601	16981.029211344436	3
7	621	17535.177681297786	3
7	622	17590.562029250475	3
7	623	17602.71826826309	3
7	624	17632.79910449237	3
7	634	17777.571086002698	3
7	637	17837.661272255261	3
7	647	18136.047846091442	3
7	654	18553.592407772336	3
7	665	18859.864723848096	3
7	672	19048.093077873928	3
7	677	19551.074195169941	3
7	685	19955.110153849613	3
8	71	1100.998443829816	4621
8	72	1128.111327442604	4619
8	73	1137.920542052082	4620
8	85	1492.654760152081	4622
8	90	1674.846418535866	4624
8	92	1708.940897528526	4623
8	102	2131.331720963677	4626
8	116	2652.61456705987	4629
8	121	2758.901157932821	4630
8	122	2772.62695632195	4631
8	123	2776.957633089012	4632
8	141	3269.690760503069	4633
8	146	3374.130071745336	4636
8	147	3402.035484519495	4634
8	159	3742.925595205331	4638
8	160	3749.60936717125	4639
8	162	3786.544125410077	4637
8	166	3869.001285120189	4640
8	184	4344.938417888615	4643
8	191	4607.922598445333	4644
8	194	4696.647625193521	4646
8	204	4927.784126441081	4647
8	205	4939.587697994488	4649
8	211	5099.730938157724	4651
8	218	5484.684887377392	4652
8	223	5853.240442260904	4653
8	224	5888.017014650003	4654
8	236	6284.221796314591	4655
8	237	6289.14373804039	4656
8	253	7238.131354710933	4659
8	258	7387.414331492902	4660
8	263	7513.668321745629	4663
8	268	7655.916558105253	4662
8	288	7960.835031934319	4669
8	291	8012.739170985708	4667
8	299	8163.490543444173	4668
8	301	8190.27107164785	4666
8	310	8377.584230581233	4671
8	321	8596.443698100963	4675
8	323	8635.273887548309	4672
8	332	9085.46067095584	4676
8	338	9319.536036153828	4678
8	343	9503.198805051379	4679
8	370	10877.022441378767	4685
8	373	10942.379102566846	4686
8	388	11596.915588277956	4688
8	398	11835.951867269737	4692
8	400	11863.115005678325	4690
8	413	12341.50816109585	4694
8	418	12514.660005578043	4696
8	419	12520.117425438459	4695
8	428	12812.888074402718	4697
8	439	13078.47587531633	4701
8	442	13165.669031887818	4700
8	444	13192.992057326581	4699
8	452	13427.228689311011	4702
8	454	13501.756522476977	4703
8	473	14014.793026907968	4706
8	485	14261.807208195123	4708
8	490	14352.547757154518	4712
8	492	14365.108504426442	4709
8	494	14396.198342679092	4710
8	499	14474.153245799673	4713
8	506	14655.094523660232	4711
8	517	14875.992471458677	4714
8	528	15237.81218679703	4717
8	530	15312.810648907058	4719
8	532	15322.482186904115	4718
8	536	15417.912177684901	4721
8	549	15707.359070002782	4720
8	563	16093.486082925772	4725
8	570	16240.633947332011	4727
8	577	16392.793899888156	4728
8	585	16504.705365640819	4731
8	587	16576.991242630117	4730
8	597	16861.054425433211	4733
8	599	16888.462382070275	4732
8	601	16981.029211344436	4734
8	621	17535.177681297786	4738
8	622	17590.562029250475	4737
8	623	17602.71826826309	4735
8	624	17632.79910449237	4736
8	634	17777.571086002698	4740
8	637	17837.661272255261	4739
8	647	18136.047846091442	4741
8	654	18553.592407772336	4742
8	665	18859.864723848096	4744
8	672	19048.093077873928	4745
8	677	19551.074195169941	4748
8	685	19955.110153849613	4750
9	74	1203.998443829816	0
9	75	1231.111327442604	0
9	76	1240.920542052082	0
9	83	1399.940897528526	0
9	88	1595.654760152081	0
9	93	1777.846418535866	0
9	98	1941.832605491215	0
9	104	2195.61564153249	0
9	120	2755.61456705987	0
9	125	2861.901157932821	0
9	127	2879.957633089012	0
9	140	3265.364992109159	0
9	149	3477.130071745336	0
9	150	3505.035484519495	0
9	167	3889.544125410077	0
9	168	3940.554538665982	0
9	169	3972.001285120189	0
9	176	4160.08382642753	0
9	182	4298.922598445333	0
9	183	4304.979353986643	0
9	198	4799.647625193521	0
9	209	5042.587697994488	0
9	213	5202.730938157724	0
9	219	5587.684887377392	0
9	225	5956.240442260904	0
9	227	5991.017014650003	0
9	239	6365.342552901143	0
9	241	6392.14373804039	0
9	262	7490.414331492902	0
9	267	7616.668321745629	0
9	273	7758.916558105253	0
9	278	7835.88309136013	0
9	283	7881.27107164785	0
9	294	8063.835031934319	0
9	296	8111.274946818841	0
9	297	8115.739170985708	0
9	326	8738.273887548309	0
9	334	9143.718877432677	0
9	341	9422.536036153828	0
9	346	9606.198805051379	0
9	347	9623.235576672308	0
9	356	10478.444470591161	0
9	361	10612.669314689685	0
9	362	10615.669522060273	0
9	377	11294.090124603132	0
9	386	11554.115005678325	0
9	387	11577.610362247983	0
9	393	11699.915588277956	0
9	399	11849.160436274236	0
9	402	11938.951867269737	0
9	416	12444.50816109585	0
9	422	12617.660005578043	0
9	431	12883.992057326581	0
9	432	12915.888074402718	0
9	443	13181.47587531633	0
9	455	13530.228689311011	0
9	458	13604.756522476977	0
9	461	13690.472369486397	0
9	476	14117.793026907968	0
9	489	14346.094523660232	0
9	491	14364.807208195123	0
9	496	14455.547757154518	0
9	500	14499.198342679092	0
9	504	14577.153245799673	0
9	533	15340.81218679703	0
9	534	15398.359070002782	0
9	535	15415.810648907058	0
9	537	15425.482186904115	0
9	541	15520.912177684901	0
9	558	15955.092567094573	0
9	564	16132.842856326761	0
9	568	16196.486082925772	0
9	575	16343.633947332011	0
9	578	16399.703296373227	0
9	589	16607.705365640819	0
9	600	16964.054425433211	0
9	602	16991.462382070275	0
9	604	17084.029211344436	0
9	612	17293.71826826309	0
9	626	17638.177681297786	0
9	628	17693.562029250475	0
9	636	17827.047846091442	0
9	639	17880.571086002698	0
9	642	17940.661272255261	0
9	653	18478.893289747951	0
9	667	18942.898899104743	0
9	678	19654.074195169941	0
10	74	1203.998443829816	3
10	75	1231.111327442604	3
10	76	1240.920542052082	3
10	83	1399.940897528526	3
10	88	1595.654760152081	3
10	93	1777.846418535866	3
10	98	1941.832605491215	3
10	104	2195.61564153249	3
10	120	2755.61456705987	3
10	125	2861.901157932821	3
10	127	2879.957633089012	3
10	140	3265.364992109159	3
10	149	3477.130071745336	3
10	150	3505.035484519495	3
10	167	3889.544125410077	3
10	168	3940.554538665982	3
10	169	3972.001285120189	3
10	176	4160.08382642753	3
10	182	4298.922598445333	3
10	183	4304.979353986643	3
10	198	4799.647625193521	3
10	209	5042.587697994488	3
10	213	5202.730938157724	3
10	219	5587.684887377392	3
10	225	5956.240442260904	3
10	227	5991.017014650003	3
10	239	6365.342552901143	3
10	241	6392.14373804039	3
10	262	7490.414331492902	3
10	267	7616.668321745629	3
10	273	7758.916558105253	3
10	278	7835.88309136013	3
10	283	7881.27107164785	3
10	294	8063.835031934319	3
10	296	8111.274946818841	3
10	297	8115.739170985708	3
10	326	8738.273887548309	3
10	334	9143.718877432677	3
10	341	9422.536036153828	3
10	346	9606.198805051379	3
10	347	9623.235576672308	3
10	356	10478.444470591161	3
10	361	10612.669314689685	3
10	362	10615.669522060273	3
10	377	11294.090124603132	3
10	386	11554.115005678325	3
10	387	11577.610362247983	3
10	393	11699.915588277956	3
10	399	11849.160436274236	3
10	402	11938.951867269737	3
10	416	12444.50816109585	3
10	422	12617.660005578043	3
10	431	12883.992057326581	3
10	432	12915.888074402718	3
10	443	13181.47587531633	3
10	455	13530.228689311011	3
10	458	13604.756522476977	3
10	461	13690.472369486397	3
10	476	14117.793026907968	3
10	489	14346.094523660232	3
10	491	14364.807208195123	3
10	496	14455.547757154518	3
10	500	14499.198342679092	3
10	504	14577.153245799673	3
10	533	15340.81218679703	3
10	534	15398.359070002782	3
10	535	15415.810648907058	3
10	537	15425.482186904115	3
10	541	15520.912177684901	3
10	558	15955.092567094573	3
10	564	16132.842856326761	3
10	568	16196.486082925772	3
10	575	16343.633947332011	3
10	578	16399.703296373227	3
10	589	16607.705365640819	3
10	600	16964.054425433211	3
10	602	16991.462382070275	3
10	604	17084.029211344436	3
10	612	17293.71826826309	3
10	626	17638.177681297786	3
10	628	17693.562029250475	3
10	636	17827.047846091442	3
10	639	17880.571086002698	3
10	642	17940.661272255261	3
10	653	18478.893289747951	3
10	667	18942.898899104743	3
10	678	19654.074195169941	3
11	74	1203.998443829816	4621
11	75	1231.111327442604	4619
11	76	1240.920542052082	4620
11	83	1399.940897528526	4623
11	88	1595.654760152081	4622
11	93	1777.846418535866	4624
11	98	1941.832605491215	4625
11	104	2195.61564153249	4627
11	120	2755.61456705987	4629
11	125	2861.901157932821	4630
11	127	2879.957633089012	4632
11	140	3265.364992109159	4635
11	149	3477.130071745336	4636
11	150	3505.035484519495	4634
11	167	3889.544125410077	4637
11	168	3940.554538665982	4641
11	169	3972.001285120189	4640
11	176	4160.08382642753	4642
11	182	4298.922598445333	4644
11	183	4304.979353986643	4645
11	198	4799.647625193521	4646
11	209	5042.587697994488	4649
11	213	5202.730938157724	4651
11	219	5587.684887377392	4652
11	225	5956.240442260904	4653
11	227	5991.017014650003	4654
11	239	6365.342552901143	4657
11	241	6392.14373804039	4656
11	262	7490.414331492902	4660
11	267	7616.668321745629	4663
11	273	7758.916558105253	4662
11	278	7835.88309136013	4665
11	283	7881.27107164785	4666
11	294	8063.835031934319	4669
11	296	8111.274946818841	4670
11	297	8115.739170985708	4667
11	326	8738.273887548309	4672
11	334	9143.718877432677	4677
11	341	9422.536036153828	4678
11	346	9606.198805051379	4679
11	347	9623.235576672308	4680
11	356	10478.444470591161	4682
11	361	10612.669314689685	4683
11	362	10615.669522060273	4684
11	377	11294.090124603132	4687
11	386	11554.115005678325	4690
11	387	11577.610362247983	4691
11	393	11699.915588277956	4688
11	399	11849.160436274236	4693
11	402	11938.951867269737	4692
11	416	12444.50816109585	4694
11	422	12617.660005578043	4696
11	431	12883.992057326581	4699
11	432	12915.888074402718	4697
11	443	13181.47587531633	4701
11	455	13530.228689311011	4702
11	458	13604.756522476977	4703
11	461	13690.472369486397	4705
11	476	14117.793026907968	4706
11	489	14346.094523660232	4711
11	491	14364.807208195123	4708
11	496	14455.547757154518	4712
11	500	14499.198342679092	4710
11	504	14577.153245799673	4713
11	533	15340.81218679703	4717
11	534	15398.359070002782	4720
11	535	15415.810648907058	4719
11	537	15425.482186904115	4718
11	541	15520.912177684901	4721
11	558	15955.092567094573	4724
11	564	16132.842856326761	4726
11	568	16196.486082925772	4725
11	575	16343.633947332011	4727
11	578	16399.703296373227	4729
11	589	16607.705365640819	4731
11	600	16964.054425433211	4733
11	602	16991.462382070275	4732
11	604	17084.029211344436	4734
11	612	17293.71826826309	4735
11	626	17638.177681297786	4738
11	628	17693.562029250475	4737
11	636	17827.047846091442	4741
11	639	17880.571086002698	4740
11	642	17940.661272255261	4739
11	653	18478.893289747951	4743
11	667	18942.898899104743	4747
11	678	19654.074195169941	4748
12	175	4146.554538665982	306
12	177	4178.001285120189	409
12	308	8321.739170985708	512
12	350	9829.235576672308	306
12	390	11653.960290430184	203
12	503	14570.807208195123	512
12	609	17197.462382070275	512
12	638	17844.177681297786	409
12	640	17899.562029250475	512
12	646	18086.571086002698	409
13	175	4146.554538665982	6
13	177	4178.001285120189	9
13	308	8321.739170985708	12
13	350	9829.235576672308	6
13	390	11653.960290430184	3
13	503	14570.807208195123	12
13	609	17197.462382070275	12
13	638	17844.177681297786	9
13	640	17899.562029250475	12
13	646	18086.571086002698	9
14	175	4146.554538665982	2
14	177	4178.001285120189	3
14	308	8321.739170985708	4
14	350	9829.235576672308	2
14	390	11653.960290430184	1
14	503	14570.807208195123	4
14	609	17197.462382070275	4
14	638	17844.177681297786	3
14	640	17899.562029250475	4
14	646	18086.571086002698	3
15	115	2595.311734983522	306
15	131	3064.61456705987	512
15	151	3574.364992109159	409
15	238	6300.017014650003	512
15	245	6674.342552901143	409
15	251	7132.34831507506	306
15	282	7868.81834461429	203
15	313	8420.274946818841	409
15	342	9452.718877432677	409
15	354	10204.018402122525	306
15	371	10921.669314689685	409
15	389	11603.090124603132	409
15	409	12158.160436274236	409
15	513	14764.547757154518	512
15	521	15001.597200593659	306
15	523	15037.490499041449	203
15	555	15878.934509937911	306
15	557	15945.530725857445	306
15	571	16264.092567094573	409
15	610	17273.054425433211	512
15	675	19251.898899104743	409
16	115	2595.311734983522	6
16	131	3064.61456705987	12
16	151	3574.364992109159	9
16	238	6300.017014650003	12
16	245	6674.342552901143	9
16	251	7132.34831507506	6
16	282	7868.81834461429	3
16	313	8420.274946818841	9
16	342	9452.718877432677	9
16	354	10204.018402122525	6
16	371	10921.669314689685	9
16	389	11603.090124603132	9
16	409	12158.160436274236	9
16	513	14764.547757154518	12
16	521	15001.597200593659	6
16	523	15037.490499041449	3
16	555	15878.934509937911	6
16	557	15945.530725857445	6
16	571	16264.092567094573	9
16	610	17273.054425433211	12
16	675	19251.898899104743	9
17	115	2595.311734983522	2
17	131	3064.61456705987	4
17	151	3574.364992109159	3
17	238	6300.017014650003	4
17	245	6674.342552901143	3
17	251	7132.34831507506	2
17	282	7868.81834461429	1
17	313	8420.274946818841	3
17	342	9452.718877432677	3
17	354	10204.018402122525	2
17	371	10921.669314689685	3
17	389	11603.090124603132	3
17	409	12158.160436274236	3
17	513	14764.547757154518	4
17	521	15001.597200593659	2
17	523	15037.490499041449	1
17	555	15878.934509937911	2
17	557	15945.530725857445	2
17	571	16264.092567094573	3
17	610	17273.054425433211	4
17	675	19251.898899104743	3
18	106	2250.832605491215	409
18	112	2504.61564153249	409
18	210	5063.46816088023	203
18	285	7925.668321745629	512
18	298	8144.88309136013	409
18	320	8594.355374006397	203
18	325	8725.564371181101	306
18	372	10924.669522060273	409
18	411	12247.951867269737	512
18	440	13081.882496647099	306
18	453	13490.47587531633	512
18	471	13913.756522476977	512
18	472	13999.472369486397	409
18	488	14339.574943319561	306
18	592	16708.703296373227	409
18	670	18996.992012678606	203
18	686	19963.074195169941	512
19	106	2250.832605491215	9
19	112	2504.61564153249	9
19	210	5063.46816088023	3
19	285	7925.668321745629	12
19	298	8144.88309136013	9
19	320	8594.355374006397	3
19	325	8725.564371181101	6
19	372	10924.669522060273	9
19	411	12247.951867269737	12
19	440	13081.882496647099	6
19	453	13490.47587531633	12
19	471	13913.756522476977	12
19	472	13999.472369486397	9
19	488	14339.574943319561	6
19	592	16708.703296373227	9
19	670	18996.992012678606	3
19	686	19963.074195169941	12
20	106	2250.832605491215	3
20	112	2504.61564153249	3
20	210	5063.46816088023	1
20	285	7925.668321745629	4
20	298	8144.88309136013	3
20	320	8594.355374006397	1
20	325	8725.564371181101	2
20	372	10924.669522060273	3
20	411	12247.951867269737	4
20	440	13081.882496647099	2
20	453	13490.47587531633	4
20	471	13913.756522476977	4
20	472	13999.472369486397	3
20	488	14339.574943319561	2
20	592	16708.703296373227	3
20	670	18996.992012678606	1
20	686	19963.074195169941	4
21	105	2234.331720963677	306
21	164	3845.925595205331	203
21	187	4447.938417888615	306
21	195	4710.922598445333	512
21	208	5030.784126441081	409
21	256	7341.131354710933	409
21	306	8293.27107164785	512
21	315	8480.584230581233	203
21	335	9188.46067095584	409
21	374	10980.022441378767	409
21	375	11045.379102566846	203
21	404	11966.115005678325	512
21	448	13295.992057326581	512
21	498	14468.108504426442	306
21	520	14978.992471458677	306
21	552	15810.359070002782	512
21	583	16495.793899888156	306
21	629	17705.71826826309	512
21	648	18239.047846091442	512
21	658	18656.592407772336	409
21	669	18962.864723848096	409
22	105	2234.331720963677	6
22	164	3845.925595205331	3
22	187	4447.938417888615	6
22	195	4710.922598445333	12
22	208	5030.784126441081	9
22	256	7341.131354710933	9
22	306	8293.27107164785	12
22	315	8480.584230581233	3
22	335	9188.46067095584	9
22	374	10980.022441378767	9
22	375	11045.379102566846	3
22	404	11966.115005678325	12
22	448	13295.992057326581	12
22	498	14468.108504426442	6
22	520	14978.992471458677	6
22	552	15810.359070002782	12
22	583	16495.793899888156	6
22	629	17705.71826826309	12
22	648	18239.047846091442	12
22	658	18656.592407772336	9
22	669	18962.864723848096	9
23	105	2234.331720963677	2
23	164	3845.925595205331	1
23	187	4447.938417888615	2
23	195	4710.922598445333	4
23	208	5030.784126441081	3
23	256	7341.131354710933	3
23	306	8293.27107164785	4
23	315	8480.584230581233	1
23	335	9188.46067095584	3
23	374	10980.022441378767	3
23	375	11045.379102566846	1
23	404	11966.115005678325	4
23	448	13295.992057326581	4
23	498	14468.108504426442	2
23	520	14978.992471458677	2
23	552	15810.359070002782	4
23	583	16495.793899888156	2
23	629	17705.71826826309	4
23	648	18239.047846091442	4
23	658	18656.592407772336	3
23	669	18962.864723848096	3
24	94	1811.940897528526	512
24	126	2875.62695632195	203
24	145	3372.690760503069	306
24	165	3852.60936717125	203
24	240	6387.221796314591	409
24	304	8266.490543444173	409
24	324	8699.443698100963	203
24	423	12623.117425438459	306
24	446	13268.669031887818	409
24	512	14758.094523660232	512
24	590	16679.991242630117	306
24	632	17735.79910449237	409
24	674	19151.093077873928	409
25	94	1811.940897528526	12
25	126	2875.62695632195	3
25	145	3372.690760503069	6
25	165	3852.60936717125	3
25	240	6387.221796314591	9
25	304	8266.490543444173	9
25	324	8699.443698100963	3
25	423	12623.117425438459	6
25	446	13268.669031887818	9
25	512	14758.094523660232	12
25	590	16679.991242630117	6
25	632	17735.79910449237	9
25	674	19151.093077873928	9
26	94	1811.940897528526	4
26	126	2875.62695632195	1
26	145	3372.690760503069	2
26	165	3852.60936717125	1
26	240	6387.221796314591	3
26	304	8266.490543444173	3
26	324	8699.443698100963	1
26	423	12623.117425438459	2
26	446	13268.669031887818	3
26	512	14758.094523660232	4
26	590	16679.991242630117	2
26	632	17735.79910449237	3
26	674	19151.093077873928	3
27	96	1880.846418535866	306
27	154	3608.035484519495	512
27	170	3992.544125410077	409
27	181	4263.08382642753	203
27	203	4902.647625193521	306
27	220	5690.684887377392	409
27	243	6495.14373804039	306
27	281	7861.916558105253	512
27	360	10581.444470591161	203
27	392	11680.610362247983	203
27	420	12547.50816109585	409
27	481	14220.793026907968	512
27	509	14680.153245799673	306
27	538	15443.81218679703	409
27	540	15518.810648907058	306
27	545	15623.912177684901	306
27	645	18043.661272255261	409
28	96	1880.846418535866	6
28	154	3608.035484519495	12
28	170	3992.544125410077	9
28	181	4263.08382642753	3
28	203	4902.647625193521	6
28	220	5690.684887377392	9
28	243	6495.14373804039	6
28	281	7861.916558105253	12
28	360	10581.444470591161	3
28	392	11680.610362247983	3
28	420	12547.50816109585	9
28	481	14220.793026907968	12
28	509	14680.153245799673	6
28	538	15443.81218679703	9
28	540	15518.810648907058	6
28	545	15623.912177684901	6
28	645	18043.661272255261	9
29	96	1880.846418535866	2
29	154	3608.035484519495	4
29	170	3992.544125410077	3
29	181	4263.08382642753	1
29	203	4902.647625193521	2
29	220	5690.684887377392	3
29	243	6495.14373804039	2
29	281	7861.916558105253	4
29	360	10581.444470591161	1
29	392	11680.610362247983	1
29	420	12547.50816109585	3
29	481	14220.793026907968	4
29	509	14680.153245799673	2
29	538	15443.81218679703	3
29	540	15518.810648907058	2
29	545	15623.912177684901	2
29	645	18043.661272255261	3
30	79	1306.998443829816	306
30	80	1334.111327442604	512
30	91	1698.654760152081	409
30	212	5145.587697994488	306
30	300	8166.835031934319	306
30	328	8841.273887548309	512
30	345	9525.536036153828	409
30	348	9709.198805051379	306
30	425	12720.660005578043	306
30	437	13018.888074402718	512
30	569	16235.842856326761	203
30	593	16710.705365640819	306
31	79	1306.998443829816	6
31	80	1334.111327442604	12
31	91	1698.654760152081	9
31	212	5145.587697994488	6
31	300	8166.835031934319	6
31	328	8841.273887548309	12
31	345	9525.536036153828	9
31	348	9709.198805051379	6
31	425	12720.660005578043	6
31	437	13018.888074402718	12
31	569	16235.842856326761	3
31	593	16710.705365640819	6
32	79	1306.998443829816	2
32	80	1334.111327442604	4
32	91	1698.654760152081	3
32	212	5145.587697994488	2
32	300	8166.835031934319	2
32	328	8841.273887548309	4
32	345	9525.536036153828	3
32	348	9709.198805051379	2
32	425	12720.660005578043	2
32	437	13018.888074402718	4
32	569	16235.842856326761	1
32	593	16710.705365640819	2
33	84	1446.920542052082	512
33	133	3067.901157932821	512
33	134	3085.957633089012	409
33	157	3683.130071745336	512
33	189	4510.979353986643	306
33	202	4879.421353913391	203
33	217	5408.730938157724	409
33	231	6162.240442260904	409
33	264	7543.680107972899	203
33	270	7696.414331492902	409
33	401	11905.915588277956	512
33	464	13736.228689311011	512
33	465	13754.344884577069	203
33	511	14705.198342679092	512
33	546	15631.482186904115	512
33	579	16402.486082925772	512
33	586	16549.633947332011	512
33	611	17290.029211344436	512
33	659	18684.893289747951	306
34	84	1446.920542052082	12
34	133	3067.901157932821	12
34	134	3085.957633089012	9
34	157	3683.130071745336	12
34	189	4510.979353986643	6
34	202	4879.421353913391	3
34	217	5408.730938157724	9
34	231	6162.240442260904	9
34	264	7543.680107972899	3
34	270	7696.414331492902	9
34	401	11905.915588277956	12
34	464	13736.228689311011	12
34	465	13754.344884577069	3
34	511	14705.198342679092	12
34	546	15631.482186904115	12
34	579	16402.486082925772	12
34	586	16549.633947332011	12
34	611	17290.029211344436	12
34	659	18684.893289747951	6
35	84	1446.920542052082	4
35	133	3067.901157932821	4
35	134	3085.957633089012	3
35	157	3683.130071745336	4
35	189	4510.979353986643	2
35	202	4879.421353913391	1
35	217	5408.730938157724	3
35	231	6162.240442260904	3
35	264	7543.680107972899	1
35	270	7696.414331492902	3
35	401	11905.915588277956	4
35	464	13736.228689311011	4
35	465	13754.344884577069	1
35	511	14705.198342679092	4
35	546	15631.482186904115	4
35	579	16402.486082925772	4
35	586	16549.633947332011	4
35	611	17290.029211344436	4
35	659	18684.893289747951	2

