version 3
run LightLoad_Circle-37-20260126-10:58:55-289
attr configname LightLoad_Circle
attr datetime 20260126-10:58:55
attr datetimef 20260126-105855
attr experiment LightLoad_Circle
attr inifile simulations/nwsim_project/omnetpp.ini
attr iterationvars ""
attr iterationvarsd ""
attr iterationvarsf ""
attr measurement ""
attr network CrossTraffic
attr processid 289
attr repetition 37
attr replication #37
attr resultdir results
attr runnumber 37
attr seedset 37
config description "Light Load - Circle Mode"
config *.Junc*.junctionMode "\"circle\""
config *.EndNW.spawnInterval exponential(800s)
config *.EndNE.spawnInterval exponential(1200s)
config *.EndEN.spawnInterval exponential(1000s)
config *.EndES.spawnInterval exponential(1500s)
config *.EndSE.spawnInterval exponential(900s)
config *.EndSW.spawnInterval exponential(1000s)
config *.EndWS.spawnInterval exponential(1200s)
config *.EndWN.spawnInterval exponential(1400s)
config network CrossTraffic
config sim-time-limit 20000s
config warmup-period 1000s
config repeat 50
config **.scalar-recording true
config **.vector-recording true
config *.Junc*.junctionMode "\"queue\""
config *.EndNW.spawnInterval exponential(800s)
config *.EndNE.spawnInterval exponential(1200s)
config *.EndEN.spawnInterval exponential(1000s)
config *.EndES.spawnInterval exponential(1500s)
config *.EndSE.spawnInterval exponential(900s)
config *.EndSW.spawnInterval exponential(1100s)
config *.EndWS.spawnInterval exponential(1300s)
config *.EndWN.spawnInterval exponential(1400s)

vector 0 CrossTraffic.JuncNW queueLength:vector ETV
attr interpolationmode sample-hold
attr recordingmode vector
attr source queueLength
attr title "Queue Length"
vector 1 CrossTraffic.JuncNW junctionProcessingTime:vector ETV
attr recordingmode vector
attr source junctionProcessingTime
attr title "Junction Processing Time"
vector 2 CrossTraffic.JuncNW vehicleCount:vector ETV
attr recordingmode vector
attr source vehicleCount
attr title "Vehicle Count"
vector 3 CrossTraffic.JuncNE queueLength:vector ETV
attr interpolationmode sample-hold
attr recordingmode vector
attr source queueLength
attr title "Queue Length"
vector 4 CrossTraffic.JuncNE junctionProcessingTime:vector ETV
attr recordingmode vector
attr source junctionProcessingTime
attr title "Junction Processing Time"
vector 5 CrossTraffic.JuncNE vehicleCount:vector ETV
attr recordingmode vector
attr source vehicleCount
attr title "Vehicle Count"
vector 6 CrossTraffic.JuncSE queueLength:vector ETV
attr interpolationmode sample-hold
attr recordingmode vector
attr source queueLength
attr title "Queue Length"
vector 7 CrossTraffic.JuncSE junctionProcessingTime:vector ETV
attr recordingmode vector
attr source junctionProcessingTime
attr title "Junction Processing Time"
vector 8 CrossTraffic.JuncSE vehicleCount:vector ETV
attr recordingmode vector
attr source vehicleCount
attr title "Vehicle Count"
vector 9 CrossTraffic.JuncSW queueLength:vector ETV
attr interpolationmode sample-hold
attr recordingmode vector
attr source queueLength
attr title "Queue Length"
vector 10 CrossTraffic.JuncSW junctionProcessingTime:vector ETV
attr recordingmode vector
attr source junctionProcessingTime
attr title "Junction Processing Time"
vector 11 CrossTraffic.JuncSW vehicleCount:vector ETV
attr recordingmode vector
attr source vehicleCount
attr title "Vehicle Count"
vector 12 CrossTraffic.EndNW travelTime:vector ETV
attr recordingmode vector
attr source travelTime
attr title "Vehicle Travel Time"
vector 13 CrossTraffic.EndNW junctionTime:vector ETV
attr recordingmode vector
attr source junctionTime
attr title "Total Junction Time per Vehicle"
vector 14 CrossTraffic.EndNW junctionCount:vector ETV
attr recordingmode vector
attr source junctionCount
attr title "Junctions Visited per Vehicle"
vector 15 CrossTraffic.EndNE travelTime:vector ETV
attr recordingmode vector
attr source travelTime
attr title "Vehicle Travel Time"
vector 16 CrossTraffic.EndNE junctionTime:vector ETV
attr recordingmode vector
attr source junctionTime
attr title "Total Junction Time per Vehicle"
vector 17 CrossTraffic.EndNE junctionCount:vector ETV
attr recordingmode vector
attr source junctionCount
attr title "Junctions Visited per Vehicle"
vector 18 CrossTraffic.EndEN travelTime:vector ETV
attr recordingmode vector
attr source travelTime
attr title "Vehicle Travel Time"
vector 19 CrossTraffic.EndEN junctionTime:vector ETV
attr recordingmode vector
attr source junctionTime
attr title "Total Junction Time per Vehicle"
vector 20 CrossTraffic.EndEN junctionCount:vector ETV
attr recordingmode vector
attr source junctionCount
attr title "Junctions Visited per Vehicle"
vector 21 CrossTraffic.EndES travelTime:vector ETV
attr recordingmode vector
attr source travelTime
attr title "Vehicle Travel Time"
vector 22 CrossTraffic.EndES junctionTime:vector ETV
attr recordingmode vector
attr source junctionTime
attr title "Total Junction Time per Vehicle"
vector 23 CrossTraffic.EndES junctionCount:vector ETV
attr recordingmode vector
attr source junctionCount
attr title "Junctions Visited per Vehicle"
vector 24 CrossTraffic.EndSE travelTime:vector ETV
attr recordingmode vector
attr source travelTime
attr title "Vehicle Travel Time"
vector 25 CrossTraffic.EndSE junctionTime:vector ETV
attr recordingmode vector
attr source junctionTime
attr title "Total Junction Time per Vehicle"
vector 26 CrossTraffic.EndSE junctionCount:vector ETV
attr recordingmode vector
attr source junctionCount
attr title "Junctions Visited per Vehicle"
vector 27 CrossTraffic.EndSW travelTime:vector ETV
attr recordingmode vector
attr source travelTime
attr title "Vehicle Travel Time"
vector 28 CrossTraffic.EndSW junctionTime:vector ETV
attr recordingmode vector
attr source junctionTime
attr title "Total Junction Time per Vehicle"
vector 29 CrossTraffic.EndSW junctionCount:vector ETV
attr recordingmode vector
attr source junctionCount
attr title "Junctions Visited per Vehicle"
vector 30 CrossTraffic.EndWS travelTime:vector ETV
attr recordingmode vector
attr source travelTime
attr title "Vehicle Travel Time"
vector 31 CrossTraffic.EndWS junctionTime:vector ETV
attr recordingmode vector
attr source junctionTime
attr title "Total Junction Time per Vehicle"
vector 32 CrossTraffic.EndWS junctionCount:vector ETV
attr recordingmode vector
attr source junctionCount
attr title "Junctions Visited per Vehicle"
vector 33 CrossTraffic.EndWN travelTime:vector ETV
attr recordingmode vector
attr source travelTime
attr title "Vehicle Travel Time"
vector 34 CrossTraffic.EndWN junctionTime:vector ETV
attr recordingmode vector
attr source junctionTime
attr title "Total Junction Time per Vehicle"
vector 35 CrossTraffic.EndWN junctionCount:vector ETV
attr recordingmode vector
attr source junctionCount
attr title "Junctions Visited per Vehicle"
0	52	1169.26992520851	0
0	53	1190.251417067823	0
0	65	1662.550087750406	0
0	67	1704.621038459827	0
0	72	1820.467786635721	0
0	76	1920.037681535899	0
0	82	2042.105838564426	0
0	90	2256.73327798111	0
0	91	2282.995217799349	0
0	95	2406.131094141711	0
0	106	2803.709115889952	0
0	128	3416.843675792926	0
0	157	4666.314468113903	0
0	158	4691.150433181284	0
0	160	4733.29196606348	0
0	177	5176.723008980834	0
0	185	5599.62490867785	0
0	189	5904.922434594366	0
0	197	6393.095394918394	0
0	199	6474.351103492633	0
0	207	6685.768943413376	0
0	213	6875.36886300506	0
0	244	7583.367045029141	0
0	245	7600.681698742972	0
0	246	7611.387887096436	0
0	256	7824.749229496502	0
0	266	8190.529208403922	0
0	281	8539.571548923053	0
0	282	8547.977738351893	0
0	287	8737.108422568286	0
0	301	8964.586410868943	0
0	303	9023.822524227245	0
0	322	9250.783688037245	0
0	328	9291.596513314871	0
0	340	9661.847290333972	0
0	344	9741.417000810426	0
0	345	9762.655088133606	0
0	358	9953.931131155947	0
0	361	9984.627335449491	0
0	368	10125.659005144305	0
0	370	10166.492022903784	0
0	376	10278.814879930917	0
0	382	10413.683519388828	0
0	383	10431.115163191751	0
0	399	10816.252923115088	0
0	402	10831.790017572149	0
0	406	10919.893737963619	0
0	410	10992.642658544034	0
0	416	11056.613413694985	0
0	426	11298.388998922803	0
0	429	11362.208585163179	0
0	442	11647.756020491743	0
0	448	12136.776842778989	0
0	451	12242.183377806088	0
0	457	12402.594016526128	0
0	473	12638.184573759279	0
0	475	12703.54256857301	0
0	488	12882.165877962964	0
0	489	12907.294950845522	0
0	505	13142.363346482296	0
0	508	13205.41870379578	0
0	509	13232.170604715458	0
0	524	13893.271072599914	0
0	528	14008.396803920519	0
0	535	14377.889790912218	0
0	539	14570.146441256963	0
0	546	14684.712219073273	0
0	548	14717.307375037823	0
0	549	14753.406620603378	0
0	559	14902.158746557744	0
0	562	14927.379520907369	0
0	570	15119.039023444675	0
0	582	15428.260366203395	0
0	590	15915.197131632587	0
0	598	16233.925062118704	0
0	603	16337.256570464979	0
0	612	16573.978166675414	0
0	617	16691.072757493737	0
0	620	16755.227621674262	0
0	634	17051.958528177401	0
0	636	17103.807065671949	0
0	646	17358.19744393443	0
0	651	17512.374182005766	0
0	658	17751.187217002729	0
0	661	17870.965995456779	0
0	670	18441.824062310807	0
0	671	18509.868978063716	0
0	677	18624.744164805138	0
0	685	18731.998288666122	0
0	690	18864.024699697288	0
0	696	19032.441520959174	0
0	704	19227.414526091912	0
0	705	19275.446467221004	0
0	713	19692.322947560507	0
1	52	1169.26992520851	3
1	53	1190.251417067823	3
1	65	1662.550087750406	3
1	67	1704.621038459827	3
1	72	1820.467786635721	3
1	76	1920.037681535899	3
1	82	2042.105838564426	3
1	90	2256.73327798111	3
1	91	2282.995217799349	3
1	95	2406.131094141711	3
1	106	2803.709115889952	3
1	128	3416.843675792926	3
1	157	4666.314468113903	3
1	158	4691.150433181284	3
1	160	4733.29196606348	3
1	177	5176.723008980834	3
1	185	5599.62490867785	3
1	189	5904.922434594366	3
1	197	6393.095394918394	3
1	199	6474.351103492633	3
1	207	6685.768943413376	3
1	213	6875.36886300506	3
1	244	7583.367045029141	3
1	245	7600.681698742972	3
1	246	7611.387887096436	3
1	256	7824.749229496502	3
1	266	8190.529208403922	3
1	281	8539.571548923053	3
1	282	8547.977738351893	3
1	287	8737.108422568286	3
1	301	8964.586410868943	3
1	303	9023.822524227245	3
1	322	9250.783688037245	3
1	328	9291.596513314871	3
1	340	9661.847290333972	3
1	344	9741.417000810426	3
1	345	9762.655088133606	3
1	358	9953.931131155947	3
1	361	9984.627335449491	3
1	368	10125.659005144305	3
1	370	10166.492022903784	3
1	376	10278.814879930917	3
1	382	10413.683519388828	3
1	383	10431.115163191751	3
1	399	10816.252923115088	3
1	402	10831.790017572149	3
1	406	10919.893737963619	3
1	410	10992.642658544034	3
1	416	11056.613413694985	3
1	426	11298.388998922803	3
1	429	11362.208585163179	3
1	442	11647.756020491743	3
1	448	12136.776842778989	3
1	451	12242.183377806088	3
1	457	12402.594016526128	3
1	473	12638.184573759279	3
1	475	12703.54256857301	3
1	488	12882.165877962964	3
1	489	12907.294950845522	3
1	505	13142.363346482296	3
1	508	13205.41870379578	3
1	509	13232.170604715458	3
1	524	13893.271072599914	3
1	528	14008.396803920519	3
1	535	14377.889790912218	3
1	539	14570.146441256963	3
1	546	14684.712219073273	3
1	548	14717.307375037823	3
1	549	14753.406620603378	3
1	559	14902.158746557744	3
1	562	14927.379520907369	3
1	570	15119.039023444675	3
1	582	15428.260366203395	3
1	590	15915.197131632587	3
1	598	16233.925062118704	3
1	603	16337.256570464979	3
1	612	16573.978166675414	3
1	617	16691.072757493737	3
1	620	16755.227621674262	3
1	634	17051.958528177401	3
1	636	17103.807065671949	3
1	646	17358.19744393443	3
1	651	17512.374182005766	3
1	658	17751.187217002729	3
1	661	17870.965995456779	3
1	670	18441.824062310807	3
1	671	18509.868978063716	3
1	677	18624.744164805138	3
1	685	18731.998288666122	3
1	690	18864.024699697288	3
1	696	19032.441520959174	3
1	704	19227.414526091912	3
1	705	19275.446467221004	3
1	713	19692.322947560507	3
2	52	1169.26992520851	5860
2	53	1190.251417067823	5861
2	65	1662.550087750406	5864
2	67	1704.621038459827	5865
2	72	1820.467786635721	5866
2	76	1920.037681535899	5867
2	82	2042.105838564426	5868
2	90	2256.73327798111	5869
2	91	2282.995217799349	5871
2	95	2406.131094141711	5870
2	106	2803.709115889952	5873
2	128	3416.843675792926	5877
2	157	4666.314468113903	5886
2	158	4691.150433181284	5885
2	160	4733.29196606348	5888
2	177	5176.723008980834	5889
2	185	5599.62490867785	5890
2	189	5904.922434594366	5891
2	197	6393.095394918394	5892
2	199	6474.351103492633	5893
2	207	6685.768943413376	5895
2	213	6875.36886300506	5897
2	244	7583.367045029141	5903
2	245	7600.681698742972	5904
2	246	7611.387887096436	5902
2	256	7824.749229496502	5905
2	266	8190.529208403922	5908
2	281	8539.571548923053	5911
2	282	8547.977738351893	5910
2	287	8737.108422568286	5912
2	301	8964.586410868943	5915
2	303	9023.822524227245	5916
2	322	9250.783688037245	5917
2	328	9291.596513314871	5921
2	340	9661.847290333972	5924
2	344	9741.417000810426	5923
2	345	9762.655088133606	5925
2	358	9953.931131155947	5928
2	361	9984.627335449491	5929
2	368	10125.659005144305	5931
2	370	10166.492022903784	5932
2	376	10278.814879930917	5930
2	382	10413.683519388828	5934
2	383	10431.115163191751	5933
2	399	10816.252923115088	5937
2	402	10831.790017572149	5938
2	406	10919.893737963619	5935
2	410	10992.642658544034	5936
2	416	11056.613413694985	5941
2	426	11298.388998922803	5942
2	429	11362.208585163179	5940
2	442	11647.756020491743	5944
2	448	12136.776842778989	5946
2	451	12242.183377806088	5947
2	457	12402.594016526128	5949
2	473	12638.184573759279	5953
2	475	12703.54256857301	5954
2	488	12882.165877962964	5955
2	489	12907.294950845522	5956
2	505	13142.363346482296	5959
2	508	13205.41870379578	5961
2	509	13232.170604715458	5958
2	524	13893.271072599914	5964
2	528	14008.396803920519	5965
2	535	14377.889790912218	5966
2	539	14570.146441256963	5967
2	546	14684.712219073273	5968
2	548	14717.307375037823	5970
2	549	14753.406620603378	5971
2	559	14902.158746557744	5972
2	562	14927.379520907369	5973
2	570	15119.039023444675	5974
2	582	15428.260366203395	5975
2	590	15915.197131632587	5977
2	598	16233.925062118704	5979
2	603	16337.256570464979	5978
2	612	16573.978166675414	5981
2	617	16691.072757493737	5983
2	620	16755.227621674262	5982
2	634	17051.958528177401	5987
2	636	17103.807065671949	5986
2	646	17358.19744393443	5988
2	651	17512.374182005766	5989
2	658	17751.187217002729	5991
2	661	17870.965995456779	5992
2	670	18441.824062310807	5994
2	671	18509.868978063716	5995
2	677	18624.744164805138	5993
2	685	18731.998288666122	5996
2	690	18864.024699697288	5999
2	696	19032.441520959174	5998
2	704	19227.414526091912	6001
2	705	19275.446467221004	6002
2	713	19692.322947560507	6003
3	48	1009.281680562262	0
3	55	1293.251417067823	0
3	59	1468.359227414026	0
3	69	1765.550087750406	0
3	70	1807.621038459827	0
3	77	1923.467786635721	0
3	94	2385.995217799349	0
3	97	2509.131094141711	0
3	101	2688.967468627067	0
3	109	2886.123445321666	0
3	110	2906.709115889952	0
3	112	2911.549536925929	0
3	119	3107.843675792926	0
3	129	3457.803269492427	0
3	131	3506.90750492008	0
3	146	4013.150635228249	0
3	151	4532.164098455511	0
3	159	4721.014405476279	0
3	162	4769.314468113903	0
3	165	4836.29196606348	0
3	178	5279.723008980834	0
3	184	5595.922434594366	0
3	200	6496.095394918394	0
3	202	6577.351103492633	0
3	210	6788.768943413376	0
3	211	6812.971146054777	0
3	217	6962.123899871376	0
3	218	6978.36886300506	0
3	227	7111.629263050608	0
3	239	7445.119721033589	0
3	249	7686.367045029141	0
3	250	7703.681698742972	0
3	251	7714.387887096436	0
3	257	7927.749229496502	0
3	261	8066.266786916799	0
3	263	8112.31432026598	0
3	270	8293.529208403922	0
3	272	8331.486532484098	0
3	285	8642.571548923053	0
3	286	8650.977738351893	0
3	295	8863.536770824917	0
3	300	8955.376086892132	0
3	308	9067.586410868943	0
3	312	9126.822524227245	0
3	316	9163.795311908055	0
3	329	9353.783688037245	0
3	346	9764.847290333972	0
3	348	9827.917542219629	0
3	350	9844.417000810426	0
3	356	9942.099100297462	0
3	364	10056.931131155947	0
3	373	10228.659005144305	0
3	375	10269.492022903784	0
3	387	10516.683519388828	0
3	388	10534.115163191751	0
3	389	10610.893737963619	0
3	405	10919.252923115088	0
3	407	10934.790017572149	0
3	415	11053.208585163179	0
3	417	11095.642658544034	0
3	420	11159.613413694985	0
3	432	11401.388998922803	0
3	444	11750.756020491743	0
3	450	12239.776842778989	0
3	455	12345.183377806088	0
3	463	12505.594016526128	0
3	465	12508.921823664916	0
3	469	12604.409358124564	0
3	470	12608.528312368715	0
3	481	12741.184573759279	0
3	484	12806.54256857301	0
3	496	12985.165877962964	0
3	506	13159.220160639829	0
3	513	13308.41870379578	0
3	515	13336.641441896283	0
3	521	13717.666407108708	0
3	537	14480.889790912218	0
3	545	14673.146441256963	0
3	547	14697.942835032748	0
3	551	14787.712219073273	0
3	554	14820.307375037823	0
3	564	15005.158746557744	0
3	568	15030.379520907369	0
3	571	15119.260366203395	0
3	575	15222.039023444675	0
3	583	15434.250539659192	0
3	593	16028.256570464979	0
3	600	16246.504897270783	0
3	616	16676.978166675414	0
3	624	16802.370429268846	0
3	638	17154.958528177401	0
3	645	17344.333121909947	0
3	662	17973.965995456779	0
3	665	18315.744164805138	0
3	675	18544.824062310807	0
3	676	18612.868978063716	0
3	678	18626.125021273865	0
3	693	18967.024699697288	0
3	698	19118.424587268294	0
3	708	19378.446467221004	0
3	714	19795.322947560507	0
4	48	1009.281680562262	3
4	55	1293.251417067823	3
4	59	1468.359227414026	3
4	69	1765.550087750406	3
4	70	1807.621038459827	3
4	77	1923.467786635721	3
4	94	2385.995217799349	3
4	97	2509.131094141711	3
4	101	2688.967468627067	3
4	109	2886.123445321666	3
4	110	2906.709115889952	3
4	112	2911.549536925929	3
4	119	3107.843675792926	3
4	129	3457.803269492427	3
4	131	3506.90750492008	3
4	146	4013.150635228249	3
4	151	4532.164098455511	3
4	159	4721.014405476279	3
4	162	4769.314468113903	3
4	165	4836.29196606348	3
4	178	5279.723008980834	3
4	184	5595.922434594366	3
4	200	6496.095394918394	3
4	202	6577.351103492633	3
4	210	6788.768943413376	3
4	211	6812.971146054777	3
4	217	6962.123899871376	3
4	218	6978.36886300506	3
4	227	7111.629263050608	3
4	239	7445.119721033589	3
4	249	7686.367045029141	3
4	250	7703.681698742972	3
4	251	7714.387887096436	3
4	257	7927.749229496502	3
4	261	8066.266786916799	3
4	263	8112.31432026598	3
4	270	8293.529208403922	3
4	272	8331.486532484098	3
4	285	8642.571548923053	3
4	286	8650.977738351893	3
4	295	8863.536770824917	3
4	300	8955.376086892132	3
4	308	9067.586410868943	3
4	312	9126.822524227245	3
4	316	9163.795311908055	3
4	329	9353.783688037245	3
4	346	9764.847290333972	3
4	348	9827.917542219629	3
4	350	9844.417000810426	3
4	356	9942.099100297462	3
4	364	10056.931131155947	3
4	373	10228.659005144305	3
4	375	10269.492022903784	3
4	387	10516.683519388828	3
4	388	10534.115163191751	3
4	389	10610.893737963619	3
4	405	10919.252923115088	3
4	407	10934.790017572149	3
4	415	11053.208585163179	3
4	417	11095.642658544034	3
4	420	11159.613413694985	3
4	432	11401.388998922803	3
4	444	11750.756020491743	3
4	450	12239.776842778989	3
4	455	12345.183377806088	3
4	463	12505.594016526128	3
4	465	12508.921823664916	3
4	469	12604.409358124564	3
4	470	12608.528312368715	3
4	481	12741.184573759279	3
4	484	12806.54256857301	3
4	496	12985.165877962964	3
4	506	13159.220160639829	3
4	513	13308.41870379578	3
4	515	13336.641441896283	3
4	521	13717.666407108708	3
4	537	14480.889790912218	3
4	545	14673.146441256963	3
4	547	14697.942835032748	3
4	551	14787.712219073273	3
4	554	14820.307375037823	3
4	564	15005.158746557744	3
4	568	15030.379520907369	3
4	571	15119.260366203395	3
4	575	15222.039023444675	3
4	583	15434.250539659192	3
4	593	16028.256570464979	3
4	600	16246.504897270783	3
4	616	16676.978166675414	3
4	624	16802.370429268846	3
4	638	17154.958528177401	3
4	645	17344.333121909947	3
4	662	17973.965995456779	3
4	665	18315.744164805138	3
4	675	18544.824062310807	3
4	676	18612.868978063716	3
4	678	18626.125021273865	3
4	693	18967.024699697288	3
4	698	19118.424587268294	3
4	708	19378.446467221004	3
4	714	19795.322947560507	3
5	48	1009.281680562262	5859
5	55	1293.251417067823	5861
5	59	1468.359227414026	5862
5	69	1765.550087750406	5864
5	70	1807.621038459827	5865
5	77	1923.467786635721	5866
5	94	2385.995217799349	5871
5	97	2509.131094141711	5870
5	101	2688.967468627067	5872
5	109	2886.123445321666	5875
5	110	2906.709115889952	5873
5	112	2911.549536925929	5876
5	119	3107.843675792926	5877
5	129	3457.803269492427	5878
5	131	3506.90750492008	5879
5	146	4013.150635228249	5883
5	151	4532.164098455511	5884
5	159	4721.014405476279	5887
5	162	4769.314468113903	5886
5	165	4836.29196606348	5888
5	178	5279.723008980834	5889
5	184	5595.922434594366	5891
5	200	6496.095394918394	5892
5	202	6577.351103492633	5893
5	210	6788.768943413376	5895
5	211	6812.971146054777	5896
5	217	6962.123899871376	5898
5	218	6978.36886300506	5897
5	227	7111.629263050608	5900
5	239	7445.119721033589	5901
5	249	7686.367045029141	5903
5	250	7703.681698742972	5904
5	251	7714.387887096436	5902
5	257	7927.749229496502	5905
5	261	8066.266786916799	5906
5	263	8112.31432026598	5907
5	270	8293.529208403922	5908
5	272	8331.486532484098	5909
5	285	8642.571548923053	5911
5	286	8650.977738351893	5910
5	295	8863.536770824917	5913
5	300	8955.376086892132	5914
5	308	9067.586410868943	5915
5	312	9126.822524227245	5916
5	316	9163.795311908055	5919
5	329	9353.783688037245	5917
5	346	9764.847290333972	5924
5	348	9827.917542219629	5926
5	350	9844.417000810426	5923
5	356	9942.099100297462	5927
5	364	10056.931131155947	5928
5	373	10228.659005144305	5931
5	375	10269.492022903784	5932
5	387	10516.683519388828	5934
5	388	10534.115163191751	5933
5	389	10610.893737963619	5935
5	405	10919.252923115088	5937
5	407	10934.790017572149	5938
5	415	11053.208585163179	5940
5	417	11095.642658544034	5936
5	420	11159.613413694985	5941
5	432	11401.388998922803	5942
5	444	11750.756020491743	5944
5	450	12239.776842778989	5946
5	455	12345.183377806088	5947
5	463	12505.594016526128	5949
5	465	12508.921823664916	5950
5	469	12604.409358124564	5951
5	470	12608.528312368715	5952
5	481	12741.184573759279	5953
5	484	12806.54256857301	5954
5	496	12985.165877962964	5955
5	506	13159.220160639829	5960
5	513	13308.41870379578	5961
5	515	13336.641441896283	5962
5	521	13717.666407108708	5963
5	537	14480.889790912218	5966
5	545	14673.146441256963	5967
5	547	14697.942835032748	5969
5	551	14787.712219073273	5968
5	554	14820.307375037823	5970
5	564	15005.158746557744	5972
5	568	15030.379520907369	5973
5	571	15119.260366203395	5975
5	575	15222.039023444675	5974
5	583	15434.250539659192	5976
5	593	16028.256570464979	5978
5	600	16246.504897270783	5980
5	616	16676.978166675414	5981
5	624	16802.370429268846	5985
5	638	17154.958528177401	5987
5	645	17344.333121909947	5990
5	662	17973.965995456779	5992
5	665	18315.744164805138	5993
5	675	18544.824062310807	5994
5	676	18612.868978063716	5995
5	678	18626.125021273865	5997
5	693	18967.024699697288	5999
5	698	19118.424587268294	6000
5	708	19378.446467221004	6002
5	714	19795.322947560507	6003
6	60	1516.253859362667	0
6	62	1571.359227414026	0
6	74	1868.550087750406	0
6	81	2026.467786635721	0
6	89	2200.131094141711	0
6	96	2488.995217799349	0
6	107	2807.532295485309	0
6	113	2989.123445321666	0
6	115	3009.709115889952	0
6	117	3014.549536925929	0
6	123	3210.843675792926	0
6	133	3560.803269492427	0
6	135	3609.90750492008	0
6	142	3900.149229415118	0
6	144	3917.539474178303	0
6	156	4635.164098455511	0
6	164	4824.014405476279	0
6	168	4872.314468113903	0
6	170	4939.29196606348	0
6	171	4970.723008980834	0
6	181	5393.62490867785	0
6	186	5698.922434594366	0
6	192	6187.095394918394	0
6	198	6431.755125100171	0
6	214	6891.768943413376	0
6	216	6915.971146054777	0
6	220	7001.549564906945	0
6	223	7065.123899871376	0
6	224	7081.36886300506	0
6	232	7214.629263050608	0
6	243	7548.119721033589	0
6	260	8030.749229496502	0
6	265	8169.266786916799	0
6	267	8215.31432026598	0
6	274	8396.529208403922	0
6	275	8434.486532484098	0
6	288	8745.571548923053	0
6	289	8753.977738351893	0
6	302	8966.536770824917	0
6	304	9044.783688037245	0
6	305	9058.376086892132	0
6	315	9161.61193675213	0
6	318	9170.586410868943	0
6	325	9266.795311908055	0
6	338	9617.878068181554	0
6	353	9867.847290333972	0
6	366	10072.814879930917	0
6	369	10159.931131155947	0
6	379	10331.659005144305	0
6	380	10372.492022903784	0
6	390	10619.683519388828	0
6	393	10713.893737963619	0
6	397	10786.642658544034	0
6	412	11022.252923115088	0
6	419	11156.208585163179	0
6	425	11262.613413694985	0
6	427	11334.942014965016	0
6	434	11441.756020491743	0
6	437	11504.388998922803	0
6	454	12342.776842778989	0
6	456	12388.83766456222	0
6	472	12611.921823664916	0
6	477	12707.409358124564	0
6	487	12844.184573759279	0
6	498	13026.170604715458	0
6	502	13088.165877962964	0
6	512	13262.220160639829	0
6	518	13439.641441896283	0
6	523	13820.666407108708	0
6	532	14171.889790912218	0
6	550	14776.146441256963	0
6	552	14800.942835032748	0
6	558	14890.712219073273	0
6	561	14923.307375037823	0
6	569	15108.158746557744	0
6	573	15133.379520907369	0
6	576	15222.260366203395	0
6	578	15325.039023444675	0
6	586	15537.250539659192	0
6	596	16131.256570464979	0
6	604	16349.504897270783	0
6	605	16367.978166675414	0
6	611	16549.227621674262	0
6	619	16728.261026783899	0
6	628	16897.807065671949	0
6	629	16905.370429268846	0
6	637	17152.19744393443	0
6	643	17257.958528177401	0
6	644	17306.374182005766	0
6	649	17447.333121909947	0
6	657	17664.965995456779	0
6	668	18418.744164805138	0
6	673	18525.998288666122	0
6	684	18729.125021273865	0
6	687	18826.441520959174	0
6	697	19070.024699697288	0
6	711	19486.322947560507	0
7	60	1516.253859362667	3
7	62	1571.359227414026	3
7	74	1868.550087750406	3
7	81	2026.467786635721	3
7	89	2200.131094141711	3
7	96	2488.995217799349	3
7	107	2807.532295485309	3
7	113	2989.123445321666	3
7	115	3009.709115889952	3
7	117	3014.549536925929	3
7	123	3210.843675792926	3
7	133	3560.803269492427	3
7	135	3609.90750492008	3
7	142	3900.149229415118	3
7	144	3917.539474178303	3
7	156	4635.164098455511	3
7	164	4824.014405476279	3
7	168	4872.314468113903	3
7	170	4939.29196606348	3
7	171	4970.723008980834	3
7	181	5393.62490867785	3
7	186	5698.922434594366	3
7	192	6187.095394918394	3
7	198	6431.755125100171	3
7	214	6891.768943413376	3
7	216	6915.971146054777	3
7	220	7001.549564906945	3
7	223	7065.123899871376	3
7	224	7081.36886300506	3
7	232	7214.629263050608	3
7	243	7548.119721033589	3
7	260	8030.749229496502	3
7	265	8169.266786916799	3
7	267	8215.31432026598	3
7	274	8396.529208403922	3
7	275	8434.486532484098	3
7	288	8745.571548923053	3
7	289	8753.977738351893	3
7	302	8966.536770824917	3
7	304	9044.783688037245	3
7	305	9058.376086892132	3
7	315	9161.61193675213	3
7	318	9170.586410868943	3
7	325	9266.795311908055	3
7	338	9617.878068181554	3
7	353	9867.847290333972	3
7	366	10072.814879930917	3
7	369	10159.931131155947	3
7	379	10331.659005144305	3
7	380	10372.492022903784	3
7	390	10619.683519388828	3
7	393	10713.893737963619	3
7	397	10786.642658544034	3
7	412	11022.252923115088	3
7	419	11156.208585163179	3
7	425	11262.613413694985	3
7	427	11334.942014965016	3
7	434	11441.756020491743	3
7	437	11504.388998922803	3
7	454	12342.776842778989	3
7	456	12388.83766456222	3
7	472	12611.921823664916	3
7	477	12707.409358124564	3
7	487	12844.184573759279	3
7	498	13026.170604715458	3
7	502	13088.165877962964	3
7	512	13262.220160639829	3
7	518	13439.641441896283	3
7	523	13820.666407108708	3
7	532	14171.889790912218	3
7	550	14776.146441256963	3
7	552	14800.942835032748	3
7	558	14890.712219073273	3
7	561	14923.307375037823	3
7	569	15108.158746557744	3
7	573	15133.379520907369	3
7	576	15222.260366203395	3
7	578	15325.039023444675	3
7	586	15537.250539659192	3
7	596	16131.256570464979	3
7	604	16349.504897270783	3
7	605	16367.978166675414	3
7	611	16549.227621674262	3
7	619	16728.261026783899	3
7	628	16897.807065671949	3
7	629	16905.370429268846	3
7	637	17152.19744393443	3
7	643	17257.958528177401	3
7	644	17306.374182005766	3
7	649	17447.333121909947	3
7	657	17664.965995456779	3
7	668	18418.744164805138	3
7	673	18525.998288666122	3
7	684	18729.125021273865	3
7	687	18826.441520959174	3
7	697	19070.024699697288	3
7	711	19486.322947560507	3
8	60	1516.253859362667	5863
8	62	1571.359227414026	5862
8	74	1868.550087750406	5864
8	81	2026.467786635721	5866
8	89	2200.131094141711	5870
8	96	2488.995217799349	5871
8	107	2807.532295485309	5874
8	113	2989.123445321666	5875
8	115	3009.709115889952	5873
8	117	3014.549536925929	5876
8	123	3210.843675792926	5877
8	133	3560.803269492427	5878
8	135	3609.90750492008	5879
8	142	3900.149229415118	5881
8	144	3917.539474178303	5882
8	156	4635.164098455511	5884
8	164	4824.014405476279	5887
8	168	4872.314468113903	5886
8	170	4939.29196606348	5888
8	171	4970.723008980834	5889
8	181	5393.62490867785	5890
8	186	5698.922434594366	5891
8	192	6187.095394918394	5892
8	198	6431.755125100171	5894
8	214	6891.768943413376	5895
8	216	6915.971146054777	5896
8	220	7001.549564906945	5899
8	223	7065.123899871376	5898
8	224	7081.36886300506	5897
8	232	7214.629263050608	5900
8	243	7548.119721033589	5901
8	260	8030.749229496502	5905
8	265	8169.266786916799	5906
8	267	8215.31432026598	5907
8	274	8396.529208403922	5908
8	275	8434.486532484098	5909
8	288	8745.571548923053	5911
8	289	8753.977738351893	5910
8	302	8966.536770824917	5913
8	304	9044.783688037245	5917
8	305	9058.376086892132	5914
8	315	9161.61193675213	5918
8	318	9170.586410868943	5915
8	325	9266.795311908055	5919
8	338	9617.878068181554	5922
8	353	9867.847290333972	5924
8	366	10072.814879930917	5930
8	369	10159.931131155947	5928
8	379	10331.659005144305	5931
8	380	10372.492022903784	5932
8	390	10619.683519388828	5934
8	393	10713.893737963619	5935
8	397	10786.642658544034	5936
8	412	11022.252923115088	5937
8	419	11156.208585163179	5940
8	425	11262.613413694985	5941
8	427	11334.942014965016	5943
8	434	11441.756020491743	5944
8	437	11504.388998922803	5942
8	454	12342.776842778989	5946
8	456	12388.83766456222	5948
8	472	12611.921823664916	5950
8	477	12707.409358124564	5951
8	487	12844.184573759279	5953
8	498	13026.170604715458	5958
8	502	13088.165877962964	5955
8	512	13262.220160639829	5960
8	518	13439.641441896283	5962
8	523	13820.666407108708	5963
8	532	14171.889790912218	5966
8	550	14776.146441256963	5967
8	552	14800.942835032748	5969
8	558	14890.712219073273	5968
8	561	14923.307375037823	5970
8	569	15108.158746557744	5972
8	573	15133.379520907369	5973
8	576	15222.260366203395	5975
8	578	15325.039023444675	5974
8	586	15537.250539659192	5976
8	596	16131.256570464979	5978
8	604	16349.504897270783	5980
8	605	16367.978166675414	5981
8	611	16549.227621674262	5982
8	619	16728.261026783899	5984
8	628	16897.807065671949	5986
8	629	16905.370429268846	5985
8	637	17152.19744393443	5988
8	643	17257.958528177401	5987
8	644	17306.374182005766	5989
8	649	17447.333121909947	5990
8	657	17664.965995456779	5992
8	668	18418.744164805138	5993
8	673	18525.998288666122	5996
8	684	18729.125021273865	5997
8	687	18826.441520959174	5998
8	697	19070.024699697288	5999
8	711	19486.322947560507	6003
9	49	1066.26992520851	0
9	50	1087.251417067823	0
9	78	1939.105838564426	0
9	87	2153.73327798111	0
9	92	2303.131094141711	0
9	111	2910.532295485309	0
9	118	3092.123445321666	0
9	121	3117.549536925929	0
9	125	3313.843675792926	0
9	134	3565.745050995554	0
9	136	3663.803269492427	0
9	153	4588.150433181284	0
9	161	4738.164098455511	0
9	169	4927.014405476279	0
9	174	5042.29196606348	0
9	175	5073.723008980834	0
9	183	5496.62490867785	0
9	188	5801.922434594366	0
9	194	6290.095394918394	0
9	196	6371.351103492633	0
9	201	6534.755125100171	0
9	219	6994.768943413376	0
9	222	7018.971146054777	0
9	226	7104.549564906945	0
9	229	7168.123899871376	0
9	230	7184.36886300506	0
9	235	7317.629263050608	0
9	242	7508.387887096436	0
9	252	7721.749229496502	0
9	277	8444.977738351893	0
9	278	8499.529208403922	0
9	284	8634.108422568286	0
9	292	8848.571548923053	0
9	310	9069.536770824917	0
9	313	9147.783688037245	0
9	314	9161.376086892132	0
9	317	9169.254522505181	0
9	320	9188.596513314871	0
9	324	9264.61193675213	0
9	327	9273.586410868943	0
9	339	9638.417000810426	0
9	342	9720.878068181554	0
9	371	10175.814879930917	0
9	378	10328.115163191751	0
9	395	10722.683519388828	0
9	400	10816.893737963619	0
9	403	10889.642658544034	0
9	404	10914.403698807294	0
9	424	11259.208585163179	0
9	433	11437.942014965016	0
9	436	11478.844701603977	0
9	439	11544.756020491743	0
9	441	11607.388998922803	0
9	449	12139.183377806088	0
9	461	12491.83766456222	0
9	482	12779.165877962964	0
9	483	12804.294950845522	0
9	485	12810.409358124564	0
9	486	12826.100791316214	0
9	495	12947.184573759279	0
9	499	13039.363346482296	0
9	504	13129.170604715458	0
9	526	13923.666407108708	0
9	533	14274.889790912218	0
9	536	14467.146441256963	0
9	540	14581.712219073273	0
9	567	15026.307375037823	0
9	579	15325.260366203395	0
9	581	15428.039023444675	0
9	587	15640.250539659192	0
9	595	16130.925062118704	0
9	599	16234.256570464979	0
9	609	16470.978166675414	0
9	613	16588.072757493737	0
9	615	16652.227621674262	0
9	625	16831.261026783899	0
9	631	16948.958528177401	0
9	632	17000.807065671949	0
9	642	17255.19744393443	0
9	648	17409.374182005766	0
9	656	17648.187217002729	0
9	659	17767.965995456779	0
9	672	18521.744164805138	0
9	679	18628.998288666122	0
9	688	18832.125021273865	0
9	691	18929.441520959174	0
9	699	19124.414526091912	0
9	701	19173.024699697288	0
9	712	19589.322947560507	0
10	49	1066.26992520851	3
10	50	1087.251417067823	3
10	78	1939.105838564426	3
10	87	2153.73327798111	3
10	92	2303.131094141711	3
10	111	2910.532295485309	3
10	118	3092.123445321666	3
10	121	3117.549536925929	3
10	125	3313.843675792926	3
10	134	3565.745050995554	3
10	136	3663.803269492427	3
10	153	4588.150433181284	3
10	161	4738.164098455511	3
10	169	4927.014405476279	3
10	174	5042.29196606348	3
10	175	5073.723008980834	3
10	183	5496.62490867785	3
10	188	5801.922434594366	3
10	194	6290.095394918394	3
10	196	6371.351103492633	3
10	201	6534.755125100171	3
10	219	6994.768943413376	3
10	222	7018.971146054777	3
10	226	7104.549564906945	3
10	229	7168.123899871376	3
10	230	7184.36886300506	3
10	235	7317.629263050608	3
10	242	7508.387887096436	3
10	252	7721.749229496502	3
10	277	8444.977738351893	3
10	278	8499.529208403922	3
10	284	8634.108422568286	3
10	292	8848.571548923053	3
10	310	9069.536770824917	3
10	313	9147.783688037245	3
10	314	9161.376086892132	3
10	317	9169.254522505181	3
10	320	9188.596513314871	3
10	324	9264.61193675213	3
10	327	9273.586410868943	3
10	339	9638.417000810426	3
10	342	9720.878068181554	3
10	371	10175.814879930917	3
10	378	10328.115163191751	3
10	395	10722.683519388828	3
10	400	10816.893737963619	3
10	403	10889.642658544034	3
10	404	10914.403698807294	3
10	424	11259.208585163179	3
10	433	11437.942014965016	3
10	436	11478.844701603977	3
10	439	11544.756020491743	3
10	441	11607.388998922803	3
10	449	12139.183377806088	3
10	461	12491.83766456222	3
10	482	12779.165877962964	3
10	483	12804.294950845522	3
10	485	12810.409358124564	3
10	486	12826.100791316214	3
10	495	12947.184573759279	3
10	499	13039.363346482296	3
10	504	13129.170604715458	3
10	526	13923.666407108708	3
10	533	14274.889790912218	3
10	536	14467.146441256963	3
10	540	14581.712219073273	3
10	567	15026.307375037823	3
10	579	15325.260366203395	3
10	581	15428.039023444675	3
10	587	15640.250539659192	3
10	595	16130.925062118704	3
10	599	16234.256570464979	3
10	609	16470.978166675414	3
10	613	16588.072757493737	3
10	615	16652.227621674262	3
10	625	16831.261026783899	3
10	631	16948.958528177401	3
10	632	17000.807065671949	3
10	642	17255.19744393443	3
10	648	17409.374182005766	3
10	656	17648.187217002729	3
10	659	17767.965995456779	3
10	672	18521.744164805138	3
10	679	18628.998288666122	3
10	688	18832.125021273865	3
10	691	18929.441520959174	3
10	699	19124.414526091912	3
10	701	19173.024699697288	3
10	712	19589.322947560507	3
11	49	1066.26992520851	5860
11	50	1087.251417067823	5861
11	78	1939.105838564426	5868
11	87	2153.73327798111	5869
11	92	2303.131094141711	5870
11	111	2910.532295485309	5874
11	118	3092.123445321666	5875
11	121	3117.549536925929	5876
11	125	3313.843675792926	5877
11	134	3565.745050995554	5880
11	136	3663.803269492427	5878
11	153	4588.150433181284	5885
11	161	4738.164098455511	5884
11	169	4927.014405476279	5887
11	174	5042.29196606348	5888
11	175	5073.723008980834	5889
11	183	5496.62490867785	5890
11	188	5801.922434594366	5891
11	194	6290.095394918394	5892
11	196	6371.351103492633	5893
11	201	6534.755125100171	5894
11	219	6994.768943413376	5895
11	222	7018.971146054777	5896
11	226	7104.549564906945	5899
11	229	7168.123899871376	5898
11	230	7184.36886300506	5897
11	235	7317.629263050608	5900
11	242	7508.387887096436	5902
11	252	7721.749229496502	5905
11	277	8444.977738351893	5910
11	278	8499.529208403922	5908
11	284	8634.108422568286	5912
11	292	8848.571548923053	5911
11	310	9069.536770824917	5913
11	313	9147.783688037245	5917
11	314	9161.376086892132	5914
11	317	9169.254522505181	5920
11	320	9188.596513314871	5921
11	324	9264.61193675213	5918
11	327	9273.586410868943	5915
11	339	9638.417000810426	5923
11	342	9720.878068181554	5922
11	371	10175.814879930917	5930
11	378	10328.115163191751	5933
11	395	10722.683519388828	5934
11	400	10816.893737963619	5935
11	403	10889.642658544034	5936
11	404	10914.403698807294	5939
11	424	11259.208585163179	5940
11	433	11437.942014965016	5943
11	436	11478.844701603977	5945
11	439	11544.756020491743	5944
11	441	11607.388998922803	5942
11	449	12139.183377806088	5947
11	461	12491.83766456222	5948
11	482	12779.165877962964	5955
11	483	12804.294950845522	5956
11	485	12810.409358124564	5951
11	486	12826.100791316214	5957
11	495	12947.184573759279	5953
11	499	13039.363346482296	5959
11	504	13129.170604715458	5958
11	526	13923.666407108708	5963
11	533	14274.889790912218	5966
11	536	14467.146441256963	5967
11	540	14581.712219073273	5968
11	567	15026.307375037823	5970
11	579	15325.260366203395	5975
11	581	15428.039023444675	5974
11	587	15640.250539659192	5976
11	595	16130.925062118704	5979
11	599	16234.256570464979	5978
11	609	16470.978166675414	5981
11	613	16588.072757493737	5983
11	615	16652.227621674262	5982
11	625	16831.261026783899	5984
11	631	16948.958528177401	5987
11	632	17000.807065671949	5986
11	642	17255.19744393443	5988
11	648	17409.374182005766	5989
11	656	17648.187217002729	5991
11	659	17767.965995456779	5992
11	672	18521.744164805138	5993
11	679	18628.998288666122	5996
11	688	18832.125021273865	5997
11	691	18929.441520959174	5998
11	699	19124.414526091912	6001
11	701	19173.024699697288	5999
11	712	19589.322947560507	6003
12	54	1272.26992520851	306
12	132	3519.843675792926	512
12	163	4794.150433181284	306
12	187	5702.62490867785	409
12	190	6007.922434594366	512
12	291	8840.108422568286	306
12	352	9865.655088133606	203
12	367	10087.627335449491	203
12	381	10381.814879930917	409
12	435	11465.208585163179	512
12	531	14111.396803920519	203
12	627	16858.227621674262	409
12	660	17854.187217002729	306
12	689	18834.998288666122	409
12	700	19135.441520959174	409
13	54	1272.26992520851	6
13	132	3519.843675792926	12
13	163	4794.150433181284	6
13	187	5702.62490867785	9
13	190	6007.922434594366	12
13	291	8840.108422568286	6
13	352	9865.655088133606	3
13	367	10087.627335449491	3
13	381	10381.814879930917	9
13	435	11465.208585163179	12
13	531	14111.396803920519	3
13	627	16858.227621674262	9
13	660	17854.187217002729	6
13	689	18834.998288666122	9
13	700	19135.441520959174	9
14	54	1272.26992520851	2
14	132	3519.843675792926	4
14	163	4794.150433181284	2
14	187	5702.62490867785	3
14	190	6007.922434594366	4
14	291	8840.108422568286	2
14	352	9865.655088133606	1
14	367	10087.627335449491	1
14	381	10381.814879930917	3
14	435	11465.208585163179	4
14	531	14111.396803920519	1
14	627	16858.227621674262	3
14	660	17854.187217002729	2
14	689	18834.998288666122	3
14	700	19135.441520959174	3
15	57	1396.251417067823	409
15	100	2612.131094141711	512
15	105	2791.967468627067	203
15	148	4116.150635228249	203
15	180	5382.723008980834	512
15	255	7817.387887096436	409
15	334	9456.783688037245	512
15	355	9930.917542219629	203
15	357	9947.417000810426	409
15	363	10045.099100297462	203
15	391	10637.115163191751	409
15	414	11037.790017572149	306
15	422	11198.642658544034	512
15	478	12711.528312368715	203
15	621	16779.978166675414	512
15	663	18076.965995456779	512
15	681	18715.868978063716	306
15	710	19481.446467221004	306
15	715	19898.322947560507	512
16	57	1396.251417067823	9
16	100	2612.131094141711	12
16	105	2791.967468627067	3
16	148	4116.150635228249	3
16	180	5382.723008980834	12
16	255	7817.387887096436	9
16	334	9456.783688037245	12
16	355	9930.917542219629	3
16	357	9947.417000810426	9
16	363	10045.099100297462	3
16	391	10637.115163191751	9
16	414	11037.790017572149	6
16	422	11198.642658544034	12
16	478	12711.528312368715	3
16	621	16779.978166675414	12
16	663	18076.965995456779	12
16	681	18715.868978063716	6
16	710	19481.446467221004	6
16	715	19898.322947560507	12
17	57	1396.251417067823	3
17	100	2612.131094141711	4
17	105	2791.967468627067	1
17	148	4116.150635228249	1
17	180	5382.723008980834	4
17	255	7817.387887096436	3
17	334	9456.783688037245	4
17	355	9930.917542219629	1
17	357	9947.417000810426	3
17	363	10045.099100297462	1
17	391	10637.115163191751	3
17	414	11037.790017572149	2
17	422	11198.642658544034	4
17	478	12711.528312368715	1
17	621	16779.978166675414	4
17	663	18076.965995456779	4
17	681	18715.868978063716	2
17	710	19481.446467221004	2
17	715	19898.322947560507	4
18	51	1112.281680562262	409
18	75	1910.621038459827	306
18	204	6599.095394918394	512
18	206	6680.351103492633	409
18	253	7789.367045029141	306
18	254	7806.681698742972	306
18	321	9229.822524227245	306
18	445	11853.756020491743	512
18	460	12448.183377806088	409
18	471	12608.594016526128	306
18	490	12909.54256857301	306
18	517	13411.41870379578	306
18	541	14583.889790912218	512
18	680	18647.824062310807	306
18	703	19221.424587268294	203
19	51	1112.281680562262	9
19	75	1910.621038459827	6
19	204	6599.095394918394	12
19	206	6680.351103492633	9
19	253	7789.367045029141	6
19	254	7806.681698742972	6
19	321	9229.822524227245	6
19	445	11853.756020491743	12
19	460	12448.183377806088	9
19	471	12608.594016526128	6
19	490	12909.54256857301	6
19	517	13411.41870379578	6
19	541	14583.889790912218	12
19	680	18647.824062310807	6
19	703	19221.424587268294	3
20	51	1112.281680562262	3
20	75	1910.621038459827	2
20	204	6599.095394918394	4
20	206	6680.351103492633	3
20	253	7789.367045029141	2
20	254	7806.681698742972	2
20	321	9229.822524227245	2
20	445	11853.756020491743	4
20	460	12448.183377806088	3
20	471	12608.594016526128	2
20	490	12909.54256857301	2
20	517	13411.41870379578	2
20	541	14583.889790912218	4
20	680	18647.824062310807	2
20	703	19221.424587268294	1
21	64	1619.253859362667	203
21	85	2129.467786635721	409
21	145	4003.149229415118	203
21	147	4020.539474178303	203
21	172	4975.314468113903	409
21	248	7651.119721033589	306
21	269	8272.266786916799	306
21	294	8856.977738351893	512
21	331	9369.795311908055	306
21	359	9970.847290333972	409
21	374	10262.931131155947	409
21	430	11365.613413694985	409
21	479	12714.921823664916	306
21	516	13365.220160639829	306
21	519	13542.641441896283	306
21	560	14903.942835032748	306
21	577	15236.379520907369	409
21	633	17008.370429268846	306
21	647	17360.958528177401	512
22	64	1619.253859362667	3
22	85	2129.467786635721	9
22	145	4003.149229415118	3
22	147	4020.539474178303	3
22	172	4975.314468113903	9
22	248	7651.119721033589	6
22	269	8272.266786916799	6
22	294	8856.977738351893	12
22	331	9369.795311908055	6
22	359	9970.847290333972	9
22	374	10262.931131155947	9
22	430	11365.613413694985	9
22	479	12714.921823664916	6
22	516	13365.220160639829	6
22	519	13542.641441896283	6
22	560	14903.942835032748	6
22	577	15236.379520907369	9
22	633	17008.370429268846	6
22	647	17360.958528177401	12
23	64	1619.253859362667	1
23	85	2129.467786635721	3
23	145	4003.149229415118	1
23	147	4020.539474178303	1
23	172	4975.314468113903	3
23	248	7651.119721033589	2
23	269	8272.266786916799	2
23	294	8856.977738351893	4
23	331	9369.795311908055	2
23	359	9970.847290333972	3
23	374	10262.931131155947	3
23	430	11365.613413694985	3
23	479	12714.921823664916	2
23	516	13365.220160639829	2
23	519	13542.641441896283	2
23	560	14903.942835032748	2
23	577	15236.379520907369	3
23	633	17008.370429268846	2
23	647	17360.958528177401	4
24	66	1674.359227414026	306
24	79	1971.550087750406	409
24	99	2591.995217799349	409
24	120	3112.709115889952	409
24	138	3712.90750492008	306
24	264	8133.749229496502	512
24	271	8318.31432026598	306
24	280	8537.486532484098	306
24	384	10434.659005144305	409
24	385	10475.492022903784	409
24	418	11125.252923115088	409
24	459	12445.776842778989	409
24	507	13191.165877962964	512
24	557	14879.146441256963	512
24	563	14993.712219073273	512
24	574	15211.158746557744	409
24	608	16452.504897270783	306
24	653	17550.333121909947	306
25	66	1674.359227414026	6
25	79	1971.550087750406	9
25	99	2591.995217799349	9
25	120	3112.709115889952	9
25	138	3712.90750492008	6
25	264	8133.749229496502	12
25	271	8318.31432026598	6
25	280	8537.486532484098	6
25	384	10434.659005144305	9
25	385	10475.492022903784	9
25	418	11125.252923115088	9
25	459	12445.776842778989	9
25	507	13191.165877962964	12
25	557	14879.146441256963	12
25	563	14993.712219073273	12
25	574	15211.158746557744	9
25	608	16452.504897270783	6
25	653	17550.333121909947	6
26	66	1674.359227414026	2
26	79	1971.550087750406	3
26	99	2591.995217799349	3
26	120	3112.709115889952	3
26	138	3712.90750492008	2
26	264	8133.749229496502	4
26	271	8318.31432026598	2
26	280	8537.486532484098	2
26	384	10434.659005144305	3
26	385	10475.492022903784	3
26	418	11125.252923115088	3
26	459	12445.776842778989	3
26	507	13191.165877962964	4
26	557	14879.146441256963	4
26	563	14993.712219073273	4
26	574	15211.158746557744	3
26	608	16452.504897270783	2
26	653	17550.333121909947	2
27	116	3013.532295485309	306
27	122	3195.123445321666	409
27	166	4841.164098455511	409
27	225	7097.768943413376	512
27	231	7207.549564906945	306
27	234	7287.36886300506	512
27	238	7420.629263050608	409
27	319	9172.536770824917	409
27	326	9272.254522505181	203
27	332	9376.586410868943	512
27	440	11581.844701603977	203
27	443	11710.388998922803	512
27	493	12929.100791316214	203
27	500	13050.184573759279	512
27	529	14026.666407108708	409
27	584	15531.039023444675	512
27	692	18935.125021273865	409
27	706	19276.024699697288	512
28	116	3013.532295485309	6
28	122	3195.123445321666	9
28	166	4841.164098455511	9
28	225	7097.768943413376	12
28	231	7207.549564906945	6
28	234	7287.36886300506	12
28	238	7420.629263050608	9
28	319	9172.536770824917	9
28	326	9272.254522505181	3
28	332	9376.586410868943	12
28	440	11581.844701603977	3
28	443	11710.388998922803	12
28	493	12929.100791316214	3
28	500	13050.184573759279	12
28	529	14026.666407108708	9
28	584	15531.039023444675	12
28	692	18935.125021273865	9
28	706	19276.024699697288	12
29	116	3013.532295485309	2
29	122	3195.123445321666	3
29	166	4841.164098455511	3
29	225	7097.768943413376	4
29	231	7207.549564906945	2
29	234	7287.36886300506	4
29	238	7420.629263050608	3
29	319	9172.536770824917	3
29	326	9272.254522505181	1
29	332	9376.586410868943	4
29	440	11581.844701603977	1
29	443	11710.388998922803	4
29	493	12929.100791316214	1
29	500	13050.184573759279	4
29	529	14026.666407108708	3
29	584	15531.039023444675	4
29	692	18935.125021273865	3
29	706	19276.024699697288	4
30	124	3220.549536925929	409
30	137	3668.745050995554	203
30	139	3766.803269492427	409
30	173	5030.014405476279	409
30	176	5145.29196606348	512
30	205	6637.755125100171	306
30	228	7121.971146054777	409
30	233	7271.123899871376	409
30	283	8602.529208403922	512
30	299	8951.571548923053	512
30	323	9264.376086892132	409
30	330	9367.61193675213	306
30	347	9823.878068181554	306
30	401	10825.683519388828	512
30	411	11017.403698807294	203
30	438	11540.942014965016	306
30	467	12594.83766456222	306
30	491	12913.409358124564	409
30	572	15129.307375037823	512
30	588	15743.250539659192	409
30	630	16934.261026783899	306
31	124	3220.549536925929	9
31	137	3668.745050995554	3
31	139	3766.803269492427	9
31	173	5030.014405476279	9
31	176	5145.29196606348	12
31	205	6637.755125100171	6
31	228	7121.971146054777	9
31	233	7271.123899871376	9
31	283	8602.529208403922	12
31	299	8951.571548923053	12
31	323	9264.376086892132	9
31	330	9367.61193675213	6
31	347	9823.878068181554	6
31	401	10825.683519388828	12
31	411	11017.403698807294	3
31	438	11540.942014965016	6
31	467	12594.83766456222	6
31	491	12913.409358124564	9
31	572	15129.307375037823	12
31	588	15743.250539659192	9
31	630	16934.261026783899	6
32	124	3220.549536925929	3
32	137	3668.745050995554	1
32	139	3766.803269492427	3
32	173	5030.014405476279	3
32	176	5145.29196606348	4
32	205	6637.755125100171	2
32	228	7121.971146054777	3
32	233	7271.123899871376	3
32	283	8602.529208403922	4
32	299	8951.571548923053	4
32	323	9264.376086892132	3
32	330	9367.61193675213	2
32	347	9823.878068181554	2
32	401	10825.683519388828	4
32	411	11017.403698807294	1
32	438	11540.942014965016	2
32	467	12594.83766456222	2
32	491	12913.409358124564	3
32	572	15129.307375037823	4
32	588	15743.250539659192	3
32	630	16934.261026783899	2
33	80	2023.037681535899	203
33	86	2145.105838564426	306
33	93	2359.73327798111	306
33	333	9394.596513314871	306
33	413	11022.893737963619	512
33	497	13010.294950845522	306
33	511	13245.363346482296	306
33	514	13335.170604715458	409
33	527	13996.271072599914	203
33	556	14856.406620603378	203
33	585	15531.260366203395	512
33	592	16018.197131632587	203
33	602	16336.925062118704	306
33	606	16440.256570464979	512
33	622	16794.072757493737	306
33	640	17206.807065671949	409
33	650	17461.19744393443	409
33	655	17615.374182005766	409
33	683	18727.744164805138	512
33	707	19330.414526091912	306
34	80	2023.037681535899	3
34	86	2145.105838564426	6
34	93	2359.73327798111	6
34	333	9394.596513314871	6
34	413	11022.893737963619	12
34	497	13010.294950845522	6
34	511	13245.363346482296	6
34	514	13335.170604715458	9
34	527	13996.271072599914	3
34	556	14856.406620603378	3
34	585	15531.260366203395	12
34	592	16018.197131632587	3
34	602	16336.925062118704	6
34	606	16440.256570464979	12
34	622	16794.072757493737	6
34	640	17206.807065671949	9
34	650	17461.19744393443	9
34	655	17615.374182005766	9
34	683	18727.744164805138	12
34	707	19330.414526091912	6
35	80	2023.037681535899	1
35	86	2145.105838564426	2
35	93	2359.73327798111	2
35	333	9394.596513314871	2
35	413	11022.893737963619	4
35	497	13010.294950845522	2
35	511	13245.363346482296	2
35	514	13335.170604715458	3
35	527	13996.271072599914	1
35	556	14856.406620603378	1
35	585	15531.260366203395	4
35	592	16018.197131632587	1
35	602	16336.925062118704	2
35	606	16440.256570464979	4
35	622	16794.072757493737	2
35	640	17206.807065671949	3
35	650	17461.19744393443	3
35	655	17615.374182005766	3
35	683	18727.744164805138	4
35	707	19330.414526091912	2

