version 3
run MediumLoad_Queue-27-20260126-10:59:48-296
attr configname MediumLoad_Queue
attr datetime 20260126-10:59:48
attr datetimef 20260126-105948
attr experiment MediumLoad_Queue
attr inifile simulations/nwsim_project/omnetpp.ini
attr iterationvars ""
attr iterationvarsd ""
attr iterationvarsf ""
attr measurement ""
attr network CrossTraffic
attr processid 296
attr repetition 27
attr replication #27
attr resultdir results
attr runnumber 27
attr seedset 27
config description "Medium Load - Queue Mode (50% more traffic)"
config *.Junc*.junctionMode "\"queue\""
config *.EndNW.spawnInterval exponential(400s)
config *.EndNE.spawnInterval exponential(600s)
config *.EndEN.spawnInterval exponential(500s)
config *.EndES.spawnInterval exponential(750s)
config *.EndSE.spawnInterval exponential(450s)
config *.EndSW.spawnInterval exponential(500s)
config *.EndWS.spawnInterval exponential(600s)
config *.EndWN.spawnInterval exponential(700s)
config network CrossTraffic
config sim-time-limit 20000s
config warmup-period 1000s
config repeat 50
config **.scalar-recording true
config **.vector-recording true
config *.Junc*.junctionMode "\"queue\""
config *.EndNW.spawnInterval exponential(800s)
config *.EndNE.spawnInterval exponential(1200s)
config *.EndEN.spawnInterval exponential(1000s)
config *.EndES.spawnInterval exponential(1500s)
config *.EndSE.spawnInterval exponential(900s)
config *.EndSW.spawnInterval exponential(1100s)
config *.EndWS.spawnInterval exponential(1300s)
config *.EndWN.spawnInterval exponential(1400s)

vector 0 CrossTraffic.JuncNW queueLength:vector ETV
attr interpolationmode sample-hold
attr recordingmode vector
attr source queueLength
attr title "Queue Length"
vector 1 CrossTraffic.JuncNW junctionProcessingTime:vector ETV
attr recordingmode vector
attr source junctionProcessingTime
attr title "Junction Processing Time"
vector 2 CrossTraffic.JuncNW vehicleCount:vector ETV
attr recordingmode vector
attr source vehicleCount
attr title "Vehicle Count"
vector 3 CrossTraffic.JuncNE queueLength:vector ETV
attr interpolationmode sample-hold
attr recordingmode vector
attr source queueLength
attr title "Queue Length"
vector 4 CrossTraffic.JuncNE junctionProcessingTime:vector ETV
attr recordingmode vector
attr source junctionProcessingTime
attr title "Junction Processing Time"
vector 5 CrossTraffic.JuncNE vehicleCount:vector ETV
attr recordingmode vector
attr source vehicleCount
attr title "Vehicle Count"
vector 6 CrossTraffic.JuncSE queueLength:vector ETV
attr interpolationmode sample-hold
attr recordingmode vector
attr source queueLength
attr title "Queue Length"
vector 7 CrossTraffic.JuncSE junctionProcessingTime:vector ETV
attr recordingmode vector
attr source junctionProcessingTime
attr title "Junction Processing Time"
vector 8 CrossTraffic.JuncSE vehicleCount:vector ETV
attr recordingmode vector
attr source vehicleCount
attr title "Vehicle Count"
vector 9 CrossTraffic.JuncSW queueLength:vector ETV
attr interpolationmode sample-hold
attr recordingmode vector
attr source queueLength
attr title "Queue Length"
vector 10 CrossTraffic.JuncSW junctionProcessingTime:vector ETV
attr recordingmode vector
attr source junctionProcessingTime
attr title "Junction Processing Time"
vector 11 CrossTraffic.JuncSW vehicleCount:vector ETV
attr recordingmode vector
attr source vehicleCount
attr title "Vehicle Count"
vector 12 CrossTraffic.EndNW travelTime:vector ETV
attr recordingmode vector
attr source travelTime
attr title "Vehicle Travel Time"
vector 13 CrossTraffic.EndNW junctionTime:vector ETV
attr recordingmode vector
attr source junctionTime
attr title "Total Junction Time per Vehicle"
vector 14 CrossTraffic.EndNW junctionCount:vector ETV
attr recordingmode vector
attr source junctionCount
attr title "Junctions Visited per Vehicle"
vector 15 CrossTraffic.EndNE travelTime:vector ETV
attr recordingmode vector
attr source travelTime
attr title "Vehicle Travel Time"
vector 16 CrossTraffic.EndNE junctionTime:vector ETV
attr recordingmode vector
attr source junctionTime
attr title "Total Junction Time per Vehicle"
vector 17 CrossTraffic.EndNE junctionCount:vector ETV
attr recordingmode vector
attr source junctionCount
attr title "Junctions Visited per Vehicle"
vector 18 CrossTraffic.EndEN travelTime:vector ETV
attr recordingmode vector
attr source travelTime
attr title "Vehicle Travel Time"
vector 19 CrossTraffic.EndEN junctionTime:vector ETV
attr recordingmode vector
attr source junctionTime
attr title "Total Junction Time per Vehicle"
vector 20 CrossTraffic.EndEN junctionCount:vector ETV
attr recordingmode vector
attr source junctionCount
attr title "Junctions Visited per Vehicle"
vector 21 CrossTraffic.EndES travelTime:vector ETV
attr recordingmode vector
attr source travelTime
attr title "Vehicle Travel Time"
vector 22 CrossTraffic.EndES junctionTime:vector ETV
attr recordingmode vector
attr source junctionTime
attr title "Total Junction Time per Vehicle"
vector 23 CrossTraffic.EndES junctionCount:vector ETV
attr recordingmode vector
attr source junctionCount
attr title "Junctions Visited per Vehicle"
vector 24 CrossTraffic.EndSE travelTime:vector ETV
attr recordingmode vector
attr source travelTime
attr title "Vehicle Travel Time"
vector 25 CrossTraffic.EndSE junctionTime:vector ETV
attr recordingmode vector
attr source junctionTime
attr title "Total Junction Time per Vehicle"
vector 26 CrossTraffic.EndSE junctionCount:vector ETV
attr recordingmode vector
attr source junctionCount
attr title "Junctions Visited per Vehicle"
vector 27 CrossTraffic.EndSW travelTime:vector ETV
attr recordingmode vector
attr source travelTime
attr title "Vehicle Travel Time"
vector 28 CrossTraffic.EndSW junctionTime:vector ETV
attr recordingmode vector
attr source junctionTime
attr title "Total Junction Time per Vehicle"
vector 29 CrossTraffic.EndSW junctionCount:vector ETV
attr recordingmode vector
attr source junctionCount
attr title "Junctions Visited per Vehicle"
vector 30 CrossTraffic.EndWS travelTime:vector ETV
attr recordingmode vector
attr source travelTime
attr title "Vehicle Travel Time"
vector 31 CrossTraffic.EndWS junctionTime:vector ETV
attr recordingmode vector
attr source junctionTime
attr title "Total Junction Time per Vehicle"
vector 32 CrossTraffic.EndWS junctionCount:vector ETV
attr recordingmode vector
attr source junctionCount
attr title "Junctions Visited per Vehicle"
vector 33 CrossTraffic.EndWN travelTime:vector ETV
attr recordingmode vector
attr source travelTime
attr title "Vehicle Travel Time"
vector 34 CrossTraffic.EndWN junctionTime:vector ETV
attr recordingmode vector
attr source junctionTime
attr title "Total Junction Time per Vehicle"
vector 35 CrossTraffic.EndWN junctionCount:vector ETV
attr recordingmode vector
attr source junctionCount
attr title "Junctions Visited per Vehicle"
0	161	1087.127950369193	1
0	162	1090.127950369193	0
0	164	1132.610528319108	1
0	165	1135.610528319108	0
0	167	1150.084025710398	1
0	168	1153.084025710398	0
0	178	1306.194900911033	1
0	179	1309.194900911033	0
0	183	1385.009723957547	1
0	184	1388.009723957547	0
0	208	1598.947007452642	1
0	209	1601.947007452642	0
0	210	1603.253462332442	1
0	211	1606.253462332442	0
0	223	1671.136433354488	1
0	224	1674.136433354488	0
0	232	1721.848766281053	1
0	233	1724.848766281053	0
0	240	1746.083484116882	1
0	241	1749.083484116882	0
0	244	1798.400079715574	1
0	245	1801.400079715574	0
0	261	1939.139959369505	1
0	263	1942.139959369505	0
0	267	2043.100631715507	1
0	268	2046.100631715507	0
0	273	2213.046695925464	1
0	274	2216.046695925464	0
0	291	2524.70132713797	1
0	292	2527.70132713797	0
0	298	2619.148747995133	1
0	299	2622.148747995133	0
0	306	2701.387374238123	1
0	307	2704.387374238123	0
0	316	2773.283103737175	1
0	317	2776.283103737175	0
0	318	2789.084626576565	1
0	319	2792.084626576565	0
0	321	2809.994588682733	1
0	322	2812.994588682733	0
0	336	2951.730314935568	1
0	337	2954.730314935568	0
0	354	3159.510434632526	1
0	355	3162.510434632526	0
0	357	3191.956731031335	1
0	359	3194.956731031335	0
0	412	3822.429684978967	1
0	413	3825.429684978967	0
0	420	3930.217028067062	1
0	421	3933.217028067062	0
0	422	3936.298189475954	1
0	423	3939.298189475954	0
0	439	4136.129798337192	1
0	441	4139.129798337192	0
0	454	4230.174696162573	1
0	455	4233.174696162573	0
0	467	4287.684472895708	1
0	468	4290.684472895708	0
0	491	4403.007615246618	1
0	493	4406.007615246618	0
0	508	4496.953257907581	1
0	510	4499.953257907581	0
0	519	4527.880785929178	1
0	520	4530.880785929178	0
0	529	4597.167888805106	1
0	531	4600.167888805106	0
0	534	4613.683680998664	1
0	535	4616.683680998664	0
0	536	4626.222853267695	1
0	537	4629.222853267695	0
0	540	4636.672753841633	1
0	541	4639.672753841633	0
0	545	4685.935175720194	1
0	546	4688.935175720194	0
0	571	5019.620697974988	1
0	572	5022.620697974988	0
0	592	5342.621485550228	1
0	593	5345.621485550228	0
0	617	5689.548715772283	1
0	618	5692.548715772283	0
0	619	5730.891017756719	1
0	620	5733.891017756719	0
0	621	5741.762986835177	1
0	622	5744.762986835177	0
0	623	5765.783760071489	1
0	624	5768.783760071489	0
0	639	5995.621234800822	1
0	640	5998.621234800822	0
0	650	6115.224798921454	1
0	651	6118.224798921454	0
0	670	6278.847280304773	1
0	671	6281.847280304773	0
0	682	6397.061035359841	1
0	683	6400.061035359841	0
0	688	6467.520688518086	1
0	689	6470.520688518086	0
0	699	6559.000603327795	1
0	700	6562.000603327795	0
0	704	6595.561795689823	1
0	705	6598.561795689823	0
0	709	6615.635943952476	1
0	710	6618.635943952476	0
0	736	6751.6094116793	1
0	737	6754.6094116793	0
0	756	6858.818294879044	1
0	757	6861.818294879044	0
0	759	6874.767054520115	1
0	760	6877.767054520115	0
0	775	7116.819302485098	1
0	777	7119.819302485098	0
0	800	7316.152210739475	1
0	801	7319.152210739475	0
0	804	7328.33672907459	1
0	805	7331.33672907459	0
0	830	7684.597687597677	1
0	832	7687.597687597677	0
0	834	7751.80416819852	1
0	836	7754.80416819852	0
0	838	7786.424224461686	1
0	840	7789.424224461686	0
0	848	7975.486617437342	1
0	849	7978.486617437342	0
0	855	8143.171014970984	1
0	856	8146.171014970984	0
0	866	8295.011662811318	1
0	867	8298.011662811318	0
0	884	8585.347406475899	1
0	885	8588.347406475899	0
0	887	8634.511232390593	1
0	888	8637.212656167068	2
0	889	8637.511232390593	1
0	890	8643.511232390593	0
0	892	8683.380434159026	1
0	894	8686.380434159026	0
0	897	8722.139913696149	1
0	898	8725.139913696149	0
0	916	8879.447654009699	1
0	918	8882.447654009699	0
0	919	8885.294773704159	1
0	920	8888.294773704159	0
0	926	8941.906361906303	1
0	928	8944.906361906303	0
0	935	8992.645698410417	1
0	936	8995.645698410417	0
0	943	9085.240189784938	1
0	944	9088.240189784938	0
0	966	9394.877242251019	1
0	967	9397.877242251019	0
0	970	9451.593608975745	1
0	972	9454.593608975745	0
0	974	9469.889771669877	1
0	975	9472.889771669877	0
0	983	9556.673453574171	1
0	985	9559.673453574171	0
0	991	9623.27461686586	1
0	993	9626.27461686586	0
0	1017	9829.672756318625	1
0	1018	9832.672756318625	0
0	1019	9833.955086233054	1
0	1020	9836.955086233054	0
0	1024	9887.244738799959	1
0	1025	9890.244738799959	0
0	1033	9956.756208204111	1
0	1034	9959.756208204111	0
0	1039	9999.530965377308	1
0	1040	10002.530965377308	0
0	1052	10151.427735141929	1
0	1053	10154.427735141929	0
0	1060	10292.311608086112	1
0	1061	10295.311608086112	0
0	1079	10528.051766485677	1
0	1080	10531.051766485677	0
0	1091	10636.492933802476	1
0	1092	10639.492933802476	0
0	1100	10712.901050344721	1
0	1101	10715.901050344721	0
0	1111	10780.554435857596	1
0	1112	10783.554435857596	0
0	1113	10802.454007392564	1
0	1114	10805.454007392564	0
0	1115	10807.194771788353	1
0	1116	10810.194771788353	0
0	1120	10837.06159692744	1
0	1122	10840.06159692744	0
0	1123	10859.976138772451	1
0	1124	10862.976138772451	0
0	1165	11384.571767050233	1
0	1166	11387.571767050233	0
0	1187	11825.072818169618	1
0	1188	11828.072818169618	0
0	1190	11904.754494029809	1
0	1191	11907.754494029809	0
0	1197	11964.561104505734	1
0	1198	11967.561104505734	0
0	1203	12018.450491704758	1
0	1204	12021.450491704758	0
0	1207	12047.204150436847	1
0	1209	12050.204150436847	0
0	1228	12210.024798001919	1
0	1229	12213.024798001919	0
0	1253	12533.186780683622	1
0	1254	12536.186780683622	0
0	1267	12766.206835599837	1
0	1268	12769.206835599837	0
0	1279	12862.073584678818	1
0	1280	12865.073584678818	0
0	1294	12949.669486936606	1
0	1295	12952.669486936606	0
0	1302	13010.288289446668	1
0	1303	13013.288289446668	0
0	1329	13391.848611502834	1
0	1330	13394.848611502834	0
0	1335	13466.337943254118	1
0	1336	13469.337943254118	0
0	1356	13772.385254880205	1
0	1357	13775.385254880205	0
0	1370	13917.032740651162	1
0	1372	13920.032740651162	0
0	1383	14035.16142537996	1
0	1384	14038.16142537996	0
0	1398	14350.547842573814	1
0	1399	14353.547842573814	0
0	1400	14362.105339428937	1
0	1401	14365.105339428937	0
0	1402	14406.807370020215	1
0	1403	14409.807370020215	0
0	1414	14686.90053103624	1
0	1415	14689.90053103624	0
0	1423	14830.434837518329	1
0	1425	14833.434837518329	0
0	1427	14882.426736598834	1
0	1428	14885.426736598834	0
0	1431	14935.127712748617	1
0	1432	14938.127712748617	0
0	1452	15189.942125672998	1
0	1453	15192.942125672998	0
0	1455	15225.664189551153	1
0	1456	15228.664189551153	0
0	1465	15339.136498676509	1
0	1466	15342.136498676509	0
0	1478	15494.893775190443	1
0	1479	15497.893775190443	0
0	1504	15779.943849629922	1
0	1506	15782.943849629922	0
0	1508	15795.197778821376	1
0	1509	15798.197778821376	0
0	1514	15874.005590664261	1
0	1516	15877.005590664261	0
0	1538	16023.035853932827	1
0	1539	16026.035853932827	0
0	1543	16094.349357686358	1
0	1545	16097.349357686358	0
0	1548	16140.151525516582	1
0	1549	16143.151525516582	0
0	1559	16306.349268936322	1
0	1560	16309.349268936322	0
0	1561	16328.289563579752	1
0	1562	16331.289563579752	0
0	1576	16562.811884295425	1
0	1577	16565.811884295425	0
0	1628	17381.058225462362	1
0	1630	17384.058225462362	0
0	1639	17460.82984261975	1
0	1640	17463.82984261975	0
0	1660	17675.977776296035	1
0	1661	17678.977776296035	0
0	1683	18169.273957714599	1
0	1684	18172.273957714599	2
0	1685	18172.273957714599	1
0	1687	18175.273957714599	0
0	1704	18356.416485581397	1
0	1705	18359.416485581397	0
0	1715	18481.269004288633	1
0	1716	18484.269004288633	0
0	1717	18521.460750499817	1
0	1718	18524.460750499817	0
0	1736	18878.614720818989	1
0	1737	18880.94248254005	2
0	1738	18881.614720818989	1
0	1739	18887.614720818989	0
0	1756	19239.095836118839	1
0	1757	19242.095836118839	0
0	1778	19380.00939655556	1
0	1779	19383.00939655556	0
0	1787	19428.297846234655	1
0	1788	19431.297846234655	0
0	1798	19503.862834045862	1
0	1799	19504.389333145809	2
0	1800	19506.862834045862	1
0	1804	19512.862834045862	0
0	1805	19518.841497533068	1
0	1806	19521.841497533068	0
0	1809	19558.614672176788	1
0	1811	19561.614672176788	0
0	1818	19609.942173385117	1
0	1821	19612.942173385117	0
0	1836	19764.274041902341	1
0	1837	19767.274041902341	0
0	1839	19775.177879386114	1
0	1841	19778.177879386114	0
0	1847	19876.059141524638	1
0	1849	19879.059141524638	0
1	162	1090.127950369193	3
1	165	1135.610528319108	3
1	168	1153.084025710398	3
1	179	1309.194900911033	3
1	184	1388.009723957547	3
1	209	1601.947007452642	3
1	211	1606.253462332442	3
1	224	1674.136433354488	3
1	233	1724.848766281053	3
1	241	1749.083484116882	3
1	245	1801.400079715574	3
1	263	1942.139959369505	3
1	268	2046.100631715507	3
1	274	2216.046695925464	3
1	292	2527.70132713797	3
1	299	2622.148747995133	3
1	307	2704.387374238123	3
1	317	2776.283103737175	3
1	319	2792.084626576565	3
1	322	2812.994588682733	3
1	337	2954.730314935568	3
1	355	3162.510434632526	3
1	359	3194.956731031335	3
1	413	3825.429684978967	3
1	421	3933.217028067062	3
1	423	3939.298189475954	3
1	441	4139.129798337192	3
1	455	4233.174696162573	3
1	468	4290.684472895708	3
1	493	4406.007615246618	3
1	510	4499.953257907581	3
1	520	4530.880785929178	3
1	531	4600.167888805106	3
1	535	4616.683680998664	3
1	537	4629.222853267695	3
1	541	4639.672753841633	3
1	546	4688.935175720194	3
1	572	5022.620697974988	3
1	593	5345.621485550228	3
1	618	5692.548715772283	3
1	620	5733.891017756719	3
1	622	5744.762986835177	3
1	624	5768.783760071489	3
1	640	5998.621234800822	3
1	651	6118.224798921454	3
1	671	6281.847280304773	3
1	683	6400.061035359841	3
1	689	6470.520688518086	3
1	700	6562.000603327795	3
1	705	6598.561795689823	3
1	710	6618.635943952476	3
1	737	6754.6094116793	3
1	757	6861.818294879044	3
1	760	6877.767054520115	3
1	777	7119.819302485098	3
1	801	7319.152210739475	3
1	805	7331.33672907459	3
1	832	7687.597687597677	3
1	836	7754.80416819852	3
1	840	7789.424224461686	3
1	849	7978.486617437342	3
1	856	8146.171014970984	3
1	867	8298.011662811318	3
1	885	8588.347406475899	3
1	889	8637.511232390593	3
1	890	8643.511232390593	6.298576223525
1	894	8686.380434159026	3
1	898	8725.139913696149	3
1	918	8882.447654009699	3
1	920	8888.294773704159	3
1	928	8944.906361906303	3
1	936	8995.645698410417	3
1	944	9088.240189784938	3
1	967	9397.877242251019	3
1	972	9454.593608975745	3
1	975	9472.889771669877	3
1	985	9559.673453574171	3
1	993	9626.27461686586	3
1	1018	9832.672756318625	3
1	1020	9836.955086233054	3
1	1025	9890.244738799959	3
1	1034	9959.756208204111	3
1	1040	10002.530965377308	3
1	1053	10154.427735141929	3
1	1061	10295.311608086112	3
1	1080	10531.051766485677	3
1	1092	10639.492933802476	3
1	1101	10715.901050344721	3
1	1112	10783.554435857596	3
1	1114	10805.454007392564	3
1	1116	10810.194771788353	3
1	1122	10840.06159692744	3
1	1124	10862.976138772451	3
1	1166	11387.571767050233	3
1	1188	11828.072818169618	3
1	1191	11907.754494029809	3
1	1198	11967.561104505734	3
1	1204	12021.450491704758	3
1	1209	12050.204150436847	3
1	1229	12213.024798001919	3
1	1254	12536.186780683622	3
1	1268	12769.206835599837	3
1	1280	12865.073584678818	3
1	1295	12952.669486936606	3
1	1303	13013.288289446668	3
1	1330	13394.848611502834	3
1	1336	13469.337943254118	3
1	1357	13775.385254880205	3
1	1372	13920.032740651162	3
1	1384	14038.16142537996	3
1	1399	14353.547842573814	3
1	1401	14365.105339428937	3
1	1403	14409.807370020215	3
1	1415	14689.90053103624	3
1	1425	14833.434837518329	3
1	1428	14885.426736598834	3
1	1432	14938.127712748617	3
1	1453	15192.942125672998	3
1	1456	15228.664189551153	3
1	1466	15342.136498676509	3
1	1479	15497.893775190443	3
1	1506	15782.943849629922	3
1	1509	15798.197778821376	3
1	1516	15877.005590664261	3
1	1539	16026.035853932827	3
1	1545	16097.349357686358	3
1	1549	16143.151525516582	3
1	1560	16309.349268936322	3
1	1562	16331.289563579752	3
1	1577	16565.811884295425	3
1	1630	17384.058225462362	3
1	1640	17463.82984261975	3
1	1661	17678.977776296035	3
1	1685	18172.273957714599	3
1	1687	18175.273957714599	3
1	1705	18359.416485581397	3
1	1716	18484.269004288633	3
1	1718	18524.460750499817	3
1	1738	18881.614720818989	3
1	1739	18887.614720818989	6.672238278939
1	1757	19242.095836118839	3
1	1779	19383.00939655556	3
1	1788	19431.297846234655	3
1	1800	19506.862834045862	3
1	1804	19512.862834045862	8.473500900053
1	1806	19521.841497533068	3
1	1811	19561.614672176788	3
1	1821	19612.942173385117	3
1	1837	19767.274041902341	3
1	1841	19778.177879386114	3
1	1849	19879.059141524638	3
2	162	1090.127950369193	8254
2	165	1135.610528319108	8256
2	168	1153.084025710398	8257
2	179	1309.194900911033	8258
2	184	1388.009723957547	8259
2	209	1601.947007452642	8260
2	211	1606.253462332442	8263
2	224	1674.136433354488	8267
2	233	1724.848766281053	8265
2	241	1749.083484116882	8270
2	245	1801.400079715574	8268
2	263	1942.139959369505	8269
2	268	2046.100631715507	8271
2	274	2216.046695925464	8272
2	292	2527.70132713797	8276
2	299	2622.148747995133	8275
2	307	2704.387374238123	8277
2	317	2776.283103737175	8281
2	319	2792.084626576565	8278
2	322	2812.994588682733	8279
2	337	2954.730314935568	8282
2	355	3162.510434632526	8285
2	359	3194.956731031335	8287
2	413	3825.429684978967	8292
2	421	3933.217028067062	8295
2	423	3939.298189475954	8296
2	441	4139.129798337192	8298
2	455	4233.174696162573	8302
2	468	4290.684472895708	8301
2	493	4406.007615246618	8304
2	510	4499.953257907581	8311
2	520	4530.880785929178	8313
2	531	4600.167888805106	8310
2	535	4616.683680998664	8315
2	537	4629.222853267695	8312
2	541	4639.672753841633	8314
2	546	4688.935175720194	8308
2	572	5022.620697974988	8317
2	593	5345.621485550228	8322
2	618	5692.548715772283	8326
2	620	5733.891017756719	8324
2	622	5744.762986835177	8327
2	624	5768.783760071489	8325
2	640	5998.621234800822	8329
2	651	6118.224798921454	8328
2	671	6281.847280304773	8335
2	683	6400.061035359841	8336
2	689	6470.520688518086	8334
2	700	6562.000603327795	8338
2	705	6598.561795689823	8339
2	710	6618.635943952476	8337
2	737	6754.6094116793	8347
2	757	6861.818294879044	8342
2	760	6877.767054520115	8343
2	777	7119.819302485098	8348
2	801	7319.152210739475	8355
2	805	7331.33672907459	8352
2	832	7687.597687597677	8357
2	836	7754.80416819852	8356
2	840	7789.424224461686	8359
2	849	7978.486617437342	8360
2	856	8146.171014970984	8361
2	867	8298.011662811318	8363
2	885	8588.347406475899	8365
2	889	8637.511232390593	8366
2	890	8643.511232390593	8367
2	894	8686.380434159026	8364
2	898	8725.139913696149	8369
2	918	8882.447654009699	8370
2	920	8888.294773704159	8371
2	928	8944.906361906303	8374
2	936	8995.645698410417	8372
2	944	9088.240189784938	8376
2	967	9397.877242251019	8378
2	972	9454.593608975745	8379
2	975	9472.889771669877	8381
2	985	9559.673453574171	8380
2	993	9626.27461686586	8382
2	1018	9832.672756318625	8384
2	1020	9836.955086233054	8385
2	1025	9890.244738799959	8386
2	1034	9959.756208204111	8387
2	1040	10002.530965377308	8388
2	1053	10154.427735141929	8391
2	1061	10295.311608086112	8392
2	1080	10531.051766485677	8395
2	1092	10639.492933802476	8396
2	1101	10715.901050344721	8399
2	1112	10783.554435857596	8397
2	1114	10805.454007392564	8402
2	1116	10810.194771788353	8403
2	1122	10840.06159692744	8400
2	1124	10862.976138772451	8401
2	1166	11387.571767050233	8410
2	1188	11828.072818169618	8411
2	1191	11907.754494029809	8412
2	1198	11967.561104505734	8413
2	1204	12021.450491704758	8414
2	1209	12050.204150436847	8416
2	1229	12213.024798001919	8418
2	1254	12536.186780683622	8421
2	1268	12769.206835599837	8424
2	1280	12865.073584678818	8423
2	1295	12952.669486936606	8427
2	1303	13013.288289446668	8425
2	1330	13394.848611502834	8434
2	1336	13469.337943254118	8436
2	1357	13775.385254880205	8438
2	1372	13920.032740651162	8440
2	1384	14038.16142537996	8442
2	1399	14353.547842573814	8444
2	1401	14365.105339428937	8445
2	1403	14409.807370020215	8446
2	1415	14689.90053103624	8447
2	1425	14833.434837518329	8448
2	1428	14885.426736598834	8449
2	1432	14938.127712748617	8451
2	1453	15192.942125672998	8455
2	1456	15228.664189551153	8454
2	1466	15342.136498676509	8457
2	1479	15497.893775190443	8458
2	1506	15782.943849629922	8461
2	1509	15798.197778821376	8465
2	1516	15877.005590664261	8466
2	1539	16026.035853932827	8468
2	1545	16097.349357686358	8470
2	1549	16143.151525516582	8469
2	1560	16309.349268936322	8472
2	1562	16331.289563579752	8471
2	1577	16565.811884295425	8474
2	1630	17384.058225462362	8481
2	1640	17463.82984261975	8486
2	1661	17678.977776296035	8487
2	1685	18172.273957714599	8492
2	1687	18175.273957714599	8493
2	1705	18359.416485581397	8498
2	1716	18484.269004288633	8499
2	1718	18524.460750499817	8500
2	1738	18881.614720818989	8502
2	1739	18887.614720818989	8503
2	1757	19242.095836118839	8504
2	1779	19383.00939655556	8506
2	1788	19431.297846234655	8508
2	1800	19506.862834045862	8511
2	1804	19512.862834045862	8512
2	1806	19521.841497533068	8507
2	1811	19561.614672176788	8510
2	1821	19612.942173385117	8513
2	1837	19767.274041902341	8516
2	1841	19778.177879386114	8519
2	1849	19879.059141524638	8518
3	155	1029.610528319108	1
3	156	1032.610528319108	0
3	170	1203.194900911033	1
3	171	1206.194900911033	0
3	174	1253.084025710398	1
3	175	1256.084025710398	0
3	194	1495.947007452642	1
3	195	1498.947007452642	0
3	212	1610.614827926779	1
3	213	1613.614827926779	0
3	214	1618.848766281053	1
3	215	1621.848766281053	0
3	225	1695.400079715574	1
3	226	1698.400079715574	0
3	234	1728.350035509686	1
3	235	1731.350035509686	0
3	242	1774.136433354488	1
3	243	1777.136433354488	0
3	252	1836.139959369505	1
3	254	1839.139959369505	0
3	262	1940.100631715507	1
3	264	1943.100631715507	0
3	269	2110.046695925464	1
3	270	2113.046695925464	0
3	286	2495.228663370937	1
3	287	2498.228663370937	0
3	304	2686.084626576565	1
3	305	2689.084626576565	0
3	308	2706.994588682733	1
3	309	2709.994588682733	0
3	325	2848.730314935568	1
3	326	2851.730314935568	0
3	351	3125.250465047244	1
3	352	3128.250465047244	0
3	366	3294.956731031335	1
3	368	3297.956731031335	0
3	374	3395.615550525022	1
3	376	3398.615550525022	0
3	386	3524.900092919423	1
3	387	3527.900092919423	0
3	405	3719.429684978967	1
3	406	3722.429684978967	0
3	425	3972.253517309876	1
3	426	3975.253517309876	0
3	430	4039.298189475954	1
3	431	4042.298189475954	0
3	461	4255.931196548614	1
3	462	4258.931196548614	0
3	465	4272.615939854085	1
3	466	4275.615939854085	0
3	470	4300.007615246618	1
3	472	4303.007615246618	0
3	477	4355.870634625968	1
3	478	4358.870634625968	0
3	507	4494.167888805106	1
3	509	4497.167888805106	0
3	521	4533.672753841633	1
3	522	4536.672753841633	0
3	526	4582.935175720194	1
3	527	4585.935175720194	0
3	543	4676.310747680668	1
3	544	4679.310747680668	0
3	550	4716.683680998664	1
3	551	4719.683680998664	0
3	565	4847.81608446085	1
3	566	4850.81608446085	0
3	567	4916.620697974988	1
3	568	4919.620697974988	0
3	574	5082.491319713886	1
3	575	5085.491319713886	0
3	587	5273.681550559563	1
3	588	5276.681550559563	0
3	601	5445.621485550228	1
3	602	5448.621485550228	0
3	604	5501.37796197301	1
3	605	5504.37796197301	0
3	612	5627.891017756719	1
3	613	5630.891017756719	0
3	615	5662.783760071489	1
3	616	5665.783760071489	0
3	629	5844.762986835177	1
3	630	5847.762986835177	0
3	641	6012.224798921454	1
3	642	6015.224798921454	0
3	655	6150.492516890383	1
3	656	6153.492516890383	0
3	676	6321.848183648881	1
3	677	6324.848183648881	0
3	678	6364.520688518086	1
3	679	6367.520688518086	0
3	692	6500.061035359841	1
3	693	6503.061035359841	0
3	695	6512.635943952476	1
3	696	6515.635943952476	0
3	724	6698.561795689823	1
3	725	6701.561795689823	0
3	731	6722.64959510644	1
3	734	6725.64959510644	0
3	738	6755.818294879044	1
3	739	6758.818294879044	0
3	742	6771.767054520115	1
3	743	6774.767054520115	0
3	744	6777.767054520115	1
3	745	6780.767054520115	0
3	749	6825.463518874965	1
3	751	6828.463518874965	0
3	769	7013.819302485098	1
3	770	7016.819302485098	0
3	788	7220.671232680798	1
3	790	7223.671232680798	0
3	791	7225.33672907459	1
3	792	7228.33672907459	0
3	795	7273.355294726662	1
3	796	7276.355294726662	0
3	798	7297.683677065865	1
3	799	7300.683677065865	0
3	806	7351.131663293739	1
3	807	7354.131663293739	0
3	822	7581.597687597677	1
3	824	7584.597687597677	0
3	826	7648.80416819852	1
3	828	7651.80416819852	0
3	829	7683.424224461686	1
3	831	7686.424224461686	0
3	844	7872.486617437342	1
3	845	7875.486617437342	0
3	860	8192.011662811318	1
3	861	8195.011662811318	0
3	869	8358.401625769499	1
3	870	8361.401625769499	0
3	881	8580.380434159026	1
3	883	8583.380434159026	0
3	895	8688.347406475899	1
3	896	8691.347406475899	0
3	899	8737.511232390593	1
3	900	8740.511232390593	0
3	921	8889.645698410417	1
3	922	8892.645698410417	0
3	939	9044.906361906303	1
3	941	9047.906361906303	0
3	950	9114.616869368894	1
3	951	9117.616869368894	0
3	961	9298.645116629041	1
3	962	9301.645116629041	0
3	979	9520.27461686586	1
3	980	9523.27461686586	0
3	1001	9699.829726941253	1
3	1002	9702.829726941253	0
3	1004	9726.672756318625	1
3	1006	9729.672756318625	0
3	1007	9730.955086233054	1
3	1008	9733.955086233054	0
3	1026	9896.530965377308	1
3	1027	9899.530965377308	0
3	1035	9983.374615107836	1
3	1037	9986.374615107836	0
3	1043	10048.427735141929	1
3	1044	10051.427735141929	0
3	1054	10189.311608086112	1
3	1055	10192.311608086112	0
3	1071	10425.051766485677	1
3	1072	10428.051766485677	0
3	1081	10533.492933802476	1
3	1082	10536.492933802476	0
3	1094	10658.692810484007	1
3	1095	10661.692810484007	0
3	1096	10677.554435857596	1
3	1097	10680.554435857596	0
3	1103	10734.06159692744	1
3	1105	10737.06159692744	0
3	1107	10756.976138772451	1
3	1108	10759.976138772451	0
3	1117	10815.901050344721	1
3	1118	10818.901050344721	0
3	1129	10910.194771788353	1
3	1130	10913.194771788353	0
3	1149	11171.429466551019	1
3	1150	11174.429466551019	0
3	1158	11290.561455501264	1
3	1159	11293.561455501264	0
3	1176	11549.960285109015	1
3	1177	11552.960285109015	0
3	1184	11722.072818169618	1
3	1185	11725.072818169618	0
3	1201	12007.754494029809	1
3	1202	12010.754494029809	0
3	1214	12107.024798001919	1
3	1215	12110.024798001919	0
3	1217	12121.450491704758	1
3	1218	12124.450491704758	0
3	1231	12252.311904626096	1
3	1233	12255.311904626096	0
3	1238	12308.651077734728	1
3	1239	12311.651077734728	0
3	1249	12430.186780683622	1
3	1250	12433.186780683622	0
3	1265	12759.073584678818	1
3	1266	12762.073584678818	0
3	1277	12846.669486936606	1
3	1278	12849.669486936606	0
3	1281	12869.206835599837	1
3	1282	12872.206835599837	0
3	1286	12907.288289446668	1
3	1287	12910.288289446668	0
3	1290	12929.577899546204	1
3	1291	12932.113340922165	2
3	1292	12932.577899546204	1
3	1293	12938.577899546204	0
3	1300	12995.87908944451	1
3	1301	12998.87908944451	0
3	1314	13124.433333090072	1
3	1315	13127.433333090072	0
3	1321	13280.109267317805	1
3	1322	13283.109267317805	0
3	1324	13305.009613565398	1
3	1325	13308.009613565398	0
3	1333	13455.028644587036	1
3	1334	13458.028644587036	0
3	1342	13569.337943254118	1
3	1344	13572.337943254118	0
3	1365	13834.03878628796	1
3	1366	13837.03878628796	0
3	1374	13932.16142537996	1
3	1375	13935.16142537996	0
3	1378	14007.991499210172	1
3	1379	14010.991499210172	0
3	1381	14023.032740651162	1
3	1382	14026.032740651162	0
3	1404	14453.547842573814	1
3	1405	14456.547842573814	0
3	1416	14727.434837518329	1
3	1418	14730.434837518329	0
3	1419	14779.426736598834	1
3	1420	14782.426736598834	0
3	1422	14829.464572164715	1
3	1424	14832.464572164715	0
3	1446	15122.664189551153	1
3	1447	15125.664189551153	0
3	1458	15240.660589006451	1
3	1459	15243.660589006451	0
3	1469	15391.893775190443	1
3	1470	15394.893775190443	0
3	1473	15442.136498676509	1
3	1474	15445.136498676509	0
3	1480	15506.249826856937	1
3	1481	15509.249826856937	0
3	1483	15573.044891116822	1
3	1485	15576.044891116822	0
3	1493	15676.943849629922	1
3	1495	15679.943849629922	0
3	1518	15882.390841641224	1
3	1520	15885.390841641224	0
3	1521	15889.556501104983	1
3	1522	15892.556501104983	0
3	1525	15920.035853932827	1
3	1526	15923.035853932827	0
3	1530	15977.005590664261	1
3	1532	15980.005590664261	0
3	1540	16037.151525516582	1
3	1541	16040.151525516582	0
3	1550	16197.349357686358	1
3	1551	16200.349357686358	0
3	1567	16409.349268936322	1
3	1568	16412.349268936322	0
3	1572	16459.811884295425	1
3	1573	16462.811884295425	0
3	1598	16876.680174691407	1
3	1599	16879.680174691407	0
3	1618	17278.058225462362	1
3	1620	17281.058225462362	0
3	1632	17389.038388863802	1
3	1633	17392.038388863802	0
3	1644	17485.847814439261	1
3	1645	17488.847814439261	0
3	1653	17572.977776296035	1
3	1654	17575.977776296035	0
3	1657	17611.702402240496	1
3	1658	17614.702402240496	0
3	1675	18066.273957714599	1
3	1676	18066.739781094341	2
3	1677	18069.273957714599	1
3	1679	18072.273957714599	0
3	1700	18321.013149925929	1
3	1701	18324.013149925929	0
3	1724	18624.460750499817	1
3	1725	18627.460750499817	0
3	1734	18856.144382547189	1
3	1735	18859.144382547189	0
3	1741	18981.614720818989	1
3	1742	18984.614720818989	0
3	1749	19136.095836118839	1
3	1750	19139.095836118839	0
3	1762	19277.00939655556	1
3	1763	19280.00939655556	0
3	1768	19325.297846234655	1
3	1769	19328.297846234655	0
3	1781	19401.389333145809	1
3	1783	19404.389333145809	0
3	1785	19415.841497533068	1
3	1786	19418.841497533068	0
3	1790	19452.614672176788	1
3	1791	19455.614672176788	2
3	1792	19455.614672176788	1
3	1793	19458.614672176788	0
3	1838	19773.059141524638	1
3	1840	19776.059141524638	0
3	1856	19958.468553622252	1
3	1857	19961.468553622252	0
4	156	1032.610528319108	3
4	171	1206.194900911033	3
4	175	1256.084025710398	3
4	195	1498.947007452642	3
4	213	1613.614827926779	3
4	215	1621.848766281053	3
4	226	1698.400079715574	3
4	235	1731.350035509686	3
4	243	1777.136433354488	3
4	254	1839.139959369505	3
4	264	1943.100631715507	3
4	270	2113.046695925464	3
4	287	2498.228663370937	3
4	305	2689.084626576565	3
4	309	2709.994588682733	3
4	326	2851.730314935568	3
4	352	3128.250465047244	3
4	368	3297.956731031335	3
4	376	3398.615550525022	3
4	387	3527.900092919423	3
4	406	3722.429684978967	3
4	426	3975.253517309876	3
4	431	4042.298189475954	3
4	462	4258.931196548614	3
4	466	4275.615939854085	3
4	472	4303.007615246618	3
4	478	4358.870634625968	3
4	509	4497.167888805106	3
4	522	4536.672753841633	3
4	527	4585.935175720194	3
4	544	4679.310747680668	3
4	551	4719.683680998664	3
4	566	4850.81608446085	3
4	568	4919.620697974988	3
4	575	5085.491319713886	3
4	588	5276.681550559563	3
4	602	5448.621485550228	3
4	605	5504.37796197301	3
4	613	5630.891017756719	3
4	616	5665.783760071489	3
4	630	5847.762986835177	3
4	642	6015.224798921454	3
4	656	6153.492516890383	3
4	677	6324.848183648881	3
4	679	6367.520688518086	3
4	693	6503.061035359841	3
4	696	6515.635943952476	3
4	725	6701.561795689823	3
4	734	6725.64959510644	3
4	739	6758.818294879044	3
4	743	6774.767054520115	3
4	745	6780.767054520115	3
4	751	6828.463518874965	3
4	770	7016.819302485098	3
4	790	7223.671232680798	3
4	792	7228.33672907459	3
4	796	7276.355294726662	3
4	799	7300.683677065865	3
4	807	7354.131663293739	3
4	824	7584.597687597677	3
4	828	7651.80416819852	3
4	831	7686.424224461686	3
4	845	7875.486617437342	3
4	861	8195.011662811318	3
4	870	8361.401625769499	3
4	883	8583.380434159026	3
4	896	8691.347406475899	3
4	900	8740.511232390593	3
4	922	8892.645698410417	3
4	941	9047.906361906303	3
4	951	9117.616869368894	3
4	962	9301.645116629041	3
4	980	9523.27461686586	3
4	1002	9702.829726941253	3
4	1006	9729.672756318625	3
4	1008	9733.955086233054	3
4	1027	9899.530965377308	3
4	1037	9986.374615107836	3
4	1044	10051.427735141929	3
4	1055	10192.311608086112	3
4	1072	10428.051766485677	3
4	1082	10536.492933802476	3
4	1095	10661.692810484007	3
4	1097	10680.554435857596	3
4	1105	10737.06159692744	3
4	1108	10759.976138772451	3
4	1118	10818.901050344721	3
4	1130	10913.194771788353	3
4	1150	11174.429466551019	3
4	1159	11293.561455501264	3
4	1177	11552.960285109015	3
4	1185	11725.072818169618	3
4	1202	12010.754494029809	3
4	1215	12110.024798001919	3
4	1218	12124.450491704758	3
4	1233	12255.311904626096	3
4	1239	12311.651077734728	3
4	1250	12433.186780683622	3
4	1266	12762.073584678818	3
4	1278	12849.669486936606	3
4	1282	12872.206835599837	3
4	1287	12910.288289446668	3
4	1292	12932.577899546204	3
4	1293	12938.577899546204	6.464558624039
4	1301	12998.87908944451	3
4	1315	13127.433333090072	3
4	1322	13283.109267317805	3
4	1325	13308.009613565398	3
4	1334	13458.028644587036	3
4	1344	13572.337943254118	3
4	1366	13837.03878628796	3
4	1375	13935.16142537996	3
4	1379	14010.991499210172	3
4	1382	14026.032740651162	3
4	1405	14456.547842573814	3
4	1418	14730.434837518329	3
4	1420	14782.426736598834	3
4	1424	14832.464572164715	3
4	1447	15125.664189551153	3
4	1459	15243.660589006451	3
4	1470	15394.893775190443	3
4	1474	15445.136498676509	3
4	1481	15509.249826856937	3
4	1485	15576.044891116822	3
4	1495	15679.943849629922	3
4	1520	15885.390841641224	3
4	1522	15892.556501104983	3
4	1526	15923.035853932827	3
4	1532	15980.005590664261	3
4	1541	16040.151525516582	3
4	1551	16200.349357686358	3
4	1568	16412.349268936322	3
4	1573	16462.811884295425	3
4	1599	16879.680174691407	3
4	1620	17281.058225462362	3
4	1633	17392.038388863802	3
4	1645	17488.847814439261	3
4	1654	17575.977776296035	3
4	1658	17614.702402240496	3
4	1677	18069.273957714599	3
4	1679	18072.273957714599	5.534176620258
4	1701	18324.013149925929	3
4	1725	18627.460750499817	3
4	1735	18859.144382547189	3
4	1742	18984.614720818989	3
4	1750	19139.095836118839	3
4	1763	19280.00939655556	3
4	1769	19328.297846234655	3
4	1783	19404.389333145809	3
4	1786	19418.841497533068	3
4	1792	19455.614672176788	3
4	1793	19458.614672176788	3
4	1840	19776.059141524638	3
4	1857	19961.468553622252	3
5	156	1032.610528319108	8256
5	171	1206.194900911033	8258
5	175	1256.084025710398	8257
5	195	1498.947007452642	8260
5	213	1613.614827926779	8264
5	215	1621.848766281053	8265
5	226	1698.400079715574	8268
5	235	1731.350035509686	8262
5	243	1777.136433354488	8267
5	254	1839.139959369505	8269
5	264	1943.100631715507	8271
5	270	2113.046695925464	8272
5	287	2498.228663370937	8274
5	305	2689.084626576565	8278
5	309	2709.994588682733	8279
5	326	2851.730314935568	8282
5	352	3128.250465047244	8283
5	368	3297.956731031335	8287
5	376	3398.615550525022	8286
5	387	3527.900092919423	8288
5	406	3722.429684978967	8292
5	426	3975.253517309876	8294
5	431	4042.298189475954	8296
5	462	4258.931196548614	8299
5	466	4275.615939854085	8297
5	472	4303.007615246618	8304
5	478	4358.870634625968	8303
5	509	4497.167888805106	8310
5	522	4536.672753841633	8314
5	527	4585.935175720194	8308
5	544	4679.310747680668	8307
5	551	4719.683680998664	8315
5	566	4850.81608446085	8316
5	568	4919.620697974988	8317
5	575	5085.491319713886	8318
5	588	5276.681550559563	8321
5	602	5448.621485550228	8322
5	605	5504.37796197301	8323
5	613	5630.891017756719	8324
5	616	5665.783760071489	8325
5	630	5847.762986835177	8327
5	642	6015.224798921454	8328
5	656	6153.492516890383	8331
5	677	6324.848183648881	8333
5	679	6367.520688518086	8334
5	693	6503.061035359841	8336
5	696	6515.635943952476	8337
5	725	6701.561795689823	8339
5	734	6725.64959510644	8346
5	739	6758.818294879044	8342
5	743	6774.767054520115	8343
5	745	6780.767054520115	8344
5	751	6828.463518874965	8345
5	770	7016.819302485098	8348
5	790	7223.671232680798	8350
5	792	7228.33672907459	8352
5	796	7276.355294726662	8354
5	799	7300.683677065865	8351
5	807	7354.131663293739	8353
5	824	7584.597687597677	8357
5	828	7651.80416819852	8356
5	831	7686.424224461686	8359
5	845	7875.486617437342	8360
5	861	8195.011662811318	8363
5	870	8361.401625769499	8362
5	883	8583.380434159026	8364
5	896	8691.347406475899	8365
5	900	8740.511232390593	8366
5	922	8892.645698410417	8372
5	941	9047.906361906303	8374
5	951	9117.616869368894	8373
5	962	9301.645116629041	8377
5	980	9523.27461686586	8382
5	1002	9702.829726941253	8383
5	1006	9729.672756318625	8384
5	1008	9733.955086233054	8385
5	1027	9899.530965377308	8388
5	1037	9986.374615107836	8390
5	1044	10051.427735141929	8391
5	1055	10192.311608086112	8392
5	1072	10428.051766485677	8395
5	1082	10536.492933802476	8396
5	1095	10661.692810484007	8398
5	1097	10680.554435857596	8397
5	1105	10737.06159692744	8400
5	1108	10759.976138772451	8401
5	1118	10818.901050344721	8399
5	1130	10913.194771788353	8403
5	1150	11174.429466551019	8405
5	1159	11293.561455501264	8407
5	1177	11552.960285109015	8408
5	1185	11725.072818169618	8411
5	1202	12010.754494029809	8412
5	1215	12110.024798001919	8418
5	1218	12124.450491704758	8414
5	1233	12255.311904626096	8415
5	1239	12311.651077734728	8417
5	1250	12433.186780683622	8421
5	1266	12762.073584678818	8423
5	1278	12849.669486936606	8427
5	1282	12872.206835599837	8424
5	1287	12910.288289446668	8425
5	1292	12932.577899546204	8426
5	1293	12938.577899546204	8430
5	1301	12998.87908944451	8428
5	1315	13127.433333090072	8429
5	1322	13283.109267317805	8432
5	1325	13308.009613565398	8433
5	1334	13458.028644587036	8435
5	1344	13572.337943254118	8436
5	1366	13837.03878628796	8437
5	1375	13935.16142537996	8442
5	1379	14010.991499210172	8439
5	1382	14026.032740651162	8441
5	1405	14456.547842573814	8444
5	1418	14730.434837518329	8448
5	1420	14782.426736598834	8449
5	1424	14832.464572164715	8450
5	1447	15125.664189551153	8454
5	1459	15243.660589006451	8456
5	1470	15394.893775190443	8458
5	1474	15445.136498676509	8457
5	1481	15509.249826856937	8459
5	1485	15576.044891116822	8460
5	1495	15679.943849629922	8461
5	1520	15885.390841641224	8464
5	1522	15892.556501104983	8467
5	1526	15923.035853932827	8468
5	1532	15980.005590664261	8466
5	1541	16040.151525516582	8469
5	1551	16200.349357686358	8470
5	1568	16412.349268936322	8472
5	1573	16462.811884295425	8474
5	1599	16879.680174691407	8475
5	1620	17281.058225462362	8481
5	1633	17392.038388863802	8484
5	1645	17488.847814439261	8482
5	1654	17575.977776296035	8487
5	1658	17614.702402240496	8488
5	1677	18069.273957714599	8492
5	1679	18072.273957714599	8493
5	1701	18324.013149925929	8496
5	1725	18627.460750499817	8500
5	1735	18859.144382547189	8501
5	1742	18984.614720818989	8502
5	1750	19139.095836118839	8504
5	1763	19280.00939655556	8506
5	1769	19328.297846234655	8508
5	1783	19404.389333145809	8512
5	1786	19418.841497533068	8507
5	1792	19455.614672176788	8509
5	1793	19458.614672176788	8510
5	1840	19776.059141524638	8518
5	1857	19961.468553622252	8521
6	157	1033.008545574145	1
6	158	1036.008545574145	0
6	185	1392.947007452642	1
6	186	1395.947007452642	0
6	190	1452.259418190745	1
6	191	1455.259418190745	0
6	216	1625.350035509686	1
6	217	1626.204595223052	2
6	218	1628.350035509686	1
6	220	1634.350035509686	0
6	230	1713.614827926779	1
6	231	1716.614827926779	0
6	236	1733.139959369505	1
6	238	1736.139959369505	0
6	246	1809.253462332442	1
6	247	1812.253462332442	0
6	275	2283.550673084077	1
6	276	2286.550673084077	0
6	281	2392.228663370937	1
6	282	2395.228663370937	0
6	311	2730.70132713797	1
6	312	2733.70132713797	0
6	342	3022.250465047244	1
6	343	3025.250465047244	0
6	349	3100.081958948549	1
6	350	3103.081958948549	0
6	365	3292.615550525022	1
6	367	3295.615550525022	0
6	371	3365.510434632526	1
6	372	3368.510434632526	0
6	377	3421.900092919423	1
6	378	3424.900092919423	0
6	381	3473.163480191915	1
6	382	3476.163480191915	0
6	388	3551.233624259907	1
6	389	3554.233624259907	0
6	393	3581.18266108532	1
6	394	3584.18266108532	0
6	395	3616.429684978967	1
6	396	3619.429684978967	0
6	408	3763.233624259907	1
6	409	3766.233624259907	0
6	417	3869.253517309876	1
6	418	3872.253517309876	0
6	440	4136.217028067062	1
6	442	4139.217028067062	0
6	445	4152.931196548614	1
6	446	4155.931196548614	0
6	447	4159.697764252736	1
6	448	4162.697764252736	0
6	449	4169.615939854085	1
6	450	4172.615939854085	0
6	459	4252.870634625968	1
6	460	4255.870634625968	0
6	475	4342.129798337192	1
6	476	4345.129798337192	0
6	488	4398.783292405666	1
6	489	4401.783292405666	0
6	497	4436.174696162573	1
6	498	4439.174696162573	0
6	503	4479.935175720194	1
6	504	4482.935175720194	0
6	505	4484.892893486667	1
6	506	4487.892893486667	0
6	524	4573.310747680668	1
6	525	4576.310747680668	0
6	556	4744.81608446085	1
6	557	4747.81608446085	0
6	561	4813.620697974988	1
6	562	4816.620697974988	0
6	578	5151.868958930385	1
6	579	5154.868958930385	0
6	590	5322.835015482162	1
6	591	5325.835015482162	0
6	595	5376.681550559563	1
6	596	5379.681550559563	0
6	597	5398.37796197301	1
6	598	5401.37796197301	0
6	606	5524.891017756719	1
6	607	5527.891017756719	0
6	634	5909.224798921454	1
6	635	5912.224798921454	0
6	643	6034.662707667401	1
6	644	6037.662707667401	0
6	645	6047.492516890383	1
6	646	6050.492516890383	0
6	659	6201.621234800822	1
6	660	6202.214730934355	2
6	661	6204.621234800822	1
6	662	6210.621234800822	0
6	664	6218.848183648881	1
6	665	6221.848183648881	0
6	668	6261.520688518086	1
6	669	6264.520688518086	0
6	716	6652.818294879044	1
6	717	6655.818294879044	0
6	720	6668.767054520115	1
6	721	6669.946225288044	2
6	722	6671.767054520115	1
6	723	6677.767054520115	0
6	726	6708.597855304527	1
6	727	6711.597855304527	0
6	730	6722.463518874965	1
6	732	6723.249335455556	2
6	733	6725.463518874965	1
6	735	6731.463518874965	0
6	740	6765.000603327795	1
6	741	6768.000603327795	0
6	750	6825.64959510644	1
6	752	6828.64959510644	0
6	772	7072.535166563356	1
6	773	7075.535166563356	0
6	776	7117.671232680798	1
6	778	7120.671232680798	0
6	784	7194.683677065865	1
6	785	7197.683677065865	0
6	793	7248.131663293739	1
6	794	7251.131663293739	0
6	808	7376.355294726662	1
6	809	7379.355294726662	0
6	819	7545.80416819852	1
6	821	7548.80416819852	0
6	833	7749.60125810301	1
6	835	7752.60125810301	0
6	864	8255.401625769499	1
6	865	8258.401625769499	0
6	875	8477.380434159026	1
6	876	8480.380434159026	0
6	927	8944.776801645551	1
6	929	8947.776801645551	0
6	937	9011.616869368894	1
6	938	9014.616869368894	0
6	945	9091.294773704159	1
6	946	9094.294773704159	0
6	956	9195.645116629041	1
6	957	9198.645116629041	0
6	988	9596.829726941253	1
6	989	9599.829726941253	0
6	992	9623.672756318625	1
6	994	9626.672756318625	0
6	996	9657.593608975745	1
6	998	9660.593608975745	0
6	1041	10003.776519936248	1
6	1042	10006.776519936248	0
6	1046	10086.311608086112	1
6	1047	10086.374615107836	2
6	1048	10089.311608086112	1
6	1049	10095.311608086112	0
6	1069	10410.726520792637	1
6	1070	10413.726520792637	0
6	1073	10430.492933802476	1
6	1074	10433.492933802476	0
6	1075	10474.265308253459	1
6	1077	10477.265308253459	0
6	1084	10574.554435857596	1
6	1086	10577.554435857596	0
6	1109	10761.692810484007	1
6	1110	10764.692810484007	0
6	1132	10937.600319264994	1
6	1134	10940.600319264994	0
6	1139	11008.454007392564	1
6	1140	11011.454007392564	0
6	1144	11068.429466551019	1
6	1145	11071.429466551019	0
6	1146	11088.745223491731	1
6	1147	11091.745223491731	0
6	1163	11374.515285396268	1
6	1164	11377.515285396268	0
6	1167	11393.561455501264	1
6	1168	11396.561455501264	0
6	1169	11446.960285109015	1
6	1170	11449.960285109015	0
6	1179	11590.571767050233	1
6	1180	11593.571767050233	0
6	1219	12149.311904626096	1
6	1221	12152.311904626096	0
6	1226	12205.651077734728	1
6	1227	12208.651077734728	0
6	1234	12275.238993479851	1
6	1235	12278.238993479851	0
6	1255	12596.007763042558	1
6	1256	12599.007763042558	0
6	1271	12804.288289446668	1
6	1272	12807.288289446668	0
6	1274	12826.577899546204	1
6	1275	12829.577899546204	0
6	1284	12892.87908944451	1
6	1285	12895.87908944451	0
6	1298	12981.70510167364	1
6	1299	12984.70510167364	0
6	1304	13021.433333090072	1
6	1305	13024.433333090072	0
6	1316	13177.109267317805	1
6	1317	13180.109267317805	0
6	1331	13408.009613565398	1
6	1332	13411.009613565398	0
6	1354	13731.03878628796	1
6	1355	13734.03878628796	0
6	1368	13904.991499210172	1
6	1369	13907.991499210172	0
6	1371	13920.032740651162	1
6	1373	13923.032740651162	0
6	1385	14106.212453578031	1
6	1386	14109.212453578031	0
6	1440	15057.62987380968	1
6	1441	15060.62987380968	0
6	1444	15104.56184638793	1
6	1445	15107.56184638793	0
6	1467	15343.660589006451	1
6	1468	15346.660589006451	0
6	1471	15403.249826856937	1
6	1472	15406.249826856937	0
6	1484	15573.943849629922	1
6	1486	15576.943849629922	0
6	1491	15676.044891116822	1
6	1494	15679.044891116822	0
6	1497	15731.69771275874	1
6	1498	15734.69771275874	0
6	1499	15773.390841641224	1
6	1501	15776.184336585327	2
6	1502	15776.390841641224	1
6	1505	15782.390841641224	0
6	1527	15934.151525516582	1
6	1528	15937.151525516582	0
6	1534	15992.556501104983	1
6	1536	15995.556501104983	0
6	1563	16348.782099775107	1
6	1564	16351.782099775107	0
6	1565	16356.811884295425	1
6	1566	16359.811884295425	0
6	1586	16747.783522350887	1
6	1587	16750.783522350887	0
6	1589	16773.680174691407	1
6	1590	16776.680174691407	0
6	1592	16823.201151731851	1
6	1593	16826.201151731851	0
6	1596	16869.754209974647	1
6	1597	16872.754209974647	0
6	1608	17008.652152422682	1
6	1609	17011.652152422682	0
6	1613	17175.058225462362	1
6	1614	17178.058225462362	0
6	1629	17382.847814439261	1
6	1631	17385.847814439261	0
6	1635	17400.034020152527	1
6	1637	17403.034020152527	0
6	1641	17469.977776296035	1
6	1642	17472.977776296035	0
6	1649	17508.702402240496	1
6	1650	17511.702402240496	0
6	1662	17680.608929024817	1
6	1663	17683.608929024817	0
6	1696	18277.211060254747	1
6	1697	18280.211060254747	0
6	1698	18304.769847496251	1
6	1699	18307.769847496251	0
6	1710	18424.013149925929	1
6	1711	18427.013149925929	0
6	1720	18562.416485581397	1
6	1721	18565.416485581397	0
6	1727	18687.269004288633	1
6	1728	18690.269004288633	0
6	1747	19090.614720818989	1
6	1748	19093.614720818989	0
6	1760	19273.372877790701	1
6	1761	19276.372877790701	0
6	1766	19312.841497533068	1
6	1767	19315.841497533068	0
6	1772	19349.614672176788	1
6	1773	19350.056098376246	2
6	1774	19352.614672176788	1
6	1775	19355.614672176788	0
6	1814	19592.762518102847	1
6	1815	19595.762518102847	0
6	1829	19675.375349958314	1
6	1830	19678.375349958314	0
6	1832	19710.22262814171	1
6	1834	19713.22262814171	0
7	158	1036.008545574145	3
7	186	1395.947007452642	3
7	191	1455.259418190745	3
7	218	1628.350035509686	3
7	220	1634.350035509686	8.145440286634
7	231	1716.614827926779	3
7	238	1736.139959369505	3
7	247	1812.253462332442	3
7	276	2286.550673084077	3
7	282	2395.228663370937	3
7	312	2733.70132713797	3
7	343	3025.250465047244	3
7	350	3103.081958948549	3
7	367	3295.615550525022	3
7	372	3368.510434632526	3
7	378	3424.900092919423	3
7	382	3476.163480191915	3
7	389	3554.233624259907	3
7	394	3584.18266108532	3
7	396	3619.429684978967	3
7	409	3766.233624259907	3
7	418	3872.253517309876	3
7	442	4139.217028067062	3
7	446	4155.931196548614	3
7	448	4162.697764252736	3
7	450	4172.615939854085	3
7	460	4255.870634625968	3
7	476	4345.129798337192	3
7	489	4401.783292405666	3
7	498	4439.174696162573	3
7	504	4482.935175720194	3
7	506	4487.892893486667	3
7	525	4576.310747680668	3
7	557	4747.81608446085	3
7	562	4816.620697974988	3
7	579	5154.868958930385	3
7	591	5325.835015482162	3
7	596	5379.681550559563	3
7	598	5401.37796197301	3
7	607	5527.891017756719	3
7	635	5912.224798921454	3
7	644	6037.662707667401	3
7	646	6050.492516890383	3
7	661	6204.621234800822	3
7	662	6210.621234800822	8.406503866467
7	665	6221.848183648881	3
7	669	6264.520688518086	3
7	717	6655.818294879044	3
7	722	6671.767054520115	3
7	723	6677.767054520115	7.820829232071
7	727	6711.597855304527	3
7	733	6725.463518874965	3
7	735	6731.463518874965	8.214183419409
7	741	6768.000603327795	3
7	752	6828.64959510644	3
7	773	7075.535166563356	3
7	778	7120.671232680798	3
7	785	7197.683677065865	3
7	794	7251.131663293739	3
7	809	7379.355294726662	3
7	821	7548.80416819852	3
7	835	7752.60125810301	3
7	865	8258.401625769499	3
7	876	8480.380434159026	3
7	929	8947.776801645551	3
7	938	9014.616869368894	3
7	946	9094.294773704159	3
7	957	9198.645116629041	3
7	989	9599.829726941253	3
7	994	9626.672756318625	3
7	998	9660.593608975745	3
7	1042	10006.776519936248	3
7	1048	10089.311608086112	3
7	1049	10095.311608086112	8.936992978276
7	1070	10413.726520792637	3
7	1074	10433.492933802476	3
7	1077	10477.265308253459	3
7	1086	10577.554435857596	3
7	1110	10764.692810484007	3
7	1134	10940.600319264994	3
7	1140	11011.454007392564	3
7	1145	11071.429466551019	3
7	1147	11091.745223491731	3
7	1164	11377.515285396268	3
7	1168	11396.561455501264	3
7	1170	11449.960285109015	3
7	1180	11593.571767050233	3
7	1221	12152.311904626096	3
7	1227	12208.651077734728	3
7	1235	12278.238993479851	3
7	1256	12599.007763042558	3
7	1272	12807.288289446668	3
7	1275	12829.577899546204	3
7	1285	12895.87908944451	3
7	1299	12984.70510167364	3
7	1305	13024.433333090072	3
7	1317	13180.109267317805	3
7	1332	13411.009613565398	3
7	1355	13734.03878628796	3
7	1369	13907.991499210172	3
7	1373	13923.032740651162	3
7	1386	14109.212453578031	3
7	1441	15060.62987380968	3
7	1445	15107.56184638793	3
7	1468	15346.660589006451	3
7	1472	15406.249826856937	3
7	1486	15576.943849629922	3
7	1494	15679.044891116822	3
7	1498	15734.69771275874	3
7	1502	15776.390841641224	3
7	1505	15782.390841641224	6.206505055897
7	1528	15937.151525516582	3
7	1536	15995.556501104983	3
7	1564	16351.782099775107	3
7	1566	16359.811884295425	3
7	1587	16750.783522350887	3
7	1590	16776.680174691407	3
7	1593	16826.201151731851	3
7	1597	16872.754209974647	3
7	1609	17011.652152422682	3
7	1614	17178.058225462362	3
7	1631	17385.847814439261	3
7	1637	17403.034020152527	3
7	1642	17472.977776296035	3
7	1650	17511.702402240496	3
7	1663	17683.608929024817	3
7	1697	18280.211060254747	3
7	1699	18307.769847496251	3
7	1711	18427.013149925929	3
7	1721	18565.416485581397	3
7	1728	18690.269004288633	3
7	1748	19093.614720818989	3
7	1761	19276.372877790701	3
7	1767	19315.841497533068	3
7	1774	19352.614672176788	3
7	1775	19355.614672176788	5.558573800542
7	1815	19595.762518102847	3
7	1830	19678.375349958314	3
7	1834	19713.22262814171	3
8	158	1036.008545574145	8255
8	186	1395.947007452642	8260
8	191	1455.259418190745	8261
8	218	1628.350035509686	8262
8	220	1634.350035509686	8266
8	231	1716.614827926779	8264
8	238	1736.139959369505	8269
8	247	1812.253462332442	8263
8	276	2286.550673084077	8273
8	282	2395.228663370937	8274
8	312	2733.70132713797	8276
8	343	3025.250465047244	8283
8	350	3103.081958948549	8284
8	367	3295.615550525022	8286
8	372	3368.510434632526	8285
8	378	3424.900092919423	8288
8	382	3476.163480191915	8289
8	389	3554.233624259907	8290
8	394	3584.18266108532	8291
8	396	3619.429684978967	8292
8	409	3766.233624259907	8293
8	418	3872.253517309876	8294
8	442	4139.217028067062	8295
8	446	4155.931196548614	8299
8	448	4162.697764252736	8300
8	450	4172.615939854085	8297
8	460	4255.870634625968	8303
8	476	4345.129798337192	8298
8	489	4401.783292405666	8305
8	498	4439.174696162573	8302
8	504	4482.935175720194	8308
8	506	4487.892893486667	8309
8	525	4576.310747680668	8307
8	557	4747.81608446085	8316
8	562	4816.620697974988	8317
8	579	5154.868958930385	8319
8	591	5325.835015482162	8320
8	596	5379.681550559563	8321
8	598	5401.37796197301	8323
8	607	5527.891017756719	8324
8	635	5912.224798921454	8328
8	644	6037.662707667401	8330
8	646	6050.492516890383	8331
8	661	6204.621234800822	8329
8	662	6210.621234800822	8332
8	665	6221.848183648881	8333
8	669	6264.520688518086	8334
8	717	6655.818294879044	8342
8	722	6671.767054520115	8343
8	723	6677.767054520115	8344
8	727	6711.597855304527	8340
8	733	6725.463518874965	8345
8	735	6731.463518874965	8341
8	741	6768.000603327795	8338
8	752	6828.64959510644	8346
8	773	7075.535166563356	8349
8	778	7120.671232680798	8350
8	785	7197.683677065865	8351
8	794	7251.131663293739	8353
8	809	7379.355294726662	8354
8	821	7548.80416819852	8356
8	835	7752.60125810301	8358
8	865	8258.401625769499	8362
8	876	8480.380434159026	8364
8	929	8947.776801645551	8375
8	938	9014.616869368894	8373
8	946	9094.294773704159	8371
8	957	9198.645116629041	8377
8	989	9599.829726941253	8383
8	994	9626.672756318625	8384
8	998	9660.593608975745	8379
8	1042	10006.776519936248	8389
8	1048	10089.311608086112	8392
8	1049	10095.311608086112	8390
8	1070	10413.726520792637	8394
8	1074	10433.492933802476	8396
8	1077	10477.265308253459	8393
8	1086	10577.554435857596	8397
8	1110	10764.692810484007	8398
8	1134	10940.600319264994	8404
8	1140	11011.454007392564	8402
8	1145	11071.429466551019	8405
8	1147	11091.745223491731	8406
8	1164	11377.515285396268	8409
8	1168	11396.561455501264	8407
8	1170	11449.960285109015	8408
8	1180	11593.571767050233	8410
8	1221	12152.311904626096	8415
8	1227	12208.651077734728	8417
8	1235	12278.238993479851	8419
8	1256	12599.007763042558	8422
8	1272	12807.288289446668	8425
8	1275	12829.577899546204	8426
8	1285	12895.87908944451	8428
8	1299	12984.70510167364	8431
8	1305	13024.433333090072	8429
8	1317	13180.109267317805	8432
8	1332	13411.009613565398	8433
8	1355	13734.03878628796	8437
8	1369	13907.991499210172	8439
8	1373	13923.032740651162	8441
8	1386	14109.212453578031	8443
8	1441	15060.62987380968	8452
8	1445	15107.56184638793	8453
8	1468	15346.660589006451	8456
8	1472	15406.249826856937	8459
8	1486	15576.943849629922	8461
8	1494	15679.044891116822	8460
8	1498	15734.69771275874	8462
8	1502	15776.390841641224	8463
8	1505	15782.390841641224	8464
8	1528	15937.151525516582	8469
8	1536	15995.556501104983	8467
8	1564	16351.782099775107	8473
8	1566	16359.811884295425	8474
8	1587	16750.783522350887	8477
8	1590	16776.680174691407	8475
8	1593	16826.201151731851	8476
8	1597	16872.754209974647	8478
8	1609	17011.652152422682	8480
8	1614	17178.058225462362	8481
8	1631	17385.847814439261	8482
8	1637	17403.034020152527	8483
8	1642	17472.977776296035	8487
8	1650	17511.702402240496	8488
8	1663	17683.608929024817	8489
8	1697	18280.211060254747	8494
8	1699	18307.769847496251	8495
8	1711	18427.013149925929	8496
8	1721	18565.416485581397	8498
8	1728	18690.269004288633	8499
8	1748	19093.614720818989	8503
8	1761	19276.372877790701	8505
8	1767	19315.841497533068	8507
8	1774	19352.614672176788	8509
8	1775	19355.614672176788	8510
8	1815	19595.762518102847	8514
8	1830	19678.375349958314	8517
8	1834	19713.22262814171	8515
9	172	1235.610528319108	1
9	173	1238.610528319108	0
9	187	1409.194900911033	1
9	188	1412.194900911033	0
9	192	1488.009723957547	1
9	193	1491.009723957547	0
9	200	1522.350035509686	1
9	201	1525.350035509686	0
9	203	1555.259418190745	1
9	204	1558.259418190745	0
9	228	1706.253462332442	1
9	229	1709.253462332442	0
9	237	1734.350035509686	1
9	239	1737.350035509686	0
9	249	1824.848766281053	1
9	250	1827.848766281053	0
9	278	2316.046695925464	1
9	279	2319.046695925464	0
9	289	2516.148747995133	1
9	290	2519.148747995133	0
9	295	2598.387374238123	1
9	296	2601.387374238123	0
9	300	2627.70132713797	1
9	301	2630.70132713797	0
9	314	2751.837088392379	1
9	315	2754.837088392379	0
9	328	2876.283103737175	1
9	329	2879.283103737175	0
9	330	2892.084626576565	1
9	331	2895.084626576565	0
9	334	2919.250465047244	1
9	335	2922.250465047244	0
9	340	2997.081958948549	1
9	341	3000.081958948549	0
9	344	3054.730314935568	1
9	345	3057.730314935568	0
9	356	3189.615550525022	1
9	358	3192.615550525022	0
9	363	3262.510434632526	1
9	364	3265.510434632526	0
9	369	3318.900092919423	1
9	370	3321.900092919423	0
9	391	3576.163480191915	1
9	392	3579.163480191915	0
9	398	3654.233624259907	1
9	399	3654.956589967717	2
9	400	3657.233624259907	1
9	401	3663.233624259907	0
9	403	3684.18266108532	1
9	404	3687.18266108532	0
9	427	4033.217028067062	1
9	429	4036.217028067062	0
9	434	4066.615939854085	1
9	435	4069.615939854085	0
9	451	4184.684472895708	1
9	452	4187.684472895708	0
9	456	4239.129798337192	1
9	458	4242.129798337192	0
9	463	4262.697764252736	1
9	464	4265.697764252736	0
9	473	4333.174696162573	1
9	474	4336.174696162573	0
9	490	4402.653925619864	1
9	492	4405.653925619864	0
9	501	4470.310747680668	1
9	502	4473.310747680668	0
9	511	4501.783292405666	1
9	512	4504.783292405666	0
9	514	4506.007615246618	1
9	515	4509.007615246618	0
9	517	4523.222853267695	1
9	518	4526.222853267695	0
9	538	4630.880785929178	1
9	539	4633.880785929178	0
9	547	4700.167888805106	1
9	548	4703.167888805106	0
9	554	4739.672753841633	1
9	555	4742.672753841633	0
9	582	5219.835015482162	1
9	583	5222.835015482162	0
9	585	5254.868958930385	1
9	586	5257.868958930385	0
9	625	5792.548715772283	1
9	626	5795.548715772283	0
9	647	6098.621234800822	1
9	648	6101.621234800822	0
9	653	6137.662707667401	1
9	654	6140.662707667401	0
9	674	6310.621234800822	1
9	675	6313.621234800822	0
9	680	6381.847280304773	1
9	681	6384.847280304773	0
9	707	6605.597855304527	1
9	708	6608.597855304527	0
9	711	6620.249335455556	1
9	714	6623.249335455556	0
9	718	6662.000603327795	1
9	719	6665.000603327795	0
9	728	6718.635943952476	1
9	729	6721.635943952476	0
9	754	6854.6094116793	1
9	755	6857.6094116793	0
9	782	7175.535166563356	1
9	783	7178.535166563356	0
9	787	7219.819302485098	1
9	789	7222.819302485098	0
9	811	7419.152210739475	1
9	812	7422.152210739475	0
9	825	7646.60125810301	1
9	827	7649.60125810301	0
9	839	7787.597687597677	1
9	841	7790.597687597677	0
9	852	8078.486617437342	1
9	853	8081.486617437342	0
9	857	8152.401625769499	1
9	858	8155.401625769499	0
9	862	8246.171014970984	1
9	863	8249.171014970984	0
9	872	8398.011662811318	1
9	873	8401.011662811318	0
9	891	8682.169342451801	1
9	893	8685.169342451801	0
9	901	8743.511232390593	1
9	902	8746.511232390593	0
9	910	8825.139913696149	1
9	911	8828.139913696149	0
9	923	8908.616869368894	1
9	924	8911.616869368894	0
9	930	8982.240189784938	1
9	932	8985.240189784938	0
9	933	8988.294773704159	1
9	934	8991.294773704159	0
9	940	9047.776801645551	1
9	942	9050.776801645551	0
9	948	9095.645698410417	1
9	949	9098.645698410417	0
9	971	9453.673453574171	1
9	973	9456.673453574171	0
9	977	9497.877242251019	1
9	978	9500.877242251019	0
9	982	9554.593608975745	1
9	984	9557.593608975745	0
9	986	9572.889771669877	1
9	987	9575.889771669877	0
9	1003	9726.27461686586	1
9	1005	9729.27461686586	0
9	1011	9784.244738799959	1
9	1012	9787.244738799959	0
9	1021	9853.756208204111	1
9	1022	9856.756208204111	0
9	1028	9900.776519936248	1
9	1029	9903.776519936248	0
9	1057	10254.427735141929	1
9	1058	10257.427735141929	0
9	1066	10371.265308253459	1
9	1067	10374.265308253459	0
9	1088	10631.051766485677	1
9	1089	10634.051766485677	0
9	1119	10834.600319264994	1
9	1121	10837.600319264994	0
9	1127	10905.454007392564	1
9	1128	10908.454007392564	0
9	1135	10962.976138772451	1
9	1136	10965.976138772451	0
9	1152	11191.745223491731	1
9	1153	11194.745223491731	0
9	1161	11343.960285109015	1
9	1162	11346.960285109015	0
9	1171	11477.515285396268	1
9	1172	11480.515285396268	0
9	1173	11487.571767050233	1
9	1174	11490.571767050233	0
9	1193	11928.072818169618	1
9	1194	11931.072818169618	0
9	1206	12046.311904626096	1
9	1208	12049.311904626096	0
9	1210	12067.561104505734	1
9	1211	12070.561104505734	0
9	1212	12102.651077734728	1
9	1213	12105.651077734728	0
9	1220	12150.204150436847	1
9	1222	12153.204150436847	0
9	1236	12297.235656327358	1
9	1237	12300.235656327358	0
9	1240	12313.024798001919	1
9	1241	12316.024798001919	0
9	1244	12378.238993479851	1
9	1245	12381.238993479851	0
9	1260	12699.007763042558	1
9	1261	12702.007763042558	0
9	1288	12918.433333090072	1
9	1289	12921.433333090072	0
9	1310	13084.70510167364	1
9	1311	13087.70510167364	0
9	1337	13494.848611502834	1
9	1338	13497.848611502834	0
9	1346	13628.03878628796	1
9	1347	13631.03878628796	0
9	1348	13669.385254880205	1
9	1350	13672.385254880205	0
9	1358	13801.991499210172	1
9	1359	13804.991499210172	0
9	1360	13814.032740651162	1
9	1361	13814.5030244665	2
9	1362	13817.032740651162	1
9	1363	13820.032740651162	0
9	1389	14138.16142537996	1
9	1390	14141.16142537996	0
9	1391	14209.212453578031	1
9	1392	14212.212453578031	0
9	1407	14509.807370020215	1
9	1408	14512.807370020215	0
9	1434	14985.426736598834	1
9	1435	14988.426736598834	0
9	1438	15038.127712748617	1
9	1439	15041.127712748617	0
9	1450	15160.62987380968	1
9	1451	15163.62987380968	0
9	1512	15834.69771275874	1
9	1513	15837.69771275874	0
9	1515	15876.390841641224	1
9	1517	15879.390841641224	0
9	1523	15898.197778821376	1
9	1524	15901.197778821376	0
9	1553	16225.289563579752	1
9	1554	16228.289563579752	0
9	1570	16451.782099775107	1
9	1571	16454.782099775107	0
9	1582	16670.680174691407	1
9	1583	16673.680174691407	0
9	1584	16720.201151731851	1
9	1585	16723.201151731851	0
9	1594	16850.783522350887	1
9	1595	16853.783522350887	0
9	1600	16893.087593904624	1
9	1601	16896.087593904624	0
9	1611	17111.652152422682	1
9	1612	17114.652152422682	0
9	1619	17279.847814439261	1
9	1621	17282.847814439261	0
9	1623	17297.034020152527	1
9	1625	17300.034020152527	0
9	1634	17399.705557578541	1
9	1636	17402.705557578541	0
9	1651	17563.82984261975	1
9	1652	17566.82984261975	0
9	1671	17967.744882048584	1
9	1672	17970.744882048584	0
9	1673	18024.63777909918	1
9	1674	18027.63777909918	0
9	1686	18174.211060254747	1
9	1688	18177.211060254747	0
9	1689	18201.769847496251	1
9	1690	18204.769847496251	0
9	1702	18341.724739610545	1
9	1703	18344.724739610545	0
9	1713	18459.416485581397	1
9	1714	18462.416485581397	0
9	1722	18584.269004288633	1
9	1723	18587.269004288633	0
9	1743	18987.614720818989	1
9	1744	18990.614720818989	0
9	1770	19342.095836118839	1
9	1771	19345.095836118839	0
9	1776	19376.372877790701	1
9	1777	19379.372877790701	0
9	1780	19400.862834045862	1
9	1782	19403.862834045862	0
9	1795	19483.00939655556	1
9	1796	19486.00939655556	0
9	1801	19506.942173385117	1
9	1803	19509.942173385117	0
9	1817	19607.22262814171	1
9	1819	19610.22262814171	0
9	1820	19612.862834045862	1
9	1822	19615.862834045862	0
9	1824	19661.274041902341	1
9	1826	19664.274041902341	0
9	1848	19878.177879386114	1
9	1850	19881.177879386114	0
9	1852	19919.270409717251	1
9	1853	19922.270409717251	0
9	1858	19979.059141524638	1
9	1860	19982.059141524638	0
10	173	1238.610528319108	3
10	188	1412.194900911033	3
10	193	1491.009723957547	3
10	201	1525.350035509686	3
10	204	1558.259418190745	3
10	229	1709.253462332442	3
10	239	1737.350035509686	3
10	250	1827.848766281053	3
10	279	2319.046695925464	3
10	290	2519.148747995133	3
10	296	2601.387374238123	3
10	301	2630.70132713797	3
10	315	2754.837088392379	3
10	329	2879.283103737175	3
10	331	2895.084626576565	3
10	335	2922.250465047244	3
10	341	3000.081958948549	3
10	345	3057.730314935568	3
10	358	3192.615550525022	3
10	364	3265.510434632526	3
10	370	3321.900092919423	3
10	392	3579.163480191915	3
10	400	3657.233624259907	3
10	401	3663.233624259907	8.27703429219
10	404	3687.18266108532	3
10	429	4036.217028067062	3
10	435	4069.615939854085	3
10	452	4187.684472895708	3
10	458	4242.129798337192	3
10	464	4265.697764252736	3
10	474	4336.174696162573	3
10	492	4405.653925619864	3
10	502	4473.310747680668	3
10	512	4504.783292405666	3
10	515	4509.007615246618	3
10	518	4526.222853267695	3
10	539	4633.880785929178	3
10	548	4703.167888805106	3
10	555	4742.672753841633	3
10	583	5222.835015482162	3
10	586	5257.868958930385	3
10	626	5795.548715772283	3
10	648	6101.621234800822	3
10	654	6140.662707667401	3
10	675	6313.621234800822	3
10	681	6384.847280304773	3
10	708	6608.597855304527	3
10	714	6623.249335455556	3
10	719	6665.000603327795	3
10	729	6721.635943952476	3
10	755	6857.6094116793	3
10	783	7178.535166563356	3
10	789	7222.819302485098	3
10	812	7422.152210739475	3
10	827	7649.60125810301	3
10	841	7790.597687597677	3
10	853	8081.486617437342	3
10	858	8155.401625769499	3
10	863	8249.171014970984	3
10	873	8401.011662811318	3
10	893	8685.169342451801	3
10	902	8746.511232390593	3
10	911	8828.139913696149	3
10	924	8911.616869368894	3
10	932	8985.240189784938	3
10	934	8991.294773704159	3
10	942	9050.776801645551	3
10	949	9098.645698410417	3
10	973	9456.673453574171	3
10	978	9500.877242251019	3
10	984	9557.593608975745	3
10	987	9575.889771669877	3
10	1005	9729.27461686586	3
10	1012	9787.244738799959	3
10	1022	9856.756208204111	3
10	1029	9903.776519936248	3
10	1058	10257.427735141929	3
10	1067	10374.265308253459	3
10	1089	10634.051766485677	3
10	1121	10837.600319264994	3
10	1128	10908.454007392564	3
10	1136	10965.976138772451	3
10	1153	11194.745223491731	3
10	1162	11346.960285109015	3
10	1172	11480.515285396268	3
10	1174	11490.571767050233	3
10	1194	11931.072818169618	3
10	1208	12049.311904626096	3
10	1211	12070.561104505734	3
10	1213	12105.651077734728	3
10	1222	12153.204150436847	3
10	1237	12300.235656327358	3
10	1241	12316.024798001919	3
10	1245	12381.238993479851	3
10	1261	12702.007763042558	3
10	1289	12921.433333090072	3
10	1311	13087.70510167364	3
10	1338	13497.848611502834	3
10	1347	13631.03878628796	3
10	1350	13672.385254880205	3
10	1359	13804.991499210172	3
10	1362	13817.032740651162	3
10	1363	13820.032740651162	5.529716184662
10	1390	14141.16142537996	3
10	1392	14212.212453578031	3
10	1408	14512.807370020215	3
10	1435	14988.426736598834	3
10	1439	15041.127712748617	3
10	1451	15163.62987380968	3
10	1513	15837.69771275874	3
10	1517	15879.390841641224	3
10	1524	15901.197778821376	3
10	1554	16228.289563579752	3
10	1571	16454.782099775107	3
10	1583	16673.680174691407	3
10	1585	16723.201151731851	3
10	1595	16853.783522350887	3
10	1601	16896.087593904624	3
10	1612	17114.652152422682	3
10	1621	17282.847814439261	3
10	1625	17300.034020152527	3
10	1636	17402.705557578541	3
10	1652	17566.82984261975	3
10	1672	17970.744882048584	3
10	1674	18027.63777909918	3
10	1688	18177.211060254747	3
10	1690	18204.769847496251	3
10	1703	18344.724739610545	3
10	1714	18462.416485581397	3
10	1723	18587.269004288633	3
10	1744	18990.614720818989	3
10	1771	19345.095836118839	3
10	1777	19379.372877790701	3
10	1782	19403.862834045862	3
10	1796	19486.00939655556	3
10	1803	19509.942173385117	3
10	1819	19610.22262814171	3
10	1822	19615.862834045862	3
10	1826	19664.274041902341	3
10	1850	19881.177879386114	3
10	1853	19922.270409717251	3
10	1860	19982.059141524638	3
11	173	1238.610528319108	8256
11	188	1412.194900911033	8258
11	193	1491.009723957547	8259
11	201	1525.350035509686	8262
11	204	1558.259418190745	8261
11	229	1709.253462332442	8263
11	239	1737.350035509686	8266
11	250	1827.848766281053	8265
11	279	2319.046695925464	8272
11	290	2519.148747995133	8275
11	296	2601.387374238123	8277
11	301	2630.70132713797	8276
11	315	2754.837088392379	8280
11	329	2879.283103737175	8281
11	331	2895.084626576565	8278
11	335	2922.250465047244	8283
11	341	3000.081958948549	8284
11	345	3057.730314935568	8282
11	358	3192.615550525022	8286
11	364	3265.510434632526	8285
11	370	3321.900092919423	8288
11	392	3579.163480191915	8289
11	400	3657.233624259907	8290
11	401	3663.233624259907	8293
11	404	3687.18266108532	8291
11	429	4036.217028067062	8295
11	435	4069.615939854085	8297
11	452	4187.684472895708	8301
11	458	4242.129798337192	8298
11	464	4265.697764252736	8300
11	474	4336.174696162573	8302
11	492	4405.653925619864	8306
11	502	4473.310747680668	8307
11	512	4504.783292405666	8305
11	515	4509.007615246618	8304
11	518	4526.222853267695	8312
11	539	4633.880785929178	8313
11	548	4703.167888805106	8310
11	555	4742.672753841633	8314
11	583	5222.835015482162	8320
11	586	5257.868958930385	8319
11	626	5795.548715772283	8326
11	648	6101.621234800822	8329
11	654	6140.662707667401	8330
11	675	6313.621234800822	8332
11	681	6384.847280304773	8335
11	708	6608.597855304527	8340
11	714	6623.249335455556	8341
11	719	6665.000603327795	8338
11	729	6721.635943952476	8337
11	755	6857.6094116793	8347
11	783	7178.535166563356	8349
11	789	7222.819302485098	8348
11	812	7422.152210739475	8355
11	827	7649.60125810301	8358
11	841	7790.597687597677	8357
11	853	8081.486617437342	8360
11	858	8155.401625769499	8362
11	863	8249.171014970984	8361
11	873	8401.011662811318	8363
11	893	8685.169342451801	8368
11	902	8746.511232390593	8367
11	911	8828.139913696149	8369
11	924	8911.616869368894	8373
11	932	8985.240189784938	8376
11	934	8991.294773704159	8371
11	942	9050.776801645551	8375
11	949	9098.645698410417	8372
11	973	9456.673453574171	8380
11	978	9500.877242251019	8378
11	984	9557.593608975745	8379
11	987	9575.889771669877	8381
11	1005	9729.27461686586	8382
11	1012	9787.244738799959	8386
11	1022	9856.756208204111	8387
11	1029	9903.776519936248	8389
11	1058	10257.427735141929	8391
11	1067	10374.265308253459	8393
11	1089	10634.051766485677	8395
11	1121	10837.600319264994	8404
11	1128	10908.454007392564	8402
11	1136	10965.976138772451	8401
11	1153	11194.745223491731	8406
11	1162	11346.960285109015	8408
11	1172	11480.515285396268	8409
11	1174	11490.571767050233	8410
11	1194	11931.072818169618	8411
11	1208	12049.311904626096	8415
11	1211	12070.561104505734	8413
11	1213	12105.651077734728	8417
11	1222	12153.204150436847	8416
11	1237	12300.235656327358	8420
11	1241	12316.024798001919	8418
11	1245	12381.238993479851	8419
11	1261	12702.007763042558	8422
11	1289	12921.433333090072	8429
11	1311	13087.70510167364	8431
11	1338	13497.848611502834	8434
11	1347	13631.03878628796	8437
11	1350	13672.385254880205	8438
11	1359	13804.991499210172	8439
11	1362	13817.032740651162	8440
11	1363	13820.032740651162	8441
11	1390	14141.16142537996	8442
11	1392	14212.212453578031	8443
11	1408	14512.807370020215	8446
11	1435	14988.426736598834	8449
11	1439	15041.127712748617	8451
11	1451	15163.62987380968	8452
11	1513	15837.69771275874	8462
11	1517	15879.390841641224	8463
11	1524	15901.197778821376	8465
11	1554	16228.289563579752	8471
11	1571	16454.782099775107	8473
11	1583	16673.680174691407	8475
11	1585	16723.201151731851	8476
11	1595	16853.783522350887	8477
11	1601	16896.087593904624	8479
11	1612	17114.652152422682	8480
11	1621	17282.847814439261	8482
11	1625	17300.034020152527	8483
11	1636	17402.705557578541	8485
11	1652	17566.82984261975	8486
11	1672	17970.744882048584	8490
11	1674	18027.63777909918	8491
11	1688	18177.211060254747	8494
11	1690	18204.769847496251	8495
11	1703	18344.724739610545	8497
11	1714	18462.416485581397	8498
11	1723	18587.269004288633	8499
11	1744	18990.614720818989	8503
11	1771	19345.095836118839	8504
11	1777	19379.372877790701	8505
11	1782	19403.862834045862	8511
11	1796	19486.00939655556	8506
11	1803	19509.942173385117	8513
11	1819	19610.22262814171	8515
11	1822	19615.862834045862	8512
11	1826	19664.274041902341	8516
11	1850	19881.177879386114	8519
11	1853	19922.270409717251	8520
11	1860	19982.059141524638	8518
12	169	1190.127950369193	409
12	227	1701.947007452642	409
12	320	2804.387374238123	306
12	333	2912.994588682733	306
12	485	4390.684472895708	306
12	530	4599.953257907581	203
12	559	4788.935175720194	409
12	577	5122.620697974988	409
12	628	5833.891017756719	409
12	766	6961.818294879044	409
12	1030	9932.672756318625	409
12	1031	9936.955086233054	306
12	1045	10059.756208204111	306
12	1050	10102.530965377308	306
12	1106	10739.492933802476	409
12	1133	10940.06159692744	306
12	1257	12636.186780683622	306
12	1296	12965.073584678818	306
12	1367	13875.385254880205	306
12	1464	15328.664189551153	306
12	1547	16126.035853932827	306
12	1695	18275.273957714599	308.53417662026
12	1825	19661.614672176788	411.55857380054
12	1846	19867.274041902341	306
13	169	1190.127950369193	9
13	227	1701.947007452642	9
13	320	2804.387374238123	6
13	333	2912.994588682733	6
13	485	4390.684472895708	6
13	530	4599.953257907581	3
13	559	4788.935175720194	9
13	577	5122.620697974988	9
13	628	5833.891017756719	9
13	766	6961.818294879044	9
13	1030	9932.672756318625	9
13	1031	9936.955086233054	6
13	1045	10059.756208204111	6
13	1050	10102.530965377308	6
13	1106	10739.492933802476	9
13	1133	10940.06159692744	6
13	1257	12636.186780683622	6
13	1296	12965.073584678818	6
13	1367	13875.385254880205	6
13	1464	15328.664189551153	6
13	1547	16126.035853932827	6
13	1695	18275.273957714599	8.534176620258
13	1825	19661.614672176788	11.558573800542
13	1846	19867.274041902341	6
14	169	1190.127950369193	3
14	227	1701.947007452642	3
14	320	2804.387374238123	2
14	333	2912.994588682733	2
14	485	4390.684472895708	2
14	530	4599.953257907581	1
14	559	4788.935175720194	3
14	577	5122.620697974988	3
14	628	5833.891017756719	3
14	766	6961.818294879044	3
14	1030	9932.672756318625	3
14	1031	9936.955086233054	2
14	1045	10059.756208204111	2
14	1050	10102.530965377308	2
14	1106	10739.492933802476	3
14	1133	10940.06159692744	2
14	1257	12636.186780683622	2
14	1296	12965.073584678818	2
14	1367	13875.385254880205	2
14	1464	15328.664189551153	2
14	1547	16126.035853932827	2
14	1695	18275.273957714599	2
14	1825	19661.614672176788	3
14	1846	19867.274041902341	2
15	182	1356.084025710398	306
15	257	1877.136433354488	306
15	375	3397.956731031335	306
15	443	4142.298189475954	306
15	479	4358.931196548614	306
15	558	4779.310747680668	409
15	563	4819.683680998664	306
15	581	5185.491319713886	203
15	608	5548.621485550228	306
15	611	5604.37796197301	306
15	638	5947.762986835177	306
15	667	6253.492516890383	306
15	686	6424.848183648881	306
15	761	6880.767054520115	310.82082923207
15	763	6928.463518874965	306
15	803	7323.671232680798	306
15	810	7400.683677065865	306
15	815	7454.131663293739	306
15	874	8461.401625769499	409
15	908	8791.347406475899	306
15	912	8840.511232390593	306
15	959	9217.616869368894	409
15	968	9401.645116629041	306
15	1015	9802.829726941253	306
15	1141	11013.194771788353	306
15	1155	11274.429466551019	306
15	1230	12224.450491704758	306
15	1243	12355.311904626096	409
15	1247	12411.651077734728	409
15	1297	12972.206835599837	306
15	1306	13032.577899546204	306
15	1307	13038.577899546204	206.46455862404
15	1328	13383.109267317805	306
15	1341	13558.028644587036	203
15	1349	13672.337943254118	306
15	1376	13937.03878628796	409
15	1387	14110.991499210172	409
15	1409	14556.547842573814	306
15	1533	15985.390841641224	309.2065050559
15	1606	16979.680174691407	409
15	1729	18727.460750499817	306
15	1746	19084.614720818989	306
16	182	1356.084025710398	6
16	257	1877.136433354488	6
16	375	3397.956731031335	6
16	443	4142.298189475954	6
16	479	4358.931196548614	6
16	558	4779.310747680668	9
16	563	4819.683680998664	6
16	581	5185.491319713886	3
16	608	5548.621485550228	6
16	611	5604.37796197301	6
16	638	5947.762986835177	6
16	667	6253.492516890383	6
16	686	6424.848183648881	6
16	761	6880.767054520115	10.820829232071
16	763	6928.463518874965	6
16	803	7323.671232680798	6
16	810	7400.683677065865	6
16	815	7454.131663293739	6
16	874	8461.401625769499	9
16	908	8791.347406475899	6
16	912	8840.511232390593	6
16	959	9217.616869368894	9
16	968	9401.645116629041	6
16	1015	9802.829726941253	6
16	1141	11013.194771788353	6
16	1155	11274.429466551019	6
16	1230	12224.450491704758	6
16	1243	12355.311904626096	9
16	1247	12411.651077734728	9
16	1297	12972.206835599837	6
16	1306	13032.577899546204	6
16	1307	13038.577899546204	6.464558624039
16	1328	13383.109267317805	6
16	1341	13558.028644587036	3
16	1349	13672.337943254118	6
16	1376	13937.03878628796	9
16	1387	14110.991499210172	9
16	1409	14556.547842573814	6
16	1533	15985.390841641224	9.206505055897
16	1606	16979.680174691407	9
16	1729	18727.460750499817	6
16	1746	19084.614720818989	6
17	182	1356.084025710398	2
17	257	1877.136433354488	2
17	375	3397.956731031335	2
17	443	4142.298189475954	2
17	479	4358.931196548614	2
17	558	4779.310747680668	3
17	563	4819.683680998664	2
17	581	5185.491319713886	1
17	608	5548.621485550228	2
17	611	5604.37796197301	2
17	638	5947.762986835177	2
17	667	6253.492516890383	2
17	686	6424.848183648881	2
17	761	6880.767054520115	2
17	763	6928.463518874965	2
17	803	7323.671232680798	2
17	810	7400.683677065865	2
17	815	7454.131663293739	2
17	874	8461.401625769499	3
17	908	8791.347406475899	2
17	912	8840.511232390593	2
17	959	9217.616869368894	3
17	968	9401.645116629041	2
17	1015	9802.829726941253	2
17	1141	11013.194771788353	2
17	1155	11274.429466551019	2
17	1230	12224.450491704758	2
17	1243	12355.311904626096	3
17	1247	12411.651077734728	3
17	1297	12972.206835599837	2
17	1306	13032.577899546204	2
17	1307	13038.577899546204	1
17	1328	13383.109267317805	2
17	1341	13558.028644587036	1
17	1349	13672.337943254118	2
17	1376	13937.03878628796	3
17	1387	14110.991499210172	3
17	1409	14556.547842573814	2
17	1533	15985.390841641224	2
17	1606	16979.680174691407	3
17	1729	18727.460750499817	2
17	1746	19084.614720818989	2
18	160	1073.781714765729	306
18	251	1831.350035509686	409
18	294	2598.228663370937	306
18	362	3228.250465047244	409
18	384	3498.615550525022	409
18	397	3627.900092919423	409
18	436	4075.253517309876	306
18	482	4375.615939854085	409
18	500	4458.870634625968	306
18	569	4950.81608446085	306
18	706	6603.061035359841	306
18	746	6801.561795689823	306
18	952	9147.906361906303	306
18	1131	10918.901050344721	306
18	1182	11652.960285109015	409
18	1216	12110.754494029809	306
18	1312	13098.87908944451	306
18	1320	13227.433333090072	409
18	1388	14126.032740651162	411.52971618466
18	1429	14932.464572164715	203
18	1482	15545.136498676509	306
18	1488	15609.249826856937	306
18	1542	16080.005590664261	306
18	1558	16300.349357686358	306
18	1574	16512.349268936322	306
18	1646	17492.038388863802	203
18	1656	17588.847814439261	409
18	1664	17714.702402240496	306
18	1740	18959.144382547189	203
18	1808	19555.614672176788	306
19	160	1073.781714765729	6
19	251	1831.350035509686	9
19	294	2598.228663370937	6
19	362	3228.250465047244	9
19	384	3498.615550525022	9
19	397	3627.900092919423	9
19	436	4075.253517309876	6
19	482	4375.615939854085	9
19	500	4458.870634625968	6
19	569	4950.81608446085	6
19	706	6603.061035359841	6
19	746	6801.561795689823	6
19	952	9147.906361906303	6
19	1131	10918.901050344721	6
19	1182	11652.960285109015	9
19	1216	12110.754494029809	6
19	1312	13098.87908944451	6
19	1320	13227.433333090072	9
19	1388	14126.032740651162	11.529716184662
19	1429	14932.464572164715	3
19	1482	15545.136498676509	6
19	1488	15609.249826856937	6
19	1542	16080.005590664261	6
19	1558	16300.349357686358	6
19	1574	16512.349268936322	6
19	1646	17492.038388863802	3
19	1656	17588.847814439261	9
19	1664	17714.702402240496	6
19	1740	18959.144382547189	3
19	1808	19555.614672176788	6
20	160	1073.781714765729	2
20	251	1831.350035509686	3
20	294	2598.228663370937	2
20	362	3228.250465047244	3
20	384	3498.615550525022	3
20	397	3627.900092919423	3
20	436	4075.253517309876	2
20	482	4375.615939854085	3
20	500	4458.870634625968	2
20	569	4950.81608446085	2
20	706	6603.061035359841	2
20	746	6801.561795689823	2
20	952	9147.906361906303	2
20	1131	10918.901050344721	2
20	1182	11652.960285109015	3
20	1216	12110.754494029809	2
20	1312	13098.87908944451	2
20	1320	13227.433333090072	3
20	1388	14126.032740651162	3
20	1429	14932.464572164715	1
20	1482	15545.136498676509	2
20	1488	15609.249826856937	2
20	1542	16080.005590664261	2
20	1558	16300.349357686358	2
20	1574	16512.349268936322	2
20	1646	17492.038388863802	1
20	1656	17588.847814439261	3
20	1664	17714.702402240496	2
20	1740	18959.144382547189	1
20	1808	19555.614672176788	2
21	259	1912.253462332442	409
21	280	2386.550673084077	203
21	380	3468.510434632526	409
21	416	3866.233624259907	311.27703429219
21	457	4239.217028067062	409
21	523	4539.174696162573	409
21	747	6811.597855304527	306
21	753	6831.463518874965	311.21418341941
21	764	6928.64959510644	306
21	842	7852.60125810301	306
21	955	9194.294773704159	409
21	1010	9760.593608975745	409
21	1056	10195.311608086112	311.93699297828
21	1175	11496.561455501264	306
21	1183	11693.571767050233	409
21	1339	13511.009613565398	306
21	1454	15207.56184638793	203
21	1475	15446.660589006451	306
21	1503	15779.044891116822	306
21	1605	16972.754209974647	203
21	1648	17503.034020152527	306
21	1666	17783.608929024817	203
21	1706	18380.211060254747	306
21	1708	18407.769847496251	306
21	1719	18527.013149925929	306
21	1733	18790.269004288633	409
21	1831	19695.762518102847	203
21	1842	19778.375349958314	203
21	1843	19813.22262814171	306
22	259	1912.253462332442	9
22	280	2386.550673084077	3
22	380	3468.510434632526	9
22	416	3866.233624259907	11.27703429219
22	457	4239.217028067062	9
22	523	4539.174696162573	9
22	747	6811.597855304527	6
22	753	6831.463518874965	11.214183419409
22	764	6928.64959510644	6
22	842	7852.60125810301	6
22	955	9194.294773704159	9
22	1010	9760.593608975745	9
22	1056	10195.311608086112	11.936992978276
22	1175	11496.561455501264	6
22	1183	11693.571767050233	9
22	1339	13511.009613565398	6
22	1454	15207.56184638793	3
22	1475	15446.660589006451	6
22	1503	15779.044891116822	6
22	1605	16972.754209974647	3
22	1648	17503.034020152527	6
22	1666	17783.608929024817	3
22	1706	18380.211060254747	6
22	1708	18407.769847496251	6
22	1719	18527.013149925929	6
22	1733	18790.269004288633	9
22	1831	19695.762518102847	3
22	1842	19778.375349958314	3
22	1843	19813.22262814171	6
23	259	1912.253462332442	3
23	280	2386.550673084077	1
23	380	3468.510434632526	3
23	416	3866.233624259907	2
23	457	4239.217028067062	3
23	523	4539.174696162573	3
23	747	6811.597855304527	2
23	753	6831.463518874965	2
23	764	6928.64959510644	2
23	842	7852.60125810301	2
23	955	9194.294773704159	3
23	1010	9760.593608975745	3
23	1056	10195.311608086112	2
23	1175	11496.561455501264	2
23	1183	11693.571767050233	3
23	1339	13511.009613565398	2
23	1454	15207.56184638793	1
23	1475	15446.660589006451	2
23	1503	15779.044891116822	2
23	1605	16972.754209974647	1
23	1648	17503.034020152527	2
23	1666	17783.608929024817	1
23	1706	18380.211060254747	2
23	1708	18407.769847496251	2
23	1719	18527.013149925929	2
23	1733	18790.269004288633	3
23	1831	19695.762518102847	1
23	1842	19778.375349958314	1
23	1843	19813.22262814171	2
24	166	1136.008545574145	306
24	248	1816.614827926779	306
24	324	2833.70132713797	409
24	360	3203.081958948549	306
24	499	4445.129798337192	409
24	528	4587.892893486667	203
24	600	5425.835015482162	306
24	603	5479.681550559563	306
24	673	6304.621234800822	409
24	758	6868.000603327795	409
24	816	7479.355294726662	306
24	1051	10106.776519936248	306
24	1078	10513.726520792637	203
24	1085	10577.265308253459	306
24	1125	10864.692810484007	306
24	1142	11040.600319264994	306
24	1148	11111.454007392564	409
24	1544	16095.556501104983	306
24	1603	16926.201151731851	306
24	1726	18665.416485581397	409
24	1753	19193.614720818989	412.67223827894
25	166	1136.008545574145	6
25	248	1816.614827926779	6
25	324	2833.70132713797	9
25	360	3203.081958948549	6
25	499	4445.129798337192	9
25	528	4587.892893486667	3
25	600	5425.835015482162	6
25	603	5479.681550559563	6
25	673	6304.621234800822	9
25	758	6868.000603327795	9
25	816	7479.355294726662	6
25	1051	10106.776519936248	6
25	1078	10513.726520792637	3
25	1085	10577.265308253459	6
25	1125	10864.692810484007	6
25	1142	11040.600319264994	6
25	1148	11111.454007392564	9
25	1544	16095.556501104983	6
25	1603	16926.201151731851	6
25	1726	18665.416485581397	9
25	1753	19193.614720818989	12.672238278939
26	166	1136.008545574145	2
26	248	1816.614827926779	2
26	324	2833.70132713797	3
26	360	3203.081958948549	2
26	499	4445.129798337192	3
26	528	4587.892893486667	1
26	600	5425.835015482162	2
26	603	5479.681550559563	2
26	673	6304.621234800822	3
26	758	6868.000603327795	3
26	816	7479.355294726662	2
26	1051	10106.776519936248	2
26	1078	10513.726520792637	1
26	1085	10577.265308253459	2
26	1125	10864.692810484007	2
26	1142	11040.600319264994	2
26	1148	11111.454007392564	3
26	1544	16095.556501104983	2
26	1603	16926.201151731851	2
26	1726	18665.416485581397	3
26	1753	19193.614720818989	3
27	180	1338.610528319108	409
27	198	1512.194900911033	409
27	206	1591.009723957547	306
27	253	1837.350035509686	311.14544028663
27	284	2419.046695925464	409
27	339	2995.084626576565	409
27	480	4365.697764252736	306
27	532	4604.783292405666	306
27	533	4609.007615246618	409
27	632	5895.548715772283	306
27	685	6413.621234800822	311.40650386647
27	690	6484.847280304773	306
27	797	7278.535166563356	306
27	802	7322.819302485098	409
27	859	8181.486617437342	409
27	868	8349.171014970984	306
27	878	8501.011662811318	409
27	904	8785.169342451801	203
27	915	8846.511232390593	309.29857622353
27	925	8928.139913696149	306
27	990	9600.877242251019	306
27	1065	10357.427735141929	409
27	1102	10734.051766485677	409
27	1178	11580.515285396268	306
27	1251	12481.238993479851	306
27	1318	13187.70510167364	306
27	1393	14241.16142537996	409
27	1397	14312.212453578031	306
27	1411	14612.807370020215	306
27	1442	15088.426736598834	409
27	1449	15141.127712748617	306
27	1460	15263.62987380968	306
27	1531	15979.390841641224	306
27	1537	16001.197778821376	306
27	1575	16554.782099775107	306
27	1604	16953.783522350887	306
27	1647	17502.705557578541	203
27	1682	18127.63777909918	203
27	1789	19445.095836118839	409
27	1794	19479.372877790701	306
27	1835	19715.862834045862	414.47350090005
28	180	1338.610528319108	9
28	198	1512.194900911033	9
28	206	1591.009723957547	6
28	253	1837.350035509686	11.145440286634
28	284	2419.046695925464	9
28	339	2995.084626576565	9
28	480	4365.697764252736	6
28	532	4604.783292405666	6
28	533	4609.007615246618	9
28	632	5895.548715772283	6
28	685	6413.621234800822	11.406503866467
28	690	6484.847280304773	6
28	797	7278.535166563356	6
28	802	7322.819302485098	9
28	859	8181.486617437342	9
28	868	8349.171014970984	6
28	878	8501.011662811318	9
28	904	8785.169342451801	3
28	915	8846.511232390593	9.298576223525
28	925	8928.139913696149	6
28	990	9600.877242251019	6
28	1065	10357.427735141929	9
28	1102	10734.051766485677	9
28	1178	11580.515285396268	6
28	1251	12481.238993479851	6
28	1318	13187.70510167364	6
28	1393	14241.16142537996	9
28	1397	14312.212453578031	6
28	1411	14612.807370020215	6
28	1442	15088.426736598834	9
28	1449	15141.127712748617	6
28	1460	15263.62987380968	6
28	1531	15979.390841641224	6
28	1537	16001.197778821376	6
28	1575	16554.782099775107	6
28	1604	16953.783522350887	6
28	1647	17502.705557578541	3
28	1682	18127.63777909918	3
28	1789	19445.095836118839	9
28	1794	19479.372877790701	6
28	1835	19715.862834045862	14.473500900053
29	180	1338.610528319108	3
29	198	1512.194900911033	3
29	206	1591.009723957547	2
29	253	1837.350035509686	2
29	284	2419.046695925464	3
29	339	2995.084626576565	3
29	480	4365.697764252736	2
29	532	4604.783292405666	2
29	533	4609.007615246618	3
29	632	5895.548715772283	2
29	685	6413.621234800822	2
29	690	6484.847280304773	2
29	797	7278.535166563356	2
29	802	7322.819302485098	3
29	859	8181.486617437342	3
29	868	8349.171014970984	2
29	878	8501.011662811318	3
29	904	8785.169342451801	1
29	915	8846.511232390593	2
29	925	8928.139913696149	2
29	990	9600.877242251019	2
29	1065	10357.427735141929	3
29	1102	10734.051766485677	3
29	1178	11580.515285396268	2
29	1251	12481.238993479851	2
29	1318	13187.70510167364	2
29	1393	14241.16142537996	3
29	1397	14312.212453578031	2
29	1411	14612.807370020215	2
29	1442	15088.426736598834	3
29	1449	15141.127712748617	2
29	1460	15263.62987380968	2
29	1531	15979.390841641224	2
29	1537	16001.197778821376	2
29	1575	16554.782099775107	2
29	1604	16953.783522350887	2
29	1647	17502.705557578541	1
29	1682	18127.63777909918	1
29	1789	19445.095836118839	3
29	1794	19479.372877790701	2
29	1835	19715.862834045862	3
30	222	1658.259418190745	306
30	260	1927.848766281053	409
30	327	2854.837088392379	203
30	338	2979.283103737175	306
30	353	3157.730314935568	409
30	402	3679.163480191915	306
30	407	3757.233624259907	306
30	411	3787.18266108532	306
30	513	4505.653925619864	203
30	553	4733.880785929178	306
30	560	4803.167888805106	409
30	564	4842.672753841633	409
30	594	5357.868958930385	306
30	666	6240.662707667401	306
30	748	6821.635943952476	409
30	765	6957.6094116793	306
30	818	7522.152210739475	306
30	847	7890.597687597677	409
30	953	9150.776801645551	306
30	958	9198.645698410417	409
30	999	9675.889771669877	306
30	1016	9829.27461686586	409
30	1143	11065.976138772451	409
30	1160	11294.745223491731	306
30	1205	12031.072818169618	409
30	1223	12170.561104505734	306
30	1232	12253.204150436847	306
30	1246	12400.235656327358	203
30	1248	12416.024798001919	409
30	1270	12802.007763042558	306
30	1345	13597.848611502834	306
30	1529	15937.69771275874	306
30	1607	16996.087593904624	203
30	1617	17214.652152422682	306
30	1659	17666.82984261975	306
30	1678	18070.744882048584	203
30	1712	18444.724739610545	203
30	1813	19586.00939655556	409
30	1859	19981.177879386114	306
31	222	1658.259418190745	6
31	260	1927.848766281053	9
31	327	2854.837088392379	3
31	338	2979.283103737175	6
31	353	3157.730314935568	9
31	402	3679.163480191915	6
31	407	3757.233624259907	6
31	411	3787.18266108532	6
31	513	4505.653925619864	3
31	553	4733.880785929178	6
31	560	4803.167888805106	9
31	564	4842.672753841633	9
31	594	5357.868958930385	6
31	666	6240.662707667401	6
31	748	6821.635943952476	9
31	765	6957.6094116793	6
31	818	7522.152210739475	6
31	847	7890.597687597677	9
31	953	9150.776801645551	6
31	958	9198.645698410417	9
31	999	9675.889771669877	6
31	1016	9829.27461686586	9
31	1143	11065.976138772451	9
31	1160	11294.745223491731	6
31	1205	12031.072818169618	9
31	1223	12170.561104505734	6
31	1232	12253.204150436847	6
31	1246	12400.235656327358	3
31	1248	12416.024798001919	9
31	1270	12802.007763042558	6
31	1345	13597.848611502834	6
31	1529	15937.69771275874	6
31	1607	16996.087593904624	3
31	1617	17214.652152422682	6
31	1659	17666.82984261975	6
31	1678	18070.744882048584	3
31	1712	18444.724739610545	3
31	1813	19586.00939655556	9
31	1859	19981.177879386114	6
32	222	1658.259418190745	2
32	260	1927.848766281053	3
32	327	2854.837088392379	1
32	338	2979.283103737175	2
32	353	3157.730314935568	3
32	402	3679.163480191915	2
32	407	3757.233624259907	2
32	411	3787.18266108532	2
32	513	4505.653925619864	1
32	553	4733.880785929178	2
32	560	4803.167888805106	3
32	564	4842.672753841633	3
32	594	5357.868958930385	2
32	666	6240.662707667401	2
32	748	6821.635943952476	3
32	765	6957.6094116793	2
32	818	7522.152210739475	2
32	847	7890.597687597677	3
32	953	9150.776801645551	2
32	958	9198.645698410417	3
32	999	9675.889771669877	2
32	1016	9829.27461686586	3
32	1143	11065.976138772451	3
32	1160	11294.745223491731	2
32	1205	12031.072818169618	3
32	1223	12170.561104505734	2
32	1232	12253.204150436847	2
32	1246	12400.235656327358	1
32	1248	12416.024798001919	3
32	1270	12802.007763042558	2
32	1345	13597.848611502834	2
32	1529	15937.69771275874	2
32	1607	16996.087593904624	1
32	1617	17214.652152422682	2
32	1659	17666.82984261975	2
32	1678	18070.744882048584	1
32	1712	18444.724739610545	1
32	1813	19586.00939655556	3
32	1859	19981.177879386114	2
33	256	1849.083484116882	203
33	258	1901.400079715574	306
33	266	2042.139959369505	409
33	271	2146.100631715507	306
33	310	2722.148747995133	306
33	419	3925.429684978967	409
33	552	4729.222853267695	306
33	631	5868.783760071489	306
33	663	6218.224798921454	409
33	703	6570.520688518086	409
33	768	6977.767054520115	409
33	813	7431.33672907459	306
33	843	7854.80416819852	409
33	846	7889.424224461686	306
33	906	8786.380434159026	409
33	931	8982.447654009699	203
33	954	9188.240189784938	306
33	997	9659.673453574171	306
33	1038	9990.244738799959	306
33	1068	10395.311608086112	409
33	1126	10883.554435857596	409
33	1308	13052.669486936606	306
33	1313	13113.288289446668	409
33	1380	14020.032740651162	306
33	1406	14465.105339428937	203
33	1421	14789.90053103624	203
33	1430	14933.434837518329	306
33	1462	15292.942125672998	203
33	1487	15597.893775190443	306
33	1519	15882.943849629922	409
33	1555	16243.151525516582	409
33	1569	16431.289563579752	306
33	1581	16665.811884295425	409
33	1643	17484.058225462362	409
33	1665	17778.977776296035	409
33	1694	18272.273957714599	306
33	1807	19531.297846234655	306
33	1816	19606.862834045862	306
33	1823	19621.841497533068	409
33	1833	19712.942173385117	306
34	256	1849.083484116882	3
34	258	1901.400079715574	6
34	266	2042.139959369505	9
34	271	2146.100631715507	6
34	310	2722.148747995133	6
34	419	3925.429684978967	9
34	552	4729.222853267695	6
34	631	5868.783760071489	6
34	663	6218.224798921454	9
34	703	6570.520688518086	9
34	768	6977.767054520115	9
34	813	7431.33672907459	6
34	843	7854.80416819852	9
34	846	7889.424224461686	6
34	906	8786.380434159026	9
34	931	8982.447654009699	3
34	954	9188.240189784938	6
34	997	9659.673453574171	6
34	1038	9990.244738799959	6
34	1068	10395.311608086112	9
34	1126	10883.554435857596	9
34	1308	13052.669486936606	6
34	1313	13113.288289446668	9
34	1380	14020.032740651162	6
34	1406	14465.105339428937	3
34	1421	14789.90053103624	3
34	1430	14933.434837518329	6
34	1462	15292.942125672998	3
34	1487	15597.893775190443	6
34	1519	15882.943849629922	9
34	1555	16243.151525516582	9
34	1569	16431.289563579752	6
34	1581	16665.811884295425	9
34	1643	17484.058225462362	9
34	1665	17778.977776296035	9
34	1694	18272.273957714599	6
34	1807	19531.297846234655	6
34	1816	19606.862834045862	6
34	1823	19621.841497533068	9
34	1833	19712.942173385117	6
35	256	1849.083484116882	1
35	258	1901.400079715574	2
35	266	2042.139959369505	3
35	271	2146.100631715507	2
35	310	2722.148747995133	2
35	419	3925.429684978967	3
35	552	4729.222853267695	2
35	631	5868.783760071489	2
35	663	6218.224798921454	3
35	703	6570.520688518086	3
35	768	6977.767054520115	3
35	813	7431.33672907459	2
35	843	7854.80416819852	3
35	846	7889.424224461686	2
35	906	8786.380434159026	3
35	931	8982.447654009699	1
35	954	9188.240189784938	2
35	997	9659.673453574171	2
35	1038	9990.244738799959	2
35	1068	10395.311608086112	3
35	1126	10883.554435857596	3
35	1308	13052.669486936606	2
35	1313	13113.288289446668	3
35	1380	14020.032740651162	2
35	1406	14465.105339428937	1
35	1421	14789.90053103624	1
35	1430	14933.434837518329	2
35	1462	15292.942125672998	1
35	1487	15597.893775190443	2
35	1519	15882.943849629922	3
35	1555	16243.151525516582	3
35	1569	16431.289563579752	2
35	1581	16665.811884295425	3
35	1643	17484.058225462362	3
35	1665	17778.977776296035	3
35	1694	18272.273957714599	2
35	1807	19531.297846234655	2
35	1816	19606.862834045862	2
35	1823	19621.841497533068	3
35	1833	19712.942173385117	2

