version 3
run MediumLoad_Circle-35-20260126-10:59:36-293
attr configname MediumLoad_Circle
attr datetime 20260126-10:59:36
attr datetimef 20260126-105936
attr experiment MediumLoad_Circle
attr inifile simulations/nwsim_project/omnetpp.ini
attr iterationvars ""
attr iterationvarsd ""
attr iterationvarsf ""
attr measurement ""
attr network CrossTraffic
attr processid 293
attr repetition 35
attr replication #35
attr resultdir results
attr runnumber 35
attr seedset 35
config description "Medium Load - Circle Mode (50% more traffic)"
config *.Junc*.junctionMode "\"circle\""
config *.EndNW.spawnInterval exponential(400s)
config *.EndNE.spawnInterval exponential(600s)
config *.EndEN.spawnInterval exponential(500s)
config *.EndES.spawnInterval exponential(750s)
config *.EndSE.spawnInterval exponential(450s)
config *.EndSW.spawnInterval exponential(500s)
config *.EndWS.spawnInterval exponential(600s)
config *.EndWN.spawnInterval exponential(700s)
config network CrossTraffic
config sim-time-limit 20000s
config warmup-period 1000s
config repeat 50
config **.scalar-recording true
config **.vector-recording true
config *.Junc*.junctionMode "\"queue\""
config *.EndNW.spawnInterval exponential(800s)
config *.EndNE.spawnInterval exponential(1200s)
config *.EndEN.spawnInterval exponential(1000s)
config *.EndES.spawnInterval exponential(1500s)
config *.EndSE.spawnInterval exponential(900s)
config *.EndSW.spawnInterval exponential(1100s)
config *.EndWS.spawnInterval exponential(1300s)
config *.EndWN.spawnInterval exponential(1400s)

vector 0 CrossTraffic.JuncNW queueLength:vector ETV
attr interpolationmode sample-hold
attr recordingmode vector
attr source queueLength
attr title "Queue Length"
vector 1 CrossTraffic.JuncNW junctionProcessingTime:vector ETV
attr recordingmode vector
attr source junctionProcessingTime
attr title "Junction Processing Time"
vector 2 CrossTraffic.JuncNW vehicleCount:vector ETV
attr recordingmode vector
attr source vehicleCount
attr title "Vehicle Count"
vector 3 CrossTraffic.JuncNE queueLength:vector ETV
attr interpolationmode sample-hold
attr recordingmode vector
attr source queueLength
attr title "Queue Length"
vector 4 CrossTraffic.JuncNE junctionProcessingTime:vector ETV
attr recordingmode vector
attr source junctionProcessingTime
attr title "Junction Processing Time"
vector 5 CrossTraffic.JuncNE vehicleCount:vector ETV
attr recordingmode vector
attr source vehicleCount
attr title "Vehicle Count"
vector 6 CrossTraffic.JuncSE queueLength:vector ETV
attr interpolationmode sample-hold
attr recordingmode vector
attr source queueLength
attr title "Queue Length"
vector 7 CrossTraffic.JuncSE junctionProcessingTime:vector ETV
attr recordingmode vector
attr source junctionProcessingTime
attr title "Junction Processing Time"
vector 8 CrossTraffic.JuncSE vehicleCount:vector ETV
attr recordingmode vector
attr source vehicleCount
attr title "Vehicle Count"
vector 9 CrossTraffic.JuncSW queueLength:vector ETV
attr interpolationmode sample-hold
attr recordingmode vector
attr source queueLength
attr title "Queue Length"
vector 10 CrossTraffic.JuncSW junctionProcessingTime:vector ETV
attr recordingmode vector
attr source junctionProcessingTime
attr title "Junction Processing Time"
vector 11 CrossTraffic.JuncSW vehicleCount:vector ETV
attr recordingmode vector
attr source vehicleCount
attr title "Vehicle Count"
vector 12 CrossTraffic.EndNW travelTime:vector ETV
attr recordingmode vector
attr source travelTime
attr title "Vehicle Travel Time"
vector 13 CrossTraffic.EndNW junctionTime:vector ETV
attr recordingmode vector
attr source junctionTime
attr title "Total Junction Time per Vehicle"
vector 14 CrossTraffic.EndNW junctionCount:vector ETV
attr recordingmode vector
attr source junctionCount
attr title "Junctions Visited per Vehicle"
vector 15 CrossTraffic.EndNE travelTime:vector ETV
attr recordingmode vector
attr source travelTime
attr title "Vehicle Travel Time"
vector 16 CrossTraffic.EndNE junctionTime:vector ETV
attr recordingmode vector
attr source junctionTime
attr title "Total Junction Time per Vehicle"
vector 17 CrossTraffic.EndNE junctionCount:vector ETV
attr recordingmode vector
attr source junctionCount
attr title "Junctions Visited per Vehicle"
vector 18 CrossTraffic.EndEN travelTime:vector ETV
attr recordingmode vector
attr source travelTime
attr title "Vehicle Travel Time"
vector 19 CrossTraffic.EndEN junctionTime:vector ETV
attr recordingmode vector
attr source junctionTime
attr title "Total Junction Time per Vehicle"
vector 20 CrossTraffic.EndEN junctionCount:vector ETV
attr recordingmode vector
attr source junctionCount
attr title "Junctions Visited per Vehicle"
vector 21 CrossTraffic.EndES travelTime:vector ETV
attr recordingmode vector
attr source travelTime
attr title "Vehicle Travel Time"
vector 22 CrossTraffic.EndES junctionTime:vector ETV
attr recordingmode vector
attr source junctionTime
attr title "Total Junction Time per Vehicle"
vector 23 CrossTraffic.EndES junctionCount:vector ETV
attr recordingmode vector
attr source junctionCount
attr title "Junctions Visited per Vehicle"
vector 24 CrossTraffic.EndSE travelTime:vector ETV
attr recordingmode vector
attr source travelTime
attr title "Vehicle Travel Time"
vector 25 CrossTraffic.EndSE junctionTime:vector ETV
attr recordingmode vector
attr source junctionTime
attr title "Total Junction Time per Vehicle"
vector 26 CrossTraffic.EndSE junctionCount:vector ETV
attr recordingmode vector
attr source junctionCount
attr title "Junctions Visited per Vehicle"
vector 27 CrossTraffic.EndSW travelTime:vector ETV
attr recordingmode vector
attr source travelTime
attr title "Vehicle Travel Time"
vector 28 CrossTraffic.EndSW junctionTime:vector ETV
attr recordingmode vector
attr source junctionTime
attr title "Total Junction Time per Vehicle"
vector 29 CrossTraffic.EndSW junctionCount:vector ETV
attr recordingmode vector
attr source junctionCount
attr title "Junctions Visited per Vehicle"
vector 30 CrossTraffic.EndWS travelTime:vector ETV
attr recordingmode vector
attr source travelTime
attr title "Vehicle Travel Time"
vector 31 CrossTraffic.EndWS junctionTime:vector ETV
attr recordingmode vector
attr source junctionTime
attr title "Total Junction Time per Vehicle"
vector 32 CrossTraffic.EndWS junctionCount:vector ETV
attr recordingmode vector
attr source junctionCount
attr title "Junctions Visited per Vehicle"
vector 33 CrossTraffic.EndWN travelTime:vector ETV
attr recordingmode vector
attr source travelTime
attr title "Vehicle Travel Time"
vector 34 CrossTraffic.EndWN junctionTime:vector ETV
attr recordingmode vector
attr source junctionTime
attr title "Total Junction Time per Vehicle"
vector 35 CrossTraffic.EndWN junctionCount:vector ETV
attr recordingmode vector
attr source junctionCount
attr title "Junctions Visited per Vehicle"
0	107	1124.116665692175	0
0	109	1177.030437664287	0
0	111	1219.69059901037	0
0	115	1285.689586712121	0
0	126	1465.565280174119	0
0	130	1542.051896910057	0
0	141	1748.358946426188	0
0	143	1806.06814165888	0
0	145	1837.158014023772	0
0	153	1980.142426494385	0
0	168	2192.189880682268	0
0	171	2220.523355431609	0
0	188	2549.191422950172	0
0	210	2996.926301449017	0
0	215	3148.647596717946	0
0	216	3150.862052756456	0
0	230	3435.728728039477	0
0	232	3461.550197383351	0
0	236	3525.325369644366	0
0	237	3528.878954042704	0
0	247	3650.024372662627	0
0	261	3783.899153361721	0
0	268	3880.339207068062	0
0	275	3970.685652157729	0
0	282	4034.29724052776	0
0	286	4076.296068591985	0
0	287	4078.014566397776	0
0	294	4162.434913515399	0
0	316	4417.133511203553	0
0	325	4574.591693348855	0
0	330	4649.361128094066	0
0	331	4662.10487444907	0
0	334	4713.674357213176	0
0	350	4891.009068074798	0
0	364	5030.600237838635	0
0	381	5202.953146224182	0
0	383	5233.059186959268	0
0	384	5258.547559708464	0
0	385	5260.605952237875	0
0	386	5266.51095516112	0
0	388	5272.742469195568	0
0	391	5296.648433711262	0
0	400	5386.220570161544	0
0	412	5536.771119903626	0
0	424	5695.455141246627	0
0	436	5850.653977697576	0
0	437	5857.034437213083	0
0	442	5887.30818302504	0
0	454	6015.273491579718	0
0	456	6017.268142062495	0
0	462	6078.991007858224	0
0	471	6138.203424405496	0
0	474	6166.457596925084	0
0	475	6177.345307048294	0
0	484	6254.64785974141	0
0	490	6306.94528982583	0
0	492	6325.309612647095	0
0	494	6342.599689964254	0
0	511	6492.724551619824	0
0	513	6534.094434728935	0
0	524	6645.755760550704	0
0	531	6745.193390464616	0
0	535	6789.697795595756	0
0	536	6801.383562106816	0
0	540	6848.425612936189	0
0	556	7203.478331515438	0
0	565	7502.206156105603	0
0	573	7635.084699363742	0
0	582	7789.591353090872	0
0	589	7919.245622227887	0
0	590	7930.291858641306	0
0	594	7984.663843381984	0
0	600	8043.871504661434	0
0	604	8066.593346125844	0
0	612	8144.898339405868	0
0	614	8150.983303994038	0
0	615	8160.369213470419	0
0	617	8176.781689625403	0
0	628	8291.833613716712	0
0	639	8429.660693342936	0
0	664	8732.313510794425	0
0	668	8773.594931293628	0
0	670	8791.577941436348	0
0	671	8817.1132630059	0
0	681	8892.649094142846	0
0	686	8928.453597168031	0
0	702	9081.5937273847	0
0	708	9134.274374640988	0
0	711	9178.841998753465	0
0	725	9306.740216442405	0
0	728	9361.669281803176	0
0	735	9482.613058976921	0
0	738	9554.14278206131	0
0	741	9607.72927106649	0
0	753	10053.005378949983	0
0	756	10150.994427555819	0
0	757	10155.675884043089	0
0	779	10590.652629947126	0
0	781	10612.647213175425	0
0	783	10645.997127352902	0
0	791	10766.656093969975	0
0	795	10831.847662780309	0
0	816	11297.105334702975	0
0	820	11347.238278816905	0
0	822	11380.563143484869	0
0	826	11412.014901584054	0
0	827	11412.425970853917	0
0	833	11490.631979878495	0
0	846	11627.340893872241	0
0	857	11774.89444437423	0
0	859	11789.592719186808	0
0	880	12185.42028485339	0
0	884	12285.403519798061	0
0	885	12285.466984731189	0
0	888	12307.067274153359	0
0	902	12484.039369918387	0
0	910	12577.736925375253	0
0	922	12774.808745618159	0
0	923	12782.394923422273	0
0	933	12946.588216616886	0
0	942	13185.654806859014	0
0	944	13192.297605616333	0
0	945	13192.99482567586	0
0	956	13410.396601216209	0
0	967	13662.683647331339	0
0	991	14146.785795655383	0
0	1000	14315.793841548145	0
0	1002	14329.763770092712	0
0	1018	14587.982192710718	0
0	1020	14637.116704267736	0
0	1026	14712.665450504328	0
0	1044	15015.2762514182	0
0	1047	15059.01897486603	0
0	1048	15102.452323466579	0
0	1057	15269.998503624128	0
0	1059	15309.787196259706	0
0	1066	15433.826072059362	0
0	1070	15512.093641231584	0
0	1078	15606.208515535039	0
0	1080	15618.518519363436	0
0	1091	15770.651402695148	0
0	1094	15808.380942994094	0
0	1099	15851.134328131828	0
0	1101	15910.064955337694	0
0	1114	16072.24596546704	0
0	1117	16134.054080553619	0
0	1123	16255.616957193451	0
0	1125	16328.310267407253	0
0	1143	16643.474240587053	0
0	1149	16753.673356424873	0
0	1151	16827.97178616062	0
0	1163	17046.021042836078	0
0	1168	17112.091037378389	0
0	1170	17185.250453113363	0
0	1177	17289.566583160835	0
0	1178	17293.664947593827	0
0	1189	17400.417279464197	0
0	1199	17512.533154033413	0
0	1200	17522.563572577042	0
0	1203	17569.295667399438	0
0	1214	17717.516307633661	0
0	1222	17788.918846774019	0
0	1226	17869.893316036881	0
0	1227	17871.44285745499	0
0	1235	17995.630110734355	0
0	1245	18203.97097159647	0
0	1247	18230.739659300423	0
0	1255	18349.106697624092	0
0	1263	18436.229576724765	0
0	1266	18468.089715172627	0
0	1282	18616.380306268697	0
0	1295	18796.219407022928	0
0	1297	18815.634509905083	0
0	1310	19055.501793743982	0
0	1311	19081.01868505589	0
0	1314	19144.697996579041	0
0	1323	19384.635060475549	0
0	1326	19389.33877202012	0
0	1333	19501.554691867889	0
0	1337	19589.245853558223	0
0	1347	19692.630585758793	0
0	1356	19838.517840417662	0
0	1357	19839.487910653547	0
0	1359	19885.89465390008	0
1	107	1124.116665692175	3
1	109	1177.030437664287	3
1	111	1219.69059901037	3
1	115	1285.689586712121	3
1	126	1465.565280174119	3
1	130	1542.051896910057	3
1	141	1748.358946426188	3
1	143	1806.06814165888	3
1	145	1837.158014023772	3
1	153	1980.142426494385	3
1	168	2192.189880682268	3
1	171	2220.523355431609	3
1	188	2549.191422950172	3
1	210	2996.926301449017	3
1	215	3148.647596717946	3
1	216	3150.862052756456	3
1	230	3435.728728039477	3
1	232	3461.550197383351	3
1	236	3525.325369644366	3
1	237	3528.878954042704	3
1	247	3650.024372662627	3
1	261	3783.899153361721	3
1	268	3880.339207068062	3
1	275	3970.685652157729	3
1	282	4034.29724052776	3
1	286	4076.296068591985	3
1	287	4078.014566397776	3
1	294	4162.434913515399	3
1	316	4417.133511203553	3
1	325	4574.591693348855	3
1	330	4649.361128094066	3
1	331	4662.10487444907	3
1	334	4713.674357213176	3
1	350	4891.009068074798	3
1	364	5030.600237838635	3
1	381	5202.953146224182	3
1	383	5233.059186959268	3
1	384	5258.547559708464	3
1	385	5260.605952237875	3
1	386	5266.51095516112	3
1	388	5272.742469195568	3
1	391	5296.648433711262	3
1	400	5386.220570161544	3
1	412	5536.771119903626	3
1	424	5695.455141246627	3
1	436	5850.653977697576	3
1	437	5857.034437213083	3
1	442	5887.30818302504	3
1	454	6015.273491579718	3
1	456	6017.268142062495	3
1	462	6078.991007858224	3
1	471	6138.203424405496	3
1	474	6166.457596925084	3
1	475	6177.345307048294	3
1	484	6254.64785974141	3
1	490	6306.94528982583	3
1	492	6325.309612647095	3
1	494	6342.599689964254	3
1	511	6492.724551619824	3
1	513	6534.094434728935	3
1	524	6645.755760550704	3
1	531	6745.193390464616	3
1	535	6789.697795595756	3
1	536	6801.383562106816	3
1	540	6848.425612936189	3
1	556	7203.478331515438	3
1	565	7502.206156105603	3
1	573	7635.084699363742	3
1	582	7789.591353090872	3
1	589	7919.245622227887	3
1	590	7930.291858641306	3
1	594	7984.663843381984	3
1	600	8043.871504661434	3
1	604	8066.593346125844	3
1	612	8144.898339405868	3
1	614	8150.983303994038	3
1	615	8160.369213470419	3
1	617	8176.781689625403	3
1	628	8291.833613716712	3
1	639	8429.660693342936	3
1	664	8732.313510794425	3
1	668	8773.594931293628	3
1	670	8791.577941436348	3
1	671	8817.1132630059	3
1	681	8892.649094142846	3
1	686	8928.453597168031	3
1	702	9081.5937273847	3
1	708	9134.274374640988	3
1	711	9178.841998753465	3
1	725	9306.740216442405	3
1	728	9361.669281803176	3
1	735	9482.613058976921	3
1	738	9554.14278206131	3
1	741	9607.72927106649	3
1	753	10053.005378949983	3
1	756	10150.994427555819	3
1	757	10155.675884043089	3
1	779	10590.652629947126	3
1	781	10612.647213175425	3
1	783	10645.997127352902	3
1	791	10766.656093969975	3
1	795	10831.847662780309	3
1	816	11297.105334702975	3
1	820	11347.238278816905	3
1	822	11380.563143484869	3
1	826	11412.014901584054	3
1	827	11412.425970853917	3
1	833	11490.631979878495	3
1	846	11627.340893872241	3
1	857	11774.89444437423	3
1	859	11789.592719186808	3
1	880	12185.42028485339	3
1	884	12285.403519798061	3
1	885	12285.466984731189	3
1	888	12307.067274153359	3
1	902	12484.039369918387	3
1	910	12577.736925375253	3
1	922	12774.808745618159	3
1	923	12782.394923422273	3
1	933	12946.588216616886	3
1	942	13185.654806859014	3
1	944	13192.297605616333	3
1	945	13192.99482567586	3
1	956	13410.396601216209	3
1	967	13662.683647331339	3
1	991	14146.785795655383	3
1	1000	14315.793841548145	3
1	1002	14329.763770092712	3
1	1018	14587.982192710718	3
1	1020	14637.116704267736	3
1	1026	14712.665450504328	3
1	1044	15015.2762514182	3
1	1047	15059.01897486603	3
1	1048	15102.452323466579	3
1	1057	15269.998503624128	3
1	1059	15309.787196259706	3
1	1066	15433.826072059362	3
1	1070	15512.093641231584	3
1	1078	15606.208515535039	3
1	1080	15618.518519363436	3
1	1091	15770.651402695148	3
1	1094	15808.380942994094	3
1	1099	15851.134328131828	3
1	1101	15910.064955337694	3
1	1114	16072.24596546704	3
1	1117	16134.054080553619	3
1	1123	16255.616957193451	3
1	1125	16328.310267407253	3
1	1143	16643.474240587053	3
1	1149	16753.673356424873	3
1	1151	16827.97178616062	3
1	1163	17046.021042836078	3
1	1168	17112.091037378389	3
1	1170	17185.250453113363	3
1	1177	17289.566583160835	3
1	1178	17293.664947593827	3
1	1189	17400.417279464197	3
1	1199	17512.533154033413	3
1	1200	17522.563572577042	3
1	1203	17569.295667399438	3
1	1214	17717.516307633661	3
1	1222	17788.918846774019	3
1	1226	17869.893316036881	3
1	1227	17871.44285745499	3
1	1235	17995.630110734355	3
1	1245	18203.97097159647	3
1	1247	18230.739659300423	3
1	1255	18349.106697624092	3
1	1263	18436.229576724765	3
1	1266	18468.089715172627	3
1	1282	18616.380306268697	3
1	1295	18796.219407022928	3
1	1297	18815.634509905083	3
1	1310	19055.501793743982	3
1	1311	19081.01868505589	3
1	1314	19144.697996579041	3
1	1323	19384.635060475549	3
1	1326	19389.33877202012	3
1	1333	19501.554691867889	3
1	1337	19589.245853558223	3
1	1347	19692.630585758793	3
1	1356	19838.517840417662	3
1	1357	19839.487910653547	3
1	1359	19885.89465390008	3
2	107	1124.116665692175	10647
2	109	1177.030437664287	10648
2	111	1219.69059901037	10645
2	115	1285.689586712121	10649
2	126	1465.565280174119	10651
2	130	1542.051896910057	10652
2	141	1748.358946426188	10654
2	143	1806.06814165888	10655
2	145	1837.158014023772	10656
2	153	1980.142426494385	10658
2	168	2192.189880682268	10659
2	171	2220.523355431609	10661
2	188	2549.191422950172	10663
2	210	2996.926301449017	10666
2	215	3148.647596717946	10670
2	216	3150.862052756456	10669
2	230	3435.728728039477	10673
2	232	3461.550197383351	10674
2	236	3525.325369644366	10676
2	237	3528.878954042704	10677
2	247	3650.024372662627	10678
2	261	3783.899153361721	10679
2	268	3880.339207068062	10682
2	275	3970.685652157729	10684
2	282	4034.29724052776	10681
2	286	4076.296068591985	10686
2	287	4078.014566397776	10687
2	294	4162.434913515399	10688
2	316	4417.133511203553	10692
2	325	4574.591693348855	10691
2	330	4649.361128094066	10693
2	331	4662.10487444907	10695
2	334	4713.674357213176	10696
2	350	4891.009068074798	10694
2	364	5030.600237838635	10698
2	381	5202.953146224182	10699
2	383	5233.059186959268	10701
2	384	5258.547559708464	10702
2	385	5260.605952237875	10706
2	386	5266.51095516112	10707
2	388	5272.742469195568	10704
2	391	5296.648433711262	10709
2	400	5386.220570161544	10705
2	412	5536.771119903626	10710
2	424	5695.455141246627	10711
2	436	5850.653977697576	10714
2	437	5857.034437213083	10712
2	442	5887.30818302504	10717
2	454	6015.273491579718	10720
2	456	6017.268142062495	10713
2	462	6078.991007858224	10718
2	471	6138.203424405496	10723
2	474	6166.457596925084	10724
2	475	6177.345307048294	10725
2	484	6254.64785974141	10722
2	490	6306.94528982583	10726
2	492	6325.309612647095	10721
2	494	6342.599689964254	10727
2	511	6492.724551619824	10730
2	513	6534.094434728935	10729
2	524	6645.755760550704	10733
2	531	6745.193390464616	10731
2	535	6789.697795595756	10736
2	536	6801.383562106816	10734
2	540	6848.425612936189	10735
2	556	7203.478331515438	10738
2	565	7502.206156105603	10739
2	573	7635.084699363742	10740
2	582	7789.591353090872	10741
2	589	7919.245622227887	10746
2	590	7930.291858641306	10747
2	594	7984.663843381984	10745
2	600	8043.871504661434	10744
2	604	8066.593346125844	10743
2	612	8144.898339405868	10752
2	614	8150.983303994038	10753
2	615	8160.369213470419	10748
2	617	8176.781689625403	10754
2	628	8291.833613716712	10749
2	639	8429.660693342936	10750
2	664	8732.313510794425	10759
2	668	8773.594931293628	10762
2	670	8791.577941436348	10757
2	671	8817.1132630059	10760
2	681	8892.649094142846	10763
2	686	8928.453597168031	10768
2	702	9081.5937273847	10769
2	708	9134.274374640988	10764
2	711	9178.841998753465	10767
2	725	9306.740216442405	10774
2	728	9361.669281803176	10773
2	735	9482.613058976921	10776
2	738	9554.14278206131	10778
2	741	9607.72927106649	10777
2	753	10053.005378949983	10781
2	756	10150.994427555819	10783
2	757	10155.675884043089	10780
2	779	10590.652629947126	10787
2	781	10612.647213175425	10786
2	783	10645.997127352902	10788
2	791	10766.656093969975	10789
2	795	10831.847662780309	10790
2	816	11297.105334702975	10797
2	820	11347.238278816905	10798
2	822	11380.563143484869	10795
2	826	11412.014901584054	10799
2	827	11412.425970853917	10794
2	833	11490.631979878495	10801
2	846	11627.340893872241	10802
2	857	11774.89444437423	10800
2	859	11789.592719186808	10804
2	880	12185.42028485339	10806
2	884	12285.403519798061	10809
2	885	12285.466984731189	10808
2	888	12307.067274153359	10810
2	902	12484.039369918387	10815
2	910	12577.736925375253	10814
2	922	12774.808745618159	10813
2	923	12782.394923422273	10818
2	933	12946.588216616886	10819
2	942	13185.654806859014	10821
2	944	13192.297605616333	10820
2	945	13192.99482567586	10822
2	956	13410.396601216209	10825
2	967	13662.683647331339	10826
2	991	14146.785795655383	10829
2	1000	14315.793841548145	10830
2	1002	14329.763770092712	10831
2	1018	14587.982192710718	10837
2	1020	14637.116704267736	10836
2	1026	14712.665450504328	10838
2	1044	15015.2762514182	10841
2	1047	15059.01897486603	10842
2	1048	15102.452323466579	10843
2	1057	15269.998503624128	10845
2	1059	15309.787196259706	10846
2	1066	15433.826072059362	10847
2	1070	15512.093641231584	10848
2	1078	15606.208515535039	10850
2	1080	15618.518519363436	10851
2	1091	15770.651402695148	10849
2	1094	15808.380942994094	10854
2	1099	15851.134328131828	10855
2	1101	15910.064955337694	10853
2	1114	16072.24596546704	10858
2	1117	16134.054080553619	10857
2	1123	16255.616957193451	10856
2	1125	16328.310267407253	10859
2	1143	16643.474240587053	10864
2	1149	16753.673356424873	10860
2	1151	16827.97178616062	10862
2	1163	17046.021042836078	10866
2	1168	17112.091037378389	10865
2	1170	17185.250453113363	10869
2	1177	17289.566583160835	10867
2	1178	17293.664947593827	10870
2	1189	17400.417279464197	10868
2	1199	17512.533154033413	10872
2	1200	17522.563572577042	10873
2	1203	17569.295667399438	10874
2	1214	17717.516307633661	10871
2	1222	17788.918846774019	10879
2	1226	17869.893316036881	10878
2	1227	17871.44285745499	10880
2	1235	17995.630110734355	10881
2	1245	18203.97097159647	10882
2	1247	18230.739659300423	10884
2	1255	18349.106697624092	10883
2	1263	18436.229576724765	10887
2	1266	18468.089715172627	10886
2	1282	18616.380306268697	10891
2	1295	18796.219407022928	10894
2	1297	18815.634509905083	10889
2	1310	19055.501793743982	10897
2	1311	19081.01868505589	10898
2	1314	19144.697996579041	10899
2	1323	19384.635060475549	10901
2	1326	19389.33877202012	10900
2	1333	19501.554691867889	10904
2	1337	19589.245853558223	10902
2	1347	19692.630585758793	10903
2	1356	19838.517840417662	10909
2	1357	19839.487910653547	10905
2	1359	19885.89465390008	10907
3	96	1020.101356056644	0
3	98	1024.735116324067	0
3	113	1227.116665692175	0
3	117	1322.69059901037	0
3	121	1388.689586712121	0
3	122	1401.451092434291	0
3	131	1568.565280174119	0
3	150	1909.06814165888	0
3	151	1940.158014023772	0
3	160	2083.142426494385	0
3	174	2295.189880682268	0
3	177	2323.523355431609	0
3	186	2468.373036721872	0
3	193	2652.191422950172	0
3	196	2687.926301449017	0
3	202	2822.135225795717	0
3	222	3284.943338808098	0
3	233	3471.678706840946	0
3	238	3538.728728039477	0
3	240	3564.550197383351	0
3	244	3628.325369644366	0
3	245	3631.878954042704	0
3	256	3753.024372662627	0
3	270	3886.899153361721	0
3	278	3983.339207068062	0
3	285	4073.685652157729	0
3	292	4137.29724052776	0
3	296	4179.296068591985	0
3	297	4181.014566397776	0
3	299	4198.13509594725	0
3	300	4199.679228695403	0
3	303	4265.434913515399	0
3	321	4520.133511203553	0
3	326	4582.009068074798	0
3	332	4677.591693348855	0
3	335	4720.428807880289	0
3	338	4752.361128094066	0
3	339	4765.10487444907	0
3	344	4816.674357213176	0
3	351	4893.953146224182	0
3	352	4894.424299789474	0
3	376	5169.664663637598	0
3	389	5274.998754680212	0
3	393	5336.059186959268	0
3	395	5363.605952237875	0
3	396	5369.51095516112	0
3	398	5375.742469195568	0
3	401	5399.648433711262	0
3	419	5639.771119903626	0
3	425	5708.268142062495	0
3	430	5776.295197110502	0
3	447	5953.653977697576	0
3	451	5983.914513316668	0
3	453	5990.30818302504	0
3	455	6016.309612647095	0
3	468	6118.273491579718	0
3	483	6241.203424405496	0
3	487	6280.345307048294	0
3	496	6357.64785974141	0
3	500	6409.94528982583	0
3	505	6445.599689964254	0
3	516	6546.89006317273	0
3	518	6595.724551619824	0
3	533	6748.755760550704	0
3	538	6808.18742186301	0
3	543	6892.697795595756	0
3	544	6904.383562106816	0
3	559	7306.478331515438	0
3	560	7326.084699363742	0
3	570	7605.206156105603	0
3	580	7757.593346125844	0
3	597	8022.245622227887	0
3	598	8033.291858641306	0
3	607	8087.663843381984	0
3	608	8120.660693342936	0
3	613	8146.871504661434	0
3	622	8247.898339405868	0
3	624	8253.983303994038	0
3	626	8263.369213470419	0
3	627	8279.781689625403	0
3	632	8362.16120526957	0
3	643	8465.183769797104	0
3	645	8482.577941436348	0
3	646	8486.627209878137	0
3	662	8717.983415937557	0
3	673	8825.274374640988	0
3	675	8835.313510794425	0
3	678	8869.841998753465	0
3	679	8876.594931293628	0
3	698	9031.453597168031	0
3	704	9085.549955264256	0
3	707	9107.943978417977	0
3	726	9309.307412673227	0
3	734	9464.669281803176	0
3	740	9585.613058976921	0
3	744	9710.72927106649	0
3	750	9966.251299019006	0
3	758	10156.005378949983	0
3	770	10386.71511716934	0
3	787	10715.647213175425	0
3	790	10748.997127352902	0
3	797	10869.656093969975	0
3	803	11014.294644382178	0
3	815	11282.979855216283	0
3	825	11400.105334702975	0
3	829	11450.238278816905	0
3	830	11465.89444437423	0
3	831	11483.563143484869	0
3	835	11515.014901584054	0
3	843	11593.631979878495	0
3	849	11685.939106470186	0
3	853	11707.677073340672	0
3	855	11730.340893872241	0
3	867	11892.592719186808	0
3	871	11987.089375602054	0
3	891	12368.02669572997	0
3	895	12388.466984731189	0
3	897	12410.067274153359	0
3	898	12457.021756743819	0
3	899	12465.808745618159	0
3	911	12587.039369918387	0
3	914	12627.867224493997	0
3	917	12680.736925375253	0
3	929	12885.394923422273	0
3	937	13049.588216616886	0
3	949	13295.297605616333	0
3	950	13295.99482567586	0
3	961	13513.396601216209	0
3	966	13652.546004316435	0
3	972	13773.533724806095	0
3	982	14006.793841548145	0
3	983	14020.763770092712	0
3	990	14133.671438142692	0
3	999	14291.764647230395	0
3	1005	14362.231689797384	0
3	1023	14690.982192710718	0
3	1027	14739.617786027442	0
3	1028	14740.116704267736	0
3	1031	14809.169789940115	0
3	1033	14815.665450504328	0
3	1050	15121.977948201488	0
3	1051	15162.01897486603	0
3	1053	15205.452323466579	0
3	1062	15372.998503624128	0
3	1073	15536.826072059362	0
3	1079	15615.093641231584	0
3	1086	15709.208515535039	0
3	1100	15873.651402695148	0
3	1102	15911.380942994094	0
3	1106	15946.616957193451	0
3	1119	16175.24596546704	0
3	1122	16237.054080553619	0
3	1129	16431.310267407253	0
3	1148	16746.474240587053	0
3	1154	16856.673356424873	0
3	1156	16930.97178616062	0
3	1167	17091.417279464197	0
3	1169	17149.021042836078	0
3	1176	17288.250453113363	0
3	1190	17408.516307633661	0
3	1196	17487.468900028476	0
3	1206	17615.533154033413	0
3	1207	17625.563572577042	0
3	1211	17672.295667399438	0
3	1229	17891.918846774019	0
3	1232	17972.893316036881	0
3	1240	18098.630110734355	0
3	1251	18306.97097159647	0
3	1252	18328.008724485458	0
3	1264	18452.106697624092	0
3	1270	18506.634509905083	0
3	1271	18511.764541548783	0
3	1273	18539.229576724765	0
3	1276	18571.089715172627	0
3	1292	18720.38580066405	0
3	1300	18899.219407022928	0
3	1301	18915.347264657199	0
3	1315	19158.501793743982	0
3	1317	19184.01868505589	0
3	1340	19604.554691867889	0
3	1343	19655.759985574302	0
3	1346	19692.5433459667	0
3	1367	19942.487910653547	0
4	96	1020.101356056644	3
4	98	1024.735116324067	3
4	113	1227.116665692175	3
4	117	1322.69059901037	3
4	121	1388.689586712121	3
4	122	1401.451092434291	3
4	131	1568.565280174119	3
4	150	1909.06814165888	3
4	151	1940.158014023772	3
4	160	2083.142426494385	3
4	174	2295.189880682268	3
4	177	2323.523355431609	3
4	186	2468.373036721872	3
4	193	2652.191422950172	3
4	196	2687.926301449017	3
4	202	2822.135225795717	3
4	222	3284.943338808098	3
4	233	3471.678706840946	3
4	238	3538.728728039477	3
4	240	3564.550197383351	3
4	244	3628.325369644366	3
4	245	3631.878954042704	3
4	256	3753.024372662627	3
4	270	3886.899153361721	3
4	278	3983.339207068062	3
4	285	4073.685652157729	3
4	292	4137.29724052776	3
4	296	4179.296068591985	3
4	297	4181.014566397776	3
4	299	4198.13509594725	3
4	300	4199.679228695403	3
4	303	4265.434913515399	3
4	321	4520.133511203553	3
4	326	4582.009068074798	3
4	332	4677.591693348855	3
4	335	4720.428807880289	3
4	338	4752.361128094066	3
4	339	4765.10487444907	3
4	344	4816.674357213176	3
4	351	4893.953146224182	3
4	352	4894.424299789474	3
4	376	5169.664663637598	3
4	389	5274.998754680212	3
4	393	5336.059186959268	3
4	395	5363.605952237875	3
4	396	5369.51095516112	3
4	398	5375.742469195568	3
4	401	5399.648433711262	3
4	419	5639.771119903626	3
4	425	5708.268142062495	3
4	430	5776.295197110502	3
4	447	5953.653977697576	3
4	451	5983.914513316668	3
4	453	5990.30818302504	3
4	455	6016.309612647095	3
4	468	6118.273491579718	3
4	483	6241.203424405496	3
4	487	6280.345307048294	3
4	496	6357.64785974141	3
4	500	6409.94528982583	3
4	505	6445.599689964254	3
4	516	6546.89006317273	3
4	518	6595.724551619824	3
4	533	6748.755760550704	3
4	538	6808.18742186301	3
4	543	6892.697795595756	3
4	544	6904.383562106816	3
4	559	7306.478331515438	3
4	560	7326.084699363742	3
4	570	7605.206156105603	3
4	580	7757.593346125844	3
4	597	8022.245622227887	3
4	598	8033.291858641306	3
4	607	8087.663843381984	3
4	608	8120.660693342936	3
4	613	8146.871504661434	3
4	622	8247.898339405868	3
4	624	8253.983303994038	3
4	626	8263.369213470419	3
4	627	8279.781689625403	3
4	632	8362.16120526957	3
4	643	8465.183769797104	3
4	645	8482.577941436348	3
4	646	8486.627209878137	3
4	662	8717.983415937557	3
4	673	8825.274374640988	3
4	675	8835.313510794425	3
4	678	8869.841998753465	3
4	679	8876.594931293628	3
4	698	9031.453597168031	3
4	704	9085.549955264256	3
4	707	9107.943978417977	3
4	726	9309.307412673227	3
4	734	9464.669281803176	3
4	740	9585.613058976921	3
4	744	9710.72927106649	3
4	750	9966.251299019006	3
4	758	10156.005378949983	3
4	770	10386.71511716934	3
4	787	10715.647213175425	3
4	790	10748.997127352902	3
4	797	10869.656093969975	3
4	803	11014.294644382178	3
4	815	11282.979855216283	3
4	825	11400.105334702975	3
4	829	11450.238278816905	3
4	830	11465.89444437423	3
4	831	11483.563143484869	3
4	835	11515.014901584054	3
4	843	11593.631979878495	3
4	849	11685.939106470186	3
4	853	11707.677073340672	3
4	855	11730.340893872241	3
4	867	11892.592719186808	3
4	871	11987.089375602054	3
4	891	12368.02669572997	3
4	895	12388.466984731189	3
4	897	12410.067274153359	3
4	898	12457.021756743819	3
4	899	12465.808745618159	3
4	911	12587.039369918387	3
4	914	12627.867224493997	3
4	917	12680.736925375253	3
4	929	12885.394923422273	3
4	937	13049.588216616886	3
4	949	13295.297605616333	3
4	950	13295.99482567586	3
4	961	13513.396601216209	3
4	966	13652.546004316435	3
4	972	13773.533724806095	3
4	982	14006.793841548145	3
4	983	14020.763770092712	3
4	990	14133.671438142692	3
4	999	14291.764647230395	3
4	1005	14362.231689797384	3
4	1023	14690.982192710718	3
4	1027	14739.617786027442	3
4	1028	14740.116704267736	3
4	1031	14809.169789940115	3
4	1033	14815.665450504328	3
4	1050	15121.977948201488	3
4	1051	15162.01897486603	3
4	1053	15205.452323466579	3
4	1062	15372.998503624128	3
4	1073	15536.826072059362	3
4	1079	15615.093641231584	3
4	1086	15709.208515535039	3
4	1100	15873.651402695148	3
4	1102	15911.380942994094	3
4	1106	15946.616957193451	3
4	1119	16175.24596546704	3
4	1122	16237.054080553619	3
4	1129	16431.310267407253	3
4	1148	16746.474240587053	3
4	1154	16856.673356424873	3
4	1156	16930.97178616062	3
4	1167	17091.417279464197	3
4	1169	17149.021042836078	3
4	1176	17288.250453113363	3
4	1190	17408.516307633661	3
4	1196	17487.468900028476	3
4	1206	17615.533154033413	3
4	1207	17625.563572577042	3
4	1211	17672.295667399438	3
4	1229	17891.918846774019	3
4	1232	17972.893316036881	3
4	1240	18098.630110734355	3
4	1251	18306.97097159647	3
4	1252	18328.008724485458	3
4	1264	18452.106697624092	3
4	1270	18506.634509905083	3
4	1271	18511.764541548783	3
4	1273	18539.229576724765	3
4	1276	18571.089715172627	3
4	1292	18720.38580066405	3
4	1300	18899.219407022928	3
4	1301	18915.347264657199	3
4	1315	19158.501793743982	3
4	1317	19184.01868505589	3
4	1340	19604.554691867889	3
4	1343	19655.759985574302	3
4	1346	19692.5433459667	3
4	1367	19942.487910653547	3
5	96	1020.101356056644	10646
5	98	1024.735116324067	10641
5	113	1227.116665692175	10647
5	117	1322.69059901037	10645
5	121	1388.689586712121	10649
5	122	1401.451092434291	10650
5	131	1568.565280174119	10651
5	150	1909.06814165888	10655
5	151	1940.158014023772	10656
5	160	2083.142426494385	10658
5	174	2295.189880682268	10659
5	177	2323.523355431609	10661
5	186	2468.373036721872	10665
5	193	2652.191422950172	10663
5	196	2687.926301449017	10666
5	202	2822.135225795717	10668
5	222	3284.943338808098	10672
5	233	3471.678706840946	10675
5	238	3538.728728039477	10673
5	240	3564.550197383351	10674
5	244	3628.325369644366	10676
5	245	3631.878954042704	10677
5	256	3753.024372662627	10678
5	270	3886.899153361721	10679
5	278	3983.339207068062	10682
5	285	4073.685652157729	10684
5	292	4137.29724052776	10681
5	296	4179.296068591985	10686
5	297	4181.014566397776	10687
5	299	4198.13509594725	10689
5	300	4199.679228695403	10690
5	303	4265.434913515399	10688
5	321	4520.133511203553	10692
5	326	4582.009068074798	10694
5	332	4677.591693348855	10691
5	335	4720.428807880289	10697
5	338	4752.361128094066	10693
5	339	4765.10487444907	10695
5	344	4816.674357213176	10696
5	351	4893.953146224182	10699
5	352	4894.424299789474	10700
5	376	5169.664663637598	10703
5	389	5274.998754680212	10708
5	393	5336.059186959268	10701
5	395	5363.605952237875	10706
5	396	5369.51095516112	10707
5	398	5375.742469195568	10704
5	401	5399.648433711262	10709
5	419	5639.771119903626	10710
5	425	5708.268142062495	10713
5	430	5776.295197110502	10715
5	447	5953.653977697576	10714
5	451	5983.914513316668	10719
5	453	5990.30818302504	10717
5	455	6016.309612647095	10721
5	468	6118.273491579718	10720
5	483	6241.203424405496	10723
5	487	6280.345307048294	10725
5	496	6357.64785974141	10722
5	500	6409.94528982583	10726
5	505	6445.599689964254	10727
5	516	6546.89006317273	10732
5	518	6595.724551619824	10730
5	533	6748.755760550704	10733
5	538	6808.18742186301	10737
5	543	6892.697795595756	10736
5	544	6904.383562106816	10734
5	559	7306.478331515438	10738
5	560	7326.084699363742	10740
5	570	7605.206156105603	10739
5	580	7757.593346125844	10743
5	597	8022.245622227887	10746
5	598	8033.291858641306	10747
5	607	8087.663843381984	10745
5	608	8120.660693342936	10750
5	613	8146.871504661434	10744
5	622	8247.898339405868	10752
5	624	8253.983303994038	10753
5	626	8263.369213470419	10748
5	627	8279.781689625403	10754
5	632	8362.16120526957	10755
5	643	8465.183769797104	10756
5	645	8482.577941436348	10757
5	646	8486.627209878137	10758
5	662	8717.983415937557	10761
5	673	8825.274374640988	10764
5	675	8835.313510794425	10759
5	678	8869.841998753465	10767
5	679	8876.594931293628	10762
5	698	9031.453597168031	10768
5	704	9085.549955264256	10770
5	707	9107.943978417977	10772
5	726	9309.307412673227	10775
5	734	9464.669281803176	10773
5	740	9585.613058976921	10776
5	744	9710.72927106649	10777
5	750	9966.251299019006	10779
5	758	10156.005378949983	10781
5	770	10386.71511716934	10785
5	787	10715.647213175425	10786
5	790	10748.997127352902	10788
5	797	10869.656093969975	10789
5	803	11014.294644382178	10793
5	815	11282.979855216283	10796
5	825	11400.105334702975	10797
5	829	11450.238278816905	10798
5	830	11465.89444437423	10800
5	831	11483.563143484869	10795
5	835	11515.014901584054	10799
5	843	11593.631979878495	10801
5	849	11685.939106470186	10803
5	853	11707.677073340672	10805
5	855	11730.340893872241	10802
5	867	11892.592719186808	10804
5	871	11987.089375602054	10807
5	891	12368.02669572997	10811
5	895	12388.466984731189	10808
5	897	12410.067274153359	10810
5	898	12457.021756743819	10812
5	899	12465.808745618159	10813
5	911	12587.039369918387	10815
5	914	12627.867224493997	10817
5	917	12680.736925375253	10814
5	929	12885.394923422273	10818
5	937	13049.588216616886	10819
5	949	13295.297605616333	10820
5	950	13295.99482567586	10822
5	961	13513.396601216209	10825
5	966	13652.546004316435	10827
5	972	13773.533724806095	10828
5	982	14006.793841548145	10830
5	983	14020.763770092712	10831
5	990	14133.671438142692	10832
5	999	14291.764647230395	10834
5	1005	14362.231689797384	10835
5	1023	14690.982192710718	10837
5	1027	14739.617786027442	10839
5	1028	14740.116704267736	10836
5	1031	14809.169789940115	10840
5	1033	14815.665450504328	10838
5	1050	15121.977948201488	10844
5	1051	15162.01897486603	10842
5	1053	15205.452323466579	10843
5	1062	15372.998503624128	10845
5	1073	15536.826072059362	10847
5	1079	15615.093641231584	10848
5	1086	15709.208515535039	10850
5	1100	15873.651402695148	10849
5	1102	15911.380942994094	10854
5	1106	15946.616957193451	10856
5	1119	16175.24596546704	10858
5	1122	16237.054080553619	10857
5	1129	16431.310267407253	10859
5	1148	16746.474240587053	10864
5	1154	16856.673356424873	10860
5	1156	16930.97178616062	10862
5	1167	17091.417279464197	10868
5	1169	17149.021042836078	10866
5	1176	17288.250453113363	10869
5	1190	17408.516307633661	10871
5	1196	17487.468900028476	10875
5	1206	17615.533154033413	10872
5	1207	17625.563572577042	10873
5	1211	17672.295667399438	10874
5	1229	17891.918846774019	10879
5	1232	17972.893316036881	10878
5	1240	18098.630110734355	10881
5	1251	18306.97097159647	10882
5	1252	18328.008724485458	10885
5	1264	18452.106697624092	10883
5	1270	18506.634509905083	10889
5	1271	18511.764541548783	10890
5	1273	18539.229576724765	10887
5	1276	18571.089715172627	10886
5	1292	18720.38580066405	10895
5	1300	18899.219407022928	10894
5	1301	18915.347264657199	10896
5	1315	19158.501793743982	10897
5	1317	19184.01868505589	10898
5	1340	19604.554691867889	10904
5	1343	19655.759985574302	10906
5	1346	19692.5433459667	10908
5	1367	19942.487910653547	10905
6	95	1013.69059901037	0
6	101	1079.689586712121	0
6	106	1123.101356056644	0
6	119	1330.116665692175	0
6	128	1504.451092434291	0
6	132	1606.453437269279	0
6	136	1671.565280174119	0
6	152	1948.440061404814	0
6	154	1986.189880682268	0
6	155	2012.06814165888	0
6	158	2043.158014023772	0
6	163	2112.871716772681	0
6	167	2186.142426494385	0
6	183	2426.523355431609	0
6	185	2468.241333611181	0
6	190	2571.373036721872	0
6	199	2755.191422950172	0
6	201	2790.926301449017	0
6	207	2925.135225795717	0
6	208	2944.862052756456	0
6	221	3269.7487991764	0
6	227	3387.943338808098	0
6	241	3574.678706840946	0
6	246	3641.728728039477	0
6	248	3667.550197383351	0
6	253	3731.325369644366	0
6	260	3780.879134545357	0
6	262	3828.29724052776	0
6	265	3856.024372662627	0
6	273	3933.551206215078	0
6	281	4007.008385825565	0
6	288	4086.339207068062	0
6	306	4284.014566397776	0
6	308	4301.13509594725	0
6	309	4302.679228695403	0
6	311	4368.434913515399	0
6	312	4368.591693348855	0
6	329	4623.133511203553	0
6	333	4685.009068074798	0
6	345	4823.428807880289	0
6	346	4824.600237838635	0
6	348	4855.361128094066	0
6	349	4868.10487444907	0
6	353	4919.674357213176	0
6	360	4996.953146224182	0
6	361	4997.424299789474	0
6	363	5027.059186959268	0
6	379	5180.220570161544	0
6	387	5272.664663637598	0
6	399	5377.998754680212	0
6	404	5466.605952237875	0
6	411	5502.648433711262	0
6	421	5651.034437213083	0
6	427	5742.771119903626	0
6	434	5811.268142062495	0
6	439	5879.295197110502	0
6	440	5882.048146992419	0
6	458	6048.64785974141	0
6	464	6086.914513316668	0
6	466	6093.30818302504	0
6	469	6119.309612647095	0
6	480	6221.273491579718	0
6	495	6344.203424405496	0
6	497	6364.313678991508	0
6	498	6383.345307048294	0
6	512	6512.94528982583	0
6	514	6539.193390464616	0
6	517	6548.599689964254	0
6	525	6649.89006317273	0
6	529	6698.724551619824	0
6	541	6851.755760550704	0
6	549	6995.697795595756	0
6	558	7296.206156105603	0
6	562	7409.478331515438	0
6	563	7429.084699363742	0
6	569	7583.591353090872	0
6	585	7837.871504661434	0
6	586	7860.593346125844	0
6	606	8085.833613716712	0
6	620	8223.660693342936	0
6	630	8350.898339405868	0
6	631	8356.983303994038	0
6	634	8366.369213470419	0
6	642	8465.16120526957	0
6	650	8568.183769797104	0
6	651	8585.577941436348	0
6	652	8589.627209878137	0
6	672	8820.983415937557	0
6	676	8837.462674341403	0
6	677	8855.300651242406	0
6	685	8928.274374640988	0
6	687	8938.313510794425	0
6	690	8972.841998753465	0
6	692	8979.594931293628	0
6	709	9134.453597168031	0
6	710	9155.669281803176	0
6	714	9188.549955264256	0
6	718	9210.943978417977	0
6	732	9412.307412673227	0
6	754	10054.421043537204	0
6	755	10069.251299019006	0
6	764	10259.005378949983	0
6	772	10406.647213175425	0
6	775	10489.71511716934	0
6	794	10830.50201995573	0
6	799	10929.49695553685	0
6	806	11117.294644382178	0
6	811	11206.425970853917	0
6	823	11385.979855216283	0
6	838	11553.238278816905	0
6	839	11568.89444437423	0
6	841	11586.563143484869	0
6	845	11618.014901584054	0
6	852	11696.631979878495	0
6	858	11788.939106470186	0
6	861	11810.677073340672	0
6	862	11833.340893872241	0
6	870	11979.42028485339	0
6	873	11995.592719186808	0
6	876	12090.089375602054	0
6	900	12471.02669572997	0
6	904	12496.60589848904	0
6	905	12513.067274153359	0
6	907	12560.021756743819	0
6	908	12568.808745618159	0
6	919	12690.039369918387	0
6	921	12730.867224493997	0
6	935	12986.297605616333	0
6	948	13291.434821297122	0
6	952	13359.288184100586	0
6	955	13398.99482567586	0
6	965	13616.396601216209	0
6	970	13755.546004316435	0
6	976	13876.533724806095	0
6	979	13940.785795655383	0
6	987	14109.793841548145	0
6	988	14123.763770092712	0
6	994	14224.927332712731	0
6	996	14236.671438142692	0
6	1007	14394.764647230395	0
6	1009	14431.116704267736	0
6	1012	14465.231689797384	0
6	1032	14809.2762514182	0
6	1034	14842.617786027442	0
6	1036	14853.01897486603	0
6	1037	14912.169789940115	0
6	1039	14918.665450504328	0
6	1055	15224.977948201488	0
6	1058	15308.452323466579	0
6	1068	15475.998503624128	0
6	1074	15564.651402695148	0
6	1081	15639.826072059362	0
6	1083	15686.57931300976	0
6	1084	15704.064955337694	0
6	1087	15718.093641231584	0
6	1095	15812.208515535039	0
6	1111	16014.380942994094	0
6	1113	16049.616957193451	0
6	1124	16278.24596546704	0
6	1126	16340.054080553619	0
6	1136	16534.310267407253	0
6	1138	16547.673356424873	0
6	1139	16570.559860259082	0
6	1140	16621.97178616062	0
6	1141	16624.74631311681	0
6	1155	16906.091037378389	0
6	1164	17083.566583160835	0
6	1173	17194.417279464197	0
6	1175	17252.021042836078	0
6	1198	17511.516307633661	0
6	1201	17558.233509604329	0
6	1202	17563.337134784217	0
6	1204	17590.468900028476	0
6	1216	17728.563572577042	0
6	1221	17775.295667399438	0
6	1234	17994.918846774019	0
6	1236	17997.97097159647	0
6	1243	18143.106697624092	0
6	1244	18201.630110734355	0
6	1277	18577.909738816831	0
6	1278	18580.920139859164	0
6	1279	18590.219407022928	0
6	1280	18609.634509905083	0
6	1281	18614.764541548783	0
6	1284	18642.229576724765	0
6	1298	18823.38580066405	0
6	1307	19018.347264657199	0
6	1316	19183.33877202012	0
6	1322	19287.01868505589	0
6	1330	19486.630585758793	0
6	1341	19633.487910653547	0
6	1344	19679.89465390008	0
6	1351	19758.759985574302	0
6	1353	19795.5433459667	0
7	95	1013.69059901037	3
7	101	1079.689586712121	3
7	106	1123.101356056644	3
7	119	1330.116665692175	3
7	128	1504.451092434291	3
7	132	1606.453437269279	3
7	136	1671.565280174119	3
7	152	1948.440061404814	3
7	154	1986.189880682268	3
7	155	2012.06814165888	3
7	158	2043.158014023772	3
7	163	2112.871716772681	3
7	167	2186.142426494385	3
7	183	2426.523355431609	3
7	185	2468.241333611181	3
7	190	2571.373036721872	3
7	199	2755.191422950172	3
7	201	2790.926301449017	3
7	207	2925.135225795717	3
7	208	2944.862052756456	3
7	221	3269.7487991764	3
7	227	3387.943338808098	3
7	241	3574.678706840946	3
7	246	3641.728728039477	3
7	248	3667.550197383351	3
7	253	3731.325369644366	3
7	260	3780.879134545357	3
7	262	3828.29724052776	3
7	265	3856.024372662627	3
7	273	3933.551206215078	3
7	281	4007.008385825565	3
7	288	4086.339207068062	3
7	306	4284.014566397776	3
7	308	4301.13509594725	3
7	309	4302.679228695403	3
7	311	4368.434913515399	3
7	312	4368.591693348855	3
7	329	4623.133511203553	3
7	333	4685.009068074798	3
7	345	4823.428807880289	3
7	346	4824.600237838635	3
7	348	4855.361128094066	3
7	349	4868.10487444907	3
7	353	4919.674357213176	3
7	360	4996.953146224182	3
7	361	4997.424299789474	3
7	363	5027.059186959268	3
7	379	5180.220570161544	3
7	387	5272.664663637598	3
7	399	5377.998754680212	3
7	404	5466.605952237875	3
7	411	5502.648433711262	3
7	421	5651.034437213083	3
7	427	5742.771119903626	3
7	434	5811.268142062495	3
7	439	5879.295197110502	3
7	440	5882.048146992419	3
7	458	6048.64785974141	3
7	464	6086.914513316668	3
7	466	6093.30818302504	3
7	469	6119.309612647095	3
7	480	6221.273491579718	3
7	495	6344.203424405496	3
7	497	6364.313678991508	3
7	498	6383.345307048294	3
7	512	6512.94528982583	3
7	514	6539.193390464616	3
7	517	6548.599689964254	3
7	525	6649.89006317273	3
7	529	6698.724551619824	3
7	541	6851.755760550704	3
7	549	6995.697795595756	3
7	558	7296.206156105603	3
7	562	7409.478331515438	3
7	563	7429.084699363742	3
7	569	7583.591353090872	3
7	585	7837.871504661434	3
7	586	7860.593346125844	3
7	606	8085.833613716712	3
7	620	8223.660693342936	3
7	630	8350.898339405868	3
7	631	8356.983303994038	3
7	634	8366.369213470419	3
7	642	8465.16120526957	3
7	650	8568.183769797104	3
7	651	8585.577941436348	3
7	652	8589.627209878137	3
7	672	8820.983415937557	3
7	676	8837.462674341403	3
7	677	8855.300651242406	3
7	685	8928.274374640988	3
7	687	8938.313510794425	3
7	690	8972.841998753465	3
7	692	8979.594931293628	3
7	709	9134.453597168031	3
7	710	9155.669281803176	3
7	714	9188.549955264256	3
7	718	9210.943978417977	3
7	732	9412.307412673227	3
7	754	10054.421043537204	3
7	755	10069.251299019006	3
7	764	10259.005378949983	3
7	772	10406.647213175425	3
7	775	10489.71511716934	3
7	794	10830.50201995573	3
7	799	10929.49695553685	3
7	806	11117.294644382178	3
7	811	11206.425970853917	3
7	823	11385.979855216283	3
7	838	11553.238278816905	3
7	839	11568.89444437423	3
7	841	11586.563143484869	3
7	845	11618.014901584054	3
7	852	11696.631979878495	3
7	858	11788.939106470186	3
7	861	11810.677073340672	3
7	862	11833.340893872241	3
7	870	11979.42028485339	3
7	873	11995.592719186808	3
7	876	12090.089375602054	3
7	900	12471.02669572997	3
7	904	12496.60589848904	3
7	905	12513.067274153359	3
7	907	12560.021756743819	3
7	908	12568.808745618159	3
7	919	12690.039369918387	3
7	921	12730.867224493997	3
7	935	12986.297605616333	3
7	948	13291.434821297122	3
7	952	13359.288184100586	3
7	955	13398.99482567586	3
7	965	13616.396601216209	3
7	970	13755.546004316435	3
7	976	13876.533724806095	3
7	979	13940.785795655383	3
7	987	14109.793841548145	3
7	988	14123.763770092712	3
7	994	14224.927332712731	3
7	996	14236.671438142692	3
7	1007	14394.764647230395	3
7	1009	14431.116704267736	3
7	1012	14465.231689797384	3
7	1032	14809.2762514182	3
7	1034	14842.617786027442	3
7	1036	14853.01897486603	3
7	1037	14912.169789940115	3
7	1039	14918.665450504328	3
7	1055	15224.977948201488	3
7	1058	15308.452323466579	3
7	1068	15475.998503624128	3
7	1074	15564.651402695148	3
7	1081	15639.826072059362	3
7	1083	15686.57931300976	3
7	1084	15704.064955337694	3
7	1087	15718.093641231584	3
7	1095	15812.208515535039	3
7	1111	16014.380942994094	3
7	1113	16049.616957193451	3
7	1124	16278.24596546704	3
7	1126	16340.054080553619	3
7	1136	16534.310267407253	3
7	1138	16547.673356424873	3
7	1139	16570.559860259082	3
7	1140	16621.97178616062	3
7	1141	16624.74631311681	3
7	1155	16906.091037378389	3
7	1164	17083.566583160835	3
7	1173	17194.417279464197	3
7	1175	17252.021042836078	3
7	1198	17511.516307633661	3
7	1201	17558.233509604329	3
7	1202	17563.337134784217	3
7	1204	17590.468900028476	3
7	1216	17728.563572577042	3
7	1221	17775.295667399438	3
7	1234	17994.918846774019	3
7	1236	17997.97097159647	3
7	1243	18143.106697624092	3
7	1244	18201.630110734355	3
7	1277	18577.909738816831	3
7	1278	18580.920139859164	3
7	1279	18590.219407022928	3
7	1280	18609.634509905083	3
7	1281	18614.764541548783	3
7	1284	18642.229576724765	3
7	1298	18823.38580066405	3
7	1307	19018.347264657199	3
7	1316	19183.33877202012	3
7	1322	19287.01868505589	3
7	1330	19486.630585758793	3
7	1341	19633.487910653547	3
7	1344	19679.89465390008	3
7	1351	19758.759985574302	3
7	1353	19795.5433459667	3
8	95	1013.69059901037	10645
8	101	1079.689586712121	10649
8	106	1123.101356056644	10646
8	119	1330.116665692175	10647
8	128	1504.451092434291	10650
8	132	1606.453437269279	10653
8	136	1671.565280174119	10651
8	152	1948.440061404814	10657
8	154	1986.189880682268	10659
8	155	2012.06814165888	10655
8	158	2043.158014023772	10656
8	163	2112.871716772681	10660
8	167	2186.142426494385	10658
8	183	2426.523355431609	10661
8	185	2468.241333611181	10664
8	190	2571.373036721872	10665
8	199	2755.191422950172	10663
8	201	2790.926301449017	10666
8	207	2925.135225795717	10668
8	208	2944.862052756456	10669
8	221	3269.7487991764	10671
8	227	3387.943338808098	10672
8	241	3574.678706840946	10675
8	246	3641.728728039477	10673
8	248	3667.550197383351	10674
8	253	3731.325369644366	10676
8	260	3780.879134545357	10680
8	262	3828.29724052776	10681
8	265	3856.024372662627	10678
8	273	3933.551206215078	10683
8	281	4007.008385825565	10685
8	288	4086.339207068062	10682
8	306	4284.014566397776	10687
8	308	4301.13509594725	10689
8	309	4302.679228695403	10690
8	311	4368.434913515399	10688
8	312	4368.591693348855	10691
8	329	4623.133511203553	10692
8	333	4685.009068074798	10694
8	345	4823.428807880289	10697
8	346	4824.600237838635	10698
8	348	4855.361128094066	10693
8	349	4868.10487444907	10695
8	353	4919.674357213176	10696
8	360	4996.953146224182	10699
8	361	4997.424299789474	10700
8	363	5027.059186959268	10701
8	379	5180.220570161544	10705
8	387	5272.664663637598	10703
8	399	5377.998754680212	10708
8	404	5466.605952237875	10706
8	411	5502.648433711262	10709
8	421	5651.034437213083	10712
8	427	5742.771119903626	10710
8	434	5811.268142062495	10713
8	439	5879.295197110502	10715
8	440	5882.048146992419	10716
8	458	6048.64785974141	10722
8	464	6086.914513316668	10719
8	466	6093.30818302504	10717
8	469	6119.309612647095	10721
8	480	6221.273491579718	10720
8	495	6344.203424405496	10723
8	497	6364.313678991508	10728
8	498	6383.345307048294	10725
8	512	6512.94528982583	10726
8	514	6539.193390464616	10731
8	517	6548.599689964254	10727
8	525	6649.89006317273	10732
8	529	6698.724551619824	10730
8	541	6851.755760550704	10733
8	549	6995.697795595756	10736
8	558	7296.206156105603	10739
8	562	7409.478331515438	10738
8	563	7429.084699363742	10740
8	569	7583.591353090872	10741
8	585	7837.871504661434	10744
8	586	7860.593346125844	10743
8	606	8085.833613716712	10749
8	620	8223.660693342936	10750
8	630	8350.898339405868	10752
8	631	8356.983303994038	10753
8	634	8366.369213470419	10748
8	642	8465.16120526957	10755
8	650	8568.183769797104	10756
8	651	8585.577941436348	10757
8	652	8589.627209878137	10758
8	672	8820.983415937557	10761
8	676	8837.462674341403	10765
8	677	8855.300651242406	10766
8	685	8928.274374640988	10764
8	687	8938.313510794425	10759
8	690	8972.841998753465	10767
8	692	8979.594931293628	10762
8	709	9134.453597168031	10768
8	710	9155.669281803176	10773
8	714	9188.549955264256	10770
8	718	9210.943978417977	10772
8	732	9412.307412673227	10775
8	754	10054.421043537204	10782
8	755	10069.251299019006	10779
8	764	10259.005378949983	10781
8	772	10406.647213175425	10786
8	775	10489.71511716934	10785
8	794	10830.50201995573	10791
8	799	10929.49695553685	10792
8	806	11117.294644382178	10793
8	811	11206.425970853917	10794
8	823	11385.979855216283	10796
8	838	11553.238278816905	10798
8	839	11568.89444437423	10800
8	841	11586.563143484869	10795
8	845	11618.014901584054	10799
8	852	11696.631979878495	10801
8	858	11788.939106470186	10803
8	861	11810.677073340672	10805
8	862	11833.340893872241	10802
8	870	11979.42028485339	10806
8	873	11995.592719186808	10804
8	876	12090.089375602054	10807
8	900	12471.02669572997	10811
8	904	12496.60589848904	10816
8	905	12513.067274153359	10810
8	907	12560.021756743819	10812
8	908	12568.808745618159	10813
8	919	12690.039369918387	10815
8	921	12730.867224493997	10817
8	935	12986.297605616333	10820
8	948	13291.434821297122	10823
8	952	13359.288184100586	10824
8	955	13398.99482567586	10822
8	965	13616.396601216209	10825
8	970	13755.546004316435	10827
8	976	13876.533724806095	10828
8	979	13940.785795655383	10829
8	987	14109.793841548145	10830
8	988	14123.763770092712	10831
8	994	14224.927332712731	10833
8	996	14236.671438142692	10832
8	1007	14394.764647230395	10834
8	1009	14431.116704267736	10836
8	1012	14465.231689797384	10835
8	1032	14809.2762514182	10841
8	1034	14842.617786027442	10839
8	1036	14853.01897486603	10842
8	1037	14912.169789940115	10840
8	1039	14918.665450504328	10838
8	1055	15224.977948201488	10844
8	1058	15308.452323466579	10843
8	1068	15475.998503624128	10845
8	1074	15564.651402695148	10849
8	1081	15639.826072059362	10847
8	1083	15686.57931300976	10852
8	1084	15704.064955337694	10853
8	1087	15718.093641231584	10848
8	1095	15812.208515535039	10850
8	1111	16014.380942994094	10854
8	1113	16049.616957193451	10856
8	1124	16278.24596546704	10858
8	1126	16340.054080553619	10857
8	1136	16534.310267407253	10859
8	1138	16547.673356424873	10860
8	1139	16570.559860259082	10861
8	1140	16621.97178616062	10862
8	1141	16624.74631311681	10863
8	1155	16906.091037378389	10865
8	1164	17083.566583160835	10867
8	1173	17194.417279464197	10868
8	1175	17252.021042836078	10866
8	1198	17511.516307633661	10871
8	1201	17558.233509604329	10876
8	1202	17563.337134784217	10877
8	1204	17590.468900028476	10875
8	1216	17728.563572577042	10873
8	1221	17775.295667399438	10874
8	1234	17994.918846774019	10879
8	1236	17997.97097159647	10882
8	1243	18143.106697624092	10883
8	1244	18201.630110734355	10881
8	1277	18577.909738816831	10892
8	1278	18580.920139859164	10893
8	1279	18590.219407022928	10894
8	1280	18609.634509905083	10889
8	1281	18614.764541548783	10890
8	1284	18642.229576724765	10887
8	1298	18823.38580066405	10895
8	1307	19018.347264657199	10896
8	1316	19183.33877202012	10900
8	1322	19287.01868505589	10898
8	1330	19486.630585758793	10903
8	1341	19633.487910653547	10905
8	1344	19679.89465390008	10907
8	1351	19758.759985574302	10906
8	1353	19795.5433459667	10908
9	97	1021.116665692175	0
9	99	1074.030437664287	0
9	105	1116.69059901037	0
9	110	1182.689586712121	0
9	112	1226.101356056644	0
9	133	1607.451092434291	0
9	138	1709.453437269279	0
9	161	2089.189880682268	0
9	165	2117.523355431609	0
9	166	2146.158014023772	0
9	169	2194.060341752688	0
9	170	2215.871716772681	0
9	173	2289.142426494385	0
9	184	2446.191422950172	0
9	189	2571.241333611181	0
9	195	2674.373036721872	0
9	198	2737.191009617929	0
9	206	2893.926301449017	0
9	212	3045.647596717946	0
9	213	3047.862052756456	0
9	226	3372.7487991764	0
9	235	3490.943338808098	0
9	239	3547.024372662627	0
9	249	3677.678706840946	0
9	251	3680.899153361721	0
9	257	3770.550197383351	0
9	269	3883.879134545357	0
9	272	3931.29724052776	0
9	283	4036.551206215078	0
9	291	4110.008385825565	0
9	298	4189.339207068062	0
9	318	4471.434913515399	0
9	319	4471.591693348855	0
9	322	4546.361128094066	0
9	337	4726.133511203553	0
9	341	4788.009068074798	0
9	356	4927.600237838635	0
9	369	5099.953146224182	0
9	370	5100.424299789474	0
9	371	5130.059186959268	0
9	373	5155.547559708464	0
9	377	5169.742469195568	0
9	390	5283.220570161544	0
9	397	5375.664663637598	0
9	408	5480.998754680212	0
9	414	5569.605952237875	0
9	416	5592.455141246627	0
9	417	5605.648433711262	0
9	428	5747.653977697576	0
9	429	5754.034437213083	0
9	443	5914.268142062495	0
9	449	5975.991007858224	0
9	450	5982.295197110502	0
9	452	5985.048146992419	0
9	473	6151.64785974141	0
9	477	6189.914513316668	0
9	478	6196.30818302504	0
9	479	6203.94528982583	0
9	481	6222.309612647095	0
9	482	6239.599689964254	0
9	491	6324.273491579718	0
9	503	6431.094434728935	0
9	522	6642.193390464616	0
9	528	6698.383562106816	0
9	532	6745.425612936189	0
9	534	6752.89006317273	0
9	537	6801.724551619824	0
9	548	6954.755760550704	0
9	552	7098.697795595756	0
9	561	7399.206156105603	0
9	566	7512.478331515438	0
9	568	7532.084699363742	0
9	572	7623.309702786759	0
9	575	7686.591353090872	0
9	587	7881.663843381984	0
9	591	7940.871504661434	0
9	593	7963.593346125844	0
9	603	8057.369213470419	0
9	611	8138.514251352295	0
9	618	8188.833613716712	0
9	629	8326.660693342936	0
9	655	8629.313510794425	0
9	658	8688.577941436348	0
9	661	8714.1132630059	0
9	669	8789.649094142846	0
9	691	8978.5937273847	0
9	697	9031.274374640988	0
9	701	9075.841998753465	0
9	703	9082.594931293628	0
9	705	9099.66531833836	0
9	716	9203.740216442405	0
9	721	9258.669281803176	0
9	729	9379.613058976921	0
9	736	9504.72927106649	0
9	752	10052.675884043089	0
9	759	10157.421043537204	0
9	768	10333.381606247297	0
9	774	10487.652629947126	0
9	776	10509.647213175425	0
9	780	10592.71511716934	0
9	784	10663.656093969975	0
9	788	10728.847662780309	0
9	804	11032.49695553685	0
9	812	11220.294644382178	0
9	814	11277.563143484869	0
9	817	11309.425970853917	0
9	837	11524.340893872241	0
9	847	11656.238278816905	0
9	848	11671.89444437423	0
9	850	11686.592719186808	0
9	866	11891.939106470186	0
9	874	12082.42028485339	0
9	878	12182.466984731189	0
9	881	12193.089375602054	0
9	901	12474.736925375253	0
9	912	12599.60589848904	0
9	916	12671.808745618159	0
9	925	12793.039369918387	0
9	926	12833.867224493997	0
9	938	13082.654806859014	0
9	939	13089.297605616333	0
9	953	13394.434821297122	0
9	958	13462.288184100586	0
9	963	13559.683647331339	0
9	969	13719.396601216209	0
9	975	13858.546004316435	0
9	981	13979.533724806095	0
9	985	14043.785795655383	0
9	993	14212.793841548145	0
9	995	14226.763770092712	0
9	1004	14339.671438142692	0
9	1013	14484.982192710718	0
9	1016	14534.116704267736	0
9	1017	14568.231689797384	0
9	1019	14609.665450504328	0
9	1038	14912.2762514182	0
9	1041	14956.01897486603	0
9	1063	15411.452323466579	0
9	1082	15667.651402695148	0
9	1089	15742.826072059362	0
9	1093	15807.064955337694	0
9	1096	15821.093641231584	0
9	1112	16031.054080553619	0
9	1115	16117.380942994094	0
9	1118	16152.616957193451	0
9	1121	16225.310267407253	0
9	1128	16381.24596546704	0
9	1144	16650.673356424873	0
9	1146	16724.97178616062	0
9	1147	16727.74631311681	0
9	1161	17009.091037378389	0
9	1171	17186.566583160835	0
9	1172	17190.664947593827	0
9	1179	17297.417279464197	0
9	1191	17409.533154033413	0
9	1192	17419.563572577042	0
9	1195	17466.295667399438	0
9	1205	17614.516307633661	0
9	1208	17661.233509604329	0
9	1209	17666.337134784217	0
9	1213	17693.468900028476	0
9	1218	17766.893316036881	0
9	1241	18100.97097159647	0
9	1248	18246.106697624092	0
9	1256	18365.089715172627	0
9	1265	18465.52529447846	0
9	1272	18513.380306268697	0
9	1287	18683.920139859164	0
9	1288	18693.219407022928	0
9	1289	18712.634509905083	0
9	1293	18745.229576724765	0
9	1303	18926.38580066405	0
9	1321	19286.33877202012	0
9	1329	19486.245853558223	0
9	1338	19589.630585758793	0
9	1349	19735.517840417662	0
9	1350	19736.487910653547	0
9	1352	19782.89465390008	0
9	1358	19861.759985574302	0
9	1360	19898.5433459667	0
9	1363	19927.513127300588	0
10	97	1021.116665692175	3
10	99	1074.030437664287	3
10	105	1116.69059901037	3
10	110	1182.689586712121	3
10	112	1226.101356056644	3
10	133	1607.451092434291	3
10	138	1709.453437269279	3
10	161	2089.189880682268	3
10	165	2117.523355431609	3
10	166	2146.158014023772	3
10	169	2194.060341752688	3
10	170	2215.871716772681	3
10	173	2289.142426494385	3
10	184	2446.191422950172	3
10	189	2571.241333611181	3
10	195	2674.373036721872	3
10	198	2737.191009617929	3
10	206	2893.926301449017	3
10	212	3045.647596717946	3
10	213	3047.862052756456	3
10	226	3372.7487991764	3
10	235	3490.943338808098	3
10	239	3547.024372662627	3
10	249	3677.678706840946	3
10	251	3680.899153361721	3
10	257	3770.550197383351	3
10	269	3883.879134545357	3
10	272	3931.29724052776	3
10	283	4036.551206215078	3
10	291	4110.008385825565	3
10	298	4189.339207068062	3
10	318	4471.434913515399	3
10	319	4471.591693348855	3
10	322	4546.361128094066	3
10	337	4726.133511203553	3
10	341	4788.009068074798	3
10	356	4927.600237838635	3
10	369	5099.953146224182	3
10	370	5100.424299789474	3
10	371	5130.059186959268	3
10	373	5155.547559708464	3
10	377	5169.742469195568	3
10	390	5283.220570161544	3
10	397	5375.664663637598	3
10	408	5480.998754680212	3
10	414	5569.605952237875	3
10	416	5592.455141246627	3
10	417	5605.648433711262	3
10	428	5747.653977697576	3
10	429	5754.034437213083	3
10	443	5914.268142062495	3
10	449	5975.991007858224	3
10	450	5982.295197110502	3
10	452	5985.048146992419	3
10	473	6151.64785974141	3
10	477	6189.914513316668	3
10	478	6196.30818302504	3
10	479	6203.94528982583	3
10	481	6222.309612647095	3
10	482	6239.599689964254	3
10	491	6324.273491579718	3
10	503	6431.094434728935	3
10	522	6642.193390464616	3
10	528	6698.383562106816	3
10	532	6745.425612936189	3
10	534	6752.89006317273	3
10	537	6801.724551619824	3
10	548	6954.755760550704	3
10	552	7098.697795595756	3
10	561	7399.206156105603	3
10	566	7512.478331515438	3
10	568	7532.084699363742	3
10	572	7623.309702786759	3
10	575	7686.591353090872	3
10	587	7881.663843381984	3
10	591	7940.871504661434	3
10	593	7963.593346125844	3
10	603	8057.369213470419	3
10	611	8138.514251352295	3
10	618	8188.833613716712	3
10	629	8326.660693342936	3
10	655	8629.313510794425	3
10	658	8688.577941436348	3
10	661	8714.1132630059	3
10	669	8789.649094142846	3
10	691	8978.5937273847	3
10	697	9031.274374640988	3
10	701	9075.841998753465	3
10	703	9082.594931293628	3
10	705	9099.66531833836	3
10	716	9203.740216442405	3
10	721	9258.669281803176	3
10	729	9379.613058976921	3
10	736	9504.72927106649	3
10	752	10052.675884043089	3
10	759	10157.421043537204	3
10	768	10333.381606247297	3
10	774	10487.652629947126	3
10	776	10509.647213175425	3
10	780	10592.71511716934	3
10	784	10663.656093969975	3
10	788	10728.847662780309	3
10	804	11032.49695553685	3
10	812	11220.294644382178	3
10	814	11277.563143484869	3
10	817	11309.425970853917	3
10	837	11524.340893872241	3
10	847	11656.238278816905	3
10	848	11671.89444437423	3
10	850	11686.592719186808	3
10	866	11891.939106470186	3
10	874	12082.42028485339	3
10	878	12182.466984731189	3
10	881	12193.089375602054	3
10	901	12474.736925375253	3
10	912	12599.60589848904	3
10	916	12671.808745618159	3
10	925	12793.039369918387	3
10	926	12833.867224493997	3
10	938	13082.654806859014	3
10	939	13089.297605616333	3
10	953	13394.434821297122	3
10	958	13462.288184100586	3
10	963	13559.683647331339	3
10	969	13719.396601216209	3
10	975	13858.546004316435	3
10	981	13979.533724806095	3
10	985	14043.785795655383	3
10	993	14212.793841548145	3
10	995	14226.763770092712	3
10	1004	14339.671438142692	3
10	1013	14484.982192710718	3
10	1016	14534.116704267736	3
10	1017	14568.231689797384	3
10	1019	14609.665450504328	3
10	1038	14912.2762514182	3
10	1041	14956.01897486603	3
10	1063	15411.452323466579	3
10	1082	15667.651402695148	3
10	1089	15742.826072059362	3
10	1093	15807.064955337694	3
10	1096	15821.093641231584	3
10	1112	16031.054080553619	3
10	1115	16117.380942994094	3
10	1118	16152.616957193451	3
10	1121	16225.310267407253	3
10	1128	16381.24596546704	3
10	1144	16650.673356424873	3
10	1146	16724.97178616062	3
10	1147	16727.74631311681	3
10	1161	17009.091037378389	3
10	1171	17186.566583160835	3
10	1172	17190.664947593827	3
10	1179	17297.417279464197	3
10	1191	17409.533154033413	3
10	1192	17419.563572577042	3
10	1195	17466.295667399438	3
10	1205	17614.516307633661	3
10	1208	17661.233509604329	3
10	1209	17666.337134784217	3
10	1213	17693.468900028476	3
10	1218	17766.893316036881	3
10	1241	18100.97097159647	3
10	1248	18246.106697624092	3
10	1256	18365.089715172627	3
10	1265	18465.52529447846	3
10	1272	18513.380306268697	3
10	1287	18683.920139859164	3
10	1288	18693.219407022928	3
10	1289	18712.634509905083	3
10	1293	18745.229576724765	3
10	1303	18926.38580066405	3
10	1321	19286.33877202012	3
10	1329	19486.245853558223	3
10	1338	19589.630585758793	3
10	1349	19735.517840417662	3
10	1350	19736.487910653547	3
10	1352	19782.89465390008	3
10	1358	19861.759985574302	3
10	1360	19898.5433459667	3
10	1363	19927.513127300588	3
11	97	1021.116665692175	10647
11	99	1074.030437664287	10648
11	105	1116.69059901037	10645
11	110	1182.689586712121	10649
11	112	1226.101356056644	10646
11	133	1607.451092434291	10650
11	138	1709.453437269279	10653
11	161	2089.189880682268	10659
11	165	2117.523355431609	10661
11	166	2146.158014023772	10656
11	169	2194.060341752688	10662
11	170	2215.871716772681	10660
11	173	2289.142426494385	10658
11	184	2446.191422950172	10663
11	189	2571.241333611181	10664
11	195	2674.373036721872	10665
11	198	2737.191009617929	10667
11	206	2893.926301449017	10666
11	212	3045.647596717946	10670
11	213	3047.862052756456	10669
11	226	3372.7487991764	10671
11	235	3490.943338808098	10672
11	239	3547.024372662627	10678
11	249	3677.678706840946	10675
11	251	3680.899153361721	10679
11	257	3770.550197383351	10674
11	269	3883.879134545357	10680
11	272	3931.29724052776	10681
11	283	4036.551206215078	10683
11	291	4110.008385825565	10685
11	298	4189.339207068062	10682
11	318	4471.434913515399	10688
11	319	4471.591693348855	10691
11	322	4546.361128094066	10693
11	337	4726.133511203553	10692
11	341	4788.009068074798	10694
11	356	4927.600237838635	10698
11	369	5099.953146224182	10699
11	370	5100.424299789474	10700
11	371	5130.059186959268	10701
11	373	5155.547559708464	10702
11	377	5169.742469195568	10704
11	390	5283.220570161544	10705
11	397	5375.664663637598	10703
11	408	5480.998754680212	10708
11	414	5569.605952237875	10706
11	416	5592.455141246627	10711
11	417	5605.648433711262	10709
11	428	5747.653977697576	10714
11	429	5754.034437213083	10712
11	443	5914.268142062495	10713
11	449	5975.991007858224	10718
11	450	5982.295197110502	10715
11	452	5985.048146992419	10716
11	473	6151.64785974141	10722
11	477	6189.914513316668	10719
11	478	6196.30818302504	10717
11	479	6203.94528982583	10726
11	481	6222.309612647095	10721
11	482	6239.599689964254	10727
11	491	6324.273491579718	10720
11	503	6431.094434728935	10729
11	522	6642.193390464616	10731
11	528	6698.383562106816	10734
11	532	6745.425612936189	10735
11	534	6752.89006317273	10732
11	537	6801.724551619824	10730
11	548	6954.755760550704	10733
11	552	7098.697795595756	10736
11	561	7399.206156105603	10739
11	566	7512.478331515438	10738
11	568	7532.084699363742	10740
11	572	7623.309702786759	10742
11	575	7686.591353090872	10741
11	587	7881.663843381984	10745
11	591	7940.871504661434	10744
11	593	7963.593346125844	10743
11	603	8057.369213470419	10748
11	611	8138.514251352295	10751
11	618	8188.833613716712	10749
11	629	8326.660693342936	10750
11	655	8629.313510794425	10759
11	658	8688.577941436348	10757
11	661	8714.1132630059	10760
11	669	8789.649094142846	10763
11	691	8978.5937273847	10769
11	697	9031.274374640988	10764
11	701	9075.841998753465	10767
11	703	9082.594931293628	10762
11	705	9099.66531833836	10771
11	716	9203.740216442405	10774
11	721	9258.669281803176	10773
11	729	9379.613058976921	10776
11	736	9504.72927106649	10777
11	752	10052.675884043089	10780
11	759	10157.421043537204	10782
11	768	10333.381606247297	10784
11	774	10487.652629947126	10787
11	776	10509.647213175425	10786
11	780	10592.71511716934	10785
11	784	10663.656093969975	10789
11	788	10728.847662780309	10790
11	804	11032.49695553685	10792
11	812	11220.294644382178	10793
11	814	11277.563143484869	10795
11	817	11309.425970853917	10794
11	837	11524.340893872241	10802
11	847	11656.238278816905	10798
11	848	11671.89444437423	10800
11	850	11686.592719186808	10804
11	866	11891.939106470186	10803
11	874	12082.42028485339	10806
11	878	12182.466984731189	10808
11	881	12193.089375602054	10807
11	901	12474.736925375253	10814
11	912	12599.60589848904	10816
11	916	12671.808745618159	10813
11	925	12793.039369918387	10815
11	926	12833.867224493997	10817
11	938	13082.654806859014	10821
11	939	13089.297605616333	10820
11	953	13394.434821297122	10823
11	958	13462.288184100586	10824
11	963	13559.683647331339	10826
11	969	13719.396601216209	10825
11	975	13858.546004316435	10827
11	981	13979.533724806095	10828
11	985	14043.785795655383	10829
11	993	14212.793841548145	10830
11	995	14226.763770092712	10831
11	1004	14339.671438142692	10832
11	1013	14484.982192710718	10837
11	1016	14534.116704267736	10836
11	1017	14568.231689797384	10835
11	1019	14609.665450504328	10838
11	1038	14912.2762514182	10841
11	1041	14956.01897486603	10842
11	1063	15411.452323466579	10843
11	1082	15667.651402695148	10849
11	1089	15742.826072059362	10847
11	1093	15807.064955337694	10853
11	1096	15821.093641231584	10848
11	1112	16031.054080553619	10857
11	1115	16117.380942994094	10854
11	1118	16152.616957193451	10856
11	1121	16225.310267407253	10859
11	1128	16381.24596546704	10858
11	1144	16650.673356424873	10860
11	1146	16724.97178616062	10862
11	1147	16727.74631311681	10863
11	1161	17009.091037378389	10865
11	1171	17186.566583160835	10867
11	1172	17190.664947593827	10870
11	1179	17297.417279464197	10868
11	1191	17409.533154033413	10872
11	1192	17419.563572577042	10873
11	1195	17466.295667399438	10874
11	1205	17614.516307633661	10871
11	1208	17661.233509604329	10876
11	1209	17666.337134784217	10877
11	1213	17693.468900028476	10875
11	1218	17766.893316036881	10878
11	1241	18100.97097159647	10882
11	1248	18246.106697624092	10883
11	1256	18365.089715172627	10886
11	1265	18465.52529447846	10888
11	1272	18513.380306268697	10891
11	1287	18683.920139859164	10893
11	1288	18693.219407022928	10894
11	1289	18712.634509905083	10889
11	1293	18745.229576724765	10887
11	1303	18926.38580066405	10895
11	1321	19286.33877202012	10900
11	1329	19486.245853558223	10902
11	1338	19589.630585758793	10903
11	1349	19735.517840417662	10909
11	1350	19736.487910653547	10905
11	1352	19782.89465390008	10907
11	1358	19861.759985574302	10906
11	1360	19898.5433459667	10908
11	1363	19927.513127300588	10910
12	392	5305.953146224182	512
12	394	5361.547559708464	306
12	433	5798.455141246627	306
12	448	5960.034437213083	409
12	502	6428.309612647095	512
12	547	6951.425612936189	306
12	588	7892.591353090872	409
12	616	8169.593346125844	512
12	638	8394.833613716712	409
12	648	8532.660693342936	512
12	682	8894.577941436348	512
12	719	9237.274374640988	512
12	785	10693.652629947126	306
12	863	11877.89444437423	512
12	886	12288.42028485339	409
12	947	13288.654806859014	306
12	971	13765.683647331339	306
12	1008	14418.793841548145	512
12	1010	14432.763770092712	512
12	1049	15118.2762514182	409
12	1065	15412.787196259706	203
12	1107	15954.134328131828	203
12	1110	16013.064955337694	409
12	1187	17392.566583160835	409
12	1188	17396.664947593827	306
12	1224	17820.516307633661	512
12	1233	17974.44285745499	203
12	1253	18333.739659300423	203
12	1302	18918.634509905083	512
12	1345	19692.245853558223	306
12	1354	19795.630585758793	409
12	1365	19941.517840417662	306
12	1369	19988.89465390008	409
13	392	5305.953146224182	12
13	394	5361.547559708464	6
13	433	5798.455141246627	6
13	448	5960.034437213083	9
13	502	6428.309612647095	12
13	547	6951.425612936189	6
13	588	7892.591353090872	9
13	616	8169.593346125844	12
13	638	8394.833613716712	9
13	648	8532.660693342936	12
13	682	8894.577941436348	12
13	719	9237.274374640988	12
13	785	10693.652629947126	6
13	863	11877.89444437423	12
13	886	12288.42028485339	9
13	947	13288.654806859014	6
13	971	13765.683647331339	6
13	1008	14418.793841548145	12
13	1010	14432.763770092712	12
13	1049	15118.2762514182	9
13	1065	15412.787196259706	3
13	1107	15954.134328131828	3
13	1110	16013.064955337694	9
13	1187	17392.566583160835	9
13	1188	17396.664947593827	6
13	1224	17820.516307633661	12
13	1233	17974.44285745499	3
13	1253	18333.739659300423	3
13	1302	18918.634509905083	12
13	1345	19692.245853558223	6
13	1354	19795.630585758793	9
13	1365	19941.517840417662	6
13	1369	19988.89465390008	9
14	392	5305.953146224182	4
14	394	5361.547559708464	2
14	433	5798.455141246627	2
14	448	5960.034437213083	3
14	502	6428.309612647095	4
14	547	6951.425612936189	2
14	588	7892.591353090872	3
14	616	8169.593346125844	4
14	638	8394.833613716712	3
14	648	8532.660693342936	4
14	682	8894.577941436348	4
14	719	9237.274374640988	4
14	785	10693.652629947126	2
14	863	11877.89444437423	4
14	886	12288.42028485339	3
14	947	13288.654806859014	2
14	971	13765.683647331339	2
14	1008	14418.793841548145	4
14	1010	14432.763770092712	4
14	1049	15118.2762514182	3
14	1065	15412.787196259706	1
14	1107	15954.134328131828	1
14	1110	16013.064955337694	3
14	1187	17392.566583160835	3
14	1188	17396.664947593827	2
14	1224	17820.516307633661	4
14	1233	17974.44285745499	1
14	1253	18333.739659300423	1
14	1302	18918.634509905083	4
14	1345	19692.245853558223	2
14	1354	19795.630585758793	3
14	1365	19941.517840417662	2
14	1369	19988.89465390008	3
15	103	1087.971327529609	306
15	108	1127.735116324067	512
15	254	3734.878954042704	306
15	280	3989.899153361721	409
15	295	4176.685652157729	306
15	305	4282.296068591985	306
15	405	5472.51095516112	306
15	508	6460.64785974141	512
15	550	7007.383562106816	409
15	576	7708.206156105603	512
15	623	8249.871504661434	512
15	743	9688.613058976921	409
15	796	10851.997127352902	306
15	802	10972.656093969975	409
15	903	12491.466984731189	409
15	936	12988.394923422273	306
15	941	13152.588216616886	306
15	1030	14793.982192710718	409
15	1109	15976.651402695148	512
15	1162	17033.97178616062	512
15	1186	17391.250453113363	306
15	1215	17718.533154033413	409
15	1238	18075.893316036881	409
15	1262	18431.008724485458	203
15	1274	18555.106697624092	512
15	1348	19707.554691867889	306
16	103	1087.971327529609	6
16	108	1127.735116324067	12
16	254	3734.878954042704	6
16	280	3989.899153361721	9
16	295	4176.685652157729	6
16	305	4282.296068591985	6
16	405	5472.51095516112	6
16	508	6460.64785974141	12
16	550	7007.383562106816	9
16	576	7708.206156105603	12
16	623	8249.871504661434	12
16	743	9688.613058976921	9
16	796	10851.997127352902	6
16	802	10972.656093969975	9
16	903	12491.466984731189	9
16	936	12988.394923422273	6
16	941	13152.588216616886	6
16	1030	14793.982192710718	9
16	1109	15976.651402695148	12
16	1162	17033.97178616062	12
16	1186	17391.250453113363	6
16	1215	17718.533154033413	9
16	1238	18075.893316036881	9
16	1262	18431.008724485458	3
16	1274	18555.106697624092	12
16	1348	19707.554691867889	6
17	103	1087.971327529609	2
17	108	1127.735116324067	4
17	254	3734.878954042704	2
17	280	3989.899153361721	3
17	295	4176.685652157729	2
17	305	4282.296068591985	2
17	405	5472.51095516112	2
17	508	6460.64785974141	4
17	550	7007.383562106816	3
17	576	7708.206156105603	4
17	623	8249.871504661434	4
17	743	9688.613058976921	3
17	796	10851.997127352902	2
17	802	10972.656093969975	3
17	903	12491.466984731189	3
17	936	12988.394923422273	2
17	941	13152.588216616886	2
17	1030	14793.982192710718	3
17	1109	15976.651402695148	4
17	1162	17033.97178616062	4
17	1186	17391.250453113363	2
17	1215	17718.533154033413	3
17	1238	18075.893316036881	3
17	1262	18431.008724485458	1
17	1274	18555.106697624092	4
17	1348	19707.554691867889	2
18	102	1083.531893671429	306
18	123	1425.69059901037	512
18	127	1491.689586712121	512
18	182	2398.189880682268	512
18	302	4240.29724052776	512
18	340	4780.591693348855	512
18	403	5439.059186959268	512
18	407	5478.742469195568	409
18	459	6056.653977697576	409
18	546	6911.18742186301	203
18	609	8125.245622227887	306
18	610	8136.291858641306	306
18	619	8190.663843381984	409
18	636	8382.781689625403	306
18	739	9567.669281803176	512
18	745	9813.72927106649	409
18	792	10818.647213175425	512
18	834	11503.105334702975	306
18	924	12783.736925375253	409
18	954	13398.297605616333	512
18	1035	14843.116704267736	512
18	1056	15265.01897486603	512
18	1153	16849.474240587053	306
18	1158	16959.673356424873	512
18	1259	18409.97097159647	512
18	1285	18674.089715172627	409
18	1306	19002.219407022928	512
18	1319	19261.501793743982	306
19	102	1083.531893671429	6
19	123	1425.69059901037	12
19	127	1491.689586712121	12
19	182	2398.189880682268	12
19	302	4240.29724052776	12
19	340	4780.591693348855	12
19	403	5439.059186959268	12
19	407	5478.742469195568	9
19	459	6056.653977697576	9
19	546	6911.18742186301	3
19	609	8125.245622227887	6
19	610	8136.291858641306	6
19	619	8190.663843381984	9
19	636	8382.781689625403	6
19	739	9567.669281803176	12
19	745	9813.72927106649	9
19	792	10818.647213175425	12
19	834	11503.105334702975	6
19	924	12783.736925375253	9
19	954	13398.297605616333	12
19	1035	14843.116704267736	12
19	1056	15265.01897486603	12
19	1153	16849.474240587053	6
19	1158	16959.673356424873	12
19	1259	18409.97097159647	12
19	1285	18674.089715172627	9
19	1306	19002.219407022928	12
19	1319	19261.501793743982	6
20	102	1083.531893671429	2
20	123	1425.69059901037	4
20	127	1491.689586712121	4
20	182	2398.189880682268	4
20	302	4240.29724052776	4
20	340	4780.591693348855	4
20	403	5439.059186959268	4
20	407	5478.742469195568	3
20	459	6056.653977697576	3
20	546	6911.18742186301	1
20	609	8125.245622227887	2
20	610	8136.291858641306	2
20	619	8190.663843381984	3
20	636	8382.781689625403	2
20	739	9567.669281803176	4
20	745	9813.72927106649	3
20	792	10818.647213175425	4
20	834	11503.105334702975	2
20	924	12783.736925375253	3
20	954	13398.297605616333	4
20	1035	14843.116704267736	4
20	1056	15265.01897486603	4
20	1153	16849.474240587053	2
20	1158	16959.673356424873	4
20	1259	18409.97097159647	4
20	1285	18674.089715172627	3
20	1306	19002.219407022928	4
20	1319	19261.501793743982	2
21	124	1433.116665692175	512
21	159	2051.440061404814	203
21	164	2115.06814165888	409
21	211	3028.135225795717	306
21	313	4387.014566397776	409
21	314	4404.13509594725	306
21	354	4926.428807880289	306
21	357	4958.361128094066	512
21	358	4971.10487444907	409
21	362	5022.674357213176	409
21	435	5845.771119903626	409
21	507	6447.203424405496	409
21	641	8459.983303994038	409
21	644	8469.369213470419	512
21	649	8568.16120526957	306
21	656	8671.183769797104	306
21	660	8692.627209878137	306
21	689	8958.300651242406	203
21	699	9041.313510794425	512
21	724	9291.549955264256	306
21	727	9313.943978417977	306
21	737	9515.307412673227	306
21	769	10362.005378949983	409
21	800	10933.50201995573	203
21	877	12098.592719186808	512
21	909	12574.02669572997	306
21	913	12616.067274153359	409
21	960	13501.99482567586	409
21	1001	14327.927332712731	203
21	1040	14945.617786027442	306
21	1043	15015.169789940115	306
21	1092	15789.57931300976	203
21	1103	15915.208515535039	409
21	1130	16443.054080553619	512
21	1145	16673.559860259082	203
21	1183	17355.021042836078	409
21	1228	17878.295667399438	512
21	1239	18097.918846774019	409
21	1286	18680.909738816831	203
21	1290	18717.764541548783	306
21	1327	19390.01868505589	409
22	124	1433.116665692175	12
22	159	2051.440061404814	3
22	164	2115.06814165888	9
22	211	3028.135225795717	6
22	313	4387.014566397776	9
22	314	4404.13509594725	6
22	354	4926.428807880289	6
22	357	4958.361128094066	12
22	358	4971.10487444907	9
22	362	5022.674357213176	9
22	435	5845.771119903626	9
22	507	6447.203424405496	9
22	641	8459.983303994038	9
22	644	8469.369213470419	12
22	649	8568.16120526957	6
22	656	8671.183769797104	6
22	660	8692.627209878137	6
22	689	8958.300651242406	3
22	699	9041.313510794425	12
22	724	9291.549955264256	6
22	727	9313.943978417977	6
22	737	9515.307412673227	6
22	769	10362.005378949983	9
22	800	10933.50201995573	3
22	877	12098.592719186808	12
22	909	12574.02669572997	6
22	913	12616.067274153359	9
22	960	13501.99482567586	9
22	1001	14327.927332712731	3
22	1040	14945.617786027442	6
22	1043	15015.169789940115	6
22	1092	15789.57931300976	3
22	1103	15915.208515535039	9
22	1130	16443.054080553619	12
22	1145	16673.559860259082	3
22	1183	17355.021042836078	9
22	1228	17878.295667399438	12
22	1239	18097.918846774019	9
22	1286	18680.909738816831	3
22	1290	18717.764541548783	6
22	1327	19390.01868505589	9
23	124	1433.116665692175	4
23	159	2051.440061404814	1
23	164	2115.06814165888	3
23	211	3028.135225795717	2
23	313	4387.014566397776	3
23	314	4404.13509594725	2
23	354	4926.428807880289	2
23	357	4958.361128094066	4
23	358	4971.10487444907	3
23	362	5022.674357213176	3
23	435	5845.771119903626	3
23	507	6447.203424405496	3
23	641	8459.983303994038	3
23	644	8469.369213470419	4
23	649	8568.16120526957	2
23	656	8671.183769797104	2
23	660	8692.627209878137	2
23	689	8958.300651242406	1
23	699	9041.313510794425	4
23	724	9291.549955264256	2
23	727	9313.943978417977	2
23	737	9515.307412673227	2
23	769	10362.005378949983	3
23	800	10933.50201995573	1
23	877	12098.592719186808	4
23	909	12574.02669572997	2
23	913	12616.067274153359	3
23	960	13501.99482567586	3
23	1001	14327.927332712731	1
23	1040	14945.617786027442	2
23	1043	15015.169789940115	2
23	1092	15789.57931300976	1
23	1103	15915.208515535039	3
23	1130	16443.054080553619	4
23	1145	16673.559860259082	1
23	1183	17355.021042836078	3
23	1228	17878.295667399438	4
23	1239	18097.918846774019	3
23	1286	18680.909738816831	1
23	1290	18717.764541548783	2
23	1327	19390.01868505589	3
24	142	1774.565280174119	409
24	187	2529.523355431609	512
24	205	2858.191422950172	512
24	255	3744.728728039477	409
24	264	3834.325369644366	409
24	274	3959.024372662627	512
24	315	4405.679228695403	306
24	509	6467.313678991508	203
24	510	6486.345307048294	409
24	520	6615.94528982583	512
24	526	6651.599689964254	512
24	640	8453.898339405868	409
24	684	8923.983415937557	306
24	688	8940.462674341403	203
24	720	9237.453597168031	409
24	760	10172.251299019006	306
24	832	11488.979855216283	306
24	851	11689.563143484869	512
24	854	11721.014901584054	409
24	860	11799.631979878495	409
24	868	11913.677073340672	306
24	869	11936.340893872241	512
24	915	12663.021756743819	306
24	1014	14497.764647230395	306
24	1045	15021.665450504328	512
24	1060	15327.977948201488	306
24	1075	15578.998503624128	409
24	1142	16637.310267407253	512
24	1225	17831.563572577042	512
24	1250	18304.630110734355	409
24	1313	19121.347264657199	306
25	142	1774.565280174119	9
25	187	2529.523355431609	12
25	205	2858.191422950172	12
25	255	3744.728728039477	9
25	264	3834.325369644366	9
25	274	3959.024372662627	12
25	315	4405.679228695403	6
25	509	6467.313678991508	3
25	510	6486.345307048294	9
25	520	6615.94528982583	12
25	526	6651.599689964254	12
25	640	8453.898339405868	9
25	684	8923.983415937557	6
25	688	8940.462674341403	3
25	720	9237.453597168031	9
25	760	10172.251299019006	6
25	832	11488.979855216283	6
25	851	11689.563143484869	12
25	854	11721.014901584054	9
25	860	11799.631979878495	9
25	868	11913.677073340672	6
25	869	11936.340893872241	12
25	915	12663.021756743819	6
25	1014	14497.764647230395	6
25	1045	15021.665450504328	12
25	1060	15327.977948201488	6
25	1075	15578.998503624128	9
25	1142	16637.310267407253	12
25	1225	17831.563572577042	12
25	1250	18304.630110734355	9
25	1313	19121.347264657199	6
26	142	1774.565280174119	3
26	187	2529.523355431609	4
26	205	2858.191422950172	4
26	255	3744.728728039477	3
26	264	3834.325369644366	3
26	274	3959.024372662627	4
26	315	4405.679228695403	2
26	509	6467.313678991508	1
26	510	6486.345307048294	3
26	520	6615.94528982583	4
26	526	6651.599689964254	4
26	640	8453.898339405868	3
26	684	8923.983415937557	2
26	688	8940.462674341403	1
26	720	9237.453597168031	3
26	760	10172.251299019006	2
26	832	11488.979855216283	2
26	851	11689.563143484869	4
26	854	11721.014901584054	3
26	860	11799.631979878495	3
26	868	11913.677073340672	2
26	869	11936.340893872241	4
26	915	12663.021756743819	2
26	1014	14497.764647230395	2
26	1045	15021.665450504328	4
26	1060	15327.977948201488	2
26	1075	15578.998503624128	3
26	1142	16637.310267407253	4
26	1225	17831.563572577042	4
26	1250	18304.630110734355	3
26	1313	19121.347264657199	2
27	104	1089.011234759843	512
27	139	1710.451092434291	409
27	144	1812.453437269279	306
27	172	2249.158014023772	512
27	175	2297.060341752688	203
27	176	2318.871716772681	306
27	181	2392.142426494385	512
27	200	2777.373036721872	409
27	234	3475.7487991764	306
27	243	3593.943338808098	409
27	279	3986.879134545357	306
27	301	4213.008385825565	306
27	307	4292.339207068062	512
27	382	5203.424299789474	409
27	415	5583.998754680212	409
27	422	5672.605952237875	512
27	465	6088.048146992419	306
27	489	6299.30818302504	512
27	551	7057.755760550704	512
27	577	7726.309702786759	203
27	621	8241.514251352295	203
27	713	9185.594931293628	512
27	715	9202.66531833836	203
27	773	10436.381606247297	203
27	786	10695.71511716934	409
27	819	11323.294644382178	409
27	856	11759.238278816905	512
27	920	12702.60589848904	306
27	931	12896.039369918387	512
27	932	12936.867224493997	409
27	959	13497.434821297122	306
27	964	13565.288184100586	306
27	986	14082.533724806095	409
27	1011	14442.671438142692	409
27	1022	14671.231689797384	409
27	1104	15924.093641231584	512
27	1223	17796.468900028476	409
27	1275	18568.52529447846	203
27	1299	18848.229576724765	512
28	104	1089.011234759843	12
28	139	1710.451092434291	9
28	144	1812.453437269279	6
28	172	2249.158014023772	12
28	175	2297.060341752688	3
28	176	2318.871716772681	6
28	181	2392.142426494385	12
28	200	2777.373036721872	9
28	234	3475.7487991764	6
28	243	3593.943338808098	9
28	279	3986.879134545357	6
28	301	4213.008385825565	6
28	307	4292.339207068062	12
28	382	5203.424299789474	9
28	415	5583.998754680212	9
28	422	5672.605952237875	12
28	465	6088.048146992419	6
28	489	6299.30818302504	12
28	551	7057.755760550704	12
28	577	7726.309702786759	3
28	621	8241.514251352295	3
28	713	9185.594931293628	12
28	715	9202.66531833836	3
28	773	10436.381606247297	3
28	786	10695.71511716934	9
28	819	11323.294644382178	9
28	856	11759.238278816905	12
28	920	12702.60589848904	6
28	931	12896.039369918387	12
28	932	12936.867224493997	9
28	959	13497.434821297122	6
28	964	13565.288184100586	6
28	986	14082.533724806095	9
28	1011	14442.671438142692	9
28	1022	14671.231689797384	9
28	1104	15924.093641231584	12
28	1223	17796.468900028476	9
28	1275	18568.52529447846	3
28	1299	18848.229576724765	12
29	104	1089.011234759843	4
29	139	1710.451092434291	3
29	144	1812.453437269279	2
29	172	2249.158014023772	4
29	175	2297.060341752688	1
29	176	2318.871716772681	2
29	181	2392.142426494385	4
29	200	2777.373036721872	3
29	234	3475.7487991764	2
29	243	3593.943338808098	3
29	279	3986.879134545357	2
29	301	4213.008385825565	2
29	307	4292.339207068062	4
29	382	5203.424299789474	3
29	415	5583.998754680212	3
29	422	5672.605952237875	4
29	465	6088.048146992419	2
29	489	6299.30818302504	4
29	551	7057.755760550704	4
29	577	7726.309702786759	1
29	621	8241.514251352295	1
29	713	9185.594931293628	4
29	715	9202.66531833836	1
29	773	10436.381606247297	1
29	786	10695.71511716934	3
29	819	11323.294644382178	3
29	856	11759.238278816905	4
29	920	12702.60589848904	2
29	931	12896.039369918387	4
29	932	12936.867224493997	3
29	959	13497.434821297122	2
29	964	13565.288184100586	2
29	986	14082.533724806095	3
29	1011	14442.671438142692	3
29	1022	14671.231689797384	3
29	1104	15924.093641231584	4
29	1223	17796.468900028476	3
29	1275	18568.52529447846	1
29	1299	18848.229576724765	4
30	118	1329.101356056644	409
30	194	2674.241333611181	306
30	203	2840.191009617929	203
30	259	3780.678706840946	409
30	267	3873.550197383351	512
30	293	4139.551206215078	306
30	324	4574.434913515399	512
30	347	4829.133511203553	512
30	406	5478.664663637598	409
30	426	5708.648433711262	512
30	463	6085.295197110502	409
30	488	6292.914513316668	409
30	501	6427.273491579718	512
30	542	6855.89006317273	409
30	545	6904.724551619824	512
30	555	7201.697795595756	512
30	571	7615.478331515438	512
30	765	10260.421043537204	306
30	807	11135.49695553685	306
30	872	11994.939106470186	409
30	887	12296.089375602054	409
30	973	13822.396601216209	512
30	980	13961.546004316435	409
30	1071	15514.452323466579	512
30	1097	15845.826072059362	512
30	1120	16220.380942994094	512
30	1133	16484.24596546704	512
30	1152	16830.74631311681	306
30	1217	17764.233509604329	306
30	1219	17769.337134784217	306
30	1294	18786.920139859164	306
30	1308	19029.38580066405	409
30	1368	19964.759985574302	409
31	118	1329.101356056644	9
31	194	2674.241333611181	6
31	203	2840.191009617929	3
31	259	3780.678706840946	9
31	267	3873.550197383351	12
31	293	4139.551206215078	6
31	324	4574.434913515399	12
31	347	4829.133511203553	12
31	406	5478.664663637598	9
31	426	5708.648433711262	12
31	463	6085.295197110502	9
31	488	6292.914513316668	9
31	501	6427.273491579718	12
31	542	6855.89006317273	9
31	545	6904.724551619824	12
31	555	7201.697795595756	12
31	571	7615.478331515438	12
31	765	10260.421043537204	6
31	807	11135.49695553685	6
31	872	11994.939106470186	9
31	887	12296.089375602054	9
31	973	13822.396601216209	12
31	980	13961.546004316435	9
31	1071	15514.452323466579	12
31	1097	15845.826072059362	12
31	1120	16220.380942994094	12
31	1133	16484.24596546704	12
31	1152	16830.74631311681	6
31	1217	17764.233509604329	6
31	1219	17769.337134784217	6
31	1294	18786.920139859164	6
31	1308	19029.38580066405	9
31	1368	19964.759985574302	9
32	118	1329.101356056644	3
32	194	2674.241333611181	2
32	203	2840.191009617929	1
32	259	3780.678706840946	3
32	267	3873.550197383351	4
32	293	4139.551206215078	2
32	324	4574.434913515399	4
32	347	4829.133511203553	4
32	406	5478.664663637598	3
32	426	5708.648433711262	4
32	463	6085.295197110502	3
32	488	6292.914513316668	3
32	501	6427.273491579718	4
32	542	6855.89006317273	3
32	545	6904.724551619824	4
32	555	7201.697795595756	4
32	571	7615.478331515438	4
32	765	10260.421043537204	2
32	807	11135.49695553685	2
32	872	11994.939106470186	3
32	887	12296.089375602054	3
32	973	13822.396601216209	4
32	980	13961.546004316435	3
32	1071	15514.452323466579	4
32	1097	15845.826072059362	4
32	1120	16220.380942994094	4
32	1133	16484.24596546704	4
32	1152	16830.74631311681	2
32	1217	17764.233509604329	2
32	1219	17769.337134784217	2
32	1294	18786.920139859164	2
32	1308	19029.38580066405	3
32	1368	19964.759985574302	3
33	100	1079.066469822751	409
33	114	1280.030437664287	306
33	134	1645.051896910057	203
33	147	1851.358946426188	203
33	214	3099.926301449017	512
33	219	3251.647596717946	306
33	220	3253.862052756456	409
33	359	4994.009068074798	512
33	372	5133.600237838635	409
33	409	5489.220570161544	409
33	470	6120.268142062495	512
33	476	6181.991007858224	306
33	486	6269.457596925084	203
33	521	6637.094434728935	306
33	539	6848.193390464616	409
33	579	7738.084699363742	512
33	683	8920.1132630059	306
33	694	8995.649094142846	306
33	712	9184.5937273847	306
33	723	9281.841998753465	512
33	731	9409.740216442405	306
33	742	9657.14278206131	203
33	762	10253.994427555819	203
33	763	10258.675884043089	306
33	801	10934.847662780309	306
33	836	11515.425970853917	409
33	894	12388.403519798061	203
33	928	12877.808745618159	512
33	997	14249.785795655383	409
33	1088	15721.518519363436	203
33	1127	16358.616957193451	512
33	1174	17215.091037378389	409
33	1197	17503.417279464197	512
33	1291	18719.380306268697	306
33	1318	19247.697996579041	203
33	1331	19487.635060475549	203
33	1332	19492.33877202012	409
34	100	1079.066469822751	9
34	114	1280.030437664287	6
34	134	1645.051896910057	3
34	147	1851.358946426188	3
34	214	3099.926301449017	12
34	219	3251.647596717946	6
34	220	3253.862052756456	9
34	359	4994.009068074798	12
34	372	5133.600237838635	9
34	409	5489.220570161544	9
34	470	6120.268142062495	12
34	476	6181.991007858224	6
34	486	6269.457596925084	3
34	521	6637.094434728935	6
34	539	6848.193390464616	9
34	579	7738.084699363742	12
34	683	8920.1132630059	6
34	694	8995.649094142846	6
34	712	9184.5937273847	6
34	723	9281.841998753465	12
34	731	9409.740216442405	6
34	742	9657.14278206131	3
34	762	10253.994427555819	3
34	763	10258.675884043089	6
34	801	10934.847662780309	6
34	836	11515.425970853917	9
34	894	12388.403519798061	3
34	928	12877.808745618159	12
34	997	14249.785795655383	9
34	1088	15721.518519363436	3
34	1127	16358.616957193451	12
34	1174	17215.091037378389	9
34	1197	17503.417279464197	12
34	1291	18719.380306268697	6
34	1318	19247.697996579041	3
34	1331	19487.635060475549	3
34	1332	19492.33877202012	9
35	100	1079.066469822751	3
35	114	1280.030437664287	2
35	134	1645.051896910057	1
35	147	1851.358946426188	1
35	214	3099.926301449017	4
35	219	3251.647596717946	2
35	220	3253.862052756456	3
35	359	4994.009068074798	4
35	372	5133.600237838635	3
35	409	5489.220570161544	3
35	470	6120.268142062495	4
35	476	6181.991007858224	2
35	486	6269.457596925084	1
35	521	6637.094434728935	2
35	539	6848.193390464616	3
35	579	7738.084699363742	4
35	683	8920.1132630059	2
35	694	8995.649094142846	2
35	712	9184.5937273847	2
35	723	9281.841998753465	4
35	731	9409.740216442405	2
35	742	9657.14278206131	1
35	762	10253.994427555819	1
35	763	10258.675884043089	2
35	801	10934.847662780309	2
35	836	11515.425970853917	3
35	894	12388.403519798061	1
35	928	12877.808745618159	4
35	997	14249.785795655383	3
35	1088	15721.518519363436	1
35	1127	16358.616957193451	4
35	1174	17215.091037378389	3
35	1197	17503.417279464197	4
35	1291	18719.380306268697	2
35	1318	19247.697996579041	1
35	1331	19487.635060475549	1
35	1332	19492.33877202012	3

