version 3
run QueueMode-11-20260103-12:11:48-491
attr configname QueueMode
attr datetime 20260103-12:11:48
attr datetimef 20260103-121148
attr experiment QueueMode
attr inifile simulations/nwsim_project/omnetpp.ini
attr iterationvars ""
attr iterationvarsd ""
attr iterationvarsf ""
attr measurement ""
attr network CrossTraffic
attr processid 491
attr repetition 11
attr replication #11
attr resultdir results
attr runnumber 11
attr seedset 11
config description "Junction queue mode with timing penalties (no entry penalty)"
config *.Junc*.junctionMode "\"queue\""
config network CrossTraffic
config sim-time-limit 20000s
config warmup-period 1000s
config repeat 50
config **.scalar-recording true
config **.vector-recording true
config *.Junc*.junctionMode "\"queue\""
config *.EndNW.spawnInterval exponential(800s)
config *.EndNE.spawnInterval exponential(1200s)
config *.EndEN.spawnInterval exponential(1000s)
config *.EndES.spawnInterval exponential(1500s)
config *.EndSE.spawnInterval exponential(900s)
config *.EndSW.spawnInterval exponential(1100s)
config *.EndWS.spawnInterval exponential(1300s)
config *.EndWN.spawnInterval exponential(1400s)

vector 0 CrossTraffic.JuncNW queueLength:vector ETV
attr interpolationmode sample-hold
attr recordingmode vector
attr source queueLength
attr title "Queue Length"
vector 1 CrossTraffic.JuncNW junctionProcessingTime:vector ETV
attr recordingmode vector
attr source junctionProcessingTime
attr title "Junction Processing Time"
vector 2 CrossTraffic.JuncNW vehicleCount:vector ETV
attr recordingmode vector
attr source vehicleCount
attr title "Vehicle Count"
vector 3 CrossTraffic.JuncNE queueLength:vector ETV
attr interpolationmode sample-hold
attr recordingmode vector
attr source queueLength
attr title "Queue Length"
vector 4 CrossTraffic.JuncNE junctionProcessingTime:vector ETV
attr recordingmode vector
attr source junctionProcessingTime
attr title "Junction Processing Time"
vector 5 CrossTraffic.JuncNE vehicleCount:vector ETV
attr recordingmode vector
attr source vehicleCount
attr title "Vehicle Count"
vector 6 CrossTraffic.JuncSE queueLength:vector ETV
attr interpolationmode sample-hold
attr recordingmode vector
attr source queueLength
attr title "Queue Length"
vector 7 CrossTraffic.JuncSE junctionProcessingTime:vector ETV
attr recordingmode vector
attr source junctionProcessingTime
attr title "Junction Processing Time"
vector 8 CrossTraffic.JuncSE vehicleCount:vector ETV
attr recordingmode vector
attr source vehicleCount
attr title "Vehicle Count"
vector 9 CrossTraffic.JuncSW queueLength:vector ETV
attr interpolationmode sample-hold
attr recordingmode vector
attr source queueLength
attr title "Queue Length"
vector 10 CrossTraffic.JuncSW junctionProcessingTime:vector ETV
attr recordingmode vector
attr source junctionProcessingTime
attr title "Junction Processing Time"
vector 11 CrossTraffic.JuncSW vehicleCount:vector ETV
attr recordingmode vector
attr source vehicleCount
attr title "Vehicle Count"
vector 12 CrossTraffic.EndNW travelTime:vector ETV
attr recordingmode vector
attr source travelTime
attr title "Vehicle Travel Time"
vector 13 CrossTraffic.EndNW junctionTime:vector ETV
attr recordingmode vector
attr source junctionTime
attr title "Total Junction Time per Vehicle"
vector 14 CrossTraffic.EndNW junctionCount:vector ETV
attr recordingmode vector
attr source junctionCount
attr title "Junctions Visited per Vehicle"
vector 15 CrossTraffic.EndNE travelTime:vector ETV
attr recordingmode vector
attr source travelTime
attr title "Vehicle Travel Time"
vector 16 CrossTraffic.EndNE junctionTime:vector ETV
attr recordingmode vector
attr source junctionTime
attr title "Total Junction Time per Vehicle"
vector 17 CrossTraffic.EndNE junctionCount:vector ETV
attr recordingmode vector
attr source junctionCount
attr title "Junctions Visited per Vehicle"
vector 18 CrossTraffic.EndEN travelTime:vector ETV
attr recordingmode vector
attr source travelTime
attr title "Vehicle Travel Time"
vector 19 CrossTraffic.EndEN junctionTime:vector ETV
attr recordingmode vector
attr source junctionTime
attr title "Total Junction Time per Vehicle"
vector 20 CrossTraffic.EndEN junctionCount:vector ETV
attr recordingmode vector
attr source junctionCount
attr title "Junctions Visited per Vehicle"
vector 21 CrossTraffic.EndES travelTime:vector ETV
attr recordingmode vector
attr source travelTime
attr title "Vehicle Travel Time"
vector 22 CrossTraffic.EndES junctionTime:vector ETV
attr recordingmode vector
attr source junctionTime
attr title "Total Junction Time per Vehicle"
vector 23 CrossTraffic.EndES junctionCount:vector ETV
attr recordingmode vector
attr source junctionCount
attr title "Junctions Visited per Vehicle"
vector 24 CrossTraffic.EndSE travelTime:vector ETV
attr recordingmode vector
attr source travelTime
attr title "Vehicle Travel Time"
vector 25 CrossTraffic.EndSE junctionTime:vector ETV
attr recordingmode vector
attr source junctionTime
attr title "Total Junction Time per Vehicle"
vector 26 CrossTraffic.EndSE junctionCount:vector ETV
attr recordingmode vector
attr source junctionCount
attr title "Junctions Visited per Vehicle"
vector 27 CrossTraffic.EndSW travelTime:vector ETV
attr recordingmode vector
attr source travelTime
attr title "Vehicle Travel Time"
vector 28 CrossTraffic.EndSW junctionTime:vector ETV
attr recordingmode vector
attr source junctionTime
attr title "Total Junction Time per Vehicle"
vector 29 CrossTraffic.EndSW junctionCount:vector ETV
attr recordingmode vector
attr source junctionCount
attr title "Junctions Visited per Vehicle"
vector 30 CrossTraffic.EndWS travelTime:vector ETV
attr recordingmode vector
attr source travelTime
attr title "Vehicle Travel Time"
vector 31 CrossTraffic.EndWS junctionTime:vector ETV
attr recordingmode vector
attr source junctionTime
attr title "Total Junction Time per Vehicle"
vector 32 CrossTraffic.EndWS junctionCount:vector ETV
attr recordingmode vector
attr source junctionCount
attr title "Junctions Visited per Vehicle"
vector 33 CrossTraffic.EndWN travelTime:vector ETV
attr recordingmode vector
attr source travelTime
attr title "Vehicle Travel Time"
vector 34 CrossTraffic.EndWN junctionTime:vector ETV
attr recordingmode vector
attr source junctionTime
attr title "Total Junction Time per Vehicle"
vector 35 CrossTraffic.EndWN junctionCount:vector ETV
attr recordingmode vector
attr source junctionCount
attr title "Junctions Visited per Vehicle"
0	93	1121.440935783781	1
0	94	1124.440935783781	0
0	106	1790.677596382259	1
0	107	1793.677596382259	0
0	108	1811.054330827023	1
0	109	1814.054330827023	0
0	124	2111.949192659384	1
0	125	2114.949192659384	0
0	131	2469.646193976878	1
0	132	2472.646193976878	0
0	149	2680.000262934934	1
0	150	2683.000262934934	0
0	156	2746.965405257962	1
0	157	2749.965405257962	0
0	174	2930.614159414198	1
0	175	2933.614159414198	0
0	176	2949.273552340495	1
0	177	2952.273552340495	0
0	187	3085.072836333585	1
0	188	3088.072836333585	0
0	197	3565.62195850154	1
0	198	3568.62195850154	0
0	210	3844.527881263423	1
0	211	3847.527881263423	0
0	226	4344.778170118234	1
0	227	4347.778170118234	0
0	255	5003.396556524119	1
0	256	5006.396556524119	0
0	269	5195.808081580506	1
0	270	5198.808081580506	0
0	271	5232.901023827097	1
0	272	5235.901023827097	0
0	275	5253.597969028268	1
0	277	5256.597969028268	0
0	278	5283.711888219106	1
0	279	5286.711888219106	0
0	280	5288.526091460128	1
0	281	5291.526091460128	0
0	286	5339.028625265279	1
0	287	5342.028625265279	0
0	316	5560.485369660644	1
0	318	5563.485369660644	0
0	336	5754.474364313799	1
0	337	5757.474364313799	0
0	345	5986.157420471176	1
0	346	5989.157420471176	0
0	347	6033.938873347679	1
0	348	6036.938873347679	0
0	358	6291.646564361355	1
0	359	6294.646564361355	0
0	378	7012.456626737573	1
0	379	7015.456626737573	0
0	386	7348.564709179136	1
0	387	7351.564709179136	0
0	391	7386.729162449634	1
0	392	7389.729162449634	0
0	394	7460.758155465624	1
0	395	7463.758155465624	0
0	422	8409.982607479169	1
0	424	8412.982607479169	0
0	429	8594.59042809284	1
0	430	8597.59042809284	0
0	451	9566.787874373205	1
0	452	9569.787874373205	0
0	463	9891.377142877403	1
0	464	9891.809530493147	2
0	465	9894.377142877403	1
0	466	9900.377142877403	0
0	510	11323.444935634961	1
0	511	11326.444935634961	0
0	514	11366.835356296378	1
0	515	11369.835356296378	0
0	516	11396.13469738793	1
0	517	11399.13469738793	0
0	537	11654.853387088887	1
0	538	11657.853387088887	0
0	543	11837.68871066739	1
0	544	11840.68871066739	0
0	555	12167.457750318589	1
0	557	12170.457750318589	0
0	565	12285.732722515191	1
0	566	12288.732722515191	0
0	577	12426.681961312687	1
0	579	12429.681961312687	0
0	584	12488.59919065474	1
0	585	12491.59919065474	0
0	600	12808.847032898156	1
0	601	12811.847032898156	0
0	626	13534.619980244652	1
0	627	13537.619980244652	0
0	630	13549.140655220302	1
0	632	13552.140655220302	0
0	638	13639.864856914713	1
0	640	13642.864856914713	0
0	671	13999.792323152416	1
0	672	14002.792323152416	0
0	674	14078.67121128028	1
0	676	14081.67121128028	0
0	684	14295.018525118773	1
0	685	14298.018525118773	0
0	705	14758.014114797857	1
0	706	14761.014114797857	0
0	733	15214.624116260328	1
0	734	15217.624116260328	0
0	746	15341.203242844777	1
0	748	15344.203242844777	0
0	761	15550.047645815792	1
0	762	15553.047645815792	0
0	779	15953.39408484238	1
0	780	15956.39408484238	0
0	783	16003.560920369655	1
0	784	16006.560920369655	0
0	785	16041.556521741718	1
0	786	16044.556521741718	0
0	801	16388.011187755748	1
0	802	16391.011187755748	0
0	803	16409.28167177791	1
0	804	16412.28167177791	0
0	816	16589.084203206163	1
0	817	16592.084203206163	0
0	820	16639.75847400165	1
0	821	16642.75847400165	0
0	832	17013.327621054661	1
0	833	17016.327621054661	0
0	849	17372.695007624006	1
0	850	17375.695007624006	0
0	853	17426.02653184098	1
0	854	17429.02653184098	0
0	873	17683.190477943947	1
0	874	17686.190477943947	0
0	884	17874.972641229073	1
0	885	17877.972641229073	0
0	892	18160.51944596822	1
0	893	18163.51944596822	0
0	901	18367.514776917335	1
0	903	18370.514776917335	0
0	904	18391.194749513451	1
0	905	18394.194749513451	0
0	914	18555.916143249302	1
0	915	18558.916143249302	0
0	941	18944.846698956714	1
0	942	18947.846698956714	0
0	943	18950.846698956714	1
0	944	18953.846698956714	0
0	946	19005.376111720914	1
0	947	19008.376111720914	0
0	969	19447.570243837364	1
0	970	19447.708057734267	2
0	971	19450.570243837364	1
0	972	19453.570243837364	0
0	985	19584.124350482637	1
0	988	19587.124350482637	0
0	999	19685.441296868032	1
0	1001	19688.441296868032	0
0	1002	19688.87126059022	1
0	1004	19691.87126059022	0
0	1007	19710.555898549972	1
0	1008	19713.555898549972	0
0	1019	19797.076150581555	1
0	1020	19800.076150581555	0
0	1036	19989.511915630309	1
0	1037	19992.511915630309	0
1	94	1124.440935783781	3
1	107	1793.677596382259	3
1	109	1814.054330827023	3
1	125	2114.949192659384	3
1	132	2472.646193976878	3
1	150	2683.000262934934	3
1	157	2749.965405257962	3
1	175	2933.614159414198	3
1	177	2952.273552340495	3
1	188	3088.072836333585	3
1	198	3568.62195850154	3
1	211	3847.527881263423	3
1	227	4347.778170118234	3
1	256	5006.396556524119	3
1	270	5198.808081580506	3
1	272	5235.901023827097	3
1	277	5256.597969028268	3
1	279	5286.711888219106	3
1	281	5291.526091460128	3
1	287	5342.028625265279	3
1	318	5563.485369660644	3
1	337	5757.474364313799	3
1	346	5989.157420471176	3
1	348	6036.938873347679	3
1	359	6294.646564361355	3
1	379	7015.456626737573	3
1	387	7351.564709179136	3
1	392	7389.729162449634	3
1	395	7463.758155465624	3
1	424	8412.982607479169	3
1	430	8597.59042809284	3
1	452	9569.787874373205	3
1	465	9894.377142877403	3
1	466	9900.377142877403	8.567612384256
1	511	11326.444935634961	3
1	515	11369.835356296378	3
1	517	11399.13469738793	3
1	538	11657.853387088887	3
1	544	11840.68871066739	3
1	557	12170.457750318589	3
1	566	12288.732722515191	3
1	579	12429.681961312687	3
1	585	12491.59919065474	3
1	601	12811.847032898156	3
1	627	13537.619980244652	3
1	632	13552.140655220302	3
1	640	13642.864856914713	3
1	672	14002.792323152416	3
1	676	14081.67121128028	3
1	685	14298.018525118773	3
1	706	14761.014114797857	3
1	734	15217.624116260328	3
1	748	15344.203242844777	3
1	762	15553.047645815792	3
1	780	15956.39408484238	3
1	784	16006.560920369655	3
1	786	16044.556521741718	3
1	802	16391.011187755748	3
1	804	16412.28167177791	3
1	817	16592.084203206163	3
1	821	16642.75847400165	3
1	833	17016.327621054661	3
1	850	17375.695007624006	3
1	854	17429.02653184098	3
1	874	17686.190477943947	3
1	885	17877.972641229073	3
1	893	18163.51944596822	3
1	903	18370.514776917335	3
1	905	18394.194749513451	3
1	915	18558.916143249302	3
1	942	18947.846698956714	3
1	944	18953.846698956714	3
1	947	19008.376111720914	3
1	971	19450.570243837364	3
1	972	19453.570243837364	5.862186103097
1	988	19587.124350482637	3
1	1001	19688.441296868032	3
1	1004	19691.87126059022	3
1	1008	19713.555898549972	3
1	1020	19800.076150581555	3
1	1037	19992.511915630309	3
2	94	1124.440935783781	1740
2	107	1793.677596382259	1743
2	109	1814.054330827023	1744
2	125	2114.949192659384	1745
2	132	2472.646193976878	1746
2	150	2683.000262934934	1748
2	157	2749.965405257962	1749
2	175	2933.614159414198	1750
2	177	2952.273552340495	1752
2	188	3088.072836333585	1751
2	198	3568.62195850154	1753
2	211	3847.527881263423	1757
2	227	4347.778170118234	1758
2	256	5006.396556524119	1760
2	270	5198.808081580506	1761
2	272	5235.901023827097	1763
2	277	5256.597969028268	1765
2	279	5286.711888219106	1766
2	281	5291.526091460128	1767
2	287	5342.028625265279	1764
2	318	5563.485369660644	1768
2	337	5757.474364313799	1770
2	346	5989.157420471176	1773
2	348	6036.938873347679	1774
2	359	6294.646564361355	1775
2	379	7015.456626737573	1778
2	387	7351.564709179136	1780
2	392	7389.729162449634	1779
2	395	7463.758155465624	1781
2	424	8412.982607479169	1785
2	430	8597.59042809284	1786
2	452	9569.787874373205	1790
2	465	9894.377142877403	1791
2	466	9900.377142877403	1792
2	511	11326.444935634961	1800
2	515	11369.835356296378	1798
2	517	11399.13469738793	1799
2	538	11657.853387088887	1801
2	544	11840.68871066739	1803
2	557	12170.457750318589	1805
2	566	12288.732722515191	1806
2	579	12429.681961312687	1809
2	585	12491.59919065474	1808
2	601	12811.847032898156	1811
2	627	13537.619980244652	1813
2	632	13552.140655220302	1816
2	640	13642.864856914713	1818
2	672	14002.792323152416	1820
2	676	14081.67121128028	1822
2	685	14298.018525118773	1823
2	706	14761.014114797857	1825
2	734	15217.624116260328	1832
2	748	15344.203242844777	1834
2	762	15553.047645815792	1833
2	780	15956.39408484238	1835
2	784	16006.560920369655	1838
2	786	16044.556521741718	1836
2	802	16391.011187755748	1839
2	804	16412.28167177791	1842
2	817	16592.084203206163	1843
2	821	16642.75847400165	1841
2	833	17016.327621054661	1844
2	850	17375.695007624006	1847
2	854	17429.02653184098	1848
2	874	17686.190477943947	1849
2	885	17877.972641229073	1852
2	893	18163.51944596822	1853
2	903	18370.514776917335	1854
2	905	18394.194749513451	1855
2	915	18558.916143249302	1856
2	942	18947.846698956714	1858
2	944	18953.846698956714	1857
2	947	19008.376111720914	1859
2	971	19450.570243837364	1863
2	972	19453.570243837364	1864
2	988	19587.124350482637	1861
2	1001	19688.441296868032	1867
2	1004	19691.87126059022	1862
2	1008	19713.555898549972	1866
2	1020	19800.076150581555	1865
2	1037	19992.511915630309	1869
3	120	2008.949192659384	1
3	121	2011.949192659384	0
3	128	2366.646193976878	1
3	129	2369.646193976878	0
3	139	2577.000262934934	1
3	140	2580.000262934934	0
3	144	2643.965405257962	1
3	145	2646.965405257962	0
3	153	2731.088172838169	1
3	154	2734.088172838169	0
3	163	2827.614159414198	1
3	164	2830.614159414198	0
3	166	2846.273552340495	1
3	167	2849.273552340495	0
3	180	2982.072836333585	1
3	181	2985.072836333585	0
3	193	3462.62195850154	1
3	194	3465.62195850154	0
3	214	3889.416565902997	1
3	215	3892.416565902997	0
3	222	4153.527881263423	1
3	223	4156.527881263423	0
3	233	4572.131817035262	1
3	234	4575.131817035262	0
3	236	4653.778170118234	1
3	237	4656.778170118234	0
3	248	4900.396556524119	1
3	249	4903.396556524119	0
3	260	5092.808081580506	1
3	261	5095.808081580506	0
3	263	5129.901023827097	1
3	264	5132.901023827097	0
3	273	5236.028625265279	1
3	274	5239.028625265279	0
3	303	5457.485369660644	1
3	305	5460.485369660644	0
3	317	5562.597969028268	1
3	319	5565.597969028268	0
3	321	5597.526091460128	1
3	323	5600.526091460128	0
3	327	5651.474364313799	1
3	328	5654.474364313799	0
3	332	5700.779771917145	1
3	333	5703.779771917145	0
3	334	5723.105901830644	1
3	335	5726.105901830644	0
3	342	5883.157420471176	1
3	343	5886.157420471176	0
3	353	6188.646564361355	1
3	354	6191.646564361355	0
3	369	6559.109156756102	1
3	370	6562.109156756102	0
3	376	6909.456626737573	1
3	377	6912.456626737573	0
3	384	7283.729162449634	1
3	385	7286.729162449634	0
3	388	7357.758155465624	1
3	389	7360.758155465624	0
3	417	8309.83644832496	1
3	419	8312.83644832496	0
3	425	8491.59042809284	1
3	426	8494.59042809284	0
3	444	8994.637043986386	1
3	445	8997.637043986386	0
3	449	9548.911284188776	1
3	450	9551.911284188776	0
3	460	9788.377142877403	1
3	461	9791.377142877403	0
3	478	10599.726416560804	1
3	479	10602.726416560804	0
3	490	10994.715034555431	1
3	491	10997.715034555431	0
3	498	11146.889810712542	1
3	499	11149.889810712542	0
3	506	11263.835356296378	1
3	507	11266.835356296378	0
3	508	11293.13469738793	1
3	509	11296.13469738793	0
3	530	11551.853387088887	1
3	531	11554.853387088887	0
3	539	11734.68871066739	1
3	540	11737.68871066739	0
3	556	12168.848447049252	1
3	558	12171.848447049252	0
3	573	12385.59919065474	1
3	574	12388.59919065474	0
3	582	12476.457750318589	1
3	583	12479.457750318589	0
3	598	12705.847032898156	1
3	599	12708.847032898156	0
3	616	13419.909663201516	1
3	617	13422.909663201516	0
3	618	13431.619980244652	1
3	619	13434.619980244652	0
3	644	13704.00472164288	1
3	645	13707.00472164288	0
3	662	13896.792323152416	1
3	663	13899.792323152416	0
3	667	13975.67121128028	1
3	669	13978.67121128028	0
3	675	14079.954742628579	1
3	677	14082.954742628579	0
3	682	14192.018525118773	1
3	683	14195.018525118773	0
3	694	14511.21454323619	1
3	695	14514.21454323619	0
3	701	14655.014114797857	1
3	702	14658.014114797857	0
3	730	15202.74918348001	1
3	732	15205.74918348001	0
3	740	15271.329767173477	1
3	741	15274.329767173477	0
3	755	15447.047645815792	1
3	757	15450.047645815792	0
3	758	15523.624116260328	1
3	759	15526.624116260328	0
3	772	15850.39408484238	1
3	773	15853.39408484238	0
3	777	15938.556521741718	1
3	778	15941.556521741718	0
3	794	16285.011187755748	1
3	795	16288.011187755748	0
3	805	16421.860820641264	1
3	806	16424.860820641264	0
3	814	16536.75847400165	1
3	815	16539.75847400165	0
3	830	16910.327621054661	1
3	831	16913.327621054661	0
3	847	17368.421267758073	1
3	848	17371.421267758073	0
3	864	17580.190477943947	1
3	866	17583.190477943947	0
3	868	17622.878920428721	1
3	869	17625.878920428721	0
3	896	18264.514776917335	1
3	898	18267.514776917335	0
3	907	18469.51944596822	1
3	909	18472.51944596822	0
3	924	18700.194749513451	1
3	925	18703.194749513451	0
3	933	18841.846698956714	1
3	934	18843.239165719494	2
3	935	18844.846698956714	1
3	936	18850.846698956714	0
3	937	18864.916143249302	1
3	938	18867.916143249302	0
3	939	18902.376111720914	1
3	940	18905.376111720914	0
3	952	19109.850752817942	1
3	954	19112.850752817942	0
3	973	19481.124350482637	1
3	975	19484.124350482637	0
3	987	19585.87126059022	1
3	989	19588.87126059022	0
3	992	19607.555898549972	1
3	993	19610.555898549972	0
3	1005	19694.076150581555	1
3	1006	19697.076150581555	0
3	1009	19756.570243837364	1
3	1011	19759.570243837364	0
3	1026	19886.511915630309	1
3	1027	19889.511915630309	0
3	1034	19958.618636645753	1
3	1035	19961.618636645753	0
3	1038	19994.441296868032	1
3	1039	19994.60796688973	2
3	1040	19997.441296868032	1
4	121	2011.949192659384	3
4	129	2369.646193976878	3
4	140	2580.000262934934	3
4	145	2646.965405257962	3
4	154	2734.088172838169	3
4	164	2830.614159414198	3
4	167	2849.273552340495	3
4	181	2985.072836333585	3
4	194	3465.62195850154	3
4	215	3892.416565902997	3
4	223	4156.527881263423	3
4	234	4575.131817035262	3
4	237	4656.778170118234	3
4	249	4903.396556524119	3
4	261	5095.808081580506	3
4	264	5132.901023827097	3
4	274	5239.028625265279	3
4	305	5460.485369660644	3
4	319	5565.597969028268	3
4	323	5600.526091460128	3
4	328	5654.474364313799	3
4	333	5703.779771917145	3
4	335	5726.105901830644	3
4	343	5886.157420471176	3
4	354	6191.646564361355	3
4	370	6562.109156756102	3
4	377	6912.456626737573	3
4	385	7286.729162449634	3
4	389	7360.758155465624	3
4	419	8312.83644832496	3
4	426	8494.59042809284	3
4	445	8997.637043986386	3
4	450	9551.911284188776	3
4	461	9791.377142877403	3
4	479	10602.726416560804	3
4	491	10997.715034555431	3
4	499	11149.889810712542	3
4	507	11266.835356296378	3
4	509	11296.13469738793	3
4	531	11554.853387088887	3
4	540	11737.68871066739	3
4	558	12171.848447049252	3
4	574	12388.59919065474	3
4	583	12479.457750318589	3
4	599	12708.847032898156	3
4	617	13422.909663201516	3
4	619	13434.619980244652	3
4	645	13707.00472164288	3
4	663	13899.792323152416	3
4	669	13978.67121128028	3
4	677	14082.954742628579	3
4	683	14195.018525118773	3
4	695	14514.21454323619	3
4	702	14658.014114797857	3
4	732	15205.74918348001	3
4	741	15274.329767173477	3
4	757	15450.047645815792	3
4	759	15526.624116260328	3
4	773	15853.39408484238	3
4	778	15941.556521741718	3
4	795	16288.011187755748	3
4	806	16424.860820641264	3
4	815	16539.75847400165	3
4	831	16913.327621054661	3
4	848	17371.421267758073	3
4	866	17583.190477943947	3
4	869	17625.878920428721	3
4	898	18267.514776917335	3
4	909	18472.51944596822	3
4	925	18703.194749513451	3
4	935	18844.846698956714	3
4	936	18850.846698956714	7.60753323722
4	938	18867.916143249302	3
4	940	18905.376111720914	3
4	954	19112.850752817942	3
4	975	19484.124350482637	3
4	989	19588.87126059022	3
4	993	19610.555898549972	3
4	1006	19697.076150581555	3
4	1011	19759.570243837364	3
4	1027	19889.511915630309	3
4	1035	19961.618636645753	3
4	1040	19997.441296868032	3
5	121	2011.949192659384	1745
5	129	2369.646193976878	1746
5	140	2580.000262934934	1748
5	145	2646.965405257962	1749
5	154	2734.088172838169	1747
5	164	2830.614159414198	1750
5	167	2849.273552340495	1752
5	181	2985.072836333585	1751
5	194	3465.62195850154	1753
5	215	3892.416565902997	1755
5	223	4156.527881263423	1757
5	234	4575.131817035262	1759
5	237	4656.778170118234	1758
5	249	4903.396556524119	1760
5	261	5095.808081580506	1761
5	264	5132.901023827097	1763
5	274	5239.028625265279	1764
5	305	5460.485369660644	1768
5	319	5565.597969028268	1765
5	323	5600.526091460128	1767
5	328	5654.474364313799	1770
5	333	5703.779771917145	1771
5	335	5726.105901830644	1772
5	343	5886.157420471176	1773
5	354	6191.646564361355	1775
5	370	6562.109156756102	1776
5	377	6912.456626737573	1778
5	385	7286.729162449634	1779
5	389	7360.758155465624	1781
5	419	8312.83644832496	1784
5	426	8494.59042809284	1786
5	445	8997.637043986386	1788
5	450	9551.911284188776	1789
5	461	9791.377142877403	1791
5	479	10602.726416560804	1794
5	491	10997.715034555431	1796
5	499	11149.889810712542	1797
5	507	11266.835356296378	1798
5	509	11296.13469738793	1799
5	531	11554.853387088887	1801
5	540	11737.68871066739	1803
5	558	12171.848447049252	1804
5	574	12388.59919065474	1808
5	583	12479.457750318589	1805
5	599	12708.847032898156	1811
5	617	13422.909663201516	1812
5	619	13434.619980244652	1813
5	645	13707.00472164288	1814
5	663	13899.792323152416	1820
5	669	13978.67121128028	1822
5	677	14082.954742628579	1819
5	683	14195.018525118773	1823
5	695	14514.21454323619	1824
5	702	14658.014114797857	1825
5	732	15205.74918348001	1828
5	741	15274.329767173477	1830
5	757	15450.047645815792	1833
5	759	15526.624116260328	1832
5	773	15853.39408484238	1835
5	778	15941.556521741718	1836
5	795	16288.011187755748	1839
5	806	16424.860820641264	1840
5	815	16539.75847400165	1841
5	831	16913.327621054661	1844
5	848	17371.421267758073	1845
5	866	17583.190477943947	1849
5	869	17625.878920428721	1850
5	898	18267.514776917335	1854
5	909	18472.51944596822	1853
5	925	18703.194749513451	1855
5	935	18844.846698956714	1858
5	936	18850.846698956714	1857
5	938	18867.916143249302	1856
5	940	18905.376111720914	1859
5	954	19112.850752817942	1860
5	975	19484.124350482637	1861
5	989	19588.87126059022	1862
5	993	19610.555898549972	1866
5	1006	19697.076150581555	1865
5	1011	19759.570243837364	1863
5	1027	19889.511915630309	1869
5	1035	19961.618636645753	1871
5	1040	19997.441296868032	1867
6	91	1103.638798020677	1
6	92	1106.638798020677	0
6	98	1572.699686210979	1
6	99	1575.699686210979	0
6	110	1829.210838801164	1
6	111	1832.210838801164	0
6	118	1996.677596382259	1
6	119	1999.677596382259	0
6	142	2628.088172838169	1
6	143	2631.088172838169	0
6	146	2675.646193976878	1
6	148	2678.646193976878	0
6	151	2724.614159414198	1
6	152	2727.614159414198	0
6	170	2879.072836333585	1
6	171	2882.072836333585	0
6	172	2886.000262934934	1
6	173	2889.000262934934	0
6	178	2952.965405257962	1
6	179	2955.965405257962	0
6	208	3786.416565902997	1
6	209	3789.416565902997	0
6	212	3879.490960424462	1
6	213	3882.490960424462	0
6	220	4050.527881263423	1
6	221	4053.527881263423	0
6	231	4550.778170118234	1
6	232	4553.778170118234	0
6	243	4797.396556524119	1
6	244	4800.396556524119	0
6	251	4960.96765156542	1
6	252	4963.96765156542	0
6	253	4989.808081580506	1
6	254	4992.808081580506	0
6	257	5026.901023827097	1
6	258	5029.901023827097	0
6	289	5354.485369660644	1
6	291	5357.485369660644	0
6	304	5459.597969028268	1
6	306	5462.597969028268	0
6	307	5489.711888219106	1
6	308	5492.711888219106	0
6	309	5494.526091460128	1
6	310	5497.526091460128	0
6	312	5521.672301016132	1
6	313	5524.672301016132	0
6	314	5548.474364313799	1
6	315	5551.474364313799	0
6	322	5597.779771917145	1
6	324	5600.779771917145	0
6	355	6192.157420471176	1
6	356	6195.157420471176	0
6	365	6456.109156756102	1
6	366	6459.109156756102	0
6	367	6459.224316378386	1
6	368	6462.224316378386	0
6	374	6806.456626737573	1
6	375	6809.456626737573	0
6	402	7566.844119224722	1
6	403	7569.844119224722	0
6	404	7592.729162449634	1
6	405	7595.729162449634	0
6	413	8206.83644832496	1
6	414	8209.83644832496	0
6	415	8231.629219998095	1
6	416	8234.629219998095	0
6	439	8808.633361779417	1
6	440	8811.633361779417	0
6	441	8891.637043986386	1
6	442	8894.637043986386	0
6	457	9685.377142877403	1
6	458	9688.377142877403	0
6	470	10103.377142877403	1
6	471	10106.377142877403	0
6	474	10433.3710067542	1
6	475	10436.3710067542	0
6	485	10891.715034555431	1
6	486	10894.715034555431	0
6	488	10974.214224565082	1
6	489	10977.214224565082	0
6	492	11043.889810712542	1
6	493	11046.889810712542	0
6	500	11160.835356296378	1
6	501	11163.835356296378	0
6	502	11190.13469738793	1
6	503	11193.13469738793	0
6	520	11448.853387088887	1
6	521	11451.853387088887	0
6	528	11529.444935634961	1
6	529	11532.444935634961	0
6	552	12065.848447049252	1
6	554	12068.848447049252	0
6	567	12326.416290865205	1
6	569	12329.416290865205	0
6	571	12373.457750318589	1
6	572	12376.457750318589	0
6	589	12569.935590321546	1
6	590	12572.935590321546	0
6	604	13014.847032898156	1
6	605	13017.847032898156	0
6	611	13316.909663201516	1
6	612	13319.909663201516	0
6	613	13328.619980244652	1
6	614	13331.619980244652	0
6	633	13601.00472164288	1
6	634	13604.00472164288	0
6	641	13649.914699838271	1
6	643	13652.914699838271	0
6	646	13718.648502091175	1
6	647	13721.648502091175	0
6	657	13845.864856914713	1
6	658	13848.864856914713	0
6	664	13937.403238747582	1
6	665	13940.403238747582	0
6	668	13976.954742628579	1
6	670	13979.954742628579	0
6	689	14408.21454323619	1
6	690	14411.21454323619	0
6	692	14501.018525118773	1
6	693	14504.018525118773	0
6	696	14552.014114797857	1
6	697	14555.014114797857	0
6	707	14823.11480227284	1
6	708	14826.11480227284	0
6	720	15099.74918348001	1
6	722	15102.74918348001	0
6	727	15168.329767173477	1
6	728	15171.329767173477	0
6	729	15201.367871132865	1
6	731	15204.367871132865	0
6	738	15258.275097181124	1
6	739	15261.275097181124	0
6	747	15344.047645815792	1
6	749	15347.047645815792	0
6	752	15420.624116260328	1
6	753	15423.624116260328	0
6	767	15747.39408484238	1
6	768	15750.39408484238	0
6	770	15835.556521741718	1
6	771	15838.556521741718	0
6	781	15995.743127399654	1
6	782	15998.743127399654	0
6	797	16318.860820641264	1
6	798	16321.860820641264	0
6	807	16433.75847400165	1
6	808	16436.75847400165	0
6	818	16594.011187755748	1
6	819	16597.011187755748	0
6	826	16795.084203206163	1
6	827	16798.084203206163	0
6	841	17265.421267758073	1
6	842	17268.421267758073	0
6	844	17319.119172774635	1
6	845	17322.119172774635	0
6	857	17477.190477943947	1
6	859	17480.190477943947	0
6	863	17578.695007624006	1
6	865	17581.695007624006	0
6	870	17632.02653184098	1
6	871	17635.02653184098	0
6	882	17822.947907052366	1
6	883	17825.947907052366	0
6	900	18366.51944596822	1
6	902	18369.51944596822	0
6	918	18597.194749513451	1
6	919	18600.194749513451	0
6	926	18740.239165719494	1
6	928	18743.239165719494	0
6	929	18761.916143249302	1
6	930	18764.916143249302	0
6	955	19211.376111720914	1
6	957	19214.376111720914	0
6	963	19378.124350482637	1
6	965	19381.124350482637	0
6	974	19482.87126059022	1
6	976	19485.87126059022	0
6	979	19504.555898549972	1
6	980	19507.555898549972	0
6	990	19591.076150581555	1
6	991	19594.076150581555	0
6	994	19653.570243837364	1
6	995	19656.570243837364	2
6	996	19656.570243837364	1
6	997	19659.570243837364	0
6	1028	19891.441296868032	1
6	1029	19894.441296868032	0
7	92	1106.638798020677	3
7	99	1575.699686210979	3
7	111	1832.210838801164	3
7	119	1999.677596382259	3
7	143	2631.088172838169	3
7	148	2678.646193976878	3
7	152	2727.614159414198	3
7	171	2882.072836333585	3
7	173	2889.000262934934	3
7	179	2955.965405257962	3
7	209	3789.416565902997	3
7	213	3882.490960424462	3
7	221	4053.527881263423	3
7	232	4553.778170118234	3
7	244	4800.396556524119	3
7	252	4963.96765156542	3
7	254	4992.808081580506	3
7	258	5029.901023827097	3
7	291	5357.485369660644	3
7	306	5462.597969028268	3
7	308	5492.711888219106	3
7	310	5497.526091460128	3
7	313	5524.672301016132	3
7	315	5551.474364313799	3
7	324	5600.779771917145	3
7	356	6195.157420471176	3
7	366	6459.109156756102	3
7	368	6462.224316378386	3
7	375	6809.456626737573	3
7	403	7569.844119224722	3
7	405	7595.729162449634	3
7	414	8209.83644832496	3
7	416	8234.629219998095	3
7	440	8811.633361779417	3
7	442	8894.637043986386	3
7	458	9688.377142877403	3
7	471	10106.377142877403	3
7	475	10436.3710067542	3
7	486	10894.715034555431	3
7	489	10977.214224565082	3
7	493	11046.889810712542	3
7	501	11163.835356296378	3
7	503	11193.13469738793	3
7	521	11451.853387088887	3
7	529	11532.444935634961	3
7	554	12068.848447049252	3
7	569	12329.416290865205	3
7	572	12376.457750318589	3
7	590	12572.935590321546	3
7	605	13017.847032898156	3
7	612	13319.909663201516	3
7	614	13331.619980244652	3
7	634	13604.00472164288	3
7	643	13652.914699838271	3
7	647	13721.648502091175	3
7	658	13848.864856914713	3
7	665	13940.403238747582	3
7	670	13979.954742628579	3
7	690	14411.21454323619	3
7	693	14504.018525118773	3
7	697	14555.014114797857	3
7	708	14826.11480227284	3
7	722	15102.74918348001	3
7	728	15171.329767173477	3
7	731	15204.367871132865	3
7	739	15261.275097181124	3
7	749	15347.047645815792	3
7	753	15423.624116260328	3
7	768	15750.39408484238	3
7	771	15838.556521741718	3
7	782	15998.743127399654	3
7	798	16321.860820641264	3
7	808	16436.75847400165	3
7	819	16597.011187755748	3
7	827	16798.084203206163	3
7	842	17268.421267758073	3
7	845	17322.119172774635	3
7	859	17480.190477943947	3
7	865	17581.695007624006	3
7	871	17635.02653184098	3
7	883	17825.947907052366	3
7	902	18369.51944596822	3
7	919	18600.194749513451	3
7	928	18743.239165719494	3
7	930	18764.916143249302	3
7	957	19214.376111720914	3
7	965	19381.124350482637	3
7	976	19485.87126059022	3
7	980	19507.555898549972	3
7	991	19594.076150581555	3
7	996	19656.570243837364	3
7	997	19659.570243837364	3
7	1029	19894.441296868032	3
8	92	1106.638798020677	1739
8	99	1575.699686210979	1741
8	111	1832.210838801164	1742
8	119	1999.677596382259	1743
8	143	2631.088172838169	1747
8	148	2678.646193976878	1746
8	152	2727.614159414198	1750
8	171	2882.072836333585	1751
8	173	2889.000262934934	1748
8	179	2955.965405257962	1749
8	209	3789.416565902997	1755
8	213	3882.490960424462	1756
8	221	4053.527881263423	1757
8	232	4553.778170118234	1758
8	244	4800.396556524119	1760
8	252	4963.96765156542	1762
8	254	4992.808081580506	1761
8	258	5029.901023827097	1763
8	291	5357.485369660644	1768
8	306	5462.597969028268	1765
8	308	5492.711888219106	1766
8	310	5497.526091460128	1767
8	313	5524.672301016132	1769
8	315	5551.474364313799	1770
8	324	5600.779771917145	1771
8	356	6195.157420471176	1773
8	366	6459.109156756102	1776
8	368	6462.224316378386	1777
8	375	6809.456626737573	1778
8	403	7569.844119224722	1782
8	405	7595.729162449634	1779
8	414	8209.83644832496	1784
8	416	8234.629219998095	1783
8	440	8811.633361779417	1787
8	442	8894.637043986386	1788
8	458	9688.377142877403	1791
8	471	10106.377142877403	1792
8	475	10436.3710067542	1793
8	486	10894.715034555431	1796
8	489	10977.214224565082	1795
8	493	11046.889810712542	1797
8	501	11163.835356296378	1798
8	503	11193.13469738793	1799
8	521	11451.853387088887	1801
8	529	11532.444935634961	1800
8	554	12068.848447049252	1804
8	569	12329.416290865205	1807
8	572	12376.457750318589	1805
8	590	12572.935590321546	1810
8	605	13017.847032898156	1811
8	612	13319.909663201516	1812
8	614	13331.619980244652	1813
8	634	13604.00472164288	1814
8	643	13652.914699838271	1815
8	647	13721.648502091175	1817
8	658	13848.864856914713	1818
8	665	13940.403238747582	1821
8	670	13979.954742628579	1819
8	690	14411.21454323619	1824
8	693	14504.018525118773	1823
8	697	14555.014114797857	1825
8	708	14826.11480227284	1826
8	722	15102.74918348001	1828
8	728	15171.329767173477	1830
8	731	15204.367871132865	1831
8	739	15261.275097181124	1829
8	749	15347.047645815792	1833
8	753	15423.624116260328	1832
8	768	15750.39408484238	1835
8	771	15838.556521741718	1836
8	782	15998.743127399654	1837
8	798	16321.860820641264	1840
8	808	16436.75847400165	1841
8	819	16597.011187755748	1839
8	827	16798.084203206163	1843
8	842	17268.421267758073	1845
8	845	17322.119172774635	1846
8	859	17480.190477943947	1849
8	865	17581.695007624006	1847
8	871	17635.02653184098	1848
8	883	17825.947907052366	1851
8	902	18369.51944596822	1853
8	919	18600.194749513451	1855
8	928	18743.239165719494	1857
8	930	18764.916143249302	1856
8	957	19214.376111720914	1859
8	965	19381.124350482637	1861
8	976	19485.87126059022	1862
8	980	19507.555898549972	1866
8	991	19594.076150581555	1865
8	996	19656.570243837364	1863
8	997	19659.570243837364	1864
8	1029	19894.441296868032	1867
9	88	1000.638798020677	1
9	89	1003.638798020677	0
9	104	1726.210838801164	1
9	105	1729.210838801164	0
9	112	1893.677596382259	1
9	113	1896.677596382259	0
9	115	1914.054330827023	1
9	116	1917.054330827023	0
9	134	2525.088172838169	1
9	135	2528.088172838169	0
9	137	2572.646193976878	1
9	138	2575.646193976878	0
9	158	2776.072836333585	1
9	160	2779.072836333585	0
9	161	2783.000262934934	1
9	162	2786.000262934934	0
9	168	2849.965405257962	1
9	169	2852.965405257962	0
9	183	3033.614159414198	1
9	184	3036.614159414198	0
9	195	3494.963210019158	1
9	196	3497.963210019158	0
9	203	3683.416565902997	1
9	204	3686.416565902997	0
9	206	3776.490960424462	1
9	207	3779.490960424462	0
9	216	3947.527881263423	1
9	217	3950.527881263423	0
9	228	4447.778170118234	1
9	229	4450.778170118234	0
9	239	4694.396556524119	1
9	240	4697.396556524119	0
9	246	4886.808081580506	1
9	247	4889.808081580506	0
9	284	5335.901023827097	1
9	285	5338.901023827097	0
9	290	5356.597969028268	1
9	292	5359.597969028268	0
9	293	5386.711888219106	1
9	294	5389.711888219106	0
9	295	5391.526091460128	1
9	296	5394.526091460128	0
9	297	5418.672301016132	1
9	298	5421.672301016132	0
9	301	5445.474364313799	1
9	302	5448.474364313799	0
9	350	6089.157420471176	1
9	351	6092.157420471176	0
9	361	6353.109156756102	1
9	362	6356.109156756102	0
9	396	7463.844119224722	1
9	397	7466.844119224722	0
9	398	7489.729162449634	1
9	399	7492.729162449634	0
9	400	7563.758155465624	1
9	401	7566.758155465624	0
9	411	8128.629219998095	1
9	412	8131.629219998095	0
9	427	8512.982607479169	1
9	428	8515.982607479169	0
9	433	8697.59042809284	1
9	434	8700.59042809284	0
9	435	8705.633361779417	1
9	436	8708.633361779417	0
9	455	9669.787874373205	1
9	456	9672.787874373205	0
9	468	10000.377142877403	1
9	469	10003.377142877403	0
9	483	10871.214224565082	1
9	484	10874.214224565082	0
9	518	11426.444935634961	1
9	519	11429.444935634961	0
9	522	11462.956312245497	1
9	523	11465.956312245497	0
9	524	11469.835356296378	1
9	525	11472.835356296378	0
9	526	11499.13469738793	1
9	527	11502.13469738793	0
9	541	11757.853387088887	1
9	542	11760.853387088887	0
9	547	11940.68871066739	1
9	548	11943.68871066739	0
9	549	11962.848447049252	1
9	550	11965.848447049252	0
9	561	12270.457750318589	1
9	563	12273.457750318589	0
9	575	12388.732722515191	1
9	576	12391.732722515191	0
9	580	12466.935590321546	1
9	581	12469.935590321546	0
9	587	12529.681961312687	1
9	588	12532.681961312687	0
9	592	12591.59919065474	1
9	593	12594.59919065474	0
9	602	12911.847032898156	1
9	603	12914.847032898156	0
9	608	13213.909663201516	1
9	609	13216.909663201516	0
9	622	13498.00472164288	1
9	623	13501.00472164288	0
9	629	13546.914699838271	1
9	631	13549.914699838271	0
9	635	13615.648502091175	1
9	636	13618.648502091175	0
9	637	13637.619980244652	1
9	639	13640.619980244652	0
9	649	13742.864856914713	1
9	650	13745.864856914713	0
9	659	13873.954742628579	1
9	661	13876.954742628579	0
9	687	14398.018525118773	1
9	688	14401.018525118773	0
9	703	14720.11480227284	1
9	704	14723.11480227284	0
9	710	14861.014114797857	1
9	711	14864.014114797857	0
9	713	14953.784475641594	1
9	714	14956.784475641594	0
9	725	15155.275097181124	1
9	726	15158.275097181124	0
9	735	15241.047645815792	1
9	737	15244.047645815792	0
9	744	15317.624116260328	1
9	745	15320.624116260328	0
9	754	15444.203242844777	1
9	756	15447.203242844777	0
9	774	15892.743127399654	1
9	775	15895.743127399654	0
9	799	16330.75847400165	1
9	800	16333.75847400165	0
9	810	16491.011187755748	1
9	811	16494.011187755748	0
9	822	16692.084203206163	1
9	823	16695.084203206163	0
9	837	17162.421267758073	1
9	838	17165.421267758073	0
9	839	17216.119172774635	1
9	840	17219.119172774635	0
9	856	17475.695007624006	1
9	858	17478.695007624006	0
9	861	17529.02653184098	1
9	862	17532.02653184098	0
9	875	17719.947907052366	1
9	876	17722.947907052366	0
9	880	17786.190477943947	1
9	881	17789.190477943947	0
9	888	17977.972641229073	1
9	889	17980.972641229073	0
9	895	18263.51944596822	1
9	897	18266.51944596822	0
9	908	18470.514776917335	1
9	910	18473.514776917335	0
9	911	18494.194749513451	1
9	912	18497.194749513451	0
9	920	18637.239165719494	1
9	921	18640.239165719494	0
9	922	18658.916143249302	1
9	923	18661.916143249302	0
9	951	19108.376111720914	1
9	953	19111.376111720914	0
9	964	19379.87126059022	1
9	966	19382.87126059022	0
9	977	19488.076150581555	1
9	978	19491.076150581555	0
9	981	19550.570243837364	1
9	982	19553.570243837364	2
9	983	19553.570243837364	1
9	984	19556.570243837364	0
9	1000	19687.124350482637	1
9	1003	19690.124350482637	0
9	1012	19775.239972739529	1
9	1013	19778.239972739529	0
9	1015	19788.441296868032	1
9	1017	19791.441296868032	0
9	1032	19908.548797741295	1
9	1033	19911.548797741295	0
10	89	1003.638798020677	3
10	105	1729.210838801164	3
10	113	1896.677596382259	3
10	116	1917.054330827023	3
10	135	2528.088172838169	3
10	138	2575.646193976878	3
10	160	2779.072836333585	3
10	162	2786.000262934934	3
10	169	2852.965405257962	3
10	184	3036.614159414198	3
10	196	3497.963210019158	3
10	204	3686.416565902997	3
10	207	3779.490960424462	3
10	217	3950.527881263423	3
10	229	4450.778170118234	3
10	240	4697.396556524119	3
10	247	4889.808081580506	3
10	285	5338.901023827097	3
10	292	5359.597969028268	3
10	294	5389.711888219106	3
10	296	5394.526091460128	3
10	298	5421.672301016132	3
10	302	5448.474364313799	3
10	351	6092.157420471176	3
10	362	6356.109156756102	3
10	397	7466.844119224722	3
10	399	7492.729162449634	3
10	401	7566.758155465624	3
10	412	8131.629219998095	3
10	428	8515.982607479169	3
10	434	8700.59042809284	3
10	436	8708.633361779417	3
10	456	9672.787874373205	3
10	469	10003.377142877403	3
10	484	10874.214224565082	3
10	519	11429.444935634961	3
10	523	11465.956312245497	3
10	525	11472.835356296378	3
10	527	11502.13469738793	3
10	542	11760.853387088887	3
10	548	11943.68871066739	3
10	550	11965.848447049252	3
10	563	12273.457750318589	3
10	576	12391.732722515191	3
10	581	12469.935590321546	3
10	588	12532.681961312687	3
10	593	12594.59919065474	3
10	603	12914.847032898156	3
10	609	13216.909663201516	3
10	623	13501.00472164288	3
10	631	13549.914699838271	3
10	636	13618.648502091175	3
10	639	13640.619980244652	3
10	650	13745.864856914713	3
10	661	13876.954742628579	3
10	688	14401.018525118773	3
10	704	14723.11480227284	3
10	711	14864.014114797857	3
10	714	14956.784475641594	3
10	726	15158.275097181124	3
10	737	15244.047645815792	3
10	745	15320.624116260328	3
10	756	15447.203242844777	3
10	775	15895.743127399654	3
10	800	16333.75847400165	3
10	811	16494.011187755748	3
10	823	16695.084203206163	3
10	838	17165.421267758073	3
10	840	17219.119172774635	3
10	858	17478.695007624006	3
10	862	17532.02653184098	3
10	876	17722.947907052366	3
10	881	17789.190477943947	3
10	889	17980.972641229073	3
10	897	18266.51944596822	3
10	910	18473.514776917335	3
10	912	18497.194749513451	3
10	921	18640.239165719494	3
10	923	18661.916143249302	3
10	953	19111.376111720914	3
10	966	19382.87126059022	3
10	978	19491.076150581555	3
10	983	19553.570243837364	3
10	984	19556.570243837364	3
10	1003	19690.124350482637	3
10	1013	19778.239972739529	3
10	1017	19791.441296868032	3
10	1033	19911.548797741295	3
11	89	1003.638798020677	1739
11	105	1729.210838801164	1742
11	113	1896.677596382259	1743
11	116	1917.054330827023	1744
11	135	2528.088172838169	1747
11	138	2575.646193976878	1746
11	160	2779.072836333585	1751
11	162	2786.000262934934	1748
11	169	2852.965405257962	1749
11	184	3036.614159414198	1750
11	196	3497.963210019158	1754
11	204	3686.416565902997	1755
11	207	3779.490960424462	1756
11	217	3950.527881263423	1757
11	229	4450.778170118234	1758
11	240	4697.396556524119	1760
11	247	4889.808081580506	1761
11	285	5338.901023827097	1763
11	292	5359.597969028268	1765
11	294	5389.711888219106	1766
11	296	5394.526091460128	1767
11	298	5421.672301016132	1769
11	302	5448.474364313799	1770
11	351	6092.157420471176	1773
11	362	6356.109156756102	1776
11	397	7466.844119224722	1782
11	399	7492.729162449634	1779
11	401	7566.758155465624	1781
11	412	8131.629219998095	1783
11	428	8515.982607479169	1785
11	434	8700.59042809284	1786
11	436	8708.633361779417	1787
11	456	9672.787874373205	1790
11	469	10003.377142877403	1792
11	484	10874.214224565082	1795
11	519	11429.444935634961	1800
11	523	11465.956312245497	1802
11	525	11472.835356296378	1798
11	527	11502.13469738793	1799
11	542	11760.853387088887	1801
11	548	11943.68871066739	1803
11	550	11965.848447049252	1804
11	563	12273.457750318589	1805
11	576	12391.732722515191	1806
11	581	12469.935590321546	1810
11	588	12532.681961312687	1809
11	593	12594.59919065474	1808
11	603	12914.847032898156	1811
11	609	13216.909663201516	1812
11	623	13501.00472164288	1814
11	631	13549.914699838271	1815
11	636	13618.648502091175	1817
11	639	13640.619980244652	1813
11	650	13745.864856914713	1818
11	661	13876.954742628579	1819
11	688	14401.018525118773	1823
11	704	14723.11480227284	1826
11	711	14864.014114797857	1825
11	714	14956.784475641594	1827
11	726	15158.275097181124	1829
11	737	15244.047645815792	1833
11	745	15320.624116260328	1832
11	756	15447.203242844777	1834
11	775	15895.743127399654	1837
11	800	16333.75847400165	1841
11	811	16494.011187755748	1839
11	823	16695.084203206163	1843
11	838	17165.421267758073	1845
11	840	17219.119172774635	1846
11	858	17478.695007624006	1847
11	862	17532.02653184098	1848
11	876	17722.947907052366	1851
11	881	17789.190477943947	1849
11	889	17980.972641229073	1852
11	897	18266.51944596822	1853
11	910	18473.514776917335	1854
11	912	18497.194749513451	1855
11	921	18640.239165719494	1857
11	923	18661.916143249302	1856
11	953	19111.376111720914	1859
11	966	19382.87126059022	1862
11	978	19491.076150581555	1865
11	983	19553.570243837364	1863
11	984	19556.570243837364	1864
11	1003	19690.124350482637	1861
11	1013	19778.239972739529	1868
11	1017	19791.441296868032	1867
11	1033	19911.548797741295	1870
12	96	1224.440935783781	203
12	126	2214.949192659384	306
12	185	3052.273552340495	306
12	190	3188.072836333585	512
12	201	3668.62195850154	306
12	262	5106.396556524119	512
12	282	5298.808081580506	512
12	341	5857.474364313799	512
12	352	6136.938873347679	203
12	364	6394.646564361355	306
12	380	7115.456626737573	409
12	680	14181.67121128028	306
12	790	16144.556521741718	409
12	812	16512.28167177791	203
12	950	19053.846698956714	516.60753323722
12	1022	19813.555898549972	409
12	1031	19900.076150581555	512
13	96	1224.440935783781	3
13	126	2214.949192659384	6
13	185	3052.273552340495	6
13	190	3188.072836333585	12
13	201	3668.62195850154	6
13	262	5106.396556524119	12
13	282	5298.808081580506	12
13	341	5857.474364313799	12
13	352	6136.938873347679	3
13	364	6394.646564361355	6
13	380	7115.456626737573	9
13	680	14181.67121128028	6
13	790	16144.556521741718	9
13	812	16512.28167177791	3
13	950	19053.846698956714	16.60753323722
13	1022	19813.555898549972	9
13	1031	19900.076150581555	12
14	96	1224.440935783781	1
14	126	2214.949192659384	2
14	185	3052.273552340495	2
14	190	3188.072836333585	4
14	201	3668.62195850154	2
14	262	5106.396556524119	4
14	282	5298.808081580506	4
14	341	5857.474364313799	4
14	352	6136.938873347679	1
14	364	6394.646564361355	2
14	380	7115.456626737573	3
14	680	14181.67121128028	2
14	790	16144.556521741718	3
14	812	16512.28167177791	1
14	950	19053.846698956714	4
14	1022	19813.555898549972	3
14	1031	19900.076150581555	4
15	165	2834.088172838169	409
15	225	4256.527881263423	512
15	238	4675.131817035262	203
15	241	4756.778170118234	512
15	331	5700.526091460128	512
15	339	5803.779771917145	306
15	423	8412.83644832496	306
15	446	9097.637043986386	306
15	454	9651.911284188776	203
15	497	11097.715034555431	306
15	505	11249.889810712542	306
15	591	12579.457750318589	512
15	625	13522.909663201516	409
15	654	13807.00472164288	409
15	681	14182.954742628579	409
15	813	16524.860820641264	306
15	855	17471.421267758073	409
15	916	18572.51944596822	512
15	932	18803.194749513451	512
16	165	2834.088172838169	9
16	225	4256.527881263423	12
16	238	4675.131817035262	3
16	241	4756.778170118234	12
16	331	5700.526091460128	12
16	339	5803.779771917145	6
16	423	8412.83644832496	6
16	446	9097.637043986386	6
16	454	9651.911284188776	3
16	497	11097.715034555431	6
16	505	11249.889810712542	6
16	591	12579.457750318589	12
16	625	13522.909663201516	9
16	654	13807.00472164288	9
16	681	14182.954742628579	9
16	813	16524.860820641264	6
16	855	17471.421267758073	9
16	916	18572.51944596822	12
16	932	18803.194749513451	12
17	165	2834.088172838169	3
17	225	4256.527881263423	4
17	238	4675.131817035262	1
17	241	4756.778170118234	4
17	331	5700.526091460128	4
17	339	5803.779771917145	2
17	423	8412.83644832496	2
17	446	9097.637043986386	2
17	454	9651.911284188776	1
17	497	11097.715034555431	2
17	505	11249.889810712542	2
17	591	12579.457750318589	4
17	625	13522.909663201516	3
17	654	13807.00472164288	3
17	681	14182.954742628579	3
17	813	16524.860820641264	2
17	855	17471.421267758073	3
17	916	18572.51944596822	4
17	932	18803.194749513451	4
18	219	3992.416565902997	409
18	330	5665.597969028268	512
18	340	5826.105901830644	203
18	372	6662.109156756102	409
18	480	10702.726416560804	203
18	562	12271.848447049252	409
18	699	14614.21454323619	306
18	743	15305.74918348001	306
18	751	15374.329767173477	306
18	763	15626.624116260328	512
18	877	17725.878920428721	203
18	945	18967.916143249302	512
18	956	19212.850752817942	203
18	1024	19859.570243837364	512
19	219	3992.416565902997	9
19	330	5665.597969028268	12
19	340	5826.105901830644	3
19	372	6662.109156756102	9
19	480	10702.726416560804	3
19	562	12271.848447049252	9
19	699	14614.21454323619	6
19	743	15305.74918348001	6
19	751	15374.329767173477	6
19	763	15626.624116260328	12
19	877	17725.878920428721	3
19	945	18967.916143249302	12
19	956	19212.850752817942	3
19	1024	19859.570243837364	12
20	219	3992.416565902997	3
20	330	5665.597969028268	4
20	340	5826.105901830644	1
20	372	6662.109156756102	3
20	480	10702.726416560804	1
20	562	12271.848447049252	3
20	699	14614.21454323619	2
20	743	15305.74918348001	2
20	751	15374.329767173477	2
20	763	15626.624116260328	4
20	877	17725.878920428721	1
20	945	18967.916143249302	4
20	956	19212.850752817942	1
20	1024	19859.570243837364	4
21	101	1675.699686210979	203
21	117	1932.210838801164	306
21	123	2099.677596382259	409
21	182	2989.000262934934	512
21	218	3982.490960424462	306
21	320	5592.711888219106	409
21	371	6562.224316378386	203
21	408	7695.729162449634	512
21	535	11632.444935634961	409
21	578	12429.416290865205	203
21	607	13117.847032898156	512
21	651	13752.914699838271	306
21	655	13821.648502091175	306
21	666	13948.864856914713	409
21	673	14040.403238747582	203
21	750	15361.275097181124	306
21	788	16098.743127399654	306
21	824	16697.011187755748	512
21	829	16898.084203206163	409
21	852	17422.119172774635	306
21	960	19314.376111720914	512
21	1010	19759.570243837364	411.8621861031
22	101	1675.699686210979	3
22	117	1932.210838801164	6
22	123	2099.677596382259	9
22	182	2989.000262934934	12
22	218	3982.490960424462	6
22	320	5592.711888219106	9
22	371	6562.224316378386	3
22	408	7695.729162449634	12
22	535	11632.444935634961	9
22	578	12429.416290865205	3
22	607	13117.847032898156	12
22	651	13752.914699838271	6
22	655	13821.648502091175	6
22	666	13948.864856914713	9
22	673	14040.403238747582	3
22	750	15361.275097181124	6
22	788	16098.743127399654	6
22	824	16697.011187755748	12
22	829	16898.084203206163	9
22	852	17422.119172774635	6
22	960	19314.376111720914	12
22	1010	19759.570243837364	11.862186103097
23	101	1675.699686210979	1
23	117	1932.210838801164	2
23	123	2099.677596382259	3
23	182	2989.000262934934	4
23	218	3982.490960424462	2
23	320	5592.711888219106	3
23	371	6562.224316378386	1
23	408	7695.729162449634	4
23	535	11632.444935634961	3
23	578	12429.416290865205	1
23	607	13117.847032898156	4
23	651	13752.914699838271	2
23	655	13821.648502091175	2
23	666	13948.864856914713	3
23	673	14040.403238747582	1
23	750	15361.275097181124	2
23	788	16098.743127399654	2
23	824	16697.011187755748	4
23	829	16898.084203206163	3
23	852	17422.119172774635	2
23	960	19314.376111720914	4
23	1010	19759.570243837364	3
24	95	1206.638798020677	409
24	159	2778.646193976878	512
24	186	3055.965405257962	512
24	259	5063.96765156542	203
24	326	5624.672301016132	306
24	360	6295.157420471176	512
24	407	7669.844119224722	306
24	420	8334.629219998095	306
24	443	8911.633361779417	306
24	472	10206.377142877403	414.56761238426
24	477	10536.3710067542	203
24	495	11077.214224565082	306
24	596	12672.935590321546	306
24	698	14604.018525118773	512
24	712	14926.11480227284	306
24	742	15304.367871132865	203
24	872	17681.695007624006	409
24	878	17735.02653184098	409
24	887	17925.947907052366	306
25	95	1206.638798020677	9
25	159	2778.646193976878	12
25	186	3055.965405257962	12
25	259	5063.96765156542	3
25	326	5624.672301016132	6
25	360	6295.157420471176	12
25	407	7669.844119224722	6
25	420	8334.629219998095	6
25	443	8911.633361779417	6
25	472	10206.377142877403	14.567612384256
25	477	10536.3710067542	3
25	495	11077.214224565082	6
25	596	12672.935590321546	6
25	698	14604.018525118773	12
25	712	14926.11480227284	6
25	742	15304.367871132865	3
25	872	17681.695007624006	9
25	878	17735.02653184098	9
25	887	17925.947907052366	6
26	95	1206.638798020677	3
26	159	2778.646193976878	4
26	186	3055.965405257962	4
26	259	5063.96765156542	1
26	326	5624.672301016132	2
26	360	6295.157420471176	4
26	407	7669.844119224722	2
26	420	8334.629219998095	2
26	443	8911.633361779417	2
26	472	10206.377142877403	3
26	477	10536.3710067542	1
26	495	11077.214224565082	2
26	596	12672.935590321546	2
26	698	14604.018525118773	4
26	712	14926.11480227284	2
26	742	15304.367871132865	1
26	872	17681.695007624006	3
26	878	17735.02653184098	3
26	887	17925.947907052366	2
27	406	7666.758155465624	409
27	432	8615.982607479169	306
27	459	9772.787874373205	306
27	532	11565.956312245497	203
27	533	11572.835356296378	512
27	545	11860.853387088887	512
27	597	12694.59919065474	409
27	718	15056.784475641594	203
27	760	15547.203242844777	306
27	1016	19790.124350482637	512
28	406	7666.758155465624	9
28	432	8615.982607479169	6
28	459	9772.787874373205	6
28	532	11565.956312245497	3
28	533	11572.835356296378	12
28	545	11860.853387088887	12
28	597	12694.59919065474	9
28	718	15056.784475641594	3
28	760	15547.203242844777	6
28	1016	19790.124350482637	12
29	406	7666.758155465624	3
29	432	8615.982607479169	2
29	459	9772.787874373205	2
29	532	11565.956312245497	1
29	533	11572.835356296378	4
29	545	11860.853387088887	4
29	597	12694.59919065474	3
29	718	15056.784475641594	1
29	760	15547.203242844777	2
29	1016	19790.124350482637	4
30	122	2017.054330827023	306
30	189	3136.614159414198	512
30	200	3597.963210019158	203
30	299	5438.901023827097	512
30	438	8800.59042809284	409
30	534	11602.13469738793	512
30	551	12043.68871066739	409
30	586	12491.732722515191	306
30	595	12632.681961312687	306
30	648	13740.619980244652	512
30	715	14964.014114797857	512
30	886	17889.190477943947	512
30	891	18080.972641229073	306
30	917	18573.514776917335	409
30	1025	19878.239972739529	203
31	122	2017.054330827023	6
31	189	3136.614159414198	12
31	200	3597.963210019158	3
31	299	5438.901023827097	12
31	438	8800.59042809284	9
31	534	11602.13469738793	12
31	551	12043.68871066739	9
31	586	12491.732722515191	6
31	595	12632.681961312687	6
31	648	13740.619980244652	12
31	715	14964.014114797857	12
31	886	17889.190477943947	12
31	891	18080.972641229073	6
31	917	18573.514776917335	9
31	1025	19878.239972739529	3
32	122	2017.054330827023	2
32	189	3136.614159414198	4
32	200	3597.963210019158	1
32	299	5438.901023827097	4
32	438	8800.59042809284	3
32	534	11602.13469738793	4
32	551	12043.68871066739	3
32	586	12491.732722515191	2
32	595	12632.681961312687	2
32	648	13740.619980244652	4
32	715	14964.014114797857	4
32	886	17889.190477943947	4
32	891	18080.972641229073	2
32	917	18573.514776917335	3
32	1025	19878.239972739529	1
33	300	5442.028625265279	306
33	329	5663.485369660644	409
33	393	7451.564709179136	203
33	467	9994.377142877403	409
33	642	13652.140655220302	203
33	679	14102.792323152416	306
33	765	15653.047645815792	512
33	787	16056.39408484238	409
33	789	16106.560920369655	203
33	825	16742.75847400165	512
33	836	17116.327621054661	306
33	949	19047.846698956714	306
33	1018	19791.87126059022	512
34	300	5442.028625265279	6
34	329	5663.485369660644	9
34	393	7451.564709179136	3
34	467	9994.377142877403	9
34	642	13652.140655220302	3
34	679	14102.792323152416	6
34	765	15653.047645815792	12
34	787	16056.39408484238	9
34	789	16106.560920369655	3
34	825	16742.75847400165	12
34	836	17116.327621054661	6
34	949	19047.846698956714	6
34	1018	19791.87126059022	12
35	300	5442.028625265279	2
35	329	5663.485369660644	3
35	393	7451.564709179136	1
35	467	9994.377142877403	3
35	642	13652.140655220302	1
35	679	14102.792323152416	2
35	765	15653.047645815792	4
35	787	16056.39408484238	3
35	789	16106.560920369655	1
35	825	16742.75847400165	4
35	836	17116.327621054661	2
35	949	19047.846698956714	2
35	1018	19791.87126059022	4

