version 3
run QueueMode-18-20260103-12:11:48-491
attr configname QueueMode
attr datetime 20260103-12:11:48
attr datetimef 20260103-121148
attr experiment QueueMode
attr inifile simulations/nwsim_project/omnetpp.ini
attr iterationvars ""
attr iterationvarsd ""
attr iterationvarsf ""
attr measurement ""
attr network CrossTraffic
attr processid 491
attr repetition 18
attr replication #18
attr resultdir results
attr runnumber 18
attr seedset 18
config description "Junction queue mode with timing penalties (no entry penalty)"
config *.Junc*.junctionMode "\"queue\""
config network CrossTraffic
config sim-time-limit 20000s
config warmup-period 1000s
config repeat 50
config **.scalar-recording true
config **.vector-recording true
config *.Junc*.junctionMode "\"queue\""
config *.EndNW.spawnInterval exponential(800s)
config *.EndNE.spawnInterval exponential(1200s)
config *.EndEN.spawnInterval exponential(1000s)
config *.EndES.spawnInterval exponential(1500s)
config *.EndSE.spawnInterval exponential(900s)
config *.EndSW.spawnInterval exponential(1100s)
config *.EndWS.spawnInterval exponential(1300s)
config *.EndWN.spawnInterval exponential(1400s)

vector 0 CrossTraffic.JuncNW queueLength:vector ETV
attr interpolationmode sample-hold
attr recordingmode vector
attr source queueLength
attr title "Queue Length"
vector 1 CrossTraffic.JuncNW junctionProcessingTime:vector ETV
attr recordingmode vector
attr source junctionProcessingTime
attr title "Junction Processing Time"
vector 2 CrossTraffic.JuncNW vehicleCount:vector ETV
attr recordingmode vector
attr source vehicleCount
attr title "Vehicle Count"
vector 3 CrossTraffic.JuncNE queueLength:vector ETV
attr interpolationmode sample-hold
attr recordingmode vector
attr source queueLength
attr title "Queue Length"
vector 4 CrossTraffic.JuncNE junctionProcessingTime:vector ETV
attr recordingmode vector
attr source junctionProcessingTime
attr title "Junction Processing Time"
vector 5 CrossTraffic.JuncNE vehicleCount:vector ETV
attr recordingmode vector
attr source vehicleCount
attr title "Vehicle Count"
vector 6 CrossTraffic.JuncSE queueLength:vector ETV
attr interpolationmode sample-hold
attr recordingmode vector
attr source queueLength
attr title "Queue Length"
vector 7 CrossTraffic.JuncSE junctionProcessingTime:vector ETV
attr recordingmode vector
attr source junctionProcessingTime
attr title "Junction Processing Time"
vector 8 CrossTraffic.JuncSE vehicleCount:vector ETV
attr recordingmode vector
attr source vehicleCount
attr title "Vehicle Count"
vector 9 CrossTraffic.JuncSW queueLength:vector ETV
attr interpolationmode sample-hold
attr recordingmode vector
attr source queueLength
attr title "Queue Length"
vector 10 CrossTraffic.JuncSW junctionProcessingTime:vector ETV
attr recordingmode vector
attr source junctionProcessingTime
attr title "Junction Processing Time"
vector 11 CrossTraffic.JuncSW vehicleCount:vector ETV
attr recordingmode vector
attr source vehicleCount
attr title "Vehicle Count"
vector 12 CrossTraffic.EndNW travelTime:vector ETV
attr recordingmode vector
attr source travelTime
attr title "Vehicle Travel Time"
vector 13 CrossTraffic.EndNW junctionTime:vector ETV
attr recordingmode vector
attr source junctionTime
attr title "Total Junction Time per Vehicle"
vector 14 CrossTraffic.EndNW junctionCount:vector ETV
attr recordingmode vector
attr source junctionCount
attr title "Junctions Visited per Vehicle"
vector 15 CrossTraffic.EndNE travelTime:vector ETV
attr recordingmode vector
attr source travelTime
attr title "Vehicle Travel Time"
vector 16 CrossTraffic.EndNE junctionTime:vector ETV
attr recordingmode vector
attr source junctionTime
attr title "Total Junction Time per Vehicle"
vector 17 CrossTraffic.EndNE junctionCount:vector ETV
attr recordingmode vector
attr source junctionCount
attr title "Junctions Visited per Vehicle"
vector 18 CrossTraffic.EndEN travelTime:vector ETV
attr recordingmode vector
attr source travelTime
attr title "Vehicle Travel Time"
vector 19 CrossTraffic.EndEN junctionTime:vector ETV
attr recordingmode vector
attr source junctionTime
attr title "Total Junction Time per Vehicle"
vector 20 CrossTraffic.EndEN junctionCount:vector ETV
attr recordingmode vector
attr source junctionCount
attr title "Junctions Visited per Vehicle"
vector 21 CrossTraffic.EndES travelTime:vector ETV
attr recordingmode vector
attr source travelTime
attr title "Vehicle Travel Time"
vector 22 CrossTraffic.EndES junctionTime:vector ETV
attr recordingmode vector
attr source junctionTime
attr title "Total Junction Time per Vehicle"
vector 23 CrossTraffic.EndES junctionCount:vector ETV
attr recordingmode vector
attr source junctionCount
attr title "Junctions Visited per Vehicle"
vector 24 CrossTraffic.EndSE travelTime:vector ETV
attr recordingmode vector
attr source travelTime
attr title "Vehicle Travel Time"
vector 25 CrossTraffic.EndSE junctionTime:vector ETV
attr recordingmode vector
attr source junctionTime
attr title "Total Junction Time per Vehicle"
vector 26 CrossTraffic.EndSE junctionCount:vector ETV
attr recordingmode vector
attr source junctionCount
attr title "Junctions Visited per Vehicle"
vector 27 CrossTraffic.EndSW travelTime:vector ETV
attr recordingmode vector
attr source travelTime
attr title "Vehicle Travel Time"
vector 28 CrossTraffic.EndSW junctionTime:vector ETV
attr recordingmode vector
attr source junctionTime
attr title "Total Junction Time per Vehicle"
vector 29 CrossTraffic.EndSW junctionCount:vector ETV
attr recordingmode vector
attr source junctionCount
attr title "Junctions Visited per Vehicle"
vector 30 CrossTraffic.EndWS travelTime:vector ETV
attr recordingmode vector
attr source travelTime
attr title "Vehicle Travel Time"
vector 31 CrossTraffic.EndWS junctionTime:vector ETV
attr recordingmode vector
attr source junctionTime
attr title "Total Junction Time per Vehicle"
vector 32 CrossTraffic.EndWS junctionCount:vector ETV
attr recordingmode vector
attr source junctionCount
attr title "Junctions Visited per Vehicle"
vector 33 CrossTraffic.EndWN travelTime:vector ETV
attr recordingmode vector
attr source travelTime
attr title "Vehicle Travel Time"
vector 34 CrossTraffic.EndWN junctionTime:vector ETV
attr recordingmode vector
attr source junctionTime
attr title "Total Junction Time per Vehicle"
vector 35 CrossTraffic.EndWN junctionCount:vector ETV
attr recordingmode vector
attr source junctionCount
attr title "Junctions Visited per Vehicle"
0	111	1089.985111227392	1
0	112	1092.985111227392	0
0	124	1353.540113267398	1
0	125	1356.540113267398	0
0	127	1363.076158755782	1
0	129	1366.076158755782	0
0	139	1496.498675867918	1
0	140	1499.498675867918	0
0	158	1732.916265227534	1
0	159	1735.916265227534	0
0	160	1760.409083091888	1
0	161	1763.409083091888	0
0	177	2011.190321766317	1
0	178	2014.190321766317	0
0	202	2537.301114668412	1
0	203	2540.301114668412	0
0	223	2979.258400543789	1
0	224	2982.258400543789	0
0	227	2999.542313401166	1
0	228	3002.542313401166	0
0	229	3005.542313401166	1
0	230	3008.542313401166	0
0	244	3195.084168476354	1
0	245	3198.084168476354	0
0	252	3337.793127221621	1
0	253	3340.793127221621	0
0	265	3948.327977323785	1
0	266	3951.327977323785	0
0	267	3995.938225261077	1
0	268	3998.938225261077	0
0	297	4717.813402495034	1
0	298	4720.813402495034	0
0	306	5099.112153166715	1
0	307	5102.112153166715	0
0	311	5272.938222099846	1
0	313	5275.938222099846	0
0	337	5601.741205375668	1
0	338	5604.741205375668	0
0	340	5653.142832705636	1
0	341	5656.142832705636	0
0	356	5782.913260040415	1
0	357	5785.913260040415	0
0	362	5849.977761078858	1
0	363	5852.977761078858	0
0	371	5905.361815228177	1
0	372	5908.361815228177	0
0	373	5933.42658885279	1
0	374	5936.42658885279	0
0	378	5973.806657348041	1
0	379	5976.806657348041	0
0	398	6373.682375104149	1
0	399	6376.682375104149	0
0	403	6457.735570304188	1
0	404	6460.735570304188	0
0	418	6734.563164304776	1
0	420	6737.563164304776	0
0	431	6938.353146157653	1
0	433	6941.353146157653	0
0	434	6969.876501658064	1
0	436	6972.876501658064	0
0	442	7074.827520030301	1
0	444	7077.827520030301	0
0	446	7086.452112366629	1
0	447	7089.452112366629	0
0	457	7230.452005954102	1
0	458	7233.452005954102	0
0	462	7285.268167453236	1
0	463	7288.268167453236	0
0	476	7479.836850953503	1
0	478	7482.836850953503	0
0	490	7648.180849875286	1
0	491	7651.180849875286	0
0	493	7699.761752609026	1
0	494	7702.761752609026	0
0	504	7929.277276712395	1
0	505	7932.277276712395	0
0	506	7943.699352196481	1
0	507	7946.699352196481	0
0	521	8211.645440179128	1
0	522	8214.645440179128	0
0	523	8232.081260135077	1
0	524	8235.081260135077	0
0	532	8346.930152988348	1
0	533	8349.930152988348	0
0	534	8421.392513807722	1
0	535	8424.392513807722	0
0	548	8644.114714777699	1
0	549	8647.114714777699	0
0	572	8966.640544440453	1
0	573	8969.640544440453	0
0	574	9017.610558871034	1
0	575	9020.610558871034	0
0	576	9023.610558871034	1
0	577	9026.610558871034	0
0	594	9257.603768053599	1
0	596	9260.603768053599	0
0	619	10193.050549709426	1
0	620	10196.050549709426	0
0	646	10846.018413495906	1
0	647	10849.018413495906	0
0	653	11106.366054468156	1
0	654	11109.366054468156	0
0	663	11270.73478352677	1
0	664	11273.73478352677	0
0	676	11452.751814294442	1
0	677	11455.751814294442	0
0	678	11461.023466754201	1
0	679	11464.023466754201	0
0	680	11470.411131417599	1
0	681	11473.411131417599	0
0	697	11688.73478352677	1
0	698	11691.73478352677	0
0	711	12144.449438217931	1
0	712	12147.449438217931	0
0	713	12240.920097294646	1
0	714	12243.920097294646	0
0	738	12620.029005494137	1
0	740	12623.029005494137	0
0	744	12724.720819054622	1
0	745	12727.720819054622	0
0	750	12994.08287449233	1
0	751	12997.08287449233	0
0	765	13471.216022336624	1
0	766	13474.216022336624	0
0	767	13567.085875952197	1
0	768	13570.085875952197	0
0	779	13885.880852902254	1
0	780	13888.880852902254	0
0	789	14006.726114263214	1
0	790	14009.726114263214	0
0	815	14354.817369496673	1
0	816	14357.817369496673	0
0	817	14368.878390566166	1
0	818	14371.878390566166	0
0	829	14516.615213407068	1
0	830	14519.615213407068	0
0	849	14785.266358434939	1
0	850	14788.266358434939	0
0	851	14791.266358434939	1
0	852	14794.266358434939	0
0	853	14803.947524945835	1
0	854	14806.947524945835	0
0	856	14818.459145940248	1
0	857	14821.459145940248	0
0	868	14921.92633569722	1
0	869	14924.92633569722	0
0	878	15114.288801741297	1
0	879	15117.288801741297	0
0	890	15380.241638267529	1
0	891	15383.241638267529	0
0	908	15837.809149780342	1
0	909	15840.809149780342	0
0	911	15871.793978122296	1
0	912	15874.793978122296	0
0	913	15879.060806764151	1
0	914	15882.060806764151	0
0	915	15892.897264011989	1
0	916	15895.897264011989	0
0	929	16019.687864590905	1
0	930	16022.402641836937	2
0	931	16022.687864590905	1
0	932	16028.687864590905	0
0	934	16072.766973583365	1
0	935	16075.766973583365	0
0	946	16181.476686265713	1
0	947	16184.476686265713	0
0	950	16217.657727602103	1
0	951	16220.657727602103	0
0	969	16659.520707441612	1
0	970	16662.520707441612	0
0	987	16890.039918844108	1
0	988	16893.039918844108	0
0	993	16933.19428167007	1
0	994	16936.19428167007	0
0	996	16953.646129914374	1
0	997	16956.646129914374	0
0	1002	17008.391469301745	1
0	1003	17011.391469301745	0
0	1004	17016.72304048148	1
0	1005	17019.72304048148	0
0	1023	17163.199784351941	1
0	1024	17166.199784351941	0
0	1037	17269.753995620551	1
0	1038	17272.753995620551	0
0	1039	17275.354386797402	1
0	1040	17278.354386797402	0
0	1043	17357.26780939373	1
0	1044	17360.26780939373	0
0	1055	17491.927627954139	1
0	1056	17494.927627954139	0
0	1061	17823.147718905708	1
0	1062	17826.147718905708	0
0	1069	18054.532803568746	1
0	1070	18057.532803568746	0
0	1071	18140.943810307274	1
0	1072	18143.943810307274	0
0	1077	18284.834761403479	1
0	1078	18287.834761403479	0
0	1086	18532.64617160501	1
0	1087	18535.64617160501	0
0	1096	18947.574149493562	1
0	1097	18950.574149493562	0
0	1124	19236.429623998891	1
0	1125	19239.429623998891	0
0	1129	19329.057011673149	1
0	1131	19332.057011673149	0
0	1152	19906.328283783346	1
0	1153	19909.328283783346	0
1	112	1092.985111227392	3
1	125	1356.540113267398	3
1	129	1366.076158755782	3
1	140	1499.498675867918	3
1	159	1735.916265227534	3
1	161	1763.409083091888	3
1	178	2014.190321766317	3
1	203	2540.301114668412	3
1	224	2982.258400543789	3
1	228	3002.542313401166	3
1	230	3008.542313401166	3
1	245	3198.084168476354	3
1	253	3340.793127221621	3
1	266	3951.327977323785	3
1	268	3998.938225261077	3
1	298	4720.813402495034	3
1	307	5102.112153166715	3
1	313	5275.938222099846	3
1	338	5604.741205375668	3
1	341	5656.142832705636	3
1	357	5785.913260040415	3
1	363	5852.977761078858	3
1	372	5908.361815228177	3
1	374	5936.42658885279	3
1	379	5976.806657348041	3
1	399	6376.682375104149	3
1	404	6460.735570304188	3
1	420	6737.563164304776	3
1	433	6941.353146157653	3
1	436	6972.876501658064	3
1	444	7077.827520030301	3
1	447	7089.452112366629	3
1	458	7233.452005954102	3
1	463	7288.268167453236	3
1	478	7482.836850953503	3
1	491	7651.180849875286	3
1	494	7702.761752609026	3
1	505	7932.277276712395	3
1	507	7946.699352196481	3
1	522	8214.645440179128	3
1	524	8235.081260135077	3
1	533	8349.930152988348	3
1	535	8424.392513807722	3
1	549	8647.114714777699	3
1	573	8969.640544440453	3
1	575	9020.610558871034	3
1	577	9026.610558871034	3
1	596	9260.603768053599	3
1	620	10196.050549709426	3
1	647	10849.018413495906	3
1	654	11109.366054468156	3
1	664	11273.73478352677	3
1	677	11455.751814294442	3
1	679	11464.023466754201	3
1	681	11473.411131417599	3
1	698	11691.73478352677	3
1	712	12147.449438217931	3
1	714	12243.920097294646	3
1	740	12623.029005494137	3
1	745	12727.720819054622	3
1	751	12997.08287449233	3
1	766	13474.216022336624	3
1	768	13570.085875952197	3
1	780	13888.880852902254	3
1	790	14009.726114263214	3
1	816	14357.817369496673	3
1	818	14371.878390566166	3
1	830	14519.615213407068	3
1	850	14788.266358434939	3
1	852	14794.266358434939	3
1	854	14806.947524945835	3
1	857	14821.459145940248	3
1	869	14924.92633569722	3
1	879	15117.288801741297	3
1	891	15383.241638267529	3
1	909	15840.809149780342	3
1	912	15874.793978122296	3
1	914	15882.060806764151	3
1	916	15895.897264011989	3
1	931	16022.687864590905	3
1	932	16028.687864590905	6.285222753968
1	935	16075.766973583365	3
1	947	16184.476686265713	3
1	951	16220.657727602103	3
1	970	16662.520707441612	3
1	988	16893.039918844108	3
1	994	16936.19428167007	3
1	997	16956.646129914374	3
1	1003	17011.391469301745	3
1	1005	17019.72304048148	3
1	1024	17166.199784351941	3
1	1038	17272.753995620551	3
1	1040	17278.354386797402	3
1	1044	17360.26780939373	3
1	1056	17494.927627954139	3
1	1062	17826.147718905708	3
1	1070	18057.532803568746	3
1	1072	18143.943810307274	3
1	1078	18287.834761403479	3
1	1087	18535.64617160501	3
1	1097	18950.574149493562	3
1	1125	19239.429623998891	3
1	1131	19332.057011673149	3
1	1153	19909.328283783346	3
2	112	1092.985111227392	2824
2	125	1356.540113267398	2823
2	129	1366.076158755782	2826
2	140	1499.498675867918	2827
2	159	1735.916265227534	2828
2	161	1763.409083091888	2829
2	178	2014.190321766317	2830
2	203	2540.301114668412	2833
2	224	2982.258400543789	2837
2	228	3002.542313401166	2836
2	230	3008.542313401166	2835
2	245	3198.084168476354	2838
2	253	3340.793127221621	2840
2	266	3951.327977323785	2841
2	268	3998.938225261077	2842
2	298	4720.813402495034	2846
2	307	5102.112153166715	2847
2	313	5275.938222099846	2848
2	338	5604.741205375668	2850
2	341	5656.142832705636	2853
2	357	5785.913260040415	2852
2	363	5852.977761078858	2857
2	372	5908.361815228177	2856
2	374	5936.42658885279	2854
2	379	5976.806657348041	2858
2	399	6376.682375104149	2859
2	404	6460.735570304188	2861
2	420	6737.563164304776	2862
2	433	6941.353146157653	2864
2	436	6972.876501658064	2865
2	444	7077.827520030301	2863
2	447	7089.452112366629	2866
2	458	7233.452005954102	2869
2	463	7288.268167453236	2868
2	478	7482.836850953503	2867
2	491	7651.180849875286	2872
2	494	7702.761752609026	2871
2	505	7932.277276712395	2873
2	507	7946.699352196481	2874
2	522	8214.645440179128	2875
2	524	8235.081260135077	2877
2	533	8349.930152988348	2876
2	535	8424.392513807722	2878
2	549	8647.114714777699	2879
2	573	8969.640544440453	2880
2	575	9020.610558871034	2881
2	577	9026.610558871034	2882
2	596	9260.603768053599	2883
2	620	10196.050549709426	2887
2	647	10849.018413495906	2890
2	654	11109.366054468156	2892
2	664	11273.73478352677	2894
2	677	11455.751814294442	2896
2	679	11464.023466754201	2897
2	681	11473.411131417599	2895
2	698	11691.73478352677	2898
2	712	12147.449438217931	2900
2	714	12243.920097294646	2901
2	740	12623.029005494137	2904
2	745	12727.720819054622	2903
2	751	12997.08287449233	2905
2	766	13474.216022336624	2907
2	768	13570.085875952197	2906
2	780	13888.880852902254	2908
2	790	14009.726114263214	2909
2	816	14357.817369496673	2912
2	818	14371.878390566166	2913
2	830	14519.615213407068	2915
2	850	14788.266358434939	2916
2	852	14794.266358434939	2917
2	854	14806.947524945835	2918
2	857	14821.459145940248	2919
2	869	14924.92633569722	2921
2	879	15117.288801741297	2920
2	891	15383.241638267529	2922
2	909	15840.809149780342	2925
2	912	15874.793978122296	2923
2	914	15882.060806764151	2926
2	916	15895.897264011989	2924
2	931	16022.687864590905	2927
2	932	16028.687864590905	2929
2	935	16075.766973583365	2928
2	947	16184.476686265713	2930
2	951	16220.657727602103	2931
2	970	16662.520707441612	2932
2	988	16893.039918844108	2934
2	994	16936.19428167007	2935
2	997	16956.646129914374	2937
2	1003	17011.391469301745	2933
2	1005	17019.72304048148	2936
2	1024	17166.199784351941	2938
2	1038	17272.753995620551	2942
2	1040	17278.354386797402	2941
2	1044	17360.26780939373	2939
2	1056	17494.927627954139	2943
2	1062	17826.147718905708	2944
2	1070	18057.532803568746	2945
2	1072	18143.943810307274	2946
2	1078	18287.834761403479	2947
2	1087	18535.64617160501	2948
2	1097	18950.574149493562	2949
2	1125	19239.429623998891	2952
2	1131	19332.057011673149	2956
2	1153	19909.328283783346	2957
3	117	1250.540113267398	1
3	118	1253.540113267398	0
3	130	1393.498675867918	1
3	131	1396.498675867918	0
3	132	1398.985111227392	1
3	133	1401.985111227392	0
3	135	1465.96219338024	1
3	137	1468.96219338024	0
3	149	1629.916265227534	1
3	150	1632.916265227534	0
3	151	1657.409083091888	1
3	152	1660.409083091888	0
3	153	1672.076158755782	1
3	154	1675.076158755782	0
3	170	1908.190321766317	1
3	171	1911.190321766317	0
3	188	2303.281345337892	1
3	190	2306.281345337892	0
3	196	2434.301114668412	1
3	197	2437.301114668412	0
3	204	2570.010140788757	1
3	205	2573.010140788757	0
3	206	2611.881224633846	1
3	207	2614.881224633846	0
3	219	2896.542313401166	1
3	220	2896.762342018455	2
3	221	2899.542313401166	1
3	222	2905.542313401166	0
3	234	3092.084168476354	1
3	235	3095.084168476354	0
3	258	3646.793127221621	1
3	259	3649.793127221621	0
3	262	3845.327977323785	1
3	263	3848.327977323785	0
3	292	4614.813402495034	1
3	293	4617.813402495034	0
3	299	4749.876532516938	1
3	300	4752.876532516938	0
3	329	5498.741205375668	1
3	330	5501.741205375668	0
3	344	5679.913260040415	1
3	345	5682.913260040415	0
3	358	5802.361815228177	1
3	359	5805.361815228177	0
3	360	5830.42658885279	1
3	361	5833.42658885279	0
3	366	5863.069758840576	1
3	367	5866.069758840576	0
3	368	5870.806657348041	1
3	369	5873.806657348041	0
3	392	6270.682375104149	1
3	393	6273.682375104149	0
3	396	6354.735570304188	1
3	397	6357.735570304188	0
3	406	6524.92002531655	1
3	407	6527.92002531655	0
3	413	6631.563164304776	1
3	414	6634.563164304776	0
3	424	6835.353146157653	1
3	426	6838.353146157653	0
3	435	6971.827520030301	1
3	437	6974.827520030301	0
3	453	7182.268167453236	1
3	454	7185.268167453236	0
3	467	7376.836850953503	1
3	469	7379.836850953503	0
3	483	7545.180849875286	1
3	484	7548.180849875286	0
3	486	7585.471700821316	1
3	487	7588.471700821316	0
3	488	7596.761752609026	1
3	489	7599.761752609026	0
3	499	7826.277276712395	1
3	500	7829.277276712395	0
3	501	7840.699352196481	1
3	502	7843.699352196481	0
3	514	8108.645440179128	1
3	515	8111.645440179128	0
3	526	8243.930152988348	1
3	527	8246.930152988348	0
3	541	8541.081260135077	1
3	542	8544.081260135077	0
3	552	8730.392513807722	1
3	553	8733.392513807722	0
3	563	8863.640544440453	1
3	564	8866.640544440453	0
3	565	8914.610558871034	1
3	566	8915.966171202585	2
3	567	8917.610558871034	1
3	568	8923.610558871034	0
3	570	8953.114714777699	1
3	571	8956.114714777699	0
3	587	9154.603768053599	1
3	589	9157.603768053599	0
3	605	9797.854188643628	1
3	606	9800.854188643628	0
3	615	10090.050549709426	1
3	616	10093.050549709426	0
3	621	10226.528761560088	1
3	622	10229.528761560088	0
3	643	10743.018413495906	1
3	644	10746.018413495906	0
3	650	11003.366054468156	1
3	651	11006.366054468156	0
3	666	11325.857953881908	1
3	667	11328.857953881908	0
3	670	11367.411131417599	1
3	671	11370.411131417599	0
3	690	11579.73478352677	1
3	691	11582.73478352677	0
3	692	11585.73478352677	1
3	693	11588.73478352677	0
3	706	12016.672409273134	1
3	707	12019.672409273134	0
3	726	12448.485942239623	1
3	728	12451.485942239623	0
3	729	12453.449438217931	1
3	730	12456.449438217931	0
3	734	12549.920097294646	1
3	736	12552.920097294646	0
3	739	12621.720819054622	1
3	741	12624.720819054622	0
3	748	12891.08287449233	1
3	749	12894.08287449233	0
3	763	13464.085875952197	1
3	764	13467.085875952197	0
3	774	13780.216022336624	1
3	775	13783.216022336624	0
3	782	13903.726114263214	1
3	783	13906.726114263214	0
3	802	14194.880852902254	1
3	803	14197.880852902254	0
3	806	14251.817369496673	1
3	807	14254.817369496673	0
3	808	14265.878390566166	1
3	809	14268.878390566166	0
3	821	14413.615213407068	1
3	822	14416.615213407068	0
3	827	14481.283772270479	1
3	828	14484.283772270479	0
3	842	14682.266358434939	1
3	843	14682.616476153887	2
3	844	14685.266358434939	1
3	845	14691.266358434939	0
3	846	14700.947524945835	1
3	847	14703.947524945835	0
3	873	15011.288801741297	1
3	874	15014.288801741297	0
3	885	15230.92633569722	1
3	886	15233.92633569722	0
3	887	15277.241638267529	1
3	888	15280.241638267529	0
3	900	15734.809149780342	1
3	901	15737.809149780342	0
3	902	15768.793978122296	1
3	903	15771.793978122296	0
3	905	15789.897264011989	1
3	906	15792.897264011989	0
3	917	15916.687864590905	1
3	918	15919.687864590905	0
3	922	15969.766973583365	1
3	923	15972.766973583365	0
3	948	16188.060806764151	1
3	949	16191.060806764151	0
3	964	16526.657727602103	1
3	965	16529.657727602103	0
3	977	16787.039918844108	1
3	978	16790.039918844108	0
3	982	16830.19428167007	1
3	983	16833.19428167007	0
3	989	16905.391469301745	1
3	990	16908.391469301745	0
3	991	16913.72304048148	1
3	992	16916.72304048148	0
3	1011	17060.199784351941	1
3	1012	17063.199784351941	0
3	1026	17172.354386797402	1
3	1027	17175.354386797402	0
3	1028	17205.135153391602	1
3	1029	17208.135153391602	0
3	1032	17254.26780939373	1
3	1033	17257.26780939373	0
3	1066	17951.532803568746	1
3	1067	17954.532803568746	0
3	1083	18429.64617160501	1
3	1084	18432.64617160501	0
3	1090	18844.574149493562	1
3	1091	18847.574149493562	0
3	1111	19126.460414027884	1
3	1112	19129.460414027884	0
3	1113	19133.429623998891	1
3	1114	19136.429623998891	0
3	1120	19226.057011673149	1
3	1122	19229.057011673149	0
3	1147	19803.328283783346	1
3	1148	19806.328283783346	0
3	1154	19978.788652084872	1
3	1155	19981.788652084872	0
3	1156	19999.864472833373	1
4	118	1253.540113267398	3
4	131	1396.498675867918	3
4	133	1401.985111227392	3
4	137	1468.96219338024	3
4	150	1632.916265227534	3
4	152	1660.409083091888	3
4	154	1675.076158755782	3
4	171	1911.190321766317	3
4	190	2306.281345337892	3
4	197	2437.301114668412	3
4	205	2573.010140788757	3
4	207	2614.881224633846	3
4	221	2899.542313401166	3
4	222	2905.542313401166	8.779971382711
4	235	3095.084168476354	3
4	259	3649.793127221621	3
4	263	3848.327977323785	3
4	293	4617.813402495034	3
4	300	4752.876532516938	3
4	330	5501.741205375668	3
4	345	5682.913260040415	3
4	359	5805.361815228177	3
4	361	5833.42658885279	3
4	367	5866.069758840576	3
4	369	5873.806657348041	3
4	393	6273.682375104149	3
4	397	6357.735570304188	3
4	407	6527.92002531655	3
4	414	6634.563164304776	3
4	426	6838.353146157653	3
4	437	6974.827520030301	3
4	454	7185.268167453236	3
4	469	7379.836850953503	3
4	484	7548.180849875286	3
4	487	7588.471700821316	3
4	489	7599.761752609026	3
4	500	7829.277276712395	3
4	502	7843.699352196481	3
4	515	8111.645440179128	3
4	527	8246.930152988348	3
4	542	8544.081260135077	3
4	553	8733.392513807722	3
4	564	8866.640544440453	3
4	567	8917.610558871034	3
4	568	8923.610558871034	7.644387668449
4	571	8956.114714777699	3
4	589	9157.603768053599	3
4	606	9800.854188643628	3
4	616	10093.050549709426	3
4	622	10229.528761560088	3
4	644	10746.018413495906	3
4	651	11006.366054468156	3
4	667	11328.857953881908	3
4	671	11370.411131417599	3
4	691	11582.73478352677	3
4	693	11588.73478352677	3
4	707	12019.672409273134	3
4	728	12451.485942239623	3
4	730	12456.449438217931	3
4	736	12552.920097294646	3
4	741	12624.720819054622	3
4	749	12894.08287449233	3
4	764	13467.085875952197	3
4	775	13783.216022336624	3
4	783	13906.726114263214	3
4	803	14197.880852902254	3
4	807	14254.817369496673	3
4	809	14268.878390566166	3
4	822	14416.615213407068	3
4	828	14484.283772270479	3
4	844	14685.266358434939	3
4	845	14691.266358434939	8.649882281052
4	847	14703.947524945835	3
4	874	15014.288801741297	3
4	886	15233.92633569722	3
4	888	15280.241638267529	3
4	901	15737.809149780342	3
4	903	15771.793978122296	3
4	906	15792.897264011989	3
4	918	15919.687864590905	3
4	923	15972.766973583365	3
4	949	16191.060806764151	3
4	965	16529.657727602103	3
4	978	16790.039918844108	3
4	983	16833.19428167007	3
4	990	16908.391469301745	3
4	992	16916.72304048148	3
4	1012	17063.199784351941	3
4	1027	17175.354386797402	3
4	1029	17208.135153391602	3
4	1033	17257.26780939373	3
4	1067	17954.532803568746	3
4	1084	18432.64617160501	3
4	1091	18847.574149493562	3
4	1112	19129.460414027884	3
4	1114	19136.429623998891	3
4	1122	19229.057011673149	3
4	1148	19806.328283783346	3
4	1155	19981.788652084872	3
5	118	1253.540113267398	2823
5	131	1396.498675867918	2827
5	133	1401.985111227392	2824
5	137	1468.96219338024	2825
5	150	1632.916265227534	2828
5	152	1660.409083091888	2829
5	154	1675.076158755782	2826
5	171	1911.190321766317	2830
5	190	2306.281345337892	2831
5	197	2437.301114668412	2833
5	205	2573.010140788757	2834
5	207	2614.881224633846	2832
5	221	2899.542313401166	2836
5	222	2905.542313401166	2835
5	235	3095.084168476354	2838
5	259	3649.793127221621	2840
5	263	3848.327977323785	2841
5	293	4617.813402495034	2846
5	300	4752.876532516938	2844
5	330	5501.741205375668	2850
5	345	5682.913260040415	2852
5	359	5805.361815228177	2856
5	361	5833.42658885279	2854
5	367	5866.069758840576	2855
5	369	5873.806657348041	2858
5	393	6273.682375104149	2859
5	397	6357.735570304188	2861
5	407	6527.92002531655	2860
5	414	6634.563164304776	2862
5	426	6838.353146157653	2864
5	437	6974.827520030301	2863
5	454	7185.268167453236	2868
5	469	7379.836850953503	2867
5	484	7548.180849875286	2872
5	487	7588.471700821316	2870
5	489	7599.761752609026	2871
5	500	7829.277276712395	2873
5	502	7843.699352196481	2874
5	515	8111.645440179128	2875
5	527	8246.930152988348	2876
5	542	8544.081260135077	2877
5	553	8733.392513807722	2878
5	564	8866.640544440453	2880
5	567	8917.610558871034	2881
5	568	8923.610558871034	2882
5	571	8956.114714777699	2879
5	589	9157.603768053599	2883
5	606	9800.854188643628	2885
5	616	10093.050549709426	2887
5	622	10229.528761560088	2888
5	644	10746.018413495906	2890
5	651	11006.366054468156	2892
5	667	11328.857953881908	2893
5	671	11370.411131417599	2895
5	691	11582.73478352677	2894
5	693	11588.73478352677	2898
5	707	12019.672409273134	2899
5	728	12451.485942239623	2902
5	730	12456.449438217931	2900
5	736	12552.920097294646	2901
5	741	12624.720819054622	2903
5	749	12894.08287449233	2905
5	764	13467.085875952197	2906
5	775	13783.216022336624	2907
5	783	13906.726114263214	2909
5	803	14197.880852902254	2908
5	807	14254.817369496673	2912
5	809	14268.878390566166	2913
5	822	14416.615213407068	2915
5	828	14484.283772270479	2914
5	844	14685.266358434939	2916
5	845	14691.266358434939	2917
5	847	14703.947524945835	2918
5	874	15014.288801741297	2920
5	886	15233.92633569722	2921
5	888	15280.241638267529	2922
5	901	15737.809149780342	2925
5	903	15771.793978122296	2923
5	906	15792.897264011989	2924
5	918	15919.687864590905	2927
5	923	15972.766973583365	2928
5	949	16191.060806764151	2926
5	965	16529.657727602103	2931
5	978	16790.039918844108	2934
5	983	16833.19428167007	2935
5	990	16908.391469301745	2933
5	992	16916.72304048148	2936
5	1012	17063.199784351941	2938
5	1027	17175.354386797402	2941
5	1029	17208.135153391602	2940
5	1033	17257.26780939373	2939
5	1067	17954.532803568746	2945
5	1084	18432.64617160501	2948
5	1091	18847.574149493562	2949
5	1112	19129.460414027884	2951
5	1114	19136.429623998891	2952
5	1122	19229.057011673149	2956
5	1148	19806.328283783346	2957
5	1155	19981.788652084872	2958
6	113	1147.540113267398	1
6	114	1150.540113267398	0
6	122	1295.985111227392	1
6	123	1298.985111227392	0
6	126	1362.96219338024	1
6	128	1365.96219338024	0
6	145	1569.076158755782	1
6	146	1572.076158755782	0
6	155	1702.498675867918	1
6	157	1705.498675867918	0
6	163	1805.190321766317	1
6	165	1808.190321766317	0
6	172	1938.916265227534	1
6	173	1941.916265227534	0
6	174	1966.409083091888	1
6	175	1969.409083091888	0
6	185	2200.281345337892	1
6	186	2203.281345337892	0
6	198	2467.010140788757	1
6	199	2470.010140788757	0
6	200	2508.881224633846	1
6	201	2511.881224633846	0
6	214	2793.762342018455	1
6	216	2796.762342018455	0
6	225	2989.084168476354	1
6	226	2992.084168476354	0
6	240	3117.239397975355	1
6	241	3120.239397975355	0
6	242	3185.258400543789	1
6	243	3188.258400543789	0
6	256	3543.793127221621	1
6	257	3546.793127221621	0
6	273	4154.327977323785	1
6	274	4157.327977323785	0
6	275	4201.938225261077	1
6	276	4204.938225261077	0
6	284	4453.210375976537	1
6	285	4456.210375976537	0
6	294	4646.876532516938	1
6	295	4649.876532516938	0
6	315	5305.112153166715	1
6	316	5308.112153166715	0
6	321	5395.741205375668	1
6	322	5398.741205375668	0
6	326	5476.85360865557	1
6	328	5479.85360865557	0
6	332	5559.275275696462	1
6	333	5562.275275696462	0
6	334	5576.913260040415	1
6	336	5579.913260040415	0
6	348	5727.42658885279	1
6	349	5730.42658885279	0
6	353	5760.069758840576	1
6	354	5763.069758840576	0
6	364	5859.142832705636	1
6	365	5862.142832705636	0
6	388	6167.682375104149	1
6	389	6170.682375104149	0
6	400	6421.92002531655	1
6	401	6424.92002531655	0
6	408	6528.563164304776	1
6	409	6531.563164304776	0
6	415	6663.735570304188	1
6	417	6666.735570304188	0
6	428	6868.827520030301	1
6	430	6871.827520030301	0
6	459	7273.836850953503	1
6	460	7276.836850953503	0
6	477	7482.471700821316	1
6	479	7485.471700821316	0
6	481	7493.761752609026	1
6	482	7496.761752609026	0
6	508	8005.645440179128	1
6	509	8008.645440179128	0
6	517	8135.277276712395	1
6	518	8138.277276712395	0
6	519	8140.930152988348	1
6	520	8143.930152988348	0
6	536	8438.081260135077	1
6	537	8441.081260135077	0
6	545	8627.392513807722	1
6	546	8630.392513807722	0
6	556	8760.640544440453	1
6	557	8763.640544440453	0
6	561	8850.114714777699	1
6	562	8853.114714777699	0
6	578	9051.603768053599	1
6	579	9054.603768053599	0
6	588	9155.833060993725	1
6	590	9158.833060993725	0
6	591	9223.610558871034	1
6	592	9226.610558871034	0
6	602	9694.854188643628	1
6	603	9697.854188643628	0
6	610	9940.359816350476	1
6	611	9943.359816350476	0
6	617	10123.528761560088	1
6	618	10126.528761560088	0
6	627	10399.050549709426	1
6	628	10402.050549709426	0
6	633	10519.61552553574	1
6	634	10522.61552553574	0
6	639	10640.018413495906	1
6	640	10643.018413495906	0
6	660	11222.857953881908	1
6	661	11225.857953881908	0
6	682	11476.73478352677	1
6	683	11477.430463495564	2
6	684	11479.73478352677	1
6	685	11485.73478352677	0
6	694	11676.411131417599	1
6	695	11679.411131417599	0
6	704	11913.672409273134	1
6	705	11916.672409273134	0
6	719	12345.485942239623	1
6	721	12348.485942239623	0
6	722	12350.449438217931	1
6	723	12353.449438217931	0
6	725	12446.920097294646	1
6	727	12449.920097294646	0
6	731	12518.720819054622	1
6	733	12521.720819054622	0
6	755	13200.08287449233	1
6	756	13203.08287449233	0
6	760	13361.085875952197	1
6	761	13364.085875952197	0
6	772	13677.216022336624	1
6	773	13680.216022336624	0
6	787	14000.542915172279	1
6	788	14003.542915172279	0
6	793	14091.880852902254	1
6	794	14094.880852902254	0
6	813	14310.615213407068	1
6	814	14313.615213407068	0
6	819	14378.283772270479	1
6	820	14381.283772270479	0
6	831	14560.817369496673	1
6	832	14563.817369496673	0
6	833	14574.878390566166	1
6	834	14577.878390566166	0
6	864	14908.288801741297	1
6	866	14911.288801741297	0
6	880	15127.92633569722	1
6	881	15130.92633569722	0
6	882	15174.241638267529	1
6	883	15177.241638267529	0
6	896	15665.793978122296	1
6	897	15668.793978122296	0
6	898	15686.897264011989	1
6	899	15689.897264011989	0
6	937	16085.060806764151	1
6	938	16088.060806764151	0
6	953	16231.687864590905	1
6	954	16234.687864590905	0
6	962	16423.657727602103	1
6	963	16426.657727602103	0
6	979	16802.391469301745	1
6	980	16805.391469301745	0
6	998	16957.199784351941	1
6	999	16960.199784351941	0
6	1014	17102.135153391602	1
6	1015	17105.135153391602	0
6	1019	17151.26780939373	1
6	1020	17154.26780939373	0
6	1021	17159.646129914374	1
6	1022	17162.646129914374	0
6	1030	17222.72304048148	1
6	1031	17225.72304048148	0
6	1052	17475.753995620551	1
6	1053	17478.753995620551	0
6	1063	17848.532803568746	1
6	1064	17851.532803568746	0
6	1098	18983.318933404669	1
6	1099	18986.318933404669	0
6	1100	19023.460414027884	1
6	1101	19026.460414027884	0
6	1102	19030.429623998891	1
6	1103	19033.429623998891	0
6	1115	19139.21059155417	1
6	1116	19140.62788904431	2
6	1117	19142.21059155417	1
6	1118	19148.21059155417	0
6	1128	19327.499130469831	1
6	1130	19330.499130469831	0
6	1138	19535.057011673149	1
6	1139	19538.057011673149	0
6	1143	19700.328283783346	1
6	1144	19703.328283783346	0
6	1149	19875.788652084872	1
6	1150	19878.788652084872	0
7	114	1150.540113267398	3
7	123	1298.985111227392	3
7	128	1365.96219338024	3
7	146	1572.076158755782	3
7	157	1705.498675867918	3
7	165	1808.190321766317	3
7	173	1941.916265227534	3
7	175	1969.409083091888	3
7	186	2203.281345337892	3
7	199	2470.010140788757	3
7	201	2511.881224633846	3
7	216	2796.762342018455	3
7	226	2992.084168476354	3
7	241	3120.239397975355	3
7	243	3188.258400543789	3
7	257	3546.793127221621	3
7	274	4157.327977323785	3
7	276	4204.938225261077	3
7	285	4456.210375976537	3
7	295	4649.876532516938	3
7	316	5308.112153166715	3
7	322	5398.741205375668	3
7	328	5479.85360865557	3
7	333	5562.275275696462	3
7	336	5579.913260040415	3
7	349	5730.42658885279	3
7	354	5763.069758840576	3
7	365	5862.142832705636	3
7	389	6170.682375104149	3
7	401	6424.92002531655	3
7	409	6531.563164304776	3
7	417	6666.735570304188	3
7	430	6871.827520030301	3
7	460	7276.836850953503	3
7	479	7485.471700821316	3
7	482	7496.761752609026	3
7	509	8008.645440179128	3
7	518	8138.277276712395	3
7	520	8143.930152988348	3
7	537	8441.081260135077	3
7	546	8630.392513807722	3
7	557	8763.640544440453	3
7	562	8853.114714777699	3
7	579	9054.603768053599	3
7	590	9158.833060993725	3
7	592	9226.610558871034	3
7	603	9697.854188643628	3
7	611	9943.359816350476	3
7	618	10126.528761560088	3
7	628	10402.050549709426	3
7	634	10522.61552553574	3
7	640	10643.018413495906	3
7	661	11225.857953881908	3
7	684	11479.73478352677	3
7	685	11485.73478352677	8.304320031206
7	695	11679.411131417599	3
7	705	11916.672409273134	3
7	721	12348.485942239623	3
7	723	12353.449438217931	3
7	727	12449.920097294646	3
7	733	12521.720819054622	3
7	756	13203.08287449233	3
7	761	13364.085875952197	3
7	773	13680.216022336624	3
7	788	14003.542915172279	3
7	794	14094.880852902254	3
7	814	14313.615213407068	3
7	820	14381.283772270479	3
7	832	14563.817369496673	3
7	834	14577.878390566166	3
7	866	14911.288801741297	3
7	881	15130.92633569722	3
7	883	15177.241638267529	3
7	897	15668.793978122296	3
7	899	15689.897264011989	3
7	938	16088.060806764151	3
7	954	16234.687864590905	3
7	963	16426.657727602103	3
7	980	16805.391469301745	3
7	999	16960.199784351941	3
7	1015	17105.135153391602	3
7	1020	17154.26780939373	3
7	1022	17162.646129914374	3
7	1031	17225.72304048148	3
7	1053	17478.753995620551	3
7	1064	17851.532803568746	3
7	1099	18986.318933404669	3
7	1101	19026.460414027884	3
7	1103	19033.429623998891	3
7	1117	19142.21059155417	3
7	1118	19148.21059155417	7.58270250986
7	1130	19330.499130469831	3
7	1139	19538.057011673149	3
7	1144	19703.328283783346	3
7	1150	19878.788652084872	3
8	114	1150.540113267398	2823
8	123	1298.985111227392	2824
8	128	1365.96219338024	2825
8	146	1572.076158755782	2826
8	157	1705.498675867918	2827
8	165	1808.190321766317	2830
8	173	1941.916265227534	2828
8	175	1969.409083091888	2829
8	186	2203.281345337892	2831
8	199	2470.010140788757	2834
8	201	2511.881224633846	2832
8	216	2796.762342018455	2835
8	226	2992.084168476354	2838
8	241	3120.239397975355	2839
8	243	3188.258400543789	2837
8	257	3546.793127221621	2840
8	274	4157.327977323785	2841
8	276	4204.938225261077	2842
8	285	4456.210375976537	2843
8	295	4649.876532516938	2844
8	316	5308.112153166715	2847
8	322	5398.741205375668	2850
8	328	5479.85360865557	2849
8	333	5562.275275696462	2851
8	336	5579.913260040415	2852
8	349	5730.42658885279	2854
8	354	5763.069758840576	2855
8	365	5862.142832705636	2853
8	389	6170.682375104149	2859
8	401	6424.92002531655	2860
8	409	6531.563164304776	2862
8	417	6666.735570304188	2861
8	430	6871.827520030301	2863
8	460	7276.836850953503	2867
8	479	7485.471700821316	2870
8	482	7496.761752609026	2871
8	509	8008.645440179128	2875
8	518	8138.277276712395	2873
8	520	8143.930152988348	2876
8	537	8441.081260135077	2877
8	546	8630.392513807722	2878
8	557	8763.640544440453	2880
8	562	8853.114714777699	2879
8	579	9054.603768053599	2883
8	590	9158.833060993725	2884
8	592	9226.610558871034	2881
8	603	9697.854188643628	2885
8	611	9943.359816350476	2886
8	618	10126.528761560088	2888
8	628	10402.050549709426	2887
8	634	10522.61552553574	2889
8	640	10643.018413495906	2890
8	661	11225.857953881908	2893
8	684	11479.73478352677	2894
8	685	11485.73478352677	2898
8	695	11679.411131417599	2895
8	705	11916.672409273134	2899
8	721	12348.485942239623	2902
8	723	12353.449438217931	2900
8	727	12449.920097294646	2901
8	733	12521.720819054622	2903
8	756	13203.08287449233	2905
8	761	13364.085875952197	2906
8	773	13680.216022336624	2907
8	788	14003.542915172279	2910
8	794	14094.880852902254	2908
8	814	14313.615213407068	2915
8	820	14381.283772270479	2914
8	832	14563.817369496673	2912
8	834	14577.878390566166	2913
8	866	14911.288801741297	2920
8	881	15130.92633569722	2921
8	883	15177.241638267529	2922
8	897	15668.793978122296	2923
8	899	15689.897264011989	2924
8	938	16088.060806764151	2926
8	954	16234.687864590905	2929
8	963	16426.657727602103	2931
8	980	16805.391469301745	2933
8	999	16960.199784351941	2938
8	1015	17105.135153391602	2940
8	1020	17154.26780939373	2939
8	1022	17162.646129914374	2937
8	1031	17225.72304048148	2936
8	1053	17478.753995620551	2942
8	1064	17851.532803568746	2945
8	1099	18986.318933404669	2950
8	1101	19026.460414027884	2951
8	1103	19033.429623998891	2952
8	1117	19142.21059155417	2954
8	1118	19148.21059155417	2953
8	1130	19330.499130469831	2955
8	1139	19538.057011673149	2956
8	1144	19703.328283783346	2957
8	1150	19878.788652084872	2958
9	109	1044.540113267398	1
9	110	1047.540113267398	0
9	115	1192.985111227392	1
9	116	1195.985111227392	0
9	136	1466.076158755782	1
9	138	1469.076158755782	0
9	147	1599.498675867918	1
9	148	1602.498675867918	0
9	166	1835.916265227534	1
9	167	1838.916265227534	0
9	168	1863.409083091888	1
9	169	1866.409083091888	0
9	181	2097.281345337892	1
9	182	2100.281345337892	0
9	183	2114.190321766317	1
9	184	2117.190321766317	0
9	193	2405.881224633846	1
9	195	2408.881224633846	0
9	208	2640.301114668412	1
9	209	2643.301114668412	0
9	232	3082.258400543789	1
9	233	3085.258400543789	0
9	236	3102.542313401166	1
9	237	3105.542313401166	0
9	238	3108.542313401166	1
9	239	3111.542313401166	0
9	254	3440.793127221621	1
9	255	3443.793127221621	0
9	269	4051.327977323785	1
9	270	4054.327977323785	0
9	271	4098.938225261077	1
9	272	4101.938225261077	0
9	280	4350.210375976537	1
9	281	4353.210375976537	0
9	287	4543.876532516938	1
9	288	4546.876532516938	0
9	289	4548.015885865291	1
9	290	4551.015885865291	0
9	301	4820.813402495034	1
9	302	4823.813402495034	0
9	309	5202.112153166715	1
9	310	5205.112153166715	0
9	318	5373.85360865557	1
9	320	5376.85360865557	0
9	324	5456.275275696462	1
9	325	5459.275275696462	0
9	351	5756.142832705636	1
9	352	5759.142832705636	0
9	380	6008.361815228177	1
9	381	6011.361815228177	0
9	382	6036.42658885279	1
9	383	6039.42658885279	0
9	394	6318.92002531655	1
9	395	6321.92002531655	0
9	410	6560.735570304188	1
9	411	6563.735570304188	0
9	421	6765.827520030301	1
9	423	6768.827520030301	0
9	425	6837.563164304776	1
9	427	6840.563164304776	0
9	441	7072.876501658064	1
9	443	7075.876501658064	0
9	449	7170.836850953503	1
9	450	7173.836850953503	0
9	455	7189.452112366629	1
9	456	7192.452112366629	0
9	465	7333.452005954102	1
9	466	7336.452005954102	0
9	468	7379.471700821316	1
9	470	7382.471700821316	0
9	471	7388.268167453236	1
9	472	7391.268167453236	0
9	510	8032.277276712395	1
9	511	8035.277276712395	0
9	530	8335.081260135077	1
9	531	8338.081260135077	0
9	539	8524.392513807722	1
9	540	8527.392513807722	0
9	550	8657.640544440453	1
9	551	8660.640544440453	0
9	554	8747.114714777699	1
9	555	8750.114714777699	0
9	583	9120.610558871034	1
9	584	9123.610558871034	0
9	585	9126.610558871034	1
9	586	9129.610558871034	0
9	598	9360.603768053599	1
9	599	9363.603768053599	0
9	607	9837.359816350476	1
9	608	9840.359816350476	0
9	623	10296.050549709426	1
9	624	10299.050549709426	0
9	629	10416.61552553574	1
9	630	10419.61552553574	0
9	635	10537.018413495906	1
9	636	10540.018413495906	0
9	641	10660.077205404146	1
9	642	10663.077205404146	0
9	655	11119.857953881908	1
9	656	11122.857953881908	0
9	658	11209.366054468156	1
9	659	11212.366054468156	0
9	672	11373.73478352677	1
9	673	11376.73478352677	0
9	688	11573.411131417599	1
9	689	11576.411131417599	0
9	702	11810.672409273134	1
9	703	11813.672409273134	0
9	716	12247.449438217931	1
9	717	12250.449438217931	0
9	718	12343.920097294646	1
9	720	12346.920097294646	0
9	752	13097.08287449233	1
9	753	13100.08287449233	0
9	757	13258.085875952197	1
9	758	13261.085875952197	0
9	769	13574.216022336624	1
9	770	13577.216022336624	0
9	785	13988.880852902254	1
9	786	13991.880852902254	0
9	791	14075.851852199861	1
9	792	14078.851852199861	0
9	796	14109.726114263214	1
9	797	14112.726114263214	0
9	810	14275.283772270479	1
9	811	14278.283772270479	0
9	823	14457.817369496673	1
9	824	14460.817369496673	0
9	825	14471.878390566166	1
9	826	14474.878390566166	0
9	859	14888.266358434939	1
9	860	14891.266358434939	0
9	861	14894.266358434939	1
9	862	14897.266358434939	0
9	863	14906.947524945835	1
9	865	14909.947524945835	0
9	875	15024.92633569722	1
9	876	15027.92633569722	0
9	920	15940.809149780342	1
9	921	15943.809149780342	0
9	925	15982.060806764151	1
9	926	15985.060806764151	0
9	927	15995.897264011989	1
9	928	15998.897264011989	0
9	941	16122.687864590905	1
9	942	16125.687864590905	0
9	943	16128.687864590905	1
9	944	16131.687864590905	0
9	955	16284.476686265713	1
9	956	16287.476686265713	0
9	958	16320.657727602103	1
9	959	16323.657727602103	0
9	972	16699.391469301745	1
9	973	16702.391469301745	0
9	975	16762.520707441612	1
9	976	16765.520707441612	0
9	1007	17048.26780939373	1
9	1008	17051.26780939373	0
9	1009	17056.646129914374	1
9	1010	17059.646129914374	0
9	1017	17119.72304048148	1
9	1018	17122.72304048148	0
9	1035	17266.199784351941	1
9	1036	17269.199784351941	0
9	1046	17372.753995620551	1
9	1047	17375.753995620551	0
9	1048	17378.354386797402	1
9	1049	17381.354386797402	0
9	1075	18243.943810307274	1
9	1076	18246.943810307274	0
9	1081	18387.834761403479	1
9	1082	18390.834761403479	0
9	1104	19037.62788904431	1
9	1106	19040.62788904431	0
9	1119	19224.499130469831	1
9	1121	19227.499130469831	0
9	1132	19339.429623998891	1
9	1133	19342.429623998891	0
9	1135	19432.057011673149	1
9	1136	19435.057011673149	0
9	1145	19772.788652084872	1
9	1146	19775.788652084872	0
10	110	1047.540113267398	3
10	116	1195.985111227392	3
10	138	1469.076158755782	3
10	148	1602.498675867918	3
10	167	1838.916265227534	3
10	169	1866.409083091888	3
10	182	2100.281345337892	3
10	184	2117.190321766317	3
10	195	2408.881224633846	3
10	209	2643.301114668412	3
10	233	3085.258400543789	3
10	237	3105.542313401166	3
10	239	3111.542313401166	3
10	255	3443.793127221621	3
10	270	4054.327977323785	3
10	272	4101.938225261077	3
10	281	4353.210375976537	3
10	288	4546.876532516938	3
10	290	4551.015885865291	3
10	302	4823.813402495034	3
10	310	5205.112153166715	3
10	320	5376.85360865557	3
10	325	5459.275275696462	3
10	352	5759.142832705636	3
10	381	6011.361815228177	3
10	383	6039.42658885279	3
10	395	6321.92002531655	3
10	411	6563.735570304188	3
10	423	6768.827520030301	3
10	427	6840.563164304776	3
10	443	7075.876501658064	3
10	450	7173.836850953503	3
10	456	7192.452112366629	3
10	466	7336.452005954102	3
10	470	7382.471700821316	3
10	472	7391.268167453236	3
10	511	8035.277276712395	3
10	531	8338.081260135077	3
10	540	8527.392513807722	3
10	551	8660.640544440453	3
10	555	8750.114714777699	3
10	584	9123.610558871034	3
10	586	9129.610558871034	3
10	599	9363.603768053599	3
10	608	9840.359816350476	3
10	624	10299.050549709426	3
10	630	10419.61552553574	3
10	636	10540.018413495906	3
10	642	10663.077205404146	3
10	656	11122.857953881908	3
10	659	11212.366054468156	3
10	673	11376.73478352677	3
10	689	11576.411131417599	3
10	703	11813.672409273134	3
10	717	12250.449438217931	3
10	720	12346.920097294646	3
10	753	13100.08287449233	3
10	758	13261.085875952197	3
10	770	13577.216022336624	3
10	786	13991.880852902254	3
10	792	14078.851852199861	3
10	797	14112.726114263214	3
10	811	14278.283772270479	3
10	824	14460.817369496673	3
10	826	14474.878390566166	3
10	860	14891.266358434939	3
10	862	14897.266358434939	3
10	865	14909.947524945835	3
10	876	15027.92633569722	3
10	921	15943.809149780342	3
10	926	15985.060806764151	3
10	928	15998.897264011989	3
10	942	16125.687864590905	3
10	944	16131.687864590905	3
10	956	16287.476686265713	3
10	959	16323.657727602103	3
10	973	16702.391469301745	3
10	976	16765.520707441612	3
10	1008	17051.26780939373	3
10	1010	17059.646129914374	3
10	1018	17122.72304048148	3
10	1036	17269.199784351941	3
10	1047	17375.753995620551	3
10	1049	17381.354386797402	3
10	1076	18246.943810307274	3
10	1082	18390.834761403479	3
10	1106	19040.62788904431	3
10	1121	19227.499130469831	3
10	1133	19342.429623998891	3
10	1136	19435.057011673149	3
10	1146	19775.788652084872	3
11	110	1047.540113267398	2823
11	116	1195.985111227392	2824
11	138	1469.076158755782	2826
11	148	1602.498675867918	2827
11	167	1838.916265227534	2828
11	169	1866.409083091888	2829
11	182	2100.281345337892	2831
11	184	2117.190321766317	2830
11	195	2408.881224633846	2832
11	209	2643.301114668412	2833
11	233	3085.258400543789	2837
11	237	3105.542313401166	2836
11	239	3111.542313401166	2835
11	255	3443.793127221621	2840
11	270	4054.327977323785	2841
11	272	4101.938225261077	2842
11	281	4353.210375976537	2843
11	288	4546.876532516938	2844
11	290	4551.015885865291	2845
11	302	4823.813402495034	2846
11	310	5205.112153166715	2847
11	320	5376.85360865557	2849
11	325	5459.275275696462	2851
11	352	5759.142832705636	2853
11	381	6011.361815228177	2856
11	383	6039.42658885279	2854
11	395	6321.92002531655	2860
11	411	6563.735570304188	2861
11	423	6768.827520030301	2863
11	427	6840.563164304776	2862
11	443	7075.876501658064	2865
11	450	7173.836850953503	2867
11	456	7192.452112366629	2866
11	466	7336.452005954102	2869
11	470	7382.471700821316	2870
11	472	7391.268167453236	2868
11	511	8035.277276712395	2873
11	531	8338.081260135077	2877
11	540	8527.392513807722	2878
11	551	8660.640544440453	2880
11	555	8750.114714777699	2879
11	584	9123.610558871034	2881
11	586	9129.610558871034	2882
11	599	9363.603768053599	2883
11	608	9840.359816350476	2886
11	624	10299.050549709426	2887
11	630	10419.61552553574	2889
11	636	10540.018413495906	2890
11	642	10663.077205404146	2891
11	656	11122.857953881908	2893
11	659	11212.366054468156	2892
11	673	11376.73478352677	2894
11	689	11576.411131417599	2895
11	703	11813.672409273134	2899
11	717	12250.449438217931	2900
11	720	12346.920097294646	2901
11	753	13100.08287449233	2905
11	758	13261.085875952197	2906
11	770	13577.216022336624	2907
11	786	13991.880852902254	2908
11	792	14078.851852199861	2911
11	797	14112.726114263214	2909
11	811	14278.283772270479	2914
11	824	14460.817369496673	2912
11	826	14474.878390566166	2913
11	860	14891.266358434939	2916
11	862	14897.266358434939	2917
11	865	14909.947524945835	2918
11	876	15027.92633569722	2921
11	921	15943.809149780342	2925
11	926	15985.060806764151	2926
11	928	15998.897264011989	2924
11	942	16125.687864590905	2927
11	944	16131.687864590905	2929
11	956	16287.476686265713	2930
11	959	16323.657727602103	2931
11	973	16702.391469301745	2933
11	976	16765.520707441612	2932
11	1008	17051.26780939373	2939
11	1010	17059.646129914374	2937
11	1018	17122.72304048148	2936
11	1036	17269.199784351941	2938
11	1047	17375.753995620551	2942
11	1049	17381.354386797402	2941
11	1076	18246.943810307274	2946
11	1082	18390.834761403479	2947
11	1106	19040.62788904431	2953
11	1121	19227.499130469831	2955
11	1133	19342.429623998891	2952
11	1136	19435.057011673149	2956
11	1146	19775.788652084872	2958
12	107	1001.64601376888	306
12	134	1456.540113267398	512
12	319	5375.938222099846	203
12	370	5885.913260040415	409
12	405	6476.682375104149	409
12	439	7041.353146157653	306
12	452	7177.827520030301	512
12	513	8046.699352196481	306
12	528	8314.645440179128	409
12	701	11791.73478352677	414.30432003121
12	743	12723.029005494137	203
12	884	15217.288801741297	409
12	924	15974.793978122296	409
12	945	16175.766973583365	306
12	1051	17460.26780939373	512
12	1058	17594.927627954139	203
12	1107	19050.574149493562	306
13	107	1001.64601376888	6
13	134	1456.540113267398	12
13	319	5375.938222099846	3
13	370	5885.913260040415	9
13	405	6476.682375104149	9
13	439	7041.353146157653	6
13	452	7177.827520030301	12
13	513	8046.699352196481	6
13	528	8314.645440179128	9
13	701	11791.73478352677	14.304320031206
13	743	12723.029005494137	3
13	884	15217.288801741297	9
13	924	15974.793978122296	9
13	945	16175.766973583365	6
13	1051	17460.26780939373	12
13	1058	17594.927627954139	3
13	1107	19050.574149493562	6
14	107	1001.64601376888	2
14	134	1456.540113267398	4
14	319	5375.938222099846	1
14	370	5885.913260040415	3
14	405	6476.682375104149	3
14	439	7041.353146157653	2
14	452	7177.827520030301	4
14	513	8046.699352196481	2
14	528	8314.645440179128	3
14	701	11791.73478352677	3
14	743	12723.029005494137	1
14	884	15217.288801741297	3
14	924	15974.793978122296	3
14	945	16175.766973583365	2
14	1051	17460.26780939373	4
14	1058	17594.927627954139	1
14	1107	19050.574149493562	2
15	210	2673.010140788757	306
15	261	3749.793127221621	512
15	377	5966.069758840576	306
15	547	8644.081260135077	512
15	626	10329.528761560088	306
15	675	11428.857953881908	409
15	735	12551.485942239623	306
16	210	2673.010140788757	6
16	261	3749.793127221621	12
16	377	5966.069758840576	6
16	547	8644.081260135077	12
16	626	10329.528761560088	6
16	675	11428.857953881908	9
16	735	12551.485942239623	6
17	210	2673.010140788757	2
17	261	3749.793127221621	4
17	377	5966.069758840576	2
17	547	8644.081260135077	4
17	626	10329.528761560088	2
17	675	11428.857953881908	3
17	735	12551.485942239623	2
18	141	1501.985111227392	512
18	144	1568.96219338024	306
18	162	1775.076158755782	512
18	194	2406.281345337892	409
18	212	2714.881224633846	409
18	303	4852.876532516938	409
18	412	6627.92002531655	409
18	492	7688.471700821316	409
18	560	8833.392513807722	512
18	581	9056.114714777699	512
18	609	9900.854188643628	306
18	696	11682.73478352677	512
18	709	12119.672409273134	409
18	737	12556.449438217931	512
18	742	12652.920097294646	512
18	778	13883.216022336624	512
18	812	14297.880852902254	512
18	837	14584.283772270479	409
18	889	15333.92633569722	512
18	957	16291.060806764151	512
18	968	16629.657727602103	512
18	1041	17308.135153391602	306
18	1123	19229.460414027884	306
19	141	1501.985111227392	12
19	144	1568.96219338024	6
19	162	1775.076158755782	12
19	194	2406.281345337892	9
19	212	2714.881224633846	9
19	303	4852.876532516938	9
19	412	6627.92002531655	9
19	492	7688.471700821316	9
19	560	8833.392513807722	12
19	581	9056.114714777699	12
19	609	9900.854188643628	6
19	696	11682.73478352677	12
19	709	12119.672409273134	9
19	737	12556.449438217931	12
19	742	12652.920097294646	12
19	778	13883.216022336624	12
19	812	14297.880852902254	12
19	837	14584.283772270479	9
19	889	15333.92633569722	12
19	957	16291.060806764151	12
19	968	16629.657727602103	12
19	1041	17308.135153391602	6
19	1123	19229.460414027884	6
20	141	1501.985111227392	4
20	144	1568.96219338024	2
20	162	1775.076158755782	4
20	194	2406.281345337892	3
20	212	2714.881224633846	3
20	303	4852.876532516938	3
20	412	6627.92002531655	3
20	492	7688.471700821316	3
20	560	8833.392513807722	4
20	581	9056.114714777699	4
20	609	9900.854188643628	2
20	696	11682.73478352677	4
20	709	12119.672409273134	3
20	737	12556.449438217931	4
20	742	12652.920097294646	4
20	778	13883.216022336624	4
20	812	14297.880852902254	4
20	837	14584.283772270479	3
20	889	15333.92633569722	4
20	957	16291.060806764151	4
20	968	16629.657727602103	4
20	1041	17308.135153391602	2
20	1123	19229.460414027884	2
21	179	2041.916265227534	512
21	248	3220.239397975355	203
21	250	3288.258400543789	409
21	279	4304.938225261077	409
21	335	5579.85360865557	306
21	343	5662.275275696462	306
21	422	6766.735570304188	512
21	525	8238.277276712395	512
21	614	10043.359816350476	306
21	638	10622.61552553574	306
21	700	11779.411131417599	512
21	795	14103.542915172279	203
21	840	14663.817369496673	512
21	841	14677.878390566166	512
21	960	16334.687864590905	412.28522275397
21	1057	17578.753995620551	409
21	1126	19242.21059155417	203
21	1141	19638.057011673149	512
22	179	2041.916265227534	12
22	248	3220.239397975355	3
22	250	3288.258400543789	9
22	279	4304.938225261077	9
22	335	5579.85360865557	6
22	343	5662.275275696462	6
22	422	6766.735570304188	12
22	525	8238.277276712395	12
22	614	10043.359816350476	6
22	638	10622.61552553574	6
22	700	11779.411131417599	12
22	795	14103.542915172279	3
22	840	14663.817369496673	12
22	841	14677.878390566166	12
22	960	16334.687864590905	12.285222753968
22	1057	17578.753995620551	9
22	1126	19242.21059155417	3
22	1141	19638.057011673149	12
23	179	2041.916265227534	4
23	248	3220.239397975355	1
23	250	3288.258400543789	3
23	279	4304.938225261077	3
23	335	5579.85360865557	2
23	343	5662.275275696462	2
23	422	6766.735570304188	4
23	525	8238.277276712395	4
23	614	10043.359816350476	2
23	638	10622.61552553574	2
23	700	11779.411131417599	4
23	795	14103.542915172279	1
23	840	14663.817369496673	4
23	841	14677.878390566166	4
23	960	16334.687864590905	3
23	1057	17578.753995620551	3
23	1126	19242.21059155417	1
23	1141	19638.057011673149	4
24	164	1805.498675867918	512
24	180	2069.409083091888	512
24	278	4257.327977323785	512
24	291	4556.210375976537	306
24	323	5408.112153166715	409
24	376	5962.142832705636	409
24	595	9258.833060993725	203
24	597	9326.610558871034	512
24	632	10502.050549709426	512
24	759	13303.08287449233	512
24	1034	17262.646129914374	409
24	1042	17325.72304048148	512
24	1108	19086.318933404669	203
24	1127	19248.21059155417	310.58270250986
24	1134	19430.499130469831	306
25	164	1805.498675867918	12
25	180	2069.409083091888	12
25	278	4257.327977323785	12
25	291	4556.210375976537	6
25	323	5408.112153166715	9
25	376	5962.142832705636	9
25	595	9258.833060993725	3
25	597	9326.610558871034	12
25	632	10502.050549709426	12
25	759	13303.08287449233	12
25	1034	17262.646129914374	9
25	1042	17325.72304048148	12
25	1108	19086.318933404669	3
25	1127	19248.21059155417	10.58270250986
25	1134	19430.499130469831	6
26	164	1805.498675867918	4
26	180	2069.409083091888	4
26	278	4257.327977323785	4
26	291	4556.210375976537	2
26	323	5408.112153166715	3
26	376	5962.142832705636	3
26	595	9258.833060993725	1
26	597	9326.610558871034	4
26	632	10502.050549709426	4
26	759	13303.08287449233	4
26	1034	17262.646129914374	3
26	1042	17325.72304048148	4
26	1108	19086.318933404669	1
26	1127	19248.21059155417	2
26	1134	19430.499130469831	2
27	247	3211.542313401166	517.77997138271
27	296	4651.015885865291	203
27	387	6139.42658885279	512
27	432	6940.563164304776	512
27	451	7175.876501658064	306
27	480	7491.268167453236	409
27	600	9463.603768053599	512
27	645	10763.077205404146	203
27	665	11312.366054468156	409
27	801	14178.851852199861	203
27	870	14991.266358434939	409
27	871	14997.266358434939	414.64988228105
27	933	16043.809149780342	409
27	939	16098.897264011989	512
27	952	16225.687864590905	409
27	961	16387.476686265713	306
27	1054	17481.354386797402	409
27	1080	18346.943810307274	306
27	1085	18490.834761403479	306
28	247	3211.542313401166	17.779971382711
28	296	4651.015885865291	3
28	387	6139.42658885279	12
28	432	6940.563164304776	12
28	451	7175.876501658064	6
28	480	7491.268167453236	9
28	600	9463.603768053599	12
28	645	10763.077205404146	3
28	665	11312.366054468156	9
28	801	14178.851852199861	3
28	870	14991.266358434939	9
28	871	14997.266358434939	14.649882281052
28	933	16043.809149780342	9
28	939	16098.897264011989	12
28	952	16225.687864590905	9
28	961	16387.476686265713	6
28	1054	17481.354386797402	9
28	1080	18346.943810307274	6
28	1085	18490.834761403479	6
29	247	3211.542313401166	4
29	296	4651.015885865291	1
29	387	6139.42658885279	4
29	432	6940.563164304776	4
29	451	7175.876501658064	2
29	480	7491.268167453236	3
29	600	9463.603768053599	4
29	645	10763.077205404146	1
29	665	11312.366054468156	3
29	801	14178.851852199861	1
29	870	14991.266358434939	3
29	871	14997.266358434939	3
29	933	16043.809149780342	3
29	939	16098.897264011989	4
29	952	16225.687864590905	3
29	961	16387.476686265713	2
29	1054	17481.354386797402	3
29	1080	18346.943810307274	2
29	1085	18490.834761403479	2
30	187	2217.190321766317	512
30	213	2743.301114668412	409
30	246	3205.542313401166	409
30	304	4923.813402495034	409
30	386	6111.361815228177	409
30	464	7292.452112366629	306
30	474	7436.452005954102	306
30	593	9229.610558871034	413.64438766845
30	805	14212.726114263214	409
30	872	15009.947524945835	409
30	986	16865.520707441612	306
30	1045	17369.199784351941	512
30	1137	19442.429623998891	512
31	187	2217.190321766317	12
31	213	2743.301114668412	9
31	246	3205.542313401166	9
31	304	4923.813402495034	9
31	386	6111.361815228177	9
31	464	7292.452112366629	6
31	474	7436.452005954102	6
31	593	9229.610558871034	13.644387668449
31	805	14212.726114263214	9
31	872	15009.947524945835	9
31	986	16865.520707441612	6
31	1045	17369.199784351941	12
31	1137	19442.429623998891	12
32	187	2217.190321766317	4
32	213	2743.301114668412	3
32	246	3205.542313401166	3
32	304	4923.813402495034	3
32	386	6111.361815228177	3
32	464	7292.452112366629	2
32	474	7436.452005954102	2
32	593	9229.610558871034	3
32	805	14212.726114263214	3
32	872	15009.947524945835	3
32	986	16865.520707441612	2
32	1045	17369.199784351941	4
32	1137	19442.429623998891	4
33	108	1019.772474991048	512
33	251	3298.084168476354	409
33	347	5704.741205375668	409
33	375	5952.977761078858	203
33	385	6076.806657348041	306
33	485	7582.836850953503	512
33	497	7751.180849875286	306
33	498	7802.761752609026	409
33	538	8449.930152988348	409
33	582	9069.640544440453	512
33	649	10949.018413495906	512
33	686	11555.751814294442	203
33	687	11564.023466754201	203
33	747	12827.720819054622	409
33	771	13670.085875952197	512
33	839	14619.615213407068	409
33	867	14921.459145940248	203
33	892	15483.241638267529	409
33	1000	16993.039918844108	306
33	1006	17036.19428167007	306
33	1016	17111.391469301745	512
33	1065	17926.147718905708	203
33	1073	18157.532803568746	409
33	1088	18635.64617160501	306
34	108	1019.772474991048	12
34	251	3298.084168476354	9
34	347	5704.741205375668	9
34	375	5952.977761078858	3
34	385	6076.806657348041	6
34	485	7582.836850953503	12
34	497	7751.180849875286	6
34	498	7802.761752609026	9
34	538	8449.930152988348	9
34	582	9069.640544440453	12
34	649	10949.018413495906	12
34	686	11555.751814294442	3
34	687	11564.023466754201	3
34	747	12827.720819054622	9
34	771	13670.085875952197	12
34	839	14619.615213407068	9
34	867	14921.459145940248	3
34	892	15483.241638267529	9
34	1000	16993.039918844108	6
34	1006	17036.19428167007	6
34	1016	17111.391469301745	12
34	1065	17926.147718905708	3
34	1073	18157.532803568746	9
34	1088	18635.64617160501	6
35	108	1019.772474991048	4
35	251	3298.084168476354	3
35	347	5704.741205375668	3
35	375	5952.977761078858	1
35	385	6076.806657348041	2
35	485	7582.836850953503	4
35	497	7751.180849875286	2
35	498	7802.761752609026	3
35	538	8449.930152988348	3
35	582	9069.640544440453	4
35	649	10949.018413495906	4
35	686	11555.751814294442	1
35	687	11564.023466754201	1
35	747	12827.720819054622	3
35	771	13670.085875952197	4
35	839	14619.615213407068	3
35	867	14921.459145940248	1
35	892	15483.241638267529	3
35	1000	16993.039918844108	2
35	1006	17036.19428167007	2
35	1016	17111.391469301745	4
35	1065	17926.147718905708	1
35	1073	18157.532803568746	3
35	1088	18635.64617160501	2

