version 3
run QueueMode-34-20260103-12:11:48-491
attr configname QueueMode
attr datetime 20260103-12:11:48
attr datetimef 20260103-121148
attr experiment QueueMode
attr inifile simulations/nwsim_project/omnetpp.ini
attr iterationvars ""
attr iterationvarsd ""
attr iterationvarsf ""
attr measurement ""
attr network CrossTraffic
attr processid 491
attr repetition 34
attr replication #34
attr resultdir results
attr runnumber 34
attr seedset 34
config description "Junction queue mode with timing penalties (no entry penalty)"
config *.Junc*.junctionMode "\"queue\""
config network CrossTraffic
config sim-time-limit 20000s
config warmup-period 1000s
config repeat 50
config **.scalar-recording true
config **.vector-recording true
config *.Junc*.junctionMode "\"queue\""
config *.EndNW.spawnInterval exponential(800s)
config *.EndNE.spawnInterval exponential(1200s)
config *.EndEN.spawnInterval exponential(1000s)
config *.EndES.spawnInterval exponential(1500s)
config *.EndSE.spawnInterval exponential(900s)
config *.EndSW.spawnInterval exponential(1100s)
config *.EndWS.spawnInterval exponential(1300s)
config *.EndWN.spawnInterval exponential(1400s)

vector 0 CrossTraffic.JuncNW queueLength:vector ETV
attr interpolationmode sample-hold
attr recordingmode vector
attr source queueLength
attr title "Queue Length"
vector 1 CrossTraffic.JuncNW junctionProcessingTime:vector ETV
attr recordingmode vector
attr source junctionProcessingTime
attr title "Junction Processing Time"
vector 2 CrossTraffic.JuncNW vehicleCount:vector ETV
attr recordingmode vector
attr source vehicleCount
attr title "Vehicle Count"
vector 3 CrossTraffic.JuncNE queueLength:vector ETV
attr interpolationmode sample-hold
attr recordingmode vector
attr source queueLength
attr title "Queue Length"
vector 4 CrossTraffic.JuncNE junctionProcessingTime:vector ETV
attr recordingmode vector
attr source junctionProcessingTime
attr title "Junction Processing Time"
vector 5 CrossTraffic.JuncNE vehicleCount:vector ETV
attr recordingmode vector
attr source vehicleCount
attr title "Vehicle Count"
vector 6 CrossTraffic.JuncSE queueLength:vector ETV
attr interpolationmode sample-hold
attr recordingmode vector
attr source queueLength
attr title "Queue Length"
vector 7 CrossTraffic.JuncSE junctionProcessingTime:vector ETV
attr recordingmode vector
attr source junctionProcessingTime
attr title "Junction Processing Time"
vector 8 CrossTraffic.JuncSE vehicleCount:vector ETV
attr recordingmode vector
attr source vehicleCount
attr title "Vehicle Count"
vector 9 CrossTraffic.JuncSW queueLength:vector ETV
attr interpolationmode sample-hold
attr recordingmode vector
attr source queueLength
attr title "Queue Length"
vector 10 CrossTraffic.JuncSW junctionProcessingTime:vector ETV
attr recordingmode vector
attr source junctionProcessingTime
attr title "Junction Processing Time"
vector 11 CrossTraffic.JuncSW vehicleCount:vector ETV
attr recordingmode vector
attr source vehicleCount
attr title "Vehicle Count"
vector 12 CrossTraffic.EndNW travelTime:vector ETV
attr recordingmode vector
attr source travelTime
attr title "Vehicle Travel Time"
vector 13 CrossTraffic.EndNW junctionTime:vector ETV
attr recordingmode vector
attr source junctionTime
attr title "Total Junction Time per Vehicle"
vector 14 CrossTraffic.EndNW junctionCount:vector ETV
attr recordingmode vector
attr source junctionCount
attr title "Junctions Visited per Vehicle"
vector 15 CrossTraffic.EndNE travelTime:vector ETV
attr recordingmode vector
attr source travelTime
attr title "Vehicle Travel Time"
vector 16 CrossTraffic.EndNE junctionTime:vector ETV
attr recordingmode vector
attr source junctionTime
attr title "Total Junction Time per Vehicle"
vector 17 CrossTraffic.EndNE junctionCount:vector ETV
attr recordingmode vector
attr source junctionCount
attr title "Junctions Visited per Vehicle"
vector 18 CrossTraffic.EndEN travelTime:vector ETV
attr recordingmode vector
attr source travelTime
attr title "Vehicle Travel Time"
vector 19 CrossTraffic.EndEN junctionTime:vector ETV
attr recordingmode vector
attr source junctionTime
attr title "Total Junction Time per Vehicle"
vector 20 CrossTraffic.EndEN junctionCount:vector ETV
attr recordingmode vector
attr source junctionCount
attr title "Junctions Visited per Vehicle"
vector 21 CrossTraffic.EndES travelTime:vector ETV
attr recordingmode vector
attr source travelTime
attr title "Vehicle Travel Time"
vector 22 CrossTraffic.EndES junctionTime:vector ETV
attr recordingmode vector
attr source junctionTime
attr title "Total Junction Time per Vehicle"
vector 23 CrossTraffic.EndES junctionCount:vector ETV
attr recordingmode vector
attr source junctionCount
attr title "Junctions Visited per Vehicle"
vector 24 CrossTraffic.EndSE travelTime:vector ETV
attr recordingmode vector
attr source travelTime
attr title "Vehicle Travel Time"
vector 25 CrossTraffic.EndSE junctionTime:vector ETV
attr recordingmode vector
attr source junctionTime
attr title "Total Junction Time per Vehicle"
vector 26 CrossTraffic.EndSE junctionCount:vector ETV
attr recordingmode vector
attr source junctionCount
attr title "Junctions Visited per Vehicle"
vector 27 CrossTraffic.EndSW travelTime:vector ETV
attr recordingmode vector
attr source travelTime
attr title "Vehicle Travel Time"
vector 28 CrossTraffic.EndSW junctionTime:vector ETV
attr recordingmode vector
attr source junctionTime
attr title "Total Junction Time per Vehicle"
vector 29 CrossTraffic.EndSW junctionCount:vector ETV
attr recordingmode vector
attr source junctionCount
attr title "Junctions Visited per Vehicle"
vector 30 CrossTraffic.EndWS travelTime:vector ETV
attr recordingmode vector
attr source travelTime
attr title "Vehicle Travel Time"
vector 31 CrossTraffic.EndWS junctionTime:vector ETV
attr recordingmode vector
attr source junctionTime
attr title "Total Junction Time per Vehicle"
vector 32 CrossTraffic.EndWS junctionCount:vector ETV
attr recordingmode vector
attr source junctionCount
attr title "Junctions Visited per Vehicle"
vector 33 CrossTraffic.EndWN travelTime:vector ETV
attr recordingmode vector
attr source travelTime
attr title "Vehicle Travel Time"
vector 34 CrossTraffic.EndWN junctionTime:vector ETV
attr recordingmode vector
attr source junctionTime
attr title "Total Junction Time per Vehicle"
vector 35 CrossTraffic.EndWN junctionCount:vector ETV
attr recordingmode vector
attr source junctionCount
attr title "Junctions Visited per Vehicle"
0	88	1108.257162054338	1
0	89	1111.257162054338	0
0	114	1798.578574823115	1
0	115	1801.578574823115	0
0	120	1852.337957354994	1
0	121	1855.337957354994	0
0	127	1921.174940289352	1
0	128	1924.174940289352	0
0	142	2102.993284433254	1
0	143	2105.993284433254	0
0	157	2502.943557409667	1
0	158	2505.943557409667	0
0	161	2570.684880468733	1
0	162	2573.684880468733	0
0	172	2688.785904880697	1
0	173	2691.785904880697	0
0	174	2707.253315068007	1
0	176	2710.253315068007	0
0	180	2744.826578405981	1
0	181	2747.826578405981	0
0	194	2897.966730068856	1
0	195	2900.966730068856	0
0	206	3013.626621984228	1
0	208	3016.626621984228	0
0	219	3202.392885041233	1
0	220	3205.392885041233	0
0	232	3393.488639383448	1
0	233	3396.488639383448	0
0	234	3476.518800353877	1
0	235	3479.518800353877	0
0	236	3482.706877738727	1
0	237	3485.706877738727	0
0	250	3843.78407489286	1
0	251	3846.78407489286	0
0	260	4536.829202031837	1
0	261	4539.829202031837	0
0	266	4865.536356588369	1
0	267	4868.536356588369	0
0	283	5213.480091111037	1
0	285	5216.480091111037	0
0	288	5279.780194375512	1
0	289	5282.780194375512	0
0	290	5316.423418571556	1
0	292	5319.423418571556	0
0	303	5427.61208584687	1
0	304	5430.61208584687	0
0	305	5474.520983907683	1
0	306	5476.297880863185	2
0	307	5477.520983907683	1
0	308	5483.520983907683	0
0	321	5676.925547488692	1
0	322	5679.925547488692	0
0	367	6583.30014626244	1
0	368	6586.30014626244	0
0	370	6615.594625714216	1
0	372	6618.594625714216	0
0	375	6628.687579855546	1
0	376	6631.687579855546	0
0	378	6663.277523410833	1
0	379	6666.277523410833	0
0	387	6728.233828903863	1
0	388	6731.233828903863	0
0	405	6878.637843213631	1
0	407	6881.637843213631	0
0	409	6904.748144363669	1
0	411	6907.748144363669	0
0	414	6971.904387895611	1
0	416	6974.904387895611	0
0	418	6983.192491954763	1
0	420	6986.192491954763	0
0	453	7639.53191303276	1
0	454	7642.53191303276	0
0	456	7729.845044049518	1
0	457	7732.845044049518	0
0	473	7993.888378632727	1
0	474	7996.888378632727	0
0	475	8008.506600095094	1
0	476	8011.506600095094	0
0	477	8035.852643699335	1
0	478	8038.852643699335	0
0	495	8393.447711504014	1
0	496	8396.447711504014	0
0	497	8469.796391547471	1
0	498	8472.796391547471	0
0	531	9082.84859971928	1
0	532	9085.84859971928	0
0	535	9123.776263348011	1
0	536	9126.776263348011	0
0	546	9361.196087824601	1
0	547	9364.196087824601	0
0	552	9864.704618097986	1
0	553	9867.704618097986	0
0	565	10296.331280065409	1
0	566	10299.331280065409	0
0	567	10352.849912611092	1
0	568	10355.849912611092	0
0	579	10715.140781660595	1
0	580	10718.140781660595	0
0	585	10858.759442560329	1
0	586	10861.759442560329	0
0	597	11113.995737022703	1
0	598	11116.995737022703	0
0	607	11274.518644765865	1
0	608	11277.518644765865	0
0	630	11885.293018834423	1
0	631	11888.293018834423	0
0	639	12173.268107789899	1
0	640	12176.268107789899	0
0	649	12401.351591004266	1
0	650	12404.351591004266	0
0	655	12602.025763323966	1
0	656	12605.025763323966	0
0	657	12640.718133187762	1
0	658	12643.718133187762	0
0	665	12806.934192833678	1
0	667	12809.934192833678	0
0	676	13023.140142769924	1
0	677	13026.140142769924	0
0	681	13205.262866889787	1
0	682	13208.262866889787	0
0	694	13720.031490287971	1
0	695	13723.031490287971	0
0	696	13761.53639950376	1
0	697	13764.53639950376	0
0	703	13878.940355754563	1
0	704	13881.940355754563	0
0	712	14028.26392396964	1
0	713	14031.26392396964	0
0	732	14336.18476699977	1
0	734	14339.18476699977	0
0	740	14440.464701068809	1
0	743	14443.464701068809	0
0	744	14541.209600813101	1
0	747	14544.209600813101	0
0	769	15359.392805105639	1
0	770	15362.392805105639	0
0	772	15429.699747532513	1
0	773	15432.699747532513	0
0	776	15510.730691131716	1
0	777	15513.730691131716	0
0	792	16015.702320336297	1
0	793	16018.702320336297	0
0	797	16149.391153211876	1
0	798	16152.391153211876	0
0	814	16492.165551498846	1
0	815	16495.165551498846	0
0	816	16525.403491722061	1
0	817	16528.403491722061	0
0	847	17219.690136433607	1
0	848	17222.690136433607	0
0	852	17380.604076491378	1
0	853	17383.604076491378	0
0	876	17931.18311678959	1
0	877	17934.18311678959	0
0	880	17994.11759307089	1
0	881	17997.11759307089	0
0	883	18041.505188982749	1
0	884	18044.505188982749	0
0	897	18344.980655122642	1
0	898	18347.980655122642	0
0	911	18441.15964159661	1
0	912	18444.15964159661	0
0	927	18526.2497066961	1
0	928	18529.2497066961	0
0	964	18803.20978163346	1
0	965	18806.20978163346	0
0	966	18814.708752234102	1
0	967	18817.708752234102	0
0	972	18890.714567922696	1
0	973	18893.714567922696	0
0	978	18948.08260601398	1
0	979	18951.08260601398	0
0	992	19174.422719853021	1
0	993	19177.422719853021	0
0	996	19211.641164335706	1
0	997	19214.641164335706	0
0	1014	19437.691047799128	1
0	1015	19440.691047799128	0
1	89	1111.257162054338	3
1	115	1801.578574823115	3
1	121	1855.337957354994	3
1	128	1924.174940289352	3
1	143	2105.993284433254	3
1	158	2505.943557409667	3
1	162	2573.684880468733	3
1	173	2691.785904880697	3
1	176	2710.253315068007	3
1	181	2747.826578405981	3
1	195	2900.966730068856	3
1	208	3016.626621984228	3
1	220	3205.392885041233	3
1	233	3396.488639383448	3
1	235	3479.518800353877	3
1	237	3485.706877738727	3
1	251	3846.78407489286	3
1	261	4539.829202031837	3
1	267	4868.536356588369	3
1	285	5216.480091111037	3
1	289	5282.780194375512	3
1	292	5319.423418571556	3
1	304	5430.61208584687	3
1	307	5477.520983907683	3
1	308	5483.520983907683	7.223103044498
1	322	5679.925547488692	3
1	368	6586.30014626244	3
1	372	6618.594625714216	3
1	376	6631.687579855546	3
1	379	6666.277523410833	3
1	388	6731.233828903863	3
1	407	6881.637843213631	3
1	411	6907.748144363669	3
1	416	6974.904387895611	3
1	420	6986.192491954763	3
1	454	7642.53191303276	3
1	457	7732.845044049518	3
1	474	7996.888378632727	3
1	476	8011.506600095094	3
1	478	8038.852643699335	3
1	496	8396.447711504014	3
1	498	8472.796391547471	3
1	532	9085.84859971928	3
1	536	9126.776263348011	3
1	547	9364.196087824601	3
1	553	9867.704618097986	3
1	566	10299.331280065409	3
1	568	10355.849912611092	3
1	580	10718.140781660595	3
1	586	10861.759442560329	3
1	598	11116.995737022703	3
1	608	11277.518644765865	3
1	631	11888.293018834423	3
1	640	12176.268107789899	3
1	650	12404.351591004266	3
1	656	12605.025763323966	3
1	658	12643.718133187762	3
1	667	12809.934192833678	3
1	677	13026.140142769924	3
1	682	13208.262866889787	3
1	695	13723.031490287971	3
1	697	13764.53639950376	3
1	704	13881.940355754563	3
1	713	14031.26392396964	3
1	734	14339.18476699977	3
1	743	14443.464701068809	3
1	747	14544.209600813101	3
1	770	15362.392805105639	3
1	773	15432.699747532513	3
1	777	15513.730691131716	3
1	793	16018.702320336297	3
1	798	16152.391153211876	3
1	815	16495.165551498846	3
1	817	16528.403491722061	3
1	848	17222.690136433607	3
1	853	17383.604076491378	3
1	877	17934.18311678959	3
1	881	17997.11759307089	3
1	884	18044.505188982749	3
1	898	18347.980655122642	3
1	912	18444.15964159661	3
1	928	18529.2497066961	3
1	965	18806.20978163346	3
1	967	18817.708752234102	3
1	973	18893.714567922696	3
1	979	18951.08260601398	3
1	993	19177.422719853021	3
1	997	19214.641164335706	3
1	1015	19440.691047799128	3
2	89	1111.257162054338	5278
2	115	1801.578574823115	5279
2	121	1855.337957354994	5284
2	128	1924.174940289352	5283
2	143	2105.993284433254	5282
2	158	2505.943557409667	5287
2	162	2573.684880468733	5289
2	173	2691.785904880697	5290
2	176	2710.253315068007	5291
2	181	2747.826578405981	5292
2	195	2900.966730068856	5293
2	208	3016.626621984228	5295
2	220	3205.392885041233	5294
2	233	3396.488639383448	5297
2	235	3479.518800353877	5298
2	237	3485.706877738727	5296
2	251	3846.78407489286	5299
2	261	4539.829202031837	5300
2	267	4868.536356588369	5301
2	285	5216.480091111037	5305
2	289	5282.780194375512	5304
2	292	5319.423418571556	5303
2	304	5430.61208584687	5306
2	307	5477.520983907683	5308
2	308	5483.520983907683	5307
2	322	5679.925547488692	5309
2	368	6586.30014626244	5312
2	372	6618.594625714216	5316
2	376	6631.687579855546	5315
2	379	6666.277523410833	5318
2	388	6731.233828903863	5317
2	407	6881.637843213631	5319
2	411	6907.748144363669	5321
2	416	6974.904387895611	5323
2	420	6986.192491954763	5322
2	454	7642.53191303276	5325
2	457	7732.845044049518	5326
2	474	7996.888378632727	5328
2	476	8011.506600095094	5329
2	478	8038.852643699335	5330
2	496	8396.447711504014	5332
2	498	8472.796391547471	5333
2	532	9085.84859971928	5335
2	536	9126.776263348011	5336
2	547	9364.196087824601	5338
2	553	9867.704618097986	5339
2	566	10299.331280065409	5341
2	568	10355.849912611092	5340
2	580	10718.140781660595	5342
2	586	10861.759442560329	5343
2	598	11116.995737022703	5345
2	608	11277.518644765865	5346
2	631	11888.293018834423	5351
2	640	12176.268107789899	5352
2	650	12404.351591004266	5353
2	656	12605.025763323966	5354
2	658	12643.718133187762	5355
2	667	12809.934192833678	5356
2	677	13026.140142769924	5357
2	682	13208.262866889787	5358
2	695	13723.031490287971	5359
2	697	13764.53639950376	5360
2	704	13881.940355754563	5361
2	713	14031.26392396964	5362
2	734	14339.18476699977	5365
2	743	14443.464701068809	5366
2	747	14544.209600813101	5367
2	770	15362.392805105639	5370
2	773	15432.699747532513	5369
2	777	15513.730691131716	5371
2	793	16018.702320336297	5372
2	798	16152.391153211876	5373
2	815	16495.165551498846	5375
2	817	16528.403491722061	5374
2	848	17222.690136433607	5378
2	853	17383.604076491378	5379
2	877	17934.18311678959	5382
2	881	17997.11759307089	5381
2	884	18044.505188982749	5383
2	898	18347.980655122642	5386
2	912	18444.15964159661	5389
2	928	18529.2497066961	5393
2	965	18806.20978163346	5398
2	967	18817.708752234102	5392
2	973	18893.714567922696	5396
2	979	18951.08260601398	5399
2	993	19177.422719853021	5400
2	997	19214.641164335706	5402
2	1015	19440.691047799128	5403
3	86	1005.257162054338	1
3	87	1008.257162054338	0
3	103	1695.578574823115	1
3	104	1698.578574823115	0
3	106	1733.180155671235	1
3	108	1736.180155671235	0
3	116	1818.174940289352	1
3	117	1821.174940289352	0
3	133	1999.993284433254	1
3	134	2002.993284433254	0
3	140	2095.748192755803	1
3	141	2098.748192755803	0
3	150	2231.240122100889	1
3	151	2234.240122100889	0
3	163	2585.785904880697	1
3	164	2588.785904880697	0
3	178	2728.938342155669	1
3	179	2731.938342155669	0
3	211	3099.392885041233	1
3	212	3102.392885041233	0
3	225	3290.488639383448	1
3	226	3293.488639383448	0
3	230	3379.706877738727	1
3	231	3382.706877738727	0
3	248	3740.78407489286	1
3	249	3743.78407489286	0
3	258	4433.829202031837	1
3	259	4436.829202031837	0
3	274	5109.965251165946	1
3	276	5112.965251165946	0
3	279	5176.780194375512	1
3	280	5179.780194375512	0
3	282	5213.423418571556	1
3	284	5216.423418571556	0
3	294	5324.61208584687	1
3	295	5327.61208584687	0
3	296	5373.297880863185	1
3	298	5376.297880863185	0
3	309	5522.480091111037	1
3	310	5525.480091111037	0
3	333	5968.723719659939	1
3	334	5971.723719659939	0
3	335	5985.925547488692	1
3	336	5988.925547488692	0
3	354	6480.30014626244	1
3	355	6483.30014626244	0
3	360	6525.687579855546	1
3	362	6528.687579855546	0
3	363	6532.435409899165	1
3	364	6535.435409899165	0
3	373	6625.233828903863	1
3	374	6628.233828903863	0
3	393	6775.637843213631	1
3	394	6778.637843213631	0
3	397	6801.748144363669	1
3	398	6804.748144363669	0
3	406	6880.192491954763	1
3	408	6883.192491954763	0
3	431	7109.891606928178	1
3	433	7112.891606928178	0
3	449	7536.53191303276	1
3	450	7539.53191303276	0
3	451	7626.845044049518	1
3	452	7629.845044049518	0
3	465	7890.888378632727	1
3	466	7893.888378632727	0
3	467	7905.506600095094	1
3	468	7908.506600095094	0
3	470	7932.852643699335	1
3	471	7935.852643699335	0
3	489	8246.782107245479	1
3	490	8249.782107245479	0
3	510	8778.796391547471	1
3	511	8781.796391547471	0
3	523	8979.84859971928	1
3	524	8982.84859971928	0
3	527	9020.776263348011	1
3	528	9023.776263348011	0
3	529	9040.633007669271	1
3	530	9043.633007669271	0
3	539	9195.22297202572	1
3	540	9198.22297202572	0
3	550	9761.704618097986	1
3	551	9764.704618097986	0
3	561	10193.331280065409	1
3	562	10196.331280065409	0
3	563	10249.849912611092	1
3	564	10252.849912611092	0
3	576	10612.140781660595	1
3	577	10615.140781660595	0
3	581	10755.759442560329	1
3	582	10758.759442560329	0
3	587	10956.816500499823	1
3	588	10959.816500499823	0
3	600	11171.518644765865	1
3	601	11174.518644765865	0
3	603	11199.842364965212	1
3	604	11202.842364965212	0
3	609	11298.250300223425	1
3	610	11301.250300223425	0
3	627	11822.187424926701	1
3	628	11825.187424926701	0
3	636	12070.268107789899	1
3	637	12073.268107789899	0
3	645	12298.351591004266	1
3	646	12301.351591004266	0
3	651	12499.025763323966	1
3	652	12502.025763323966	0
3	673	12920.140142769924	1
3	674	12923.140142769924	0
3	688	13617.031490287971	1
3	689	13620.031490287971	0
3	690	13658.53639950376	1
3	691	13661.53639950376	0
3	698	13775.940355754563	1
3	699	13778.940355754563	0
3	714	14048.468191133074	1
3	715	14051.468191133074	0
3	726	14233.18476699977	1
3	728	14236.18476699977	0
3	730	14271.26002933576	1
3	731	14274.26002933576	0
3	733	14337.26392396964	1
3	735	14340.26392396964	0
3	753	14650.928774311326	1
3	754	14653.928774311326	0
3	758	14850.209600813101	1
3	759	14853.209600813101	0
3	765	15256.392805105639	1
3	766	15259.392805105639	0
3	767	15326.699747532513	1
3	768	15329.699747532513	0
3	790	15912.702320336297	1
3	791	15915.702320336297	0
3	808	16389.165551498846	1
3	809	16392.165551498846	0
3	810	16422.403491722061	1
3	811	16425.403491722061	0
3	812	16458.391153211876	1
3	813	16461.391153211876	0
3	832	16806.171586273884	1
3	833	16809.171586273884	0
3	843	17116.690136433607	1
3	844	17119.690136433607	0
3	849	17277.604076491378	1
3	850	17280.604076491378	0
3	865	17756.730539384278	1
3	866	17759.730539384278	0
3	869	17828.18311678959	1
3	870	17831.18311678959	0
3	874	17891.11759307089	1
3	875	17894.11759307089	0
3	878	17938.505188982749	1
3	879	17941.505188982749	0
3	918	18504.579531526554	1
3	921	18507.579531526554	0
3	923	18510.156288726322	1
3	924	18513.156288726322	0
3	925	18521.7233181368	1
3	926	18524.7233181368	0
3	934	18580.125283163475	1
3	935	18583.125283163475	0
3	946	18637.754075166929	1
3	947	18640.754075166929	0
3	954	18711.708752234102	1
3	955	18714.708752234102	0
3	962	18787.714567922696	1
3	963	18790.714567922696	0
3	968	18825.835993650183	1
3	969	18828.835993650183	0
3	1003	19288.585103337214	1
3	1004	19291.585103337214	0
3	1007	19334.691047799128	1
3	1008	19337.691047799128	0
3	1017	19520.641164335706	1
3	1018	19523.641164335706	0
3	1035	19980.504551760365	1
3	1036	19983.504551760365	0
4	87	1008.257162054338	3
4	104	1698.578574823115	3
4	108	1736.180155671235	3
4	117	1821.174940289352	3
4	134	2002.993284433254	3
4	141	2098.748192755803	3
4	151	2234.240122100889	3
4	164	2588.785904880697	3
4	179	2731.938342155669	3
4	212	3102.392885041233	3
4	226	3293.488639383448	3
4	231	3382.706877738727	3
4	249	3743.78407489286	3
4	259	4436.829202031837	3
4	276	5112.965251165946	3
4	280	5179.780194375512	3
4	284	5216.423418571556	3
4	295	5327.61208584687	3
4	298	5376.297880863185	3
4	310	5525.480091111037	3
4	334	5971.723719659939	3
4	336	5988.925547488692	3
4	355	6483.30014626244	3
4	362	6528.687579855546	3
4	364	6535.435409899165	3
4	374	6628.233828903863	3
4	394	6778.637843213631	3
4	398	6804.748144363669	3
4	408	6883.192491954763	3
4	433	7112.891606928178	3
4	450	7539.53191303276	3
4	452	7629.845044049518	3
4	466	7893.888378632727	3
4	468	7908.506600095094	3
4	471	7935.852643699335	3
4	490	8249.782107245479	3
4	511	8781.796391547471	3
4	524	8982.84859971928	3
4	528	9023.776263348011	3
4	530	9043.633007669271	3
4	540	9198.22297202572	3
4	551	9764.704618097986	3
4	562	10196.331280065409	3
4	564	10252.849912611092	3
4	577	10615.140781660595	3
4	582	10758.759442560329	3
4	588	10959.816500499823	3
4	601	11174.518644765865	3
4	604	11202.842364965212	3
4	610	11301.250300223425	3
4	628	11825.187424926701	3
4	637	12073.268107789899	3
4	646	12301.351591004266	3
4	652	12502.025763323966	3
4	674	12923.140142769924	3
4	689	13620.031490287971	3
4	691	13661.53639950376	3
4	699	13778.940355754563	3
4	715	14051.468191133074	3
4	728	14236.18476699977	3
4	731	14274.26002933576	3
4	735	14340.26392396964	3
4	754	14653.928774311326	3
4	759	14853.209600813101	3
4	766	15259.392805105639	3
4	768	15329.699747532513	3
4	791	15915.702320336297	3
4	809	16392.165551498846	3
4	811	16425.403491722061	3
4	813	16461.391153211876	3
4	833	16809.171586273884	3
4	844	17119.690136433607	3
4	850	17280.604076491378	3
4	866	17759.730539384278	3
4	870	17831.18311678959	3
4	875	17894.11759307089	3
4	879	17941.505188982749	3
4	921	18507.579531526554	3
4	924	18513.156288726322	3
4	926	18524.7233181368	3
4	935	18583.125283163475	3
4	947	18640.754075166929	3
4	955	18714.708752234102	3
4	963	18790.714567922696	3
4	969	18828.835993650183	3
4	1004	19291.585103337214	3
4	1008	19337.691047799128	3
4	1018	19523.641164335706	3
4	1036	19983.504551760365	3
5	87	1008.257162054338	5278
5	104	1698.578574823115	5279
5	108	1736.180155671235	5280
5	117	1821.174940289352	5283
5	134	2002.993284433254	5282
5	141	2098.748192755803	5285
5	151	2234.240122100889	5286
5	164	2588.785904880697	5290
5	179	2731.938342155669	5288
5	212	3102.392885041233	5294
5	226	3293.488639383448	5297
5	231	3382.706877738727	5296
5	249	3743.78407489286	5299
5	259	4436.829202031837	5300
5	276	5112.965251165946	5302
5	280	5179.780194375512	5304
5	284	5216.423418571556	5303
5	295	5327.61208584687	5306
5	298	5376.297880863185	5307
5	310	5525.480091111037	5305
5	334	5971.723719659939	5310
5	336	5988.925547488692	5309
5	355	6483.30014626244	5312
5	362	6528.687579855546	5315
5	364	6535.435409899165	5314
5	374	6628.233828903863	5317
5	394	6778.637843213631	5319
5	398	6804.748144363669	5321
5	408	6883.192491954763	5322
5	433	7112.891606928178	5324
5	450	7539.53191303276	5325
5	452	7629.845044049518	5326
5	466	7893.888378632727	5328
5	468	7908.506600095094	5329
5	471	7935.852643699335	5330
5	490	8249.782107245479	5331
5	511	8781.796391547471	5333
5	524	8982.84859971928	5335
5	528	9023.776263348011	5336
5	530	9043.633007669271	5334
5	540	9198.22297202572	5337
5	551	9764.704618097986	5339
5	562	10196.331280065409	5341
5	564	10252.849912611092	5340
5	577	10615.140781660595	5342
5	582	10758.759442560329	5343
5	588	10959.816500499823	5344
5	601	11174.518644765865	5346
5	604	11202.842364965212	5347
5	610	11301.250300223425	5348
5	628	11825.187424926701	5350
5	637	12073.268107789899	5352
5	646	12301.351591004266	5353
5	652	12502.025763323966	5354
5	674	12923.140142769924	5357
5	689	13620.031490287971	5359
5	691	13661.53639950376	5360
5	699	13778.940355754563	5361
5	715	14051.468191133074	5363
5	728	14236.18476699977	5365
5	731	14274.26002933576	5364
5	735	14340.26392396964	5362
5	754	14653.928774311326	5368
5	759	14853.209600813101	5367
5	766	15259.392805105639	5370
5	768	15329.699747532513	5369
5	791	15915.702320336297	5372
5	809	16392.165551498846	5375
5	811	16425.403491722061	5374
5	813	16461.391153211876	5373
5	833	16809.171586273884	5377
5	844	17119.690136433607	5378
5	850	17280.604076491378	5379
5	866	17759.730539384278	5380
5	870	17831.18311678959	5382
5	875	17894.11759307089	5381
5	879	17941.505188982749	5383
5	921	18507.579531526554	5385
5	924	18513.156288726322	5387
5	926	18524.7233181368	5388
5	935	18583.125283163475	5390
5	947	18640.754075166929	5394
5	955	18714.708752234102	5392
5	963	18790.714567922696	5396
5	969	18828.835993650183	5397
5	1004	19291.585103337214	5401
5	1008	19337.691047799128	5403
5	1018	19523.641164335706	5402
5	1036	19983.504551760365	5406
6	96	1592.578574823115	1
6	97	1595.578574823115	0
6	98	1630.180155671235	1
6	100	1633.180155671235	0
6	107	1733.249397813711	1
6	109	1736.249397813711	0
6	124	1896.993284433254	1
6	125	1899.993284433254	0
6	131	1992.748192755803	1
6	132	1995.748192755803	0
6	138	2058.337957354994	1
6	139	2061.337957354994	0
6	145	2128.240122100889	1
6	146	2131.240122100889	0
6	168	2625.938342155669	1
6	169	2628.938342155669	0
6	175	2708.943557409667	1
6	177	2711.943557409667	0
6	191	2894.785904880697	1
6	193	2897.785904880697	0
6	196	2913.253315068007	1
6	198	2916.253315068007	0
6	199	2950.826578405981	1
6	200	2953.826578405981	0
6	201	2996.392885041233	1
6	203	2999.392885041233	0
6	221	3219.626621984228	1
6	222	3222.626621984228	0
6	223	3276.706877738727	1
6	224	3279.706877738727	0
6	243	3599.488639383448	1
6	244	3602.488639383448	0
6	254	4049.78407489286	1
6	255	4052.78407489286	0
6	270	5006.965251165946	1
6	271	5009.965251165946	0
6	275	5110.423418571556	1
6	277	5113.423418571556	0
6	301	5419.480091111037	1
6	302	5422.480091111037	0
6	329	5865.723719659939	1
6	330	5868.723719659939	0
6	331	5882.925547488692	1
6	332	5885.925547488692	0
6	345	6377.30014626244	1
6	346	6380.30014626244	0
6	349	6424.844920017023	1
6	351	6427.844920017023	0
6	352	6429.435409899165	1
6	353	6432.435409899165	0
6	356	6514.966516305264	1
6	358	6517.966516305264	0
6	380	6672.637843213631	1
6	381	6675.637843213631	0
6	402	6869.277523410833	1
6	404	6872.277523410833	0
6	412	6934.233828903863	1
6	413	6937.233828903863	0
6	421	7006.891606928178	1
6	423	7009.891606928178	0
6	432	7110.748144363669	1
6	434	7113.748144363669	0
6	436	7189.192491954763	1
6	437	7192.192491954763	0
6	445	7433.53191303276	1
6	446	7436.53191303276	0
6	447	7523.845044049518	1
6	448	7526.845044049518	0
6	461	7810.63005375141	1
6	462	7813.63005375141	0
6	485	8143.782107245479	1
6	486	8146.782107245479	0
6	487	8241.852643699335	1
6	488	8244.852643699335	0
6	503	8599.447711504014	1
6	504	8602.447711504014	0
6	505	8675.796391547471	1
6	506	8678.796391547471	0
6	515	8876.84859971928	1
6	516	8879.84859971928	0
6	519	8917.776263348011	1
6	520	8920.776263348011	0
6	521	8937.633007669271	1
6	522	8940.633007669271	0
6	533	9092.22297202572	1
6	534	9095.22297202572	0
6	559	10146.849912611092	1
6	560	10149.849912611092	0
6	573	10509.140781660595	1
6	574	10512.140781660595	0
6	593	11064.759442560329	1
6	594	11067.759442560329	0
6	621	11699.147662284185	1
6	622	11702.147662284185	0
6	623	11719.187424926701	1
6	624	11722.187424926701	0
6	633	11967.268107789899	1
6	634	11970.268107789899	0
6	641	12195.351591004266	1
6	642	12198.351591004266	0
6	647	12396.025763323966	1
6	648	12399.025763323966	0
6	668	12817.140142769924	1
6	669	12820.140142769924	0
6	692	13672.940355754563	1
6	693	13675.940355754563	0
6	708	13967.53639950376	1
6	709	13970.53639950376	0
6	724	14168.26002933576	1
6	725	14171.26002933576	0
6	727	14234.26392396964	1
6	729	14237.26392396964	0
6	745	14542.18476699977	1
6	748	14545.18476699977	0
6	755	14747.209600813101	1
6	756	14750.209600813101	0
6	763	15223.699747532513	1
6	764	15226.699747532513	0
6	780	15565.392805105639	1
6	781	15568.392805105639	0
6	786	15716.730691131716	1
6	787	15719.730691131716	0
6	804	16319.403491722061	1
6	805	16322.403491722061	0
6	806	16355.391153211876	1
6	807	16358.391153211876	0
6	826	16698.165551498846	1
6	827	16701.165551498846	0
6	828	16703.171586273884	1
6	829	16706.171586273884	0
6	839	17013.690136433607	1
6	840	17016.690136433607	0
6	845	17174.604076491378	1
6	846	17177.604076491378	0
6	858	17653.730539384278	1
6	859	17656.730539384278	0
6	862	17725.18311678959	1
6	863	17728.18311678959	0
6	867	17788.11759307089	1
6	868	17791.11759307089	0
6	871	17835.505188982749	1
6	872	17838.505188982749	0
6	901	18401.579531526554	1
6	903	18404.579531526554	0
6	905	18407.156288726322	1
6	906	18410.156288726322	0
6	907	18418.7233181368	1
6	908	18421.7233181368	0
6	915	18477.125283163475	1
6	916	18480.125283163475	0
6	929	18534.754075166929	1
6	930	18537.754075166929	0
6	939	18608.708752234102	1
6	940	18611.708752234102	0
6	951	18684.714567922696	1
6	952	18687.714567922696	0
6	956	18722.835993650183	1
6	957	18725.835993650183	0
6	960	18766.625304858946	1
6	961	18769.625304858946	0
6	981	19009.20978163346	1
6	982	19012.20978163346	0
6	990	19154.08260601398	1
6	991	19157.08260601398	0
6	994	19185.585103337214	1
6	995	19188.585103337214	0
6	998	19231.691047799128	1
6	999	19234.691047799128	0
6	1009	19380.422719853021	1
6	1010	19383.422719853021	0
6	1012	19417.641164335706	1
6	1013	19420.641164335706	0
6	1029	19858.305343967674	1
6	1030	19861.305343967674	0
6	1032	19900.890885645216	1
6	1033	19903.890885645216	0
7	97	1595.578574823115	3
7	100	1633.180155671235	3
7	109	1736.249397813711	3
7	125	1899.993284433254	3
7	132	1995.748192755803	3
7	139	2061.337957354994	3
7	146	2131.240122100889	3
7	169	2628.938342155669	3
7	177	2711.943557409667	3
7	193	2897.785904880697	3
7	198	2916.253315068007	3
7	200	2953.826578405981	3
7	203	2999.392885041233	3
7	222	3222.626621984228	3
7	224	3279.706877738727	3
7	244	3602.488639383448	3
7	255	4052.78407489286	3
7	271	5009.965251165946	3
7	277	5113.423418571556	3
7	302	5422.480091111037	3
7	330	5868.723719659939	3
7	332	5885.925547488692	3
7	346	6380.30014626244	3
7	351	6427.844920017023	3
7	353	6432.435409899165	3
7	358	6517.966516305264	3
7	381	6675.637843213631	3
7	404	6872.277523410833	3
7	413	6937.233828903863	3
7	423	7009.891606928178	3
7	434	7113.748144363669	3
7	437	7192.192491954763	3
7	446	7436.53191303276	3
7	448	7526.845044049518	3
7	462	7813.63005375141	3
7	486	8146.782107245479	3
7	488	8244.852643699335	3
7	504	8602.447711504014	3
7	506	8678.796391547471	3
7	516	8879.84859971928	3
7	520	8920.776263348011	3
7	522	8940.633007669271	3
7	534	9095.22297202572	3
7	560	10149.849912611092	3
7	574	10512.140781660595	3
7	594	11067.759442560329	3
7	622	11702.147662284185	3
7	624	11722.187424926701	3
7	634	11970.268107789899	3
7	642	12198.351591004266	3
7	648	12399.025763323966	3
7	669	12820.140142769924	3
7	693	13675.940355754563	3
7	709	13970.53639950376	3
7	725	14171.26002933576	3
7	729	14237.26392396964	3
7	748	14545.18476699977	3
7	756	14750.209600813101	3
7	764	15226.699747532513	3
7	781	15568.392805105639	3
7	787	15719.730691131716	3
7	805	16322.403491722061	3
7	807	16358.391153211876	3
7	827	16701.165551498846	3
7	829	16706.171586273884	3
7	840	17016.690136433607	3
7	846	17177.604076491378	3
7	859	17656.730539384278	3
7	863	17728.18311678959	3
7	868	17791.11759307089	3
7	872	17838.505188982749	3
7	903	18404.579531526554	3
7	906	18410.156288726322	3
7	908	18421.7233181368	3
7	916	18480.125283163475	3
7	930	18537.754075166929	3
7	940	18611.708752234102	3
7	952	18687.714567922696	3
7	957	18725.835993650183	3
7	961	18769.625304858946	3
7	982	19012.20978163346	3
7	991	19157.08260601398	3
7	995	19188.585103337214	3
7	999	19234.691047799128	3
7	1010	19383.422719853021	3
7	1013	19420.641164335706	3
7	1030	19861.305343967674	3
7	1033	19903.890885645216	3
8	97	1595.578574823115	5279
8	100	1633.180155671235	5280
8	109	1736.249397813711	5281
8	125	1899.993284433254	5282
8	132	1995.748192755803	5285
8	139	2061.337957354994	5284
8	146	2131.240122100889	5286
8	169	2628.938342155669	5288
8	177	2711.943557409667	5287
8	193	2897.785904880697	5290
8	198	2916.253315068007	5291
8	200	2953.826578405981	5292
8	203	2999.392885041233	5294
8	222	3222.626621984228	5295
8	224	3279.706877738727	5296
8	244	3602.488639383448	5297
8	255	4052.78407489286	5299
8	271	5009.965251165946	5302
8	277	5113.423418571556	5303
8	302	5422.480091111037	5305
8	330	5868.723719659939	5310
8	332	5885.925547488692	5309
8	346	6380.30014626244	5312
8	351	6427.844920017023	5311
8	353	6432.435409899165	5314
8	358	6517.966516305264	5313
8	381	6675.637843213631	5319
8	404	6872.277523410833	5318
8	413	6937.233828903863	5317
8	423	7009.891606928178	5324
8	434	7113.748144363669	5321
8	437	7192.192491954763	5322
8	446	7436.53191303276	5325
8	448	7526.845044049518	5326
8	462	7813.63005375141	5327
8	486	8146.782107245479	5331
8	488	8244.852643699335	5330
8	504	8602.447711504014	5332
8	506	8678.796391547471	5333
8	516	8879.84859971928	5335
8	520	8920.776263348011	5336
8	522	8940.633007669271	5334
8	534	9095.22297202572	5337
8	560	10149.849912611092	5340
8	574	10512.140781660595	5342
8	594	11067.759442560329	5343
8	622	11702.147662284185	5349
8	624	11722.187424926701	5350
8	634	11970.268107789899	5352
8	642	12198.351591004266	5353
8	648	12399.025763323966	5354
8	669	12820.140142769924	5357
8	693	13675.940355754563	5361
8	709	13970.53639950376	5360
8	725	14171.26002933576	5364
8	729	14237.26392396964	5362
8	748	14545.18476699977	5365
8	756	14750.209600813101	5367
8	764	15226.699747532513	5369
8	781	15568.392805105639	5370
8	787	15719.730691131716	5371
8	805	16322.403491722061	5374
8	807	16358.391153211876	5373
8	827	16701.165551498846	5375
8	829	16706.171586273884	5377
8	840	17016.690136433607	5378
8	846	17177.604076491378	5379
8	859	17656.730539384278	5380
8	863	17728.18311678959	5382
8	868	17791.11759307089	5381
8	872	17838.505188982749	5383
8	903	18404.579531526554	5385
8	906	18410.156288726322	5387
8	908	18421.7233181368	5388
8	916	18480.125283163475	5390
8	930	18537.754075166929	5394
8	940	18611.708752234102	5392
8	952	18687.714567922696	5396
8	957	18725.835993650183	5397
8	961	18769.625304858946	5395
8	982	19012.20978163346	5398
8	991	19157.08260601398	5399
8	995	19188.585103337214	5401
8	999	19234.691047799128	5403
8	1010	19383.422719853021	5400
8	1013	19420.641164335706	5402
8	1030	19861.305343967674	5404
8	1033	19903.890885645216	5405
9	90	1211.257162054338	1
9	91	1214.257162054338	0
9	99	1630.249397813711	1
9	101	1633.249397813711	0
9	112	1793.993284433254	1
9	113	1796.993284433254	0
9	122	1889.748192755803	1
9	123	1892.748192755803	0
9	129	1955.337957354994	1
9	130	1958.337957354994	0
9	135	2024.174940289352	1
9	136	2027.174940289352	0
9	159	2522.938342155669	1
9	160	2525.938342155669	0
9	165	2605.943557409667	1
9	167	2608.943557409667	0
9	182	2791.785904880697	1
9	183	2794.785904880697	0
9	185	2810.253315068007	1
9	187	2813.253315068007	0
9	189	2847.826578405981	1
9	190	2850.826578405981	0
9	204	3000.966730068856	1
9	205	3003.966730068856	0
9	214	3116.626621984228	1
9	215	3119.626621984228	0
9	216	3173.706877738727	1
9	217	3176.706877738727	0
9	238	3496.488639383448	1
9	239	3499.488639383448	0
9	240	3579.518800353877	1
9	241	3582.518800353877	0
9	252	3946.78407489286	1
9	253	3949.78407489286	0
9	262	4639.829202031837	1
9	263	4642.829202031837	0
9	291	5316.480091111037	1
9	293	5319.480091111037	0
9	311	5530.61208584687	1
9	312	5533.61208584687	0
9	314	5577.520983907683	1
9	315	5580.520983907683	0
9	316	5583.520983907683	1
9	317	5586.520983907683	0
9	325	5762.723719659939	1
9	326	5765.723719659939	0
9	327	5779.925547488692	1
9	328	5782.925547488692	0
9	342	6321.844920017023	1
9	343	6324.844920017023	0
9	347	6411.966516305264	1
9	348	6414.966516305264	0
9	383	6695.694766746669	1
9	384	6698.694766746669	0
9	389	6731.687579855546	1
9	390	6734.687579855546	0
9	391	6766.277523410833	1
9	392	6769.277523410833	0
9	399	6831.233828903863	1
9	400	6834.233828903863	0
9	417	6981.637843213631	1
9	419	6984.637843213631	0
9	422	7007.748144363669	1
9	424	7010.748144363669	0
9	426	7074.904387895611	1
9	427	7077.904387895611	0
9	429	7086.192491954763	1
9	430	7089.192491954763	0
9	442	7330.53191303276	1
9	443	7333.53191303276	0
9	479	8040.782107245479	1
9	480	8043.782107245479	0
9	483	8138.852643699335	1
9	484	8141.852643699335	0
9	499	8496.447711504014	1
9	500	8499.447711504014	0
9	501	8572.796391547471	1
9	502	8575.796391547471	0
9	513	8834.633007669271	1
9	514	8837.633007669271	0
9	525	8989.22297202572	1
9	526	8992.22297202572	0
9	541	9226.776263348011	1
9	542	9229.776263348011	0
9	554	9967.704618097986	1
9	555	9970.704618097986	0
9	571	10455.849912611092	1
9	572	10458.849912611092	0
9	589	10961.759442560329	1
9	590	10964.759442560329	0
9	605	11216.995737022703	1
9	606	11219.995737022703	0
9	617	11596.147662284185	1
9	618	11599.147662284185	0
9	619	11616.187424926701	1
9	620	11619.187424926701	0
9	659	12705.025763323966	1
9	661	12708.025763323966	0
9	663	12743.718133187762	1
9	664	12746.718133187762	0
9	671	12909.934192833678	1
9	672	12912.934192833678	0
9	679	13126.140142769924	1
9	680	13129.140142769924	0
9	701	13864.53639950376	1
9	702	13867.53639950376	0
9	710	13981.940355754563	1
9	711	13984.940355754563	0
9	716	14065.26002933576	1
9	717	14068.26002933576	0
9	720	14131.26392396964	1
9	722	14134.26392396964	0
9	738	14439.18476699977	1
9	742	14442.18476699977	0
9	750	14644.209600813101	1
9	752	14647.209600813101	0
9	774	15462.392805105639	1
9	775	15465.392805105639	0
9	778	15532.699747532513	1
9	779	15535.699747532513	0
9	782	15613.730691131716	1
9	783	15616.730691131716	0
9	799	16216.403491722061	1
9	800	16219.403491722061	0
9	801	16252.391153211876	1
9	802	16255.391153211876	0
9	820	16595.165551498846	1
9	821	16598.165551498846	0
9	824	16632.526171214379	1
9	825	16635.526171214379	0
9	836	16910.690136433607	1
9	837	16913.690136433607	0
9	841	17071.604076491378	1
9	842	17074.604076491378	0
9	860	17685.11759307089	1
9	861	17688.11759307089	0
9	890	18294.39101267715	1
9	891	18297.39101267715	0
9	892	18298.579531526554	1
9	893	18301.579531526554	0
9	913	18447.980655122642	1
9	914	18450.980655122642	0
9	917	18502.17930176748	1
9	919	18505.17930176748	0
9	920	18505.708752234102	1
9	922	18508.708752234102	0
9	944	18629.2497066961	1
9	945	18632.2497066961	0
9	948	18663.625304858946	1
9	949	18666.625304858946	0
9	974	18906.20978163346	1
9	975	18909.20978163346	0
9	983	19051.08260601398	1
9	984	19054.08260601398	0
9	1001	19277.422719853021	1
9	1002	19280.422719853021	0
9	1005	19314.641164335706	1
9	1006	19317.641164335706	0
9	1019	19540.691047799128	1
9	1020	19543.691047799128	0
9	1025	19755.305343967674	1
9	1026	19758.305343967674	0
9	1027	19797.890885645216	1
9	1028	19800.890885645216	0
10	91	1214.257162054338	3
10	101	1633.249397813711	3
10	113	1796.993284433254	3
10	123	1892.748192755803	3
10	130	1958.337957354994	3
10	136	2027.174940289352	3
10	160	2525.938342155669	3
10	167	2608.943557409667	3
10	183	2794.785904880697	3
10	187	2813.253315068007	3
10	190	2850.826578405981	3
10	205	3003.966730068856	3
10	215	3119.626621984228	3
10	217	3176.706877738727	3
10	239	3499.488639383448	3
10	241	3582.518800353877	3
10	253	3949.78407489286	3
10	263	4642.829202031837	3
10	293	5319.480091111037	3
10	312	5533.61208584687	3
10	315	5580.520983907683	3
10	317	5586.520983907683	3
10	326	5765.723719659939	3
10	328	5782.925547488692	3
10	343	6324.844920017023	3
10	348	6414.966516305264	3
10	384	6698.694766746669	3
10	390	6734.687579855546	3
10	392	6769.277523410833	3
10	400	6834.233828903863	3
10	419	6984.637843213631	3
10	424	7010.748144363669	3
10	427	7077.904387895611	3
10	430	7089.192491954763	3
10	443	7333.53191303276	3
10	480	8043.782107245479	3
10	484	8141.852643699335	3
10	500	8499.447711504014	3
10	502	8575.796391547471	3
10	514	8837.633007669271	3
10	526	8992.22297202572	3
10	542	9229.776263348011	3
10	555	9970.704618097986	3
10	572	10458.849912611092	3
10	590	10964.759442560329	3
10	606	11219.995737022703	3
10	618	11599.147662284185	3
10	620	11619.187424926701	3
10	661	12708.025763323966	3
10	664	12746.718133187762	3
10	672	12912.934192833678	3
10	680	13129.140142769924	3
10	702	13867.53639950376	3
10	711	13984.940355754563	3
10	717	14068.26002933576	3
10	722	14134.26392396964	3
10	742	14442.18476699977	3
10	752	14647.209600813101	3
10	775	15465.392805105639	3
10	779	15535.699747532513	3
10	783	15616.730691131716	3
10	800	16219.403491722061	3
10	802	16255.391153211876	3
10	821	16598.165551498846	3
10	825	16635.526171214379	3
10	837	16913.690136433607	3
10	842	17074.604076491378	3
10	861	17688.11759307089	3
10	891	18297.39101267715	3
10	893	18301.579531526554	3
10	914	18450.980655122642	3
10	919	18505.17930176748	3
10	922	18508.708752234102	3
10	945	18632.2497066961	3
10	949	18666.625304858946	3
10	975	18909.20978163346	3
10	984	19054.08260601398	3
10	1002	19280.422719853021	3
10	1006	19317.641164335706	3
10	1020	19543.691047799128	3
10	1026	19758.305343967674	3
10	1028	19800.890885645216	3
11	91	1214.257162054338	5278
11	101	1633.249397813711	5281
11	113	1796.993284433254	5282
11	123	1892.748192755803	5285
11	130	1958.337957354994	5284
11	136	2027.174940289352	5283
11	160	2525.938342155669	5288
11	167	2608.943557409667	5287
11	183	2794.785904880697	5290
11	187	2813.253315068007	5291
11	190	2850.826578405981	5292
11	205	3003.966730068856	5293
11	215	3119.626621984228	5295
11	217	3176.706877738727	5296
11	239	3499.488639383448	5297
11	241	3582.518800353877	5298
11	253	3949.78407489286	5299
11	263	4642.829202031837	5300
11	293	5319.480091111037	5305
11	312	5533.61208584687	5306
11	315	5580.520983907683	5308
11	317	5586.520983907683	5307
11	326	5765.723719659939	5310
11	328	5782.925547488692	5309
11	343	6324.844920017023	5311
11	348	6414.966516305264	5313
11	384	6698.694766746669	5320
11	390	6734.687579855546	5315
11	392	6769.277523410833	5318
11	400	6834.233828903863	5317
11	419	6984.637843213631	5319
11	424	7010.748144363669	5321
11	427	7077.904387895611	5323
11	430	7089.192491954763	5322
11	443	7333.53191303276	5325
11	480	8043.782107245479	5331
11	484	8141.852643699335	5330
11	500	8499.447711504014	5332
11	502	8575.796391547471	5333
11	514	8837.633007669271	5334
11	526	8992.22297202572	5337
11	542	9229.776263348011	5336
11	555	9970.704618097986	5339
11	572	10458.849912611092	5340
11	590	10964.759442560329	5343
11	606	11219.995737022703	5345
11	618	11599.147662284185	5349
11	620	11619.187424926701	5350
11	661	12708.025763323966	5354
11	664	12746.718133187762	5355
11	672	12912.934192833678	5356
11	680	13129.140142769924	5357
11	702	13867.53639950376	5360
11	711	13984.940355754563	5361
11	717	14068.26002933576	5364
11	722	14134.26392396964	5362
11	742	14442.18476699977	5365
11	752	14647.209600813101	5367
11	775	15465.392805105639	5370
11	779	15535.699747532513	5369
11	783	15616.730691131716	5371
11	800	16219.403491722061	5374
11	802	16255.391153211876	5373
11	821	16598.165551498846	5375
11	825	16635.526171214379	5376
11	837	16913.690136433607	5378
11	842	17074.604076491378	5379
11	861	17688.11759307089	5381
11	891	18297.39101267715	5384
11	893	18301.579531526554	5385
11	914	18450.980655122642	5386
11	919	18505.17930176748	5391
11	922	18508.708752234102	5392
11	945	18632.2497066961	5393
11	949	18666.625304858946	5395
11	975	18909.20978163346	5398
11	984	19054.08260601398	5399
11	1002	19280.422719853021	5400
11	1006	19317.641164335706	5402
11	1020	19543.691047799128	5403
11	1026	19758.305343967674	5404
11	1028	19800.890885645216	5405
12	126	1901.578574823115	409
12	227	3305.392885041233	409
12	299	5382.780194375512	306
12	382	6686.30014626244	409
12	386	6718.594625714216	203
12	458	7742.53191303276	512
12	548	9464.196087824601	203
12	684	13308.262866889787	203
12	746	14543.464701068809	203
12	796	16118.702320336297	306
12	823	16628.403491722061	512
12	851	17322.690136433607	512
12	854	17483.604076491378	512
12	886	18144.505188982749	409
12	980	18993.714567922696	409
13	126	1901.578574823115	9
13	227	3305.392885041233	9
13	299	5382.780194375512	6
13	382	6686.30014626244	9
13	386	6718.594625714216	3
13	458	7742.53191303276	12
13	548	9464.196087824601	3
13	684	13308.262866889787	3
13	746	14543.464701068809	3
13	796	16118.702320336297	6
13	823	16628.403491722061	12
13	851	17322.690136433607	12
13	854	17483.604076491378	12
13	886	18144.505188982749	9
13	980	18993.714567922696	9
14	126	1901.578574823115	3
14	227	3305.392885041233	3
14	299	5382.780194375512	2
14	382	6686.30014626244	3
14	386	6718.594625714216	1
14	458	7742.53191303276	4
14	548	9464.196087824601	1
14	684	13308.262866889787	1
14	746	14543.464701068809	1
14	796	16118.702320336297	2
14	823	16628.403491722061	4
14	851	17322.690136433607	4
14	854	17483.604076491378	4
14	886	18144.505188982749	3
14	980	18993.714567922696	3
15	281	5212.965251165946	306
15	438	7212.891606928178	306
15	493	8349.782107245479	409
15	517	8881.796391547471	512
15	537	9143.633007669271	409
15	632	11925.187424926701	409
15	737	14374.26002933576	409
15	739	14440.26392396964	512
15	819	16561.391153211876	512
15	873	17859.730539384278	306
15	938	18607.579531526554	409
15	941	18613.156288726322	306
15	959	18740.754075166929	306
16	281	5212.965251165946	6
16	438	7212.891606928178	6
16	493	8349.782107245479	9
16	517	8881.796391547471	12
16	537	9143.633007669271	9
16	632	11925.187424926701	9
16	737	14374.26002933576	9
16	739	14440.26392396964	12
16	819	16561.391153211876	12
16	873	17859.730539384278	6
16	938	18607.579531526554	9
16	941	18613.156288726322	6
16	959	18740.754075166929	6
17	281	5212.965251165946	2
17	438	7212.891606928178	2
17	493	8349.782107245479	3
17	517	8881.796391547471	4
17	537	9143.633007669271	3
17	632	11925.187424926701	3
17	737	14374.26002933576	3
17	739	14440.26392396964	4
17	819	16561.391153211876	4
17	873	17859.730539384278	2
17	938	18607.579531526554	3
17	941	18613.156288726322	2
17	959	18740.754075166929	2
18	118	1836.180155671235	306
18	148	2198.748192755803	409
18	152	2334.240122100889	306
18	188	2831.938342155669	409
18	318	5625.480091111037	512
18	337	6071.723719659939	409
18	338	6088.925547488692	512
18	377	6635.435409899165	306
18	544	9298.22297202572	409
18	592	11059.816500499823	203
18	611	11302.842364965212	203
18	614	11401.250300223425	203
18	723	14151.468191133074	203
18	757	14753.928774311326	203
18	760	14953.209600813101	512
18	835	16909.171586273884	306
18	943	18624.7233181368	306
18	950	18683.125283163475	306
18	977	18928.835993650183	306
18	1011	19391.585103337214	306
18	1021	19623.641164335706	512
19	118	1836.180155671235	6
19	148	2198.748192755803	9
19	152	2334.240122100889	6
19	188	2831.938342155669	9
19	318	5625.480091111037	12
19	337	6071.723719659939	9
19	338	6088.925547488692	12
19	377	6635.435409899165	6
19	544	9298.22297202572	9
19	592	11059.816500499823	3
19	611	11302.842364965212	3
19	614	11401.250300223425	3
19	723	14151.468191133074	3
19	757	14753.928774311326	3
19	760	14953.209600813101	12
19	835	16909.171586273884	6
19	943	18624.7233181368	6
19	950	18683.125283163475	6
19	977	18928.835993650183	6
19	1011	19391.585103337214	6
19	1021	19623.641164335706	12
20	118	1836.180155671235	2
20	148	2198.748192755803	3
20	152	2334.240122100889	2
20	188	2831.938342155669	3
20	318	5625.480091111037	4
20	337	6071.723719659939	3
20	338	6088.925547488692	4
20	377	6635.435409899165	2
20	544	9298.22297202572	3
20	592	11059.816500499823	1
20	611	11302.842364965212	1
20	614	11401.250300223425	1
20	723	14151.468191133074	1
20	757	14753.928774311326	1
20	760	14953.209600813101	4
20	835	16909.171586273884	2
20	943	18624.7233181368	2
20	950	18683.125283163475	2
20	977	18928.835993650183	2
20	1011	19391.585103337214	2
20	1021	19623.641164335706	4
21	147	2161.337957354994	409
21	186	2811.943557409667	409
21	202	2997.785904880697	512
21	207	3016.253315068007	409
21	209	3053.826578405981	409
21	247	3702.488639383448	512
21	361	6527.844920017023	306
21	415	6972.277523410833	409
21	492	8344.852643699335	512
21	507	8702.447711504014	409
21	599	11167.759442560329	512
21	626	11802.147662284185	306
21	751	14645.18476699977	512
21	785	15668.392805105639	512
21	789	15819.730691131716	409
21	971	18869.625304858946	306
21	1000	19257.08260601398	409
21	1034	19961.305343967674	306
22	147	2161.337957354994	9
22	186	2811.943557409667	9
22	202	2997.785904880697	12
22	207	3016.253315068007	9
22	209	3053.826578405981	9
22	247	3702.488639383448	12
22	361	6527.844920017023	6
22	415	6972.277523410833	9
22	492	8344.852643699335	12
22	507	8702.447711504014	9
22	599	11167.759442560329	12
22	626	11802.147662284185	6
22	751	14645.18476699977	12
22	785	15668.392805105639	12
22	789	15819.730691131716	9
22	971	18869.625304858946	6
22	1000	19257.08260601398	9
22	1034	19961.305343967674	6
23	147	2161.337957354994	3
23	186	2811.943557409667	3
23	202	2997.785904880697	4
23	207	3016.253315068007	3
23	209	3053.826578405981	3
23	247	3702.488639383448	4
23	361	6527.844920017023	2
23	415	6972.277523410833	3
23	492	8344.852643699335	4
23	507	8702.447711504014	3
23	599	11167.759442560329	4
23	626	11802.147662284185	2
23	751	14645.18476699977	4
23	785	15668.392805105639	4
23	789	15819.730691131716	3
23	971	18869.625304858946	2
23	1000	19257.08260601398	3
23	1034	19961.305343967674	2
24	119	1836.249397813711	306
24	228	3322.626621984228	409
24	256	4152.78407489286	512
24	371	6617.966516305264	306
24	425	7037.233828903863	512
24	439	7213.748144363669	512
24	441	7292.192491954763	512
24	469	7913.63005375141	203
24	718	14070.53639950376	512
24	831	16801.165551498846	512
24	988	19112.20978163346	409
24	1016	19483.422719853021	409
25	119	1836.249397813711	6
25	228	3322.626621984228	9
25	256	4152.78407489286	12
25	371	6617.966516305264	6
25	425	7037.233828903863	12
25	439	7213.748144363669	12
25	441	7292.192491954763	12
25	469	7913.63005375141	3
25	718	14070.53639950376	12
25	831	16801.165551498846	12
25	988	19112.20978163346	9
25	1016	19483.422719853021	9
26	119	1836.249397813711	2
26	228	3322.626621984228	3
26	256	4152.78407489286	4
26	371	6617.966516305264	2
26	425	7037.233828903863	4
26	439	7213.748144363669	4
26	441	7292.192491954763	4
26	469	7913.63005375141	1
26	718	14070.53639950376	4
26	831	16801.165551498846	4
26	988	19112.20978163346	3
26	1016	19483.422719853021	3
27	213	3103.966730068856	306
27	319	5633.61208584687	409
27	396	6798.694766746669	203
27	401	6834.687579855546	409
27	545	9329.776263348011	512
27	575	10558.849912611092	512
27	612	11319.995737022703	306
27	719	14084.940355754563	512
27	784	15635.699747532513	512
27	958	18732.2497066961	306
28	213	3103.966730068856	6
28	319	5633.61208584687	9
28	396	6798.694766746669	3
28	401	6834.687579855546	9
28	545	9329.776263348011	12
28	575	10558.849912611092	12
28	612	11319.995737022703	6
28	719	14084.940355754563	12
28	784	15635.699747532513	12
28	958	18732.2497066961	6
29	213	3103.966730068856	2
29	319	5633.61208584687	3
29	396	6798.694766746669	1
29	401	6834.687579855546	3
29	545	9329.776263348011	4
29	575	10558.849912611092	4
29	612	11319.995737022703	2
29	719	14084.940355754563	4
29	784	15635.699747532513	4
29	958	18732.2497066961	2
30	92	1314.257162054338	409
30	144	2127.174940289352	409
30	246	3682.518800353877	306
30	264	4742.829202031837	409
30	323	5680.520983907683	306
30	324	5686.520983907683	413.2231030445
30	428	7084.637843213631	512
30	435	7177.904387895611	306
30	557	10070.704618097986	409
30	666	12808.025763323966	512
30	670	12846.718133187762	306
30	675	13012.934192833678	306
30	683	13229.140142769924	512
30	830	16735.526171214379	203
30	900	18397.39101267715	203
30	932	18550.980655122642	306
30	937	18605.17930176748	203
30	1022	19643.691047799128	512
31	92	1314.257162054338	9
31	144	2127.174940289352	9
31	246	3682.518800353877	6
31	264	4742.829202031837	9
31	323	5680.520983907683	6
31	324	5686.520983907683	13.223103044498
31	428	7084.637843213631	12
31	435	7177.904387895611	6
31	557	10070.704618097986	9
31	666	12808.025763323966	12
31	670	12846.718133187762	6
31	675	13012.934192833678	6
31	683	13229.140142769924	12
31	830	16735.526171214379	3
31	900	18397.39101267715	3
31	932	18550.980655122642	6
31	937	18605.17930176748	3
31	1022	19643.691047799128	12
32	92	1314.257162054338	3
32	144	2127.174940289352	3
32	246	3682.518800353877	2
32	264	4742.829202031837	3
32	323	5680.520983907683	2
32	324	5686.520983907683	3
32	428	7084.637843213631	4
32	435	7177.904387895611	2
32	557	10070.704618097986	3
32	666	12808.025763323966	4
32	670	12846.718133187762	2
32	675	13012.934192833678	2
32	683	13229.140142769924	4
32	830	16735.526171214379	1
32	900	18397.39101267715	1
32	932	18550.980655122642	2
32	937	18605.17930176748	1
32	1022	19643.691047799128	4
33	149	2205.993284433254	512
33	171	2673.684880468733	203
33	242	3585.706877738727	512
33	269	4968.536356588369	203
33	300	5419.423418571556	409
33	463	7832.845044049518	409
33	481	8096.888378632727	306
33	482	8111.506600095094	306
33	538	9185.84859971928	409
33	569	10399.331280065409	306
33	583	10818.140781660595	409
33	613	11377.518644765865	306
33	635	11988.293018834423	203
33	643	12276.268107789899	409
33	653	12504.351591004266	409
33	700	13823.031490287971	306
33	882	18034.18311678959	409
33	885	18097.11759307089	512
33	931	18544.15964159661	203
33	976	18917.708752234102	512
34	149	2205.993284433254	12
34	171	2673.684880468733	3
34	242	3585.706877738727	12
34	269	4968.536356588369	3
34	300	5419.423418571556	9
34	463	7832.845044049518	9
34	481	8096.888378632727	6
34	482	8111.506600095094	6
34	538	9185.84859971928	9
34	569	10399.331280065409	6
34	583	10818.140781660595	9
34	613	11377.518644765865	6
34	635	11988.293018834423	3
34	643	12276.268107789899	9
34	653	12504.351591004266	9
34	700	13823.031490287971	6
34	882	18034.18311678959	9
34	885	18097.11759307089	12
34	931	18544.15964159661	3
34	976	18917.708752234102	12
35	149	2205.993284433254	4
35	171	2673.684880468733	1
35	242	3585.706877738727	4
35	269	4968.536356588369	1
35	300	5419.423418571556	3
35	463	7832.845044049518	3
35	481	8096.888378632727	2
35	482	8111.506600095094	2
35	538	9185.84859971928	3
35	569	10399.331280065409	2
35	583	10818.140781660595	3
35	613	11377.518644765865	2
35	635	11988.293018834423	1
35	643	12276.268107789899	3
35	653	12504.351591004266	3
35	700	13823.031490287971	2
35	882	18034.18311678959	3
35	885	18097.11759307089	4
35	931	18544.15964159661	1
35	976	18917.708752234102	4

