version 3
run QueueMode-32-20260103-12:11:48-491
attr configname QueueMode
attr datetime 20260103-12:11:48
attr datetimef 20260103-121148
attr experiment QueueMode
attr inifile simulations/nwsim_project/omnetpp.ini
attr iterationvars ""
attr iterationvarsd ""
attr iterationvarsf ""
attr measurement ""
attr network CrossTraffic
attr processid 491
attr repetition 32
attr replication #32
attr resultdir results
attr runnumber 32
attr seedset 32
config description "Junction queue mode with timing penalties (no entry penalty)"
config *.Junc*.junctionMode "\"queue\""
config network CrossTraffic
config sim-time-limit 20000s
config warmup-period 1000s
config repeat 50
config **.scalar-recording true
config **.vector-recording true
config *.Junc*.junctionMode "\"queue\""
config *.EndNW.spawnInterval exponential(800s)
config *.EndNE.spawnInterval exponential(1200s)
config *.EndEN.spawnInterval exponential(1000s)
config *.EndES.spawnInterval exponential(1500s)
config *.EndSE.spawnInterval exponential(900s)
config *.EndSW.spawnInterval exponential(1100s)
config *.EndWS.spawnInterval exponential(1300s)
config *.EndWN.spawnInterval exponential(1400s)

vector 0 CrossTraffic.JuncNW queueLength:vector ETV
attr interpolationmode sample-hold
attr recordingmode vector
attr source queueLength
attr title "Queue Length"
vector 1 CrossTraffic.JuncNW junctionProcessingTime:vector ETV
attr recordingmode vector
attr source junctionProcessingTime
attr title "Junction Processing Time"
vector 2 CrossTraffic.JuncNW vehicleCount:vector ETV
attr recordingmode vector
attr source vehicleCount
attr title "Vehicle Count"
vector 3 CrossTraffic.JuncNE queueLength:vector ETV
attr interpolationmode sample-hold
attr recordingmode vector
attr source queueLength
attr title "Queue Length"
vector 4 CrossTraffic.JuncNE junctionProcessingTime:vector ETV
attr recordingmode vector
attr source junctionProcessingTime
attr title "Junction Processing Time"
vector 5 CrossTraffic.JuncNE vehicleCount:vector ETV
attr recordingmode vector
attr source vehicleCount
attr title "Vehicle Count"
vector 6 CrossTraffic.JuncSE queueLength:vector ETV
attr interpolationmode sample-hold
attr recordingmode vector
attr source queueLength
attr title "Queue Length"
vector 7 CrossTraffic.JuncSE junctionProcessingTime:vector ETV
attr recordingmode vector
attr source junctionProcessingTime
attr title "Junction Processing Time"
vector 8 CrossTraffic.JuncSE vehicleCount:vector ETV
attr recordingmode vector
attr source vehicleCount
attr title "Vehicle Count"
vector 9 CrossTraffic.JuncSW queueLength:vector ETV
attr interpolationmode sample-hold
attr recordingmode vector
attr source queueLength
attr title "Queue Length"
vector 10 CrossTraffic.JuncSW junctionProcessingTime:vector ETV
attr recordingmode vector
attr source junctionProcessingTime
attr title "Junction Processing Time"
vector 11 CrossTraffic.JuncSW vehicleCount:vector ETV
attr recordingmode vector
attr source vehicleCount
attr title "Vehicle Count"
vector 12 CrossTraffic.EndNW travelTime:vector ETV
attr recordingmode vector
attr source travelTime
attr title "Vehicle Travel Time"
vector 13 CrossTraffic.EndNW junctionTime:vector ETV
attr recordingmode vector
attr source junctionTime
attr title "Total Junction Time per Vehicle"
vector 14 CrossTraffic.EndNW junctionCount:vector ETV
attr recordingmode vector
attr source junctionCount
attr title "Junctions Visited per Vehicle"
vector 15 CrossTraffic.EndNE travelTime:vector ETV
attr recordingmode vector
attr source travelTime
attr title "Vehicle Travel Time"
vector 16 CrossTraffic.EndNE junctionTime:vector ETV
attr recordingmode vector
attr source junctionTime
attr title "Total Junction Time per Vehicle"
vector 17 CrossTraffic.EndNE junctionCount:vector ETV
attr recordingmode vector
attr source junctionCount
attr title "Junctions Visited per Vehicle"
vector 18 CrossTraffic.EndEN travelTime:vector ETV
attr recordingmode vector
attr source travelTime
attr title "Vehicle Travel Time"
vector 19 CrossTraffic.EndEN junctionTime:vector ETV
attr recordingmode vector
attr source junctionTime
attr title "Total Junction Time per Vehicle"
vector 20 CrossTraffic.EndEN junctionCount:vector ETV
attr recordingmode vector
attr source junctionCount
attr title "Junctions Visited per Vehicle"
vector 21 CrossTraffic.EndES travelTime:vector ETV
attr recordingmode vector
attr source travelTime
attr title "Vehicle Travel Time"
vector 22 CrossTraffic.EndES junctionTime:vector ETV
attr recordingmode vector
attr source junctionTime
attr title "Total Junction Time per Vehicle"
vector 23 CrossTraffic.EndES junctionCount:vector ETV
attr recordingmode vector
attr source junctionCount
attr title "Junctions Visited per Vehicle"
vector 24 CrossTraffic.EndSE travelTime:vector ETV
attr recordingmode vector
attr source travelTime
attr title "Vehicle Travel Time"
vector 25 CrossTraffic.EndSE junctionTime:vector ETV
attr recordingmode vector
attr source junctionTime
attr title "Total Junction Time per Vehicle"
vector 26 CrossTraffic.EndSE junctionCount:vector ETV
attr recordingmode vector
attr source junctionCount
attr title "Junctions Visited per Vehicle"
vector 27 CrossTraffic.EndSW travelTime:vector ETV
attr recordingmode vector
attr source travelTime
attr title "Vehicle Travel Time"
vector 28 CrossTraffic.EndSW junctionTime:vector ETV
attr recordingmode vector
attr source junctionTime
attr title "Total Junction Time per Vehicle"
vector 29 CrossTraffic.EndSW junctionCount:vector ETV
attr recordingmode vector
attr source junctionCount
attr title "Junctions Visited per Vehicle"
vector 30 CrossTraffic.EndWS travelTime:vector ETV
attr recordingmode vector
attr source travelTime
attr title "Vehicle Travel Time"
vector 31 CrossTraffic.EndWS junctionTime:vector ETV
attr recordingmode vector
attr source junctionTime
attr title "Total Junction Time per Vehicle"
vector 32 CrossTraffic.EndWS junctionCount:vector ETV
attr recordingmode vector
attr source junctionCount
attr title "Junctions Visited per Vehicle"
vector 33 CrossTraffic.EndWN travelTime:vector ETV
attr recordingmode vector
attr source travelTime
attr title "Vehicle Travel Time"
vector 34 CrossTraffic.EndWN junctionTime:vector ETV
attr recordingmode vector
attr source junctionTime
attr title "Total Junction Time per Vehicle"
vector 35 CrossTraffic.EndWN junctionCount:vector ETV
attr recordingmode vector
attr source junctionCount
attr title "Junctions Visited per Vehicle"
0	110	1152.638227527108	1
0	111	1155.638227527108	0
0	123	1515.927463447147	1
0	124	1518.927463447147	0
0	129	1706.345246296792	1
0	130	1709.345246296792	0
0	139	1957.636977289976	1
0	140	1960.636977289976	0
0	155	2210.18120571873	1
0	156	2213.18120571873	2
0	157	2213.18120571873	1
0	158	2216.18120571873	0
0	166	2339.285839192709	1
0	167	2342.285839192709	0
0	170	2439.205430717417	1
0	171	2442.205430717417	0
0	175	2451.666003594619	1
0	176	2454.666003594619	0
0	178	2542.602862330975	1
0	179	2545.602862330975	0
0	186	2651.036117505661	1
0	188	2654.036117505661	0
0	209	3515.378686451125	1
0	210	3518.378686451125	0
0	215	3637.74660798597	1
0	216	3640.74660798597	0
0	236	4018.680720050012	1
0	237	4021.680720050012	0
0	239	4055.44548170647	1
0	240	4058.44548170647	0
0	243	4110.625670667538	1
0	244	4113.625670667538	0
0	273	4598.700241164183	1
0	274	4601.700241164183	0
0	288	5325.534631864805	1
0	290	5328.534631864805	0
0	303	5711.448932165658	1
0	304	5714.448932165658	0
0	309	5874.512759624882	1
0	310	5877.512759624882	0
0	311	5879.628538318889	1
0	312	5882.628538318889	0
0	329	6257.048280361848	1
0	330	6260.048280361848	0
0	338	6348.077390399179	1
0	339	6351.077390399179	0
0	344	6394.689661315359	1
0	346	6397.689661315359	0
0	355	6470.632314634477	1
0	356	6473.632314634477	0
0	358	6500.225361346811	1
0	360	6503.225361346811	0
0	373	6731.176439838635	1
0	374	6734.176439838635	0
0	401	7075.750393702093	1
0	402	7078.750393702093	0
0	405	7115.767265959364	1
0	406	7118.767265959364	0
0	425	7786.311656961366	1
0	426	7789.311656961366	0
0	449	8737.387235738842	1
0	450	8740.387235738842	0
0	458	8869.47392702859	1
0	459	8872.47392702859	0
0	462	8934.759228952147	1
0	463	8937.759228952147	0
0	469	9055.471149412055	1
0	470	9058.471149412055	0
0	486	10036.683682960185	1
0	487	10039.683682960185	0
0	492	10304.619640550026	1
0	493	10307.619640550026	0
0	497	10483.378566745418	1
0	498	10486.378566745418	0
0	517	11061.718571315661	1
0	518	11064.718571315661	0
0	520	11105.248368328376	1
0	521	11108.248368328376	0
0	530	11275.829540157838	1
0	531	11278.829540157838	0
0	541	11536.373476612991	1
0	542	11539.373476612991	0
0	548	11659.726664799376	1
0	549	11662.726664799376	0
0	559	11797.492882509173	1
0	560	11800.492882509173	0
0	574	11973.539498518002	1
0	575	11976.539498518002	0
0	582	12034.162564729667	1
0	583	12037.162564729667	0
0	601	12186.048013073543	1
0	602	12189.048013073543	0
0	605	12213.462823257799	1
0	606	12216.462823257799	0
0	609	12257.063193748042	1
0	611	12260.063193748042	0
0	617	12355.224750502952	1
0	618	12358.224750502952	0
0	619	12358.619482469008	1
0	621	12361.619482469008	0
0	636	12586.23976070275	1
0	637	12589.23976070275	0
0	641	12969.198474069165	1
0	642	12972.198474069165	0
0	654	13163.423438441611	1
0	655	13166.423438441611	0
0	660	13245.193576390484	1
0	661	13248.193576390484	0
0	664	13271.40692762846	1
0	665	13274.40692762846	0
0	689	13730.637379190608	1
0	690	13733.637379190608	0
0	700	13866.807090802574	1
0	701	13869.807090802574	0
0	705	13923.245188190674	1
0	706	13926.245188190674	0
0	729	14106.094646583836	1
0	730	14109.094646583836	0
0	736	14179.791726142009	1
0	737	14182.791726142009	0
0	749	14341.743010947286	1
0	750	14344.743010947286	0
0	755	14531.108562716674	1
0	756	14534.108562716674	0
0	766	14722.617291570299	1
0	767	14725.617291570299	0
0	776	14863.756868353704	1
0	777	14866.756868353704	0
0	778	14909.039383708358	1
0	779	14912.039383708358	0
0	795	15332.81140558572	1
0	796	15335.81140558572	0
0	828	15799.473896328356	1
0	830	15802.473896328356	0
0	850	16046.67062505986	1
0	851	16049.67062505986	0
0	854	16142.911986627153	1
0	855	16145.911986627153	0
0	864	16250.912527416676	1
0	866	16253.912527416676	0
0	870	16342.608425381508	1
0	871	16345.608425381508	0
0	876	16366.738895837032	1
0	877	16369.738895837032	0
0	889	16590.740868239338	1
0	890	16593.740868239338	0
0	891	16638.47161877709	1
0	892	16641.47161877709	0
0	923	16973.319284424387	1
0	924	16974.869655868213	2
0	925	16976.319284424387	1
0	926	16982.319284424387	0
0	927	16991.69474076311	1
0	928	16994.69474076311	0
0	941	17108.780404348256	1
0	943	17111.780404348256	0
0	958	17221.384982467502	1
0	959	17224.384982467502	0
0	968	17315.890930518175	1
0	969	17318.890930518175	0
0	983	17502.129712563825	1
0	984	17505.129712563825	0
0	989	17562.747601971522	1
0	990	17565.747601971522	0
0	991	17579.082143674025	1
0	992	17582.082143674025	0
0	1004	17725.686695872812	1
0	1005	17728.686695872812	0
0	1018	17935.461677272706	1
0	1019	17938.461677272706	0
0	1028	18728.673978932758	1
0	1029	18731.673978932758	0
0	1034	18912.132732288918	1
0	1035	18915.132732288918	0
0	1045	19069.917559819079	1
0	1046	19072.917559819079	0
0	1068	19388.026150424915	1
0	1070	19391.026150424915	0
0	1072	19407.564636811971	1
0	1073	19410.564636811971	0
0	1075	19491.556113306665	1
0	1076	19494.556113306665	0
0	1091	19786.466499589047	1
0	1092	19789.466499589047	0
1	111	1155.638227527108	3
1	124	1518.927463447147	3
1	130	1709.345246296792	3
1	140	1960.636977289976	3
1	157	2213.18120571873	3
1	158	2216.18120571873	3
1	167	2342.285839192709	3
1	171	2442.205430717417	3
1	176	2454.666003594619	3
1	179	2545.602862330975	3
1	188	2654.036117505661	3
1	210	3518.378686451125	3
1	216	3640.74660798597	3
1	237	4021.680720050012	3
1	240	4058.44548170647	3
1	244	4113.625670667538	3
1	274	4601.700241164183	3
1	290	5328.534631864805	3
1	304	5714.448932165658	3
1	310	5877.512759624882	3
1	312	5882.628538318889	3
1	330	6260.048280361848	3
1	339	6351.077390399179	3
1	346	6397.689661315359	3
1	356	6473.632314634477	3
1	360	6503.225361346811	3
1	374	6734.176439838635	3
1	402	7078.750393702093	3
1	406	7118.767265959364	3
1	426	7789.311656961366	3
1	450	8740.387235738842	3
1	459	8872.47392702859	3
1	463	8937.759228952147	3
1	470	9058.471149412055	3
1	487	10039.683682960185	3
1	493	10307.619640550026	3
1	498	10486.378566745418	3
1	518	11064.718571315661	3
1	521	11108.248368328376	3
1	531	11278.829540157838	3
1	542	11539.373476612991	3
1	549	11662.726664799376	3
1	560	11800.492882509173	3
1	575	11976.539498518002	3
1	583	12037.162564729667	3
1	602	12189.048013073543	3
1	606	12216.462823257799	3
1	611	12260.063193748042	3
1	618	12358.224750502952	3
1	621	12361.619482469008	3
1	637	12589.23976070275	3
1	642	12972.198474069165	3
1	655	13166.423438441611	3
1	661	13248.193576390484	3
1	665	13274.40692762846	3
1	690	13733.637379190608	3
1	701	13869.807090802574	3
1	706	13926.245188190674	3
1	730	14109.094646583836	3
1	737	14182.791726142009	3
1	750	14344.743010947286	3
1	756	14534.108562716674	3
1	767	14725.617291570299	3
1	777	14866.756868353704	3
1	779	14912.039383708358	3
1	796	15335.81140558572	3
1	830	15802.473896328356	3
1	851	16049.67062505986	3
1	855	16145.911986627153	3
1	866	16253.912527416676	3
1	871	16345.608425381508	3
1	877	16369.738895837032	3
1	890	16593.740868239338	3
1	892	16641.47161877709	3
1	925	16976.319284424387	3
1	926	16982.319284424387	7.449628556174
1	928	16994.69474076311	3
1	943	17111.780404348256	3
1	959	17224.384982467502	3
1	969	17318.890930518175	3
1	984	17505.129712563825	3
1	990	17565.747601971522	3
1	992	17582.082143674025	3
1	1005	17728.686695872812	3
1	1019	17938.461677272706	3
1	1029	18731.673978932758	3
1	1035	18915.132732288918	3
1	1046	19072.917559819079	3
1	1070	19391.026150424915	3
1	1073	19410.564636811971	3
1	1076	19494.556113306665	3
1	1092	19789.466499589047	3
2	111	1155.638227527108	4983
2	124	1518.927463447147	4985
2	130	1709.345246296792	4986
2	140	1960.636977289976	4987
2	157	2213.18120571873	4989
2	158	2216.18120571873	4990
2	167	2342.285839192709	4988
2	171	2442.205430717417	4992
2	176	2454.666003594619	4991
2	179	2545.602862330975	4993
2	188	2654.036117505661	4995
2	210	3518.378686451125	4998
2	216	3640.74660798597	4997
2	237	4021.680720050012	4999
2	240	4058.44548170647	5002
2	244	4113.625670667538	5003
2	274	4601.700241164183	5005
2	290	5328.534631864805	5007
2	304	5714.448932165658	5008
2	310	5877.512759624882	5009
2	312	5882.628538318889	5010
2	330	6260.048280361848	5014
2	339	6351.077390399179	5012
2	346	6397.689661315359	5015
2	356	6473.632314634477	5019
2	360	6503.225361346811	5016
2	374	6734.176439838635	5021
2	402	7078.750393702093	5022
2	406	7118.767265959364	5023
2	426	7789.311656961366	5026
2	450	8740.387235738842	5032
2	459	8872.47392702859	5033
2	463	8937.759228952147	5031
2	470	9058.471149412055	5034
2	487	10039.683682960185	5036
2	493	10307.619640550026	5037
2	498	10486.378566745418	5038
2	518	11064.718571315661	5039
2	521	11108.248368328376	5040
2	531	11278.829540157838	5041
2	542	11539.373476612991	5043
2	549	11662.726664799376	5044
2	560	11800.492882509173	5047
2	575	11976.539498518002	5046
2	583	12037.162564729667	5045
2	602	12189.048013073543	5049
2	606	12216.462823257799	5051
2	611	12260.063193748042	5053
2	618	12358.224750502952	5052
2	621	12361.619482469008	5054
2	637	12589.23976070275	5055
2	642	12972.198474069165	5057
2	655	13166.423438441611	5061
2	661	13248.193576390484	5060
2	665	13274.40692762846	5058
2	690	13733.637379190608	5064
2	701	13869.807090802574	5065
2	706	13926.245188190674	5068
2	730	14109.094646583836	5070
2	737	14182.791726142009	5067
2	750	14344.743010947286	5072
2	756	14534.108562716674	5073
2	767	14725.617291570299	5075
2	777	14866.756868353704	5076
2	779	14912.039383708358	5074
2	796	15335.81140558572	5079
2	830	15802.473896328356	5084
2	851	16049.67062505986	5086
2	855	16145.911986627153	5088
2	866	16253.912527416676	5090
2	871	16345.608425381508	5089
2	877	16369.738895837032	5091
2	890	16593.740868239338	5093
2	892	16641.47161877709	5092
2	925	16976.319284424387	5096
2	926	16982.319284424387	5100
2	928	16994.69474076311	5095
2	943	17111.780404348256	5101
2	959	17224.384982467502	5097
2	969	17318.890930518175	5102
2	984	17505.129712563825	5105
2	990	17565.747601971522	5104
2	992	17582.082143674025	5106
2	1005	17728.686695872812	5110
2	1019	17938.461677272706	5107
2	1029	18731.673978932758	5112
2	1035	18915.132732288918	5113
2	1046	19072.917559819079	5114
2	1070	19391.026150424915	5115
2	1073	19410.564636811971	5117
2	1076	19494.556113306665	5116
2	1092	19789.466499589047	5118
3	125	1603.345246296792	1
3	126	1606.345246296792	0
3	147	2107.18120571873	1
3	148	2108.740218778331	2
3	149	2110.18120571873	1
3	150	2113.18120571873	0
3	159	2236.285839192709	1
3	160	2239.285839192709	0
3	168	2348.666003594619	1
3	169	2351.666003594619	0
3	202	3206.219744679587	1
3	203	3209.219744679587	0
3	211	3534.74660798597	1
3	212	3537.74660798597	0
3	228	3915.680720050012	1
3	229	3918.680720050012	0
3	249	4186.99266834291	1
3	250	4189.99266834291	0
3	259	4364.44548170647	1
3	261	4367.44548170647	0
3	263	4419.625670667538	1
3	264	4422.625670667538	0
3	268	4495.700241164183	1
3	269	4498.700241164183	0
3	284	5222.534631864805	1
3	286	5225.534631864805	0
3	287	5323.798272485314	1
3	289	5326.798272485314	0
3	299	5608.448932165658	1
3	300	5611.448932165658	0
3	305	5771.512759624882	1
3	306	5774.512759624882	0
3	325	6245.077390399179	1
3	326	6248.077390399179	0
3	331	6291.689661315359	1
3	333	6294.689661315359	0
3	345	6397.225361346811	1
3	347	6400.225361346811	0
3	350	6425.121910253486	1
3	351	6428.121910253486	0
3	361	6524.945312085413	1
3	362	6527.945312085413	0
3	383	6889.222269625997	1
3	384	6892.222269625997	0
3	391	6972.750393702093	1
3	392	6975.750393702093	0
3	396	7012.767265959364	1
3	397	7015.767265959364	0
3	407	7126.027199151557	1
3	408	7129.027199151557	0
3	410	7206.301462079213	1
3	411	7209.301462079213	0
3	421	7683.311656961366	1
3	422	7686.311656961366	0
3	433	8369.544038207981	1
3	434	8372.544038207981	0
3	438	8538.898392619256	1
3	439	8541.898392619256	0
3	451	8766.47392702859	1
3	452	8769.47392702859	0
3	455	8831.759228952147	1
3	456	8834.759228952147	0
3	460	8874.795326883255	1
3	461	8877.795326883255	0
3	484	9933.683682960185	1
3	485	9936.683682960185	0
3	507	10792.378566745418	1
3	508	10795.378566745418	0
3	513	10958.718571315661	1
3	514	10961.718571315661	0
3	515	11002.248368328376	1
3	516	11005.248368328376	0
3	524	11172.829540157838	1
3	525	11175.829540157838	0
3	532	11281.246859737748	1
3	533	11284.246859737748	0
3	538	11433.373476612991	1
3	539	11436.373476612991	0
3	543	11556.726664799376	1
3	544	11559.726664799376	0
3	565	11870.539498518002	1
3	566	11873.539498518002	0
3	570	11931.162564729667	1
3	571	11934.162564729667	0
3	572	11967.602176954104	1
3	573	11970.602176954104	0
3	588	12083.048013073543	1
3	589	12086.048013073543	0
3	592	12106.492882509173	1
3	593	12109.492882509173	0
3	594	12110.462823257799	1
3	595	12113.462823257799	0
3	599	12154.063193748042	1
3	600	12157.063193748042	0
3	607	12252.224750502952	1
3	608	12255.224750502952	0
3	632	12483.23976070275	1
3	633	12486.23976070275	0
3	650	13136.84668033528	1
3	651	13139.84668033528	0
3	652	13142.193576390484	1
3	653	13145.193576390484	0
3	656	13168.40692762846	1
3	657	13171.40692762846	0
3	677	13472.423438441611	1
3	678	13475.423438441611	0
3	686	13627.637379190608	1
3	687	13630.637379190608	0
3	692	13763.807090802574	1
3	693	13766.807090802574	0
3	716	14003.094646583836	1
3	717	14006.094646583836	0
3	720	14044.946136375526	1
3	721	14047.946136375526	0
3	725	14076.791726142009	1
3	726	14079.791726142009	0
3	727	14102.090314752025	1
3	728	14105.090314752025	0
3	741	14232.245188190674	1
3	742	14235.245188190674	0
3	743	14238.743010947286	1
3	744	14241.743010947286	0
3	751	14428.108562716674	1
3	752	14431.108562716674	0
3	769	14760.756868353704	1
3	770	14763.756868353704	0
3	771	14806.039383708358	1
3	772	14809.039383708358	0
3	785	15028.088590370091	1
3	786	15031.088590370091	0
3	793	15253.63827918078	1
3	794	15256.63827918078	0
3	815	15687.642341286386	1
3	816	15690.642341286386	0
3	823	15781.801695718475	1
3	825	15784.801695718475	0
3	833	15841.377443496222	1
3	835	15844.377443496222	0
3	836	15877.442394532099	1
3	837	15880.442394532099	0
3	843	15943.67062505986	1
3	845	15946.67062505986	0
3	860	16239.608425381508	1
3	861	16242.608425381508	0
3	867	16263.738895837032	1
3	868	16266.738895837032	0
3	885	16487.740868239338	1
3	886	16490.740868239338	0
3	887	16535.47161877709	1
3	888	16538.47161877709	0
3	899	16763.090472954813	1
3	900	16766.090472954813	0
3	911	16870.319284424387	1
3	912	16873.319284424387	0
3	914	16888.69474076311	1
3	915	16891.69474076311	0
3	918	16915.246385942195	1
3	920	16918.246385942195	0
3	945	17118.384982467502	1
3	946	17121.384982467502	0
3	955	17212.890930518175	1
3	957	17215.890930518175	0
3	975	17399.129712563825	1
3	976	17402.129712563825	0
3	979	17459.747601971522	1
3	980	17462.747601971522	0
3	981	17476.082143674025	1
3	982	17479.082143674025	0
3	1009	17748.171266875857	1
3	1010	17751.171266875857	0
3	1014	17832.461677272706	1
3	1015	17835.461677272706	0
3	1024	18623.119808610029	1
3	1025	18626.119808610029	0
3	1038	18966.917559819079	1
3	1039	18969.917559819079	0
3	1043	19037.673978932758	1
3	1044	19040.673978932758	0
3	1057	19221.132732288918	1
3	1058	19224.132732288918	0
3	1061	19285.026150424915	1
3	1063	19288.026150424915	0
3	1069	19388.556113306665	1
3	1071	19391.556113306665	0
3	1084	19683.466499589047	1
3	1085	19686.466499589047	0
3	1087	19716.564636811971	1
3	1088	19719.564636811971	0
3	1100	19910.73075503044	1
3	1101	19913.73075503044	0
3	1103	19977.844068751595	1
3	1104	19980.844068751595	0
4	126	1606.345246296792	3
4	149	2110.18120571873	3
4	150	2113.18120571873	4.440986940399
4	160	2239.285839192709	3
4	169	2351.666003594619	3
4	203	3209.219744679587	3
4	212	3537.74660798597	3
4	229	3918.680720050012	3
4	250	4189.99266834291	3
4	261	4367.44548170647	3
4	264	4422.625670667538	3
4	269	4498.700241164183	3
4	286	5225.534631864805	3
4	289	5326.798272485314	3
4	300	5611.448932165658	3
4	306	5774.512759624882	3
4	326	6248.077390399179	3
4	333	6294.689661315359	3
4	347	6400.225361346811	3
4	351	6428.121910253486	3
4	362	6527.945312085413	3
4	384	6892.222269625997	3
4	392	6975.750393702093	3
4	397	7015.767265959364	3
4	408	7129.027199151557	3
4	411	7209.301462079213	3
4	422	7686.311656961366	3
4	434	8372.544038207981	3
4	439	8541.898392619256	3
4	452	8769.47392702859	3
4	456	8834.759228952147	3
4	461	8877.795326883255	3
4	485	9936.683682960185	3
4	508	10795.378566745418	3
4	514	10961.718571315661	3
4	516	11005.248368328376	3
4	525	11175.829540157838	3
4	533	11284.246859737748	3
4	539	11436.373476612991	3
4	544	11559.726664799376	3
4	566	11873.539498518002	3
4	571	11934.162564729667	3
4	573	11970.602176954104	3
4	589	12086.048013073543	3
4	593	12109.492882509173	3
4	595	12113.462823257799	3
4	600	12157.063193748042	3
4	608	12255.224750502952	3
4	633	12486.23976070275	3
4	651	13139.84668033528	3
4	653	13145.193576390484	3
4	657	13171.40692762846	3
4	678	13475.423438441611	3
4	687	13630.637379190608	3
4	693	13766.807090802574	3
4	717	14006.094646583836	3
4	721	14047.946136375526	3
4	726	14079.791726142009	3
4	728	14105.090314752025	3
4	742	14235.245188190674	3
4	744	14241.743010947286	3
4	752	14431.108562716674	3
4	770	14763.756868353704	3
4	772	14809.039383708358	3
4	786	15031.088590370091	3
4	794	15256.63827918078	3
4	816	15690.642341286386	3
4	825	15784.801695718475	3
4	835	15844.377443496222	3
4	837	15880.442394532099	3
4	845	15946.67062505986	3
4	861	16242.608425381508	3
4	868	16266.738895837032	3
4	886	16490.740868239338	3
4	888	16538.47161877709	3
4	900	16766.090472954813	3
4	912	16873.319284424387	3
4	915	16891.69474076311	3
4	920	16918.246385942195	3
4	946	17121.384982467502	3
4	957	17215.890930518175	3
4	976	17402.129712563825	3
4	980	17462.747601971522	3
4	982	17479.082143674025	3
4	1010	17751.171266875857	3
4	1015	17835.461677272706	3
4	1025	18626.119808610029	3
4	1039	18969.917559819079	3
4	1044	19040.673978932758	3
4	1058	19224.132732288918	3
4	1063	19288.026150424915	3
4	1071	19391.556113306665	3
4	1085	19686.466499589047	3
4	1088	19719.564636811971	3
4	1101	19913.73075503044	3
4	1104	19980.844068751595	3
5	126	1606.345246296792	4986
5	149	2110.18120571873	4989
5	150	2113.18120571873	4990
5	160	2239.285839192709	4988
5	169	2351.666003594619	4991
5	203	3209.219744679587	4996
5	212	3537.74660798597	4997
5	229	3918.680720050012	4999
5	250	4189.99266834291	5001
5	261	4367.44548170647	5002
5	264	4422.625670667538	5003
5	269	4498.700241164183	5005
5	286	5225.534631864805	5007
5	289	5326.798272485314	5006
5	300	5611.448932165658	5008
5	306	5774.512759624882	5009
5	326	6248.077390399179	5012
5	333	6294.689661315359	5015
5	347	6400.225361346811	5016
5	351	6428.121910253486	5018
5	362	6527.945312085413	5017
5	384	6892.222269625997	5020
5	392	6975.750393702093	5022
5	397	7015.767265959364	5023
5	408	7129.027199151557	5025
5	411	7209.301462079213	5024
5	422	7686.311656961366	5026
5	434	8372.544038207981	5028
5	439	8541.898392619256	5029
5	452	8769.47392702859	5033
5	456	8834.759228952147	5031
5	461	8877.795326883255	5030
5	485	9936.683682960185	5036
5	508	10795.378566745418	5038
5	514	10961.718571315661	5039
5	516	11005.248368328376	5040
5	525	11175.829540157838	5041
5	533	11284.246859737748	5042
5	539	11436.373476612991	5043
5	544	11559.726664799376	5044
5	566	11873.539498518002	5046
5	571	11934.162564729667	5045
5	573	11970.602176954104	5048
5	589	12086.048013073543	5049
5	593	12109.492882509173	5047
5	595	12113.462823257799	5051
5	600	12157.063193748042	5053
5	608	12255.224750502952	5052
5	633	12486.23976070275	5055
5	651	13139.84668033528	5059
5	653	13145.193576390484	5060
5	657	13171.40692762846	5058
5	678	13475.423438441611	5061
5	687	13630.637379190608	5064
5	693	13766.807090802574	5065
5	717	14006.094646583836	5070
5	721	14047.946136375526	5069
5	726	14079.791726142009	5067
5	728	14105.090314752025	5071
5	742	14235.245188190674	5068
5	744	14241.743010947286	5072
5	752	14431.108562716674	5073
5	770	14763.756868353704	5076
5	772	14809.039383708358	5074
5	786	15031.088590370091	5077
5	794	15256.63827918078	5078
5	816	15690.642341286386	5083
5	825	15784.801695718475	5080
5	835	15844.377443496222	5087
5	837	15880.442394532099	5081
5	845	15946.67062505986	5086
5	861	16242.608425381508	5089
5	868	16266.738895837032	5091
5	886	16490.740868239338	5093
5	888	16538.47161877709	5092
5	900	16766.090472954813	5094
5	912	16873.319284424387	5096
5	915	16891.69474076311	5095
5	920	16918.246385942195	5098
5	946	17121.384982467502	5097
5	957	17215.890930518175	5102
5	976	17402.129712563825	5105
5	980	17462.747601971522	5104
5	982	17479.082143674025	5106
5	1010	17751.171266875857	5109
5	1015	17835.461677272706	5107
5	1025	18626.119808610029	5111
5	1039	18969.917559819079	5114
5	1044	19040.673978932758	5112
5	1058	19224.132732288918	5113
5	1063	19288.026150424915	5115
5	1071	19391.556113306665	5116
5	1085	19686.466499589047	5118
5	1088	19719.564636811971	5117
5	1101	19913.73075503044	5120
5	1104	19980.844068751595	5119
6	115	1358.638227527108	1
6	116	1361.638227527108	0
6	117	1407.119932157691	1
6	118	1410.119932157691	0
6	131	1721.927463447147	1
6	132	1724.927463447147	0
6	151	2133.285839192709	1
6	152	2136.285839192709	0
6	153	2163.636977289976	1
6	154	2166.636977289976	0
6	189	2748.602862330975	1
6	190	2751.602862330975	0
6	194	2857.036117505661	1
6	195	2860.036117505661	0
6	200	3103.219744679587	1
6	201	3106.219744679587	0
6	207	3431.74660798597	1
6	208	3434.74660798597	0
6	218	3721.378686451125	1
6	219	3724.378686451125	0
6	222	3812.680720050012	1
6	223	3815.680720050012	0
6	230	3927.439335734324	1
6	231	3930.439335734324	0
6	241	4083.99266834291	1
6	242	4086.99266834291	0
6	254	4261.44548170647	1
6	255	4264.44548170647	0
6	257	4316.625670667538	1
6	258	4319.625670667538	0
6	271	4568.679702788876	1
6	272	4571.679702788876	0
6	283	5220.798272485314	1
6	285	5223.798272485314	0
6	295	5505.448932165658	1
6	296	5508.448932165658	0
6	297	5531.534631864805	1
6	298	5534.534631864805	0
6	327	6250.78272091243	1
6	328	6253.78272091243	0
6	332	6294.225361346811	1
6	334	6297.225361346811	0
6	348	6421.945312085413	1
6	349	6424.945312085413	0
6	376	6786.222269625997	1
6	377	6789.222269625997	0
6	381	6869.750393702093	1
6	382	6872.750393702093	0
6	386	6909.767265959364	1
6	387	6912.767265959364	0
6	389	6937.176439838635	1
6	390	6940.176439838635	0
6	398	7023.027199151557	1
6	399	7026.027199151557	0
6	403	7103.301462079213	1
6	404	7106.301462079213	0
6	417	7580.311656961366	1
6	418	7583.311656961366	0
6	423	7706.786891787915	1
6	424	7709.786891787915	0
6	435	8435.898392619256	1
6	436	8438.898392619256	0
6	447	8728.759228952147	1
6	448	8731.759228952147	0
6	453	8771.795326883255	1
6	454	8774.795326883255	0
6	474	9261.471149412055	1
6	475	9264.471149412055	0
6	480	9576.48717869215	1
6	481	9579.48717869215	0
6	499	10510.619640550026	1
6	500	10513.619640550026	0
6	504	10689.378566745418	1
6	505	10692.378566745418	0
6	509	10855.718571315661	1
6	510	10858.718571315661	0
6	554	11742.373476612991	1
6	555	11745.373476612991	0
6	557	11767.539498518002	1
6	558	11770.539498518002	0
6	561	11828.162564729667	1
6	562	11831.162564729667	0
6	576	11980.048013073543	1
6	577	11983.048013073543	0
6	579	12003.492882509173	1
6	580	12006.492882509173	0
6	597	12149.224750502952	1
6	598	12152.224750502952	0
6	623	12380.23976070275	1
6	624	12383.23976070275	0
6	627	12419.462823257799	1
6	628	12422.462823257799	0
6	646	13065.40692762846	1
6	647	13068.40692762846	0
6	669	13369.423438441611	1
6	670	13372.423438441611	0
6	675	13451.193576390484	1
6	676	13454.193576390484	0
6	679	13499.485286340432	1
6	681	13502.485286340432	0
6	707	13941.946136375526	1
6	708	13944.946136375526	0
6	709	13945.711314917689	1
6	710	13948.711314917689	0
6	713	13973.791726142009	1
6	714	13976.791726142009	0
6	723	14072.807090802574	1
6	724	14075.807090802574	0
6	731	14129.245188190674	1
6	732	14132.245188190674	0
6	746	14325.108562716674	1
6	747	14328.108562716674	0
6	763	14703.039383708358	1
6	764	14706.039383708358	0
6	780	14925.088590370091	1
6	781	14928.088590370091	0
6	790	15150.63827918078	1
6	791	15153.63827918078	0
6	801	15538.81140558572	1
6	802	15541.81140558572	0
6	811	15678.801695718475	1
6	813	15681.801695718475	0
6	821	15774.442394532099	1
6	822	15777.442394532099	0
6	824	15783.570603882281	1
6	826	15786.570603882281	0
6	832	15840.67062505986	1
6	834	15843.67062505986	0
6	847	16005.473896328356	1
6	848	16008.473896328356	0
6	872	16348.911986627153	1
6	873	16351.911986627153	0
6	879	16432.47161877709	1
6	880	16435.47161877709	0
6	902	16785.69474076311	1
6	903	16788.69474076311	0
6	904	16796.740868239338	1
6	905	16799.740868239338	0
6	921	16941.565554451104	1
6	922	16944.565554451104	0
6	931	17015.384982467502	1
6	933	17018.384982467502	0
6	942	17109.890930518175	1
6	944	17112.890930518175	0
6	951	17185.319284424387	1
6	952	17188.319284424387	0
6	965	17296.129712563825	1
6	966	17299.129712563825	0
6	971	17356.747601971522	1
6	972	17359.747601971522	0
6	973	17373.082143674025	1
6	974	17376.082143674025	0
6	996	17628.432834069037	1
6	998	17631.432834069037	0
6	999	17645.171266875857	1
6	1000	17648.171266875857	0
6	1006	17729.461677272706	1
6	1008	17732.461677272706	0
6	1022	18520.119808610029	1
6	1023	18523.119808610029	0
6	1036	18934.673978932758	1
6	1037	18937.673978932758	0
6	1049	19118.132732288918	1
6	1050	19121.132732288918	0
6	1054	19182.026150424915	1
6	1055	19185.026150424915	0
6	1059	19275.917559819079	1
6	1060	19278.917559819079	0
6	1062	19285.556113306665	1
6	1064	19288.556113306665	0
6	1081	19613.564636811971	1
6	1082	19616.564636811971	0
6	1093	19807.73075503044	1
6	1094	19810.73075503044	0
6	1096	19874.844068751595	1
6	1097	19877.844068751595	0
7	116	1361.638227527108	3
7	118	1410.119932157691	3
7	132	1724.927463447147	3
7	152	2136.285839192709	3
7	154	2166.636977289976	3
7	190	2751.602862330975	3
7	195	2860.036117505661	3
7	201	3106.219744679587	3
7	208	3434.74660798597	3
7	219	3724.378686451125	3
7	223	3815.680720050012	3
7	231	3930.439335734324	3
7	242	4086.99266834291	3
7	255	4264.44548170647	3
7	258	4319.625670667538	3
7	272	4571.679702788876	3
7	285	5223.798272485314	3
7	296	5508.448932165658	3
7	298	5534.534631864805	3
7	328	6253.78272091243	3
7	334	6297.225361346811	3
7	349	6424.945312085413	3
7	377	6789.222269625997	3
7	382	6872.750393702093	3
7	387	6912.767265959364	3
7	390	6940.176439838635	3
7	399	7026.027199151557	3
7	404	7106.301462079213	3
7	418	7583.311656961366	3
7	424	7709.786891787915	3
7	436	8438.898392619256	3
7	448	8731.759228952147	3
7	454	8774.795326883255	3
7	475	9264.471149412055	3
7	481	9579.48717869215	3
7	500	10513.619640550026	3
7	505	10692.378566745418	3
7	510	10858.718571315661	3
7	555	11745.373476612991	3
7	558	11770.539498518002	3
7	562	11831.162564729667	3
7	577	11983.048013073543	3
7	580	12006.492882509173	3
7	598	12152.224750502952	3
7	624	12383.23976070275	3
7	628	12422.462823257799	3
7	647	13068.40692762846	3
7	670	13372.423438441611	3
7	676	13454.193576390484	3
7	681	13502.485286340432	3
7	708	13944.946136375526	3
7	710	13948.711314917689	3
7	714	13976.791726142009	3
7	724	14075.807090802574	3
7	732	14132.245188190674	3
7	747	14328.108562716674	3
7	764	14706.039383708358	3
7	781	14928.088590370091	3
7	791	15153.63827918078	3
7	802	15541.81140558572	3
7	813	15681.801695718475	3
7	822	15777.442394532099	3
7	826	15786.570603882281	3
7	834	15843.67062505986	3
7	848	16008.473896328356	3
7	873	16351.911986627153	3
7	880	16435.47161877709	3
7	903	16788.69474076311	3
7	905	16799.740868239338	3
7	922	16944.565554451104	3
7	933	17018.384982467502	3
7	944	17112.890930518175	3
7	952	17188.319284424387	3
7	966	17299.129712563825	3
7	972	17359.747601971522	3
7	974	17376.082143674025	3
7	998	17631.432834069037	3
7	1000	17648.171266875857	3
7	1008	17732.461677272706	3
7	1023	18523.119808610029	3
7	1037	18937.673978932758	3
7	1050	19121.132732288918	3
7	1055	19185.026150424915	3
7	1060	19278.917559819079	3
7	1064	19288.556113306665	3
7	1082	19616.564636811971	3
7	1094	19810.73075503044	3
7	1097	19877.844068751595	3
8	116	1361.638227527108	4983
8	118	1410.119932157691	4984
8	132	1724.927463447147	4985
8	152	2136.285839192709	4988
8	154	2166.636977289976	4987
8	190	2751.602862330975	4993
8	195	2860.036117505661	4995
8	201	3106.219744679587	4996
8	208	3434.74660798597	4997
8	219	3724.378686451125	4998
8	223	3815.680720050012	4999
8	231	3930.439335734324	5000
8	242	4086.99266834291	5001
8	255	4264.44548170647	5002
8	258	4319.625670667538	5003
8	272	4571.679702788876	5004
8	285	5223.798272485314	5006
8	296	5508.448932165658	5008
8	298	5534.534631864805	5007
8	328	6253.78272091243	5013
8	334	6297.225361346811	5016
8	349	6424.945312085413	5017
8	377	6789.222269625997	5020
8	382	6872.750393702093	5022
8	387	6912.767265959364	5023
8	390	6940.176439838635	5021
8	399	7026.027199151557	5025
8	404	7106.301462079213	5024
8	418	7583.311656961366	5026
8	424	7709.786891787915	5027
8	436	8438.898392619256	5029
8	448	8731.759228952147	5031
8	454	8774.795326883255	5030
8	475	9264.471149412055	5034
8	481	9579.48717869215	5035
8	500	10513.619640550026	5037
8	505	10692.378566745418	5038
8	510	10858.718571315661	5039
8	555	11745.373476612991	5043
8	558	11770.539498518002	5046
8	562	11831.162564729667	5045
8	577	11983.048013073543	5049
8	580	12006.492882509173	5047
8	598	12152.224750502952	5052
8	624	12383.23976070275	5055
8	628	12422.462823257799	5051
8	647	13068.40692762846	5058
8	670	13372.423438441611	5061
8	676	13454.193576390484	5060
8	681	13502.485286340432	5063
8	708	13944.946136375526	5069
8	710	13948.711314917689	5066
8	714	13976.791726142009	5067
8	724	14075.807090802574	5065
8	732	14132.245188190674	5068
8	747	14328.108562716674	5073
8	764	14706.039383708358	5074
8	781	14928.088590370091	5077
8	791	15153.63827918078	5078
8	802	15541.81140558572	5079
8	813	15681.801695718475	5080
8	822	15777.442394532099	5081
8	826	15786.570603882281	5082
8	834	15843.67062505986	5086
8	848	16008.473896328356	5084
8	873	16351.911986627153	5088
8	880	16435.47161877709	5092
8	903	16788.69474076311	5095
8	905	16799.740868239338	5093
8	922	16944.565554451104	5099
8	933	17018.384982467502	5097
8	944	17112.890930518175	5102
8	952	17188.319284424387	5100
8	966	17299.129712563825	5105
8	972	17359.747601971522	5104
8	974	17376.082143674025	5106
8	998	17631.432834069037	5108
8	1000	17648.171266875857	5109
8	1008	17732.461677272706	5107
8	1023	18523.119808610029	5111
8	1037	18937.673978932758	5112
8	1050	19121.132732288918	5113
8	1055	19185.026150424915	5115
8	1060	19278.917559819079	5114
8	1064	19288.556113306665	5116
8	1082	19616.564636811971	5117
8	1094	19810.73075503044	5120
8	1097	19877.844068751595	5119
9	112	1255.638227527108	1
9	113	1258.638227527108	0
9	127	1618.927463447147	1
9	128	1621.927463447147	0
9	133	1809.345246296792	1
9	134	1812.345246296792	0
9	143	2030.285839192709	1
9	144	2033.285839192709	0
9	145	2060.636977289976	1
9	146	2063.636977289976	0
9	180	2548.161987676989	1
9	182	2551.161987676989	0
9	184	2645.602862330975	1
9	185	2648.602862330975	0
9	191	2754.036117505661	1
9	192	2757.036117505661	0
9	198	3000.219744679587	1
9	199	3003.219744679587	0
9	213	3618.378686451125	1
9	214	3621.378686451125	0
9	225	3824.439335734324	1
9	226	3827.439335734324	0
9	233	3980.99266834291	1
9	234	3983.99266834291	0
9	245	4121.680720050012	1
9	246	4124.680720050012	0
9	247	4158.44548170647	1
9	248	4161.44548170647	0
9	251	4213.625670667538	1
9	252	4216.625670667538	0
9	265	4465.679702788876	1
9	267	4468.679702788876	0
9	276	4701.700241164183	1
9	277	4704.700241164183	0
9	280	5117.798272485314	1
9	281	5120.798272485314	0
9	293	5428.534631864805	1
9	294	5431.534631864805	0
9	316	6020.801000760408	1
9	317	6023.801000760408	0
9	335	6318.945312085413	1
9	336	6321.945312085413	0
9	341	6360.048280361848	1
9	342	6363.048280361848	0
9	352	6451.077390399179	1
9	353	6454.077390399179	0
9	357	6497.689661315359	1
9	359	6500.689661315359	0
9	371	6683.222269625997	1
9	372	6686.222269625997	0
9	379	6834.176439838635	1
9	380	6837.176439838635	0
9	394	7000.301462079213	1
9	395	7003.301462079213	0
9	419	7603.786891787915	1
9	420	7606.786891787915	0
9	428	7889.311656961366	1
9	429	7892.311656961366	0
9	445	8668.795326883255	1
9	446	8671.795326883255	0
9	467	9037.759228952147	1
9	468	9040.759228952147	0
9	472	9158.471149412055	1
9	473	9161.471149412055	0
9	478	9473.48717869215	1
9	479	9476.48717869215	0
9	488	10139.683682960185	1
9	489	10142.683682960185	0
9	495	10407.619640550026	1
9	496	10410.619640550026	0
9	501	10586.378566745418	1
9	502	10589.378566745418	0
9	522	11164.718571315661	1
9	523	11167.718571315661	0
9	527	11208.248368328376	1
9	528	11211.248368328376	0
9	546	11639.373476612991	1
9	547	11642.373476612991	0
9	552	11725.162564729667	1
9	553	11728.162564729667	0
9	568	11900.492882509173	1
9	569	11903.492882509173	0
9	590	12098.544350847042	1
9	591	12101.544350847042	0
9	615	12316.462823257799	1
9	616	12319.462823257799	0
9	620	12360.063193748042	1
9	622	12363.063193748042	0
9	625	12408.362180021643	1
9	626	12411.362180021643	0
9	648	13072.198474069165	1
9	649	13075.198474069165	0
9	662	13266.423438441611	1
9	663	13269.423438441611	0
9	667	13348.193576390484	1
9	668	13351.193576390484	0
9	672	13396.674916958675	1
9	674	13399.674916958675	0
9	698	13842.711314917689	1
9	699	13845.711314917689	0
9	702	13870.791726142009	1
9	703	13873.791726142009	0
9	711	13969.807090802574	1
9	712	13972.807090802574	0
9	718	14026.245188190674	1
9	719	14029.245188190674	0
9	753	14444.743010947286	1
9	754	14447.743010947286	0
9	760	14634.108562716674	1
9	761	14637.108562716674	0
9	773	14822.088590370091	1
9	774	14825.088590370091	0
9	787	15047.63827918078	1
9	788	15050.63827918078	0
9	798	15435.81140558572	1
9	799	15438.81140558572	0
9	804	15575.801695718475	1
9	805	15578.801695718475	0
9	809	15671.442394532099	1
9	810	15674.442394532099	0
9	812	15680.570603882281	1
9	814	15683.570603882281	0
9	829	15800.917477579217	1
9	831	15803.917477579217	0
9	840	15902.473896328356	1
9	842	15905.473896328356	0
9	856	16149.67062505986	1
9	858	16152.67062505986	0
9	862	16245.911986627153	1
9	863	16248.911986627153	0
9	874	16353.912527416676	1
9	875	16356.912527416676	0
9	895	16693.740868239338	1
9	896	16696.740868239338	0
9	897	16741.47161877709	1
9	898	16744.47161877709	0
9	917	16912.384982467502	1
9	919	16915.384982467502	0
9	936	17076.319284424387	1
9	937	17079.319284424387	0
9	938	17082.319284424387	1
9	939	17085.319284424387	0
9	948	17156.829458921416	1
9	949	17159.829458921416	0
9	954	17211.780404348256	1
9	956	17214.780404348256	0
9	960	17253.747601971522	1
9	961	17256.747601971522	0
9	977	17418.890930518175	1
9	978	17421.890930518175	0
9	995	17626.461677272706	1
9	997	17629.461677272706	0
9	1002	17682.082143674025	1
9	1003	17685.082143674025	0
9	1012	17828.686695872812	1
9	1013	17831.686695872812	0
9	1031	18831.673978932758	1
9	1032	18834.673978932758	0
9	1041	19015.132732288918	1
9	1042	19018.132732288918	0
9	1047	19079.026150424915	1
9	1048	19082.026150424915	0
9	1052	19172.917559819079	1
9	1053	19175.917559819079	0
9	1077	19510.564636811971	1
9	1078	19513.564636811971	0
9	1089	19771.844068751595	1
9	1090	19774.844068751595	0
9	1098	19889.466499589047	1
9	1099	19892.466499589047	0
10	113	1258.638227527108	3
10	128	1621.927463447147	3
10	134	1812.345246296792	3
10	144	2033.285839192709	3
10	146	2063.636977289976	3
10	182	2551.161987676989	3
10	185	2648.602862330975	3
10	192	2757.036117505661	3
10	199	3003.219744679587	3
10	214	3621.378686451125	3
10	226	3827.439335734324	3
10	234	3983.99266834291	3
10	246	4124.680720050012	3
10	248	4161.44548170647	3
10	252	4216.625670667538	3
10	267	4468.679702788876	3
10	277	4704.700241164183	3
10	281	5120.798272485314	3
10	294	5431.534631864805	3
10	317	6023.801000760408	3
10	336	6321.945312085413	3
10	342	6363.048280361848	3
10	353	6454.077390399179	3
10	359	6500.689661315359	3
10	372	6686.222269625997	3
10	380	6837.176439838635	3
10	395	7003.301462079213	3
10	420	7606.786891787915	3
10	429	7892.311656961366	3
10	446	8671.795326883255	3
10	468	9040.759228952147	3
10	473	9161.471149412055	3
10	479	9476.48717869215	3
10	489	10142.683682960185	3
10	496	10410.619640550026	3
10	502	10589.378566745418	3
10	523	11167.718571315661	3
10	528	11211.248368328376	3
10	547	11642.373476612991	3
10	553	11728.162564729667	3
10	569	11903.492882509173	3
10	591	12101.544350847042	3
10	616	12319.462823257799	3
10	622	12363.063193748042	3
10	626	12411.362180021643	3
10	649	13075.198474069165	3
10	663	13269.423438441611	3
10	668	13351.193576390484	3
10	674	13399.674916958675	3
10	699	13845.711314917689	3
10	703	13873.791726142009	3
10	712	13972.807090802574	3
10	719	14029.245188190674	3
10	754	14447.743010947286	3
10	761	14637.108562716674	3
10	774	14825.088590370091	3
10	788	15050.63827918078	3
10	799	15438.81140558572	3
10	805	15578.801695718475	3
10	810	15674.442394532099	3
10	814	15683.570603882281	3
10	831	15803.917477579217	3
10	842	15905.473896328356	3
10	858	16152.67062505986	3
10	863	16248.911986627153	3
10	875	16356.912527416676	3
10	896	16696.740868239338	3
10	898	16744.47161877709	3
10	919	16915.384982467502	3
10	937	17079.319284424387	3
10	939	17085.319284424387	3
10	949	17159.829458921416	3
10	956	17214.780404348256	3
10	961	17256.747601971522	3
10	978	17421.890930518175	3
10	997	17629.461677272706	3
10	1003	17685.082143674025	3
10	1013	17831.686695872812	3
10	1032	18834.673978932758	3
10	1042	19018.132732288918	3
10	1048	19082.026150424915	3
10	1053	19175.917559819079	3
10	1078	19513.564636811971	3
10	1090	19774.844068751595	3
10	1099	19892.466499589047	3
11	113	1258.638227527108	4983
11	128	1621.927463447147	4985
11	134	1812.345246296792	4986
11	144	2033.285839192709	4988
11	146	2063.636977289976	4987
11	182	2551.161987676989	4994
11	185	2648.602862330975	4993
11	192	2757.036117505661	4995
11	199	3003.219744679587	4996
11	214	3621.378686451125	4998
11	226	3827.439335734324	5000
11	234	3983.99266834291	5001
11	246	4124.680720050012	4999
11	248	4161.44548170647	5002
11	252	4216.625670667538	5003
11	267	4468.679702788876	5004
11	277	4704.700241164183	5005
11	281	5120.798272485314	5006
11	294	5431.534631864805	5007
11	317	6023.801000760408	5011
11	336	6321.945312085413	5017
11	342	6363.048280361848	5014
11	353	6454.077390399179	5012
11	359	6500.689661315359	5015
11	372	6686.222269625997	5020
11	380	6837.176439838635	5021
11	395	7003.301462079213	5024
11	420	7606.786891787915	5027
11	429	7892.311656961366	5026
11	446	8671.795326883255	5030
11	468	9040.759228952147	5031
11	473	9161.471149412055	5034
11	479	9476.48717869215	5035
11	489	10142.683682960185	5036
11	496	10410.619640550026	5037
11	502	10589.378566745418	5038
11	523	11167.718571315661	5039
11	528	11211.248368328376	5040
11	547	11642.373476612991	5043
11	553	11728.162564729667	5045
11	569	11903.492882509173	5047
11	591	12101.544350847042	5050
11	616	12319.462823257799	5051
11	622	12363.063193748042	5053
11	626	12411.362180021643	5056
11	649	13075.198474069165	5057
11	663	13269.423438441611	5061
11	668	13351.193576390484	5060
11	674	13399.674916958675	5062
11	699	13845.711314917689	5066
11	703	13873.791726142009	5067
11	712	13972.807090802574	5065
11	719	14029.245188190674	5068
11	754	14447.743010947286	5072
11	761	14637.108562716674	5073
11	774	14825.088590370091	5077
11	788	15050.63827918078	5078
11	799	15438.81140558572	5079
11	805	15578.801695718475	5080
11	810	15674.442394532099	5081
11	814	15683.570603882281	5082
11	831	15803.917477579217	5085
11	842	15905.473896328356	5084
11	858	16152.67062505986	5086
11	863	16248.911986627153	5088
11	875	16356.912527416676	5090
11	896	16696.740868239338	5093
11	898	16744.47161877709	5092
11	919	16915.384982467502	5097
11	937	17079.319284424387	5096
11	939	17085.319284424387	5100
11	949	17159.829458921416	5103
11	956	17214.780404348256	5101
11	961	17256.747601971522	5104
11	978	17421.890930518175	5102
11	997	17629.461677272706	5107
11	1003	17685.082143674025	5106
11	1013	17831.686695872812	5110
11	1032	18834.673978932758	5112
11	1042	19018.132732288918	5113
11	1048	19082.026150424915	5115
11	1053	19175.917559819079	5114
11	1078	19513.564636811971	5117
11	1090	19774.844068751595	5119
11	1099	19892.466499589047	5118
12	172	2442.285839192709	512
12	221	3740.74660798597	409
12	308	5814.448932165658	409
12	409	7178.750393702093	409
12	457	8840.387235738842	203
12	465	8972.47392702859	306
12	613	12289.048013073543	409
12	739	14209.094646583836	306
12	884	16469.738895837032	306
12	940	17094.69474076311	409
12	970	17324.384982467502	512
12	993	17605.129712563825	409
12	1001	17665.747601971522	512
13	172	2442.285839192709	12
13	221	3740.74660798597	9
13	308	5814.448932165658	9
13	409	7178.750393702093	9
13	457	8840.387235738842	3
13	465	8972.47392702859	6
13	613	12289.048013073543	9
13	739	14209.094646583836	6
13	884	16469.738895837032	6
13	940	17094.69474076311	9
13	970	17324.384982467502	12
13	993	17605.129712563825	9
13	1001	17665.747601971522	12
14	172	2442.285839192709	4
14	221	3740.74660798597	3
14	308	5814.448932165658	3
14	409	7178.750393702093	3
14	457	8840.387235738842	1
14	465	8972.47392702859	2
14	613	12289.048013073543	3
14	739	14209.094646583836	2
14	884	16469.738895837032	2
14	940	17094.69474076311	3
14	970	17324.384982467502	4
14	993	17605.129712563825	3
14	1001	17665.747601971522	4
15	292	5426.798272485314	409
15	363	6528.121910253486	203
15	369	6627.945312085413	409
15	393	6992.222269625997	409
15	413	7229.027199151557	306
15	511	10895.378566745418	512
15	537	11384.246859737748	203
15	586	12070.602176954104	203
15	604	12209.492882509173	512
15	659	13239.84668033528	203
15	684	13575.423438441611	512
15	738	14205.090314752025	203
15	748	14335.245188190674	512
15	797	15356.63827918078	409
15	827	15790.642341286386	203
15	838	15884.801695718475	409
15	910	16866.090472954813	203
15	932	17018.246385942195	203
15	1016	17851.171266875857	306
15	1027	18726.119808610029	306
15	1051	19140.673978932758	512
15	1066	19324.132732288918	512
15	1095	19819.564636811971	512
16	292	5426.798272485314	9
16	363	6528.121910253486	3
16	369	6627.945312085413	9
16	393	6992.222269625997	9
16	413	7229.027199151557	6
16	511	10895.378566745418	12
16	537	11384.246859737748	3
16	586	12070.602176954104	3
16	604	12209.492882509173	12
16	659	13239.84668033528	3
16	684	13575.423438441611	12
16	738	14205.090314752025	3
16	748	14335.245188190674	12
16	797	15356.63827918078	9
16	827	15790.642341286386	3
16	838	15884.801695718475	9
16	910	16866.090472954813	3
16	932	17018.246385942195	3
16	1016	17851.171266875857	6
16	1027	18726.119808610029	6
16	1051	19140.673978932758	12
16	1066	19324.132732288918	12
16	1095	19819.564636811971	12
17	292	5426.798272485314	3
17	363	6528.121910253486	1
17	369	6627.945312085413	3
17	393	6992.222269625997	3
17	413	7229.027199151557	2
17	511	10895.378566745418	4
17	537	11384.246859737748	1
17	586	12070.602176954104	1
17	604	12209.492882509173	4
17	659	13239.84668033528	1
17	684	13575.423438441611	4
17	738	14205.090314752025	1
17	748	14335.245188190674	4
17	797	15356.63827918078	3
17	827	15790.642341286386	1
17	838	15884.801695718475	3
17	910	16866.090472954813	1
17	932	17018.246385942195	1
17	1016	17851.171266875857	2
17	1027	18726.119808610029	2
17	1051	19140.673978932758	4
17	1066	19324.132732288918	4
17	1095	19819.564636811971	4
18	204	3309.219744679587	409
18	256	4289.99266834291	409
18	266	4467.44548170647	512
18	270	4522.625670667538	512
18	414	7309.301462079213	409
18	437	8472.544038207981	203
18	443	8641.898392619256	306
18	466	8977.795326883255	409
18	734	14147.946136375526	306
18	789	15131.088590370091	409
18	844	15944.377443496222	203
18	846	15980.442394532099	409
19	204	3309.219744679587	9
19	256	4289.99266834291	9
19	266	4467.44548170647	12
19	270	4522.625670667538	12
19	414	7309.301462079213	9
19	437	8472.544038207981	3
19	443	8641.898392619256	6
19	466	8977.795326883255	9
19	734	14147.946136375526	6
19	789	15131.088590370091	9
19	844	15944.377443496222	3
19	846	15980.442394532099	9
20	204	3309.219744679587	3
20	256	4289.99266834291	3
20	266	4467.44548170647	4
20	270	4522.625670667538	4
20	414	7309.301462079213	3
20	437	8472.544038207981	1
20	443	8641.898392619256	2
20	466	8977.795326883255	3
20	734	14147.946136375526	2
20	789	15131.088590370091	3
20	844	15944.377443496222	1
20	846	15980.442394532099	3
21	107	1035.606203079875	512
21	122	1510.119932157691	203
21	135	1824.927463447147	409
21	162	2266.636977289976	409
21	197	2960.036117505661	409
21	238	4030.439335734324	306
21	301	5634.534631864805	512
21	476	9364.471149412055	409
21	482	9679.48717869215	306
21	503	10613.619640550026	409
21	685	13602.485286340432	203
21	735	14175.807090802574	512
21	839	15886.570603882281	306
21	882	16451.911986627153	409
21	916	16899.740868239338	512
21	934	17044.565554451104	203
21	964	17288.319284424387	413.44962855617
22	107	1035.606203079875	12
22	122	1510.119932157691	3
22	135	1824.927463447147	9
22	162	2266.636977289976	9
22	197	2960.036117505661	9
22	238	4030.439335734324	6
22	301	5634.534631864805	12
22	476	9364.471149412055	9
22	482	9679.48717869215	6
22	503	10613.619640550026	9
22	685	13602.485286340432	3
22	735	14175.807090802574	12
22	839	15886.570603882281	6
22	882	16451.911986627153	9
22	916	16899.740868239338	12
22	934	17044.565554451104	3
22	964	17288.319284424387	13.449628556174
23	107	1035.606203079875	4
23	122	1510.119932157691	1
23	135	1824.927463447147	3
23	162	2266.636977289976	3
23	197	2960.036117505661	3
23	238	4030.439335734324	2
23	301	5634.534631864805	4
23	476	9364.471149412055	3
23	482	9679.48717869215	2
23	503	10613.619640550026	3
23	685	13602.485286340432	1
23	735	14175.807090802574	4
23	839	15886.570603882281	2
23	882	16451.911986627153	3
23	916	16899.740868239338	4
23	934	17044.565554451104	1
23	964	17288.319284424387	3
24	120	1461.638227527108	409
24	193	2851.602862330975	409
24	224	3824.378686451125	409
24	275	4671.679702788876	306
24	340	6353.78272091243	203
24	400	7040.176439838635	409
24	427	7809.786891787915	306
24	563	11845.373476612991	512
24	635	12522.462823257799	512
24	683	13554.193576390484	512
24	722	14048.711314917689	306
24	808	15641.81140558572	409
24	852	16108.473896328356	409
24	1007	17731.432834069037	203
24	1067	19378.917559819079	512
25	120	1461.638227527108	9
25	193	2851.602862330975	9
25	224	3824.378686451125	9
25	275	4671.679702788876	6
25	340	6353.78272091243	3
25	400	7040.176439838635	9
25	427	7809.786891787915	6
25	563	11845.373476612991	12
25	635	12522.462823257799	12
25	683	13554.193576390484	12
25	722	14048.711314917689	6
25	808	15641.81140558572	9
25	852	16108.473896328356	9
25	1007	17731.432834069037	3
25	1067	19378.917559819079	12
26	120	1461.638227527108	3
26	193	2851.602862330975	3
26	224	3824.378686451125	3
26	275	4671.679702788876	2
26	340	6353.78272091243	1
26	400	7040.176439838635	3
26	427	7809.786891787915	2
26	563	11845.373476612991	4
26	635	12522.462823257799	4
26	683	13554.193576390484	4
26	722	14048.711314917689	2
26	808	15641.81140558572	3
26	852	16108.473896328356	3
26	1007	17731.432834069037	1
26	1067	19378.917559819079	4
27	137	1912.345246296792	409
27	278	4804.700241164183	409
27	318	6123.801000760408	203
27	367	6600.689661315359	409
27	430	7992.311656961366	512
27	491	10242.683682960185	409
27	529	11267.718571315661	512
27	534	11311.248368328376	409
27	680	13499.674916958675	203
27	768	14737.108562716674	512
27	841	15903.917477579217	203
27	883	16456.912527416676	306
27	950	17179.319284424387	409
27	962	17259.829458921416	203
27	967	17314.780404348256	306
27	985	17521.890930518175	512
27	1105	19992.466499589047	409
28	137	1912.345246296792	9
28	278	4804.700241164183	9
28	318	6123.801000760408	3
28	367	6600.689661315359	9
28	430	7992.311656961366	12
28	491	10242.683682960185	9
28	529	11267.718571315661	12
28	534	11311.248368328376	9
28	680	13499.674916958675	3
28	768	14737.108562716674	12
28	841	15903.917477579217	3
28	883	16456.912527416676	6
28	950	17179.319284424387	9
28	962	17259.829458921416	3
28	967	17314.780404348256	6
28	985	17521.890930518175	12
28	1105	19992.466499589047	9
29	137	1912.345246296792	3
29	278	4804.700241164183	3
29	318	6123.801000760408	1
29	367	6600.689661315359	3
29	430	7992.311656961366	4
29	491	10242.683682960185	3
29	529	11267.718571315661	4
29	534	11311.248368328376	3
29	680	13499.674916958675	1
29	768	14737.108562716674	4
29	841	15903.917477579217	1
29	883	16456.912527416676	2
29	950	17179.319284424387	3
29	962	17259.829458921416	1
29	967	17314.780404348256	2
29	985	17521.890930518175	4
29	1105	19992.466499589047	3
30	106	1021.749079037296	413.01914966559
30	187	2651.161987676989	203
30	253	4224.680720050012	512
30	354	6463.048280361848	306
30	364	6554.077390399179	409
30	471	9140.759228952147	512
30	603	12201.544350847042	203
30	631	12463.063193748042	409
30	634	12511.362180021643	203
30	658	13175.198474069165	306
30	757	14547.743010947286	409
30	865	16252.67062505986	512
30	909	16844.47161877709	512
30	1011	17785.082143674025	512
30	1017	17931.686695872812	306
31	106	1021.749079037296	13.019149665591
31	187	2651.161987676989	3
31	253	4224.680720050012	12
31	354	6463.048280361848	6
31	364	6554.077390399179	9
31	471	9140.759228952147	12
31	603	12201.544350847042	3
31	631	12463.063193748042	9
31	634	12511.362180021643	3
31	658	13175.198474069165	6
31	757	14547.743010947286	9
31	865	16252.67062505986	12
31	909	16844.47161877709	12
31	1011	17785.082143674025	12
31	1017	17931.686695872812	6
32	106	1021.749079037296	3
32	187	2651.161987676989	1
32	253	4224.680720050012	4
32	354	6463.048280361848	2
32	364	6554.077390399179	3
32	471	9140.759228952147	4
32	603	12201.544350847042	1
32	631	12463.063193748042	3
32	634	12511.362180021643	1
32	658	13175.198474069165	2
32	757	14547.743010947286	3
32	865	16252.67062505986	4
32	909	16844.47161877709	4
32	1011	17785.082143674025	4
32	1017	17931.686695872812	2
33	109	1072.19334146329	306
33	163	2313.18120571873	306
33	164	2316.18120571873	307.4409869404
33	177	2542.205430717417	203
33	183	2554.666003594619	306
33	314	5977.512759624882	306
33	315	5982.628538318889	203
33	365	6573.632314634477	203
33	368	6603.225361346811	409
33	412	7218.767265959364	409
33	536	11378.829540157838	306
33	556	11762.726664799376	306
33	587	12076.539498518002	409
33	596	12137.162564729667	512
33	629	12458.224750502952	409
33	630	12461.619482469008	203
33	638	12689.23976070275	409
33	671	13374.40692762846	409
33	696	13833.637379190608	306
33	745	14282.791726142009	512
33	775	14825.617291570299	203
33	783	14966.756868353704	306
33	784	15012.039383708358	409
33	881	16445.608425381508	306
33	1020	18038.461677272706	512
33	1074	19491.026150424915	512
33	1080	19594.556113306665	409
34	109	1072.19334146329	6
34	163	2313.18120571873	6
34	164	2316.18120571873	7.440986940399
34	177	2542.205430717417	3
34	183	2554.666003594619	6
34	314	5977.512759624882	6
34	315	5982.628538318889	3
34	365	6573.632314634477	3
34	368	6603.225361346811	9
34	412	7218.767265959364	9
34	536	11378.829540157838	6
34	556	11762.726664799376	6
34	587	12076.539498518002	9
34	596	12137.162564729667	12
34	629	12458.224750502952	9
34	630	12461.619482469008	3
34	638	12689.23976070275	9
34	671	13374.40692762846	9
34	696	13833.637379190608	6
34	745	14282.791726142009	12
34	775	14825.617291570299	3
34	783	14966.756868353704	6
34	784	15012.039383708358	9
34	881	16445.608425381508	6
34	1020	18038.461677272706	12
34	1074	19491.026150424915	12
34	1080	19594.556113306665	9
35	109	1072.19334146329	2
35	163	2313.18120571873	2
35	164	2316.18120571873	2
35	177	2542.205430717417	1
35	183	2554.666003594619	2
35	314	5977.512759624882	2
35	315	5982.628538318889	1
35	365	6573.632314634477	1
35	368	6603.225361346811	3
35	412	7218.767265959364	3
35	536	11378.829540157838	2
35	556	11762.726664799376	2
35	587	12076.539498518002	3
35	596	12137.162564729667	4
35	629	12458.224750502952	3
35	630	12461.619482469008	1
35	638	12689.23976070275	3
35	671	13374.40692762846	3
35	696	13833.637379190608	2
35	745	14282.791726142009	4
35	775	14825.617291570299	1
35	783	14966.756868353704	2
35	784	15012.039383708358	3
35	881	16445.608425381508	2
35	1020	18038.461677272706	4
35	1074	19491.026150424915	4
35	1080	19594.556113306665	3

