version 3
run CircleMode-44-20260125-17:00:39-1385
attr configname CircleMode
attr datetime 20260125-17:00:39
attr datetimef 20260125-170039
attr experiment CircleMode
attr inifile simulations/nwsim_project/omnetpp.ini
attr iterationvars ""
attr iterationvarsd ""
attr iterationvarsf ""
attr measurement ""
attr network CrossTraffic
attr processid 1385
attr repetition 44
attr replication #44
attr resultdir results
attr runnumber 44
attr seedset 44
config description "Junction circle mode with simple routing"
config *.Junc*.junctionMode "\"circle\""
config network CrossTraffic
config sim-time-limit 20000s
config warmup-period 1000s
config repeat 50
config **.scalar-recording true
config **.vector-recording true
config *.Junc*.junctionMode "\"queue\""
config *.EndNW.spawnInterval exponential(800s)
config *.EndNE.spawnInterval exponential(1200s)
config *.EndEN.spawnInterval exponential(1000s)
config *.EndES.spawnInterval exponential(1500s)
config *.EndSE.spawnInterval exponential(900s)
config *.EndSW.spawnInterval exponential(1100s)
config *.EndWS.spawnInterval exponential(1300s)
config *.EndWN.spawnInterval exponential(1400s)

vector 0 CrossTraffic.JuncNW queueLength:vector ETV
attr interpolationmode sample-hold
attr recordingmode vector
attr source queueLength
attr title "Queue Length"
vector 1 CrossTraffic.JuncNW junctionProcessingTime:vector ETV
attr recordingmode vector
attr source junctionProcessingTime
attr title "Junction Processing Time"
vector 2 CrossTraffic.JuncNW vehicleCount:vector ETV
attr recordingmode vector
attr source vehicleCount
attr title "Vehicle Count"
vector 3 CrossTraffic.JuncNE queueLength:vector ETV
attr interpolationmode sample-hold
attr recordingmode vector
attr source queueLength
attr title "Queue Length"
vector 4 CrossTraffic.JuncNE junctionProcessingTime:vector ETV
attr recordingmode vector
attr source junctionProcessingTime
attr title "Junction Processing Time"
vector 5 CrossTraffic.JuncNE vehicleCount:vector ETV
attr recordingmode vector
attr source vehicleCount
attr title "Vehicle Count"
vector 6 CrossTraffic.JuncSE queueLength:vector ETV
attr interpolationmode sample-hold
attr recordingmode vector
attr source queueLength
attr title "Queue Length"
vector 7 CrossTraffic.JuncSE junctionProcessingTime:vector ETV
attr recordingmode vector
attr source junctionProcessingTime
attr title "Junction Processing Time"
vector 8 CrossTraffic.JuncSE vehicleCount:vector ETV
attr recordingmode vector
attr source vehicleCount
attr title "Vehicle Count"
vector 9 CrossTraffic.JuncSW queueLength:vector ETV
attr interpolationmode sample-hold
attr recordingmode vector
attr source queueLength
attr title "Queue Length"
vector 10 CrossTraffic.JuncSW junctionProcessingTime:vector ETV
attr recordingmode vector
attr source junctionProcessingTime
attr title "Junction Processing Time"
vector 11 CrossTraffic.JuncSW vehicleCount:vector ETV
attr recordingmode vector
attr source vehicleCount
attr title "Vehicle Count"
vector 12 CrossTraffic.EndNW travelTime:vector ETV
attr recordingmode vector
attr source travelTime
attr title "Vehicle Travel Time"
vector 13 CrossTraffic.EndNW junctionTime:vector ETV
attr recordingmode vector
attr source junctionTime
attr title "Total Junction Time per Vehicle"
vector 14 CrossTraffic.EndNW junctionCount:vector ETV
attr recordingmode vector
attr source junctionCount
attr title "Junctions Visited per Vehicle"
vector 15 CrossTraffic.EndNE travelTime:vector ETV
attr recordingmode vector
attr source travelTime
attr title "Vehicle Travel Time"
vector 16 CrossTraffic.EndNE junctionTime:vector ETV
attr recordingmode vector
attr source junctionTime
attr title "Total Junction Time per Vehicle"
vector 17 CrossTraffic.EndNE junctionCount:vector ETV
attr recordingmode vector
attr source junctionCount
attr title "Junctions Visited per Vehicle"
vector 18 CrossTraffic.EndEN travelTime:vector ETV
attr recordingmode vector
attr source travelTime
attr title "Vehicle Travel Time"
vector 19 CrossTraffic.EndEN junctionTime:vector ETV
attr recordingmode vector
attr source junctionTime
attr title "Total Junction Time per Vehicle"
vector 20 CrossTraffic.EndEN junctionCount:vector ETV
attr recordingmode vector
attr source junctionCount
attr title "Junctions Visited per Vehicle"
vector 21 CrossTraffic.EndES travelTime:vector ETV
attr recordingmode vector
attr source travelTime
attr title "Vehicle Travel Time"
vector 22 CrossTraffic.EndES junctionTime:vector ETV
attr recordingmode vector
attr source junctionTime
attr title "Total Junction Time per Vehicle"
vector 23 CrossTraffic.EndES junctionCount:vector ETV
attr recordingmode vector
attr source junctionCount
attr title "Junctions Visited per Vehicle"
vector 24 CrossTraffic.EndSE travelTime:vector ETV
attr recordingmode vector
attr source travelTime
attr title "Vehicle Travel Time"
vector 25 CrossTraffic.EndSE junctionTime:vector ETV
attr recordingmode vector
attr source junctionTime
attr title "Total Junction Time per Vehicle"
vector 26 CrossTraffic.EndSE junctionCount:vector ETV
attr recordingmode vector
attr source junctionCount
attr title "Junctions Visited per Vehicle"
vector 27 CrossTraffic.EndSW travelTime:vector ETV
attr recordingmode vector
attr source travelTime
attr title "Vehicle Travel Time"
vector 28 CrossTraffic.EndSW junctionTime:vector ETV
attr recordingmode vector
attr source junctionTime
attr title "Total Junction Time per Vehicle"
vector 29 CrossTraffic.EndSW junctionCount:vector ETV
attr recordingmode vector
attr source junctionCount
attr title "Junctions Visited per Vehicle"
vector 30 CrossTraffic.EndWS travelTime:vector ETV
attr recordingmode vector
attr source travelTime
attr title "Vehicle Travel Time"
vector 31 CrossTraffic.EndWS junctionTime:vector ETV
attr recordingmode vector
attr source junctionTime
attr title "Total Junction Time per Vehicle"
vector 32 CrossTraffic.EndWS junctionCount:vector ETV
attr recordingmode vector
attr source junctionCount
attr title "Junctions Visited per Vehicle"
vector 33 CrossTraffic.EndWN travelTime:vector ETV
attr recordingmode vector
attr source travelTime
attr title "Vehicle Travel Time"
vector 34 CrossTraffic.EndWN junctionTime:vector ETV
attr recordingmode vector
attr source junctionTime
attr title "Total Junction Time per Vehicle"
vector 35 CrossTraffic.EndWN junctionCount:vector ETV
attr recordingmode vector
attr source junctionCount
attr title "Junctions Visited per Vehicle"
0	78	1164.897599963801	0
0	86	1301.208748071966	0
0	87	1334.7226196462	0
0	91	1381.285976251542	0
0	104	1630.123155545897	0
0	112	1807.404242618222	0
0	122	1998.087322764812	0
0	130	2118.911863738959	0
0	137	2286.360161077707	0
0	144	2481.050270373988	0
0	151	2632.069680762651	0
0	160	2969.606037065978	0
0	171	3389.289974048655	0
0	174	3575.09052886858	0
0	190	3867.049833010953	0
0	198	4036.526293804739	0
0	199	4063.44102343561	0
0	202	4103.429226157052	0
0	206	4203.146143274219	0
0	219	5046.950434767008	0
0	220	5056.752699208189	0
0	226	5182.036426425754	0
0	227	5218.286265908221	0
0	233	5365.650730173874	0
0	246	5714.18597721846	0
0	256	5996.467837799764	0
0	257	6024.300289953418	0
0	265	6389.168537990247	0
0	267	6456.743694305847	0
0	275	6723.844306761993	0
0	283	7027.048920925358	0
0	284	7036.610570510764	0
0	288	7162.663173668408	0
0	304	7895.606909418114	0
0	309	8027.621030727466	0
0	318	8384.686341520259	0
0	319	8433.774533717822	0
0	328	8604.305671108173	0
0	332	8680.16191399707	0
0	334	8719.027624170746	0
0	351	9474.584491055671	0
0	353	9517.889194272061	0
0	355	9610.115165397104	0
0	367	10154.513615674222	0
0	380	10419.380232997769	0
0	387	10652.177858829049	0
0	395	10977.102302959798	0
0	396	11032.595496842583	0
0	406	11281.589345874111	0
0	419	11623.309808689236	0
0	429	11886.346693890203	0
0	438	12096.909046998998	0
0	440	12109.8769093254	0
0	450	12568.812551128126	0
0	452	12640.324781840352	0
0	465	12988.912650018053	0
0	480	13346.083869164219	0
0	489	13502.728591744678	0
0	491	13514.553444106827	0
0	492	13515.062827067839	0
0	510	13913.709918300608	0
0	513	13962.90656924041	0
0	515	14035.25084837769	0
0	520	14144.388551756456	0
0	530	14379.242541615475	0
0	537	14581.274085283496	0
0	543	14710.702138137593	0
0	547	14816.42360430511	0
0	548	14841.428448735541	0
0	558	15187.494878726513	0
0	569	15458.899957938137	0
0	571	15509.736383451907	0
0	579	15629.411301061612	0
0	587	15787.832852982421	0
0	593	15940.542491704812	0
0	606	16413.266035963088	0
0	617	16568.324004373908	0
0	633	16915.466697679376	0
0	640	17186.403290585471	0
0	655	17505.497002227562	0
0	656	17518.247954148356	0
0	657	17527.481856508325	0
0	664	17780.076931550825	0
0	671	18085.367999799641	0
0	674	18165.085241415902	0
0	685	18317.976537249743	0
0	690	18412.11097394402	0
0	698	18521.80660811174	0
0	703	18646.004986441171	0
0	712	18891.43268440562	0
0	718	19030.240332397109	0
0	723	19131.911125754083	0
0	727	19180.37560958994	0
0	735	19298.387917061879	0
0	738	19368.793514008658	0
0	747	19654.279461881215	0
1	78	1164.897599963801	3
1	86	1301.208748071966	3
1	87	1334.7226196462	3
1	91	1381.285976251542	3
1	104	1630.123155545897	3
1	112	1807.404242618222	3
1	122	1998.087322764812	3
1	130	2118.911863738959	3
1	137	2286.360161077707	3
1	144	2481.050270373988	3
1	151	2632.069680762651	3
1	160	2969.606037065978	3
1	171	3389.289974048655	3
1	174	3575.09052886858	3
1	190	3867.049833010953	3
1	198	4036.526293804739	3
1	199	4063.44102343561	3
1	202	4103.429226157052	3
1	206	4203.146143274219	3
1	219	5046.950434767008	3
1	220	5056.752699208189	3
1	226	5182.036426425754	3
1	227	5218.286265908221	3
1	233	5365.650730173874	3
1	246	5714.18597721846	3
1	256	5996.467837799764	3
1	257	6024.300289953418	3
1	265	6389.168537990247	3
1	267	6456.743694305847	3
1	275	6723.844306761993	3
1	283	7027.048920925358	3
1	284	7036.610570510764	3
1	288	7162.663173668408	3
1	304	7895.606909418114	3
1	309	8027.621030727466	3
1	318	8384.686341520259	3
1	319	8433.774533717822	3
1	328	8604.305671108173	3
1	332	8680.16191399707	3
1	334	8719.027624170746	3
1	351	9474.584491055671	3
1	353	9517.889194272061	3
1	355	9610.115165397104	3
1	367	10154.513615674222	3
1	380	10419.380232997769	3
1	387	10652.177858829049	3
1	395	10977.102302959798	3
1	396	11032.595496842583	3
1	406	11281.589345874111	3
1	419	11623.309808689236	3
1	429	11886.346693890203	3
1	438	12096.909046998998	3
1	440	12109.8769093254	3
1	450	12568.812551128126	3
1	452	12640.324781840352	3
1	465	12988.912650018053	3
1	480	13346.083869164219	3
1	489	13502.728591744678	3
1	491	13514.553444106827	3
1	492	13515.062827067839	3
1	510	13913.709918300608	3
1	513	13962.90656924041	3
1	515	14035.25084837769	3
1	520	14144.388551756456	3
1	530	14379.242541615475	3
1	537	14581.274085283496	3
1	543	14710.702138137593	3
1	547	14816.42360430511	3
1	548	14841.428448735541	3
1	558	15187.494878726513	3
1	569	15458.899957938137	3
1	571	15509.736383451907	3
1	579	15629.411301061612	3
1	587	15787.832852982421	3
1	593	15940.542491704812	3
1	606	16413.266035963088	3
1	617	16568.324004373908	3
1	633	16915.466697679376	3
1	640	17186.403290585471	3
1	655	17505.497002227562	3
1	656	17518.247954148356	3
1	657	17527.481856508325	3
1	664	17780.076931550825	3
1	671	18085.367999799641	3
1	674	18165.085241415902	3
1	685	18317.976537249743	3
1	690	18412.11097394402	3
1	698	18521.80660811174	3
1	703	18646.004986441171	3
1	712	18891.43268440562	3
1	718	19030.240332397109	3
1	723	19131.911125754083	3
1	727	19180.37560958994	3
1	735	19298.387917061879	3
1	738	19368.793514008658	3
1	747	19654.279461881215	3
2	78	1164.897599963801	6799
2	86	1301.208748071966	6800
2	87	1334.7226196462	6798
2	91	1381.285976251542	6802
2	104	1630.123155545897	6803
2	112	1807.404242618222	6805
2	122	1998.087322764812	6807
2	130	2118.911863738959	6809
2	137	2286.360161077707	6811
2	144	2481.050270373988	6810
2	151	2632.069680762651	6812
2	160	2969.606037065978	6815
2	171	3389.289974048655	6817
2	174	3575.09052886858	6818
2	190	3867.049833010953	6821
2	198	4036.526293804739	6822
2	199	4063.44102343561	6824
2	202	4103.429226157052	6823
2	206	4203.146143274219	6825
2	219	5046.950434767008	6826
2	220	5056.752699208189	6827
2	226	5182.036426425754	6828
2	227	5218.286265908221	6829
2	233	5365.650730173874	6830
2	246	5714.18597721846	6832
2	256	5996.467837799764	6833
2	257	6024.300289953418	6835
2	265	6389.168537990247	6837
2	267	6456.743694305847	6836
2	275	6723.844306761993	6838
2	283	7027.048920925358	6840
2	284	7036.610570510764	6841
2	288	7162.663173668408	6842
2	304	7895.606909418114	6845
2	309	8027.621030727466	6844
2	318	8384.686341520259	6847
2	319	8433.774533717822	6848
2	328	8604.305671108173	6850
2	332	8680.16191399707	6849
2	334	8719.027624170746	6851
2	351	9474.584491055671	6854
2	353	9517.889194272061	6855
2	355	9610.115165397104	6856
2	367	10154.513615674222	6859
2	380	10419.380232997769	6860
2	387	10652.177858829049	6863
2	395	10977.102302959798	6864
2	396	11032.595496842583	6865
2	406	11281.589345874111	6867
2	419	11623.309808689236	6870
2	429	11886.346693890203	6872
2	438	12096.909046998998	6873
2	440	12109.8769093254	6874
2	450	12568.812551128126	6876
2	452	12640.324781840352	6877
2	465	12988.912650018053	6880
2	480	13346.083869164219	6883
2	489	13502.728591744678	6884
2	491	13514.553444106827	6886
2	492	13515.062827067839	6887
2	510	13913.709918300608	6888
2	513	13962.90656924041	6890
2	515	14035.25084837769	6892
2	520	14144.388551756456	6891
2	530	14379.242541615475	6893
2	537	14581.274085283496	6895
2	543	14710.702138137593	6896
2	547	14816.42360430511	6897
2	548	14841.428448735541	6898
2	558	15187.494878726513	6899
2	569	15458.899957938137	6900
2	571	15509.736383451907	6904
2	579	15629.411301061612	6905
2	587	15787.832852982421	6906
2	593	15940.542491704812	6908
2	606	16413.266035963088	6909
2	617	16568.324004373908	6913
2	633	16915.466697679376	6916
2	640	17186.403290585471	6918
2	655	17505.497002227562	6921
2	656	17518.247954148356	6919
2	657	17527.481856508325	6920
2	664	17780.076931550825	6922
2	671	18085.367999799641	6925
2	674	18165.085241415902	6924
2	685	18317.976537249743	6930
2	690	18412.11097394402	6928
2	698	18521.80660811174	6929
2	703	18646.004986441171	6931
2	712	18891.43268440562	6932
2	718	19030.240332397109	6935
2	723	19131.911125754083	6933
2	727	19180.37560958994	6937
2	735	19298.387917061879	6940
2	738	19368.793514008658	6936
2	747	19654.279461881215	6941
3	74	1069.091798216953	0
3	82	1248.888581607048	0
3	83	1267.897599963801	0
3	92	1404.208748071966	0
3	97	1484.285976251542	0
3	108	1733.123155545897	0
3	109	1755.404436201155	0
3	118	1910.404242618222	0
3	120	1945.227973024548	0
3	129	2101.087322764812	0
3	132	2172.050270373988	0
3	141	2389.360161077707	0
3	147	2560.705010882801	0
3	154	2735.069680762651	0
3	162	3072.606037065978	0
3	163	3129.355928268141	0
3	173	3492.289974048655	0
3	179	3678.09052886858	0
3	181	3727.976000264108	0
3	183	3754.724112328101	0
3	196	3970.049833010953	0
3	203	4139.526293804739	0
3	204	4166.44102343561	0
3	207	4206.429226157052	0
3	210	4306.146143274219	0
3	214	4737.950434767008	0
3	224	5159.752699208189	0
3	232	5321.286265908221	0
3	234	5416.649471217703	0
3	236	5468.650730173874	0
3	244	5687.467837799764	0
3	250	5817.18597721846	0
3	259	6127.300289953418	0
3	268	6492.168537990247	0
3	276	6792.308112234927	0
3	286	7130.048920925358	0
3	287	7139.610570510764	0
3	291	7265.663173668408	0
3	298	7691.151483165756	0
3	305	7899.935685817531	0
3	311	8130.621030727466	0
3	321	8487.686341520259	0
3	324	8536.774533717822	0
3	331	8653.633303957603	0
3	337	8783.16191399707	0
3	338	8822.027624170746	0
3	343	8957.698433313157	0
3	356	9620.889194272061	0
3	357	9713.115165397104	0
3	372	10257.513615674222	0
3	373	10293.754526444984	0
3	375	10343.421926513513	0
3	383	10522.380232997769	0
3	388	10755.177858829049	0
3	397	11035.427547642024	0
3	400	11135.595496842583	0
3	423	11726.309808689236	0
3	436	12004.052639428854	0
3	443	12212.8769093254	0
3	451	12588.265526329993	0
3	453	12671.812551128126	0
3	455	12743.324781840352	0
3	464	12977.998677343232	0
3	466	13049.429182058884	0
3	468	13091.912650018053	0
3	474	13216.502910570051	0
3	481	13358.16173262527	0
3	495	13604.709918300608	0
3	496	13605.728591744678	0
3	497	13617.553444106827	0
3	517	14065.90656924041	0
3	519	14138.25084837769	0
3	534	14482.242541615475	0
3	546	14813.702138137593	0
3	550	14919.42360430511	0
3	551	14944.428448735541	0
3	562	15306.056381241034	0
3	568	15424.94404510538	0
3	570	15490.674692330462	0
3	577	15612.736383451907	0
3	584	15732.411301061612	0
3	590	15875.791417809111	0
3	591	15890.832852982421	0
3	596	16043.542491704812	0
3	604	16346.313353525663	0
3	605	16383.047719321897	0
3	614	16516.266035963088	0
3	618	16586.655927436557	0
3	621	16606.466697679376	0
3	625	16671.324004373908	0
3	638	17096.556470704416	0
3	642	17209.247954148356	0
3	644	17289.403290585471	0
3	665	17830.893510320427	0
3	675	18188.367999799641	0
3	679	18230.673179444496	0
3	697	18515.11097394402	0
3	700	18582.43268440562	0
3	707	18749.004986441171	0
3	709	18822.911125754083	0
3	724	19133.240332397109	0
3	732	19250.146661934279	0
3	734	19283.37560958994	0
3	752	19770.299449612958	0
3	753	19779.578235594395	0
4	74	1069.091798216953	3
4	82	1248.888581607048	3
4	83	1267.897599963801	3
4	92	1404.208748071966	3
4	97	1484.285976251542	3
4	108	1733.123155545897	3
4	109	1755.404436201155	3
4	118	1910.404242618222	3
4	120	1945.227973024548	3
4	129	2101.087322764812	3
4	132	2172.050270373988	3
4	141	2389.360161077707	3
4	147	2560.705010882801	3
4	154	2735.069680762651	3
4	162	3072.606037065978	3
4	163	3129.355928268141	3
4	173	3492.289974048655	3
4	179	3678.09052886858	3
4	181	3727.976000264108	3
4	183	3754.724112328101	3
4	196	3970.049833010953	3
4	203	4139.526293804739	3
4	204	4166.44102343561	3
4	207	4206.429226157052	3
4	210	4306.146143274219	3
4	214	4737.950434767008	3
4	224	5159.752699208189	3
4	232	5321.286265908221	3
4	234	5416.649471217703	3
4	236	5468.650730173874	3
4	244	5687.467837799764	3
4	250	5817.18597721846	3
4	259	6127.300289953418	3
4	268	6492.168537990247	3
4	276	6792.308112234927	3
4	286	7130.048920925358	3
4	287	7139.610570510764	3
4	291	7265.663173668408	3
4	298	7691.151483165756	3
4	305	7899.935685817531	3
4	311	8130.621030727466	3
4	321	8487.686341520259	3
4	324	8536.774533717822	3
4	331	8653.633303957603	3
4	337	8783.16191399707	3
4	338	8822.027624170746	3
4	343	8957.698433313157	3
4	356	9620.889194272061	3
4	357	9713.115165397104	3
4	372	10257.513615674222	3
4	373	10293.754526444984	3
4	375	10343.421926513513	3
4	383	10522.380232997769	3
4	388	10755.177858829049	3
4	397	11035.427547642024	3
4	400	11135.595496842583	3
4	423	11726.309808689236	3
4	436	12004.052639428854	3
4	443	12212.8769093254	3
4	451	12588.265526329993	3
4	453	12671.812551128126	3
4	455	12743.324781840352	3
4	464	12977.998677343232	3
4	466	13049.429182058884	3
4	468	13091.912650018053	3
4	474	13216.502910570051	3
4	481	13358.16173262527	3
4	495	13604.709918300608	3
4	496	13605.728591744678	3
4	497	13617.553444106827	3
4	517	14065.90656924041	3
4	519	14138.25084837769	3
4	534	14482.242541615475	3
4	546	14813.702138137593	3
4	550	14919.42360430511	3
4	551	14944.428448735541	3
4	562	15306.056381241034	3
4	568	15424.94404510538	3
4	570	15490.674692330462	3
4	577	15612.736383451907	3
4	584	15732.411301061612	3
4	590	15875.791417809111	3
4	591	15890.832852982421	3
4	596	16043.542491704812	3
4	604	16346.313353525663	3
4	605	16383.047719321897	3
4	614	16516.266035963088	3
4	618	16586.655927436557	3
4	621	16606.466697679376	3
4	625	16671.324004373908	3
4	638	17096.556470704416	3
4	642	17209.247954148356	3
4	644	17289.403290585471	3
4	665	17830.893510320427	3
4	675	18188.367999799641	3
4	679	18230.673179444496	3
4	697	18515.11097394402	3
4	700	18582.43268440562	3
4	707	18749.004986441171	3
4	709	18822.911125754083	3
4	724	19133.240332397109	3
4	732	19250.146661934279	3
4	734	19283.37560958994	3
4	752	19770.299449612958	3
4	753	19779.578235594395	3
5	74	1069.091798216953	6797
5	82	1248.888581607048	6801
5	83	1267.897599963801	6799
5	92	1404.208748071966	6800
5	97	1484.285976251542	6802
5	108	1733.123155545897	6803
5	109	1755.404436201155	6806
5	118	1910.404242618222	6805
5	120	1945.227973024548	6808
5	129	2101.087322764812	6807
5	132	2172.050270373988	6810
5	141	2389.360161077707	6811
5	147	2560.705010882801	6813
5	154	2735.069680762651	6812
5	162	3072.606037065978	6815
5	163	3129.355928268141	6816
5	173	3492.289974048655	6817
5	179	3678.09052886858	6818
5	181	3727.976000264108	6819
5	183	3754.724112328101	6820
5	196	3970.049833010953	6821
5	203	4139.526293804739	6822
5	204	4166.44102343561	6824
5	207	4206.429226157052	6823
5	210	4306.146143274219	6825
5	214	4737.950434767008	6826
5	224	5159.752699208189	6827
5	232	5321.286265908221	6829
5	234	5416.649471217703	6831
5	236	5468.650730173874	6830
5	244	5687.467837799764	6833
5	250	5817.18597721846	6832
5	259	6127.300289953418	6835
5	268	6492.168537990247	6837
5	276	6792.308112234927	6839
5	286	7130.048920925358	6840
5	287	7139.610570510764	6841
5	291	7265.663173668408	6842
5	298	7691.151483165756	6843
5	305	7899.935685817531	6846
5	311	8130.621030727466	6844
5	321	8487.686341520259	6847
5	324	8536.774533717822	6848
5	331	8653.633303957603	6852
5	337	8783.16191399707	6849
5	338	8822.027624170746	6851
5	343	8957.698433313157	6853
5	356	9620.889194272061	6855
5	357	9713.115165397104	6856
5	372	10257.513615674222	6859
5	373	10293.754526444984	6861
5	375	10343.421926513513	6862
5	383	10522.380232997769	6860
5	388	10755.177858829049	6863
5	397	11035.427547642024	6866
5	400	11135.595496842583	6865
5	423	11726.309808689236	6870
5	436	12004.052639428854	6875
5	443	12212.8769093254	6874
5	451	12588.265526329993	6878
5	453	12671.812551128126	6876
5	455	12743.324781840352	6877
5	464	12977.998677343232	6879
5	466	13049.429182058884	6881
5	468	13091.912650018053	6880
5	474	13216.502910570051	6882
5	481	13358.16173262527	6885
5	495	13604.709918300608	6888
5	496	13605.728591744678	6884
5	497	13617.553444106827	6886
5	517	14065.90656924041	6890
5	519	14138.25084837769	6892
5	534	14482.242541615475	6893
5	546	14813.702138137593	6896
5	550	14919.42360430511	6897
5	551	14944.428448735541	6898
5	562	15306.056381241034	6901
5	568	15424.94404510538	6902
5	570	15490.674692330462	6903
5	577	15612.736383451907	6904
5	584	15732.411301061612	6905
5	590	15875.791417809111	6907
5	591	15890.832852982421	6906
5	596	16043.542491704812	6908
5	604	16346.313353525663	6910
5	605	16383.047719321897	6911
5	614	16516.266035963088	6909
5	618	16586.655927436557	6914
5	621	16606.466697679376	6916
5	625	16671.324004373908	6913
5	638	17096.556470704416	6917
5	642	17209.247954148356	6919
5	644	17289.403290585471	6918
5	665	17830.893510320427	6923
5	675	18188.367999799641	6925
5	679	18230.673179444496	6926
5	697	18515.11097394402	6928
5	700	18582.43268440562	6932
5	707	18749.004986441171	6931
5	709	18822.911125754083	6933
5	724	19133.240332397109	6935
5	732	19250.146661934279	6939
5	734	19283.37560958994	6937
5	752	19770.299449612958	6942
5	753	19779.578235594395	6943
6	76	1128.7226196462	0
6	79	1172.091798216953	0
6	88	1351.888581607048	0
6	89	1370.897599963801	0
6	106	1681.132852010721	0
6	115	1858.404436201155	0
6	125	2048.227973024548	0
6	134	2204.087322764812	0
6	136	2275.050270373988	0
6	142	2426.069680762651	0
6	145	2492.360161077707	0
6	152	2663.705010882801	0
6	164	3175.606037065978	0
6	165	3232.355928268141	0
6	175	3595.289974048655	0
6	185	3781.09052886858	0
6	187	3830.526293804739	0
6	189	3857.724112328101	0
6	192	3897.429226157052	0
6	200	4073.049833010953	0
6	215	4840.950434767008	0
6	238	5519.649471217703	0
6	239	5571.650730173874	0
6	248	5790.467837799764	0
6	251	5818.300289953418	0
6	262	6250.743694305847	0
6	269	6517.844306761993	0
6	271	6595.168537990247	0
6	278	6895.308112234927	0
6	289	7233.048920925358	0
6	290	7242.610570510764	0
6	303	7821.621030727466	0
6	308	8002.935685817531	0
6	320	8474.16191399707	0
6	330	8639.774533717822	0
6	336	8756.633303957603	0
6	345	9060.698433313157	0
6	366	10140.680433349497	0
6	369	10213.380232997769	0
6	381	10446.177858829049	0
6	382	10446.421926513513	0
6	398	11075.589345874111	0
6	401	11138.427547642024	0
6	404	11238.595496842583	0
6	407	11305.911824174752	0
6	413	11448.274879752444	0
6	420	11624.282700494092	0
6	422	11680.346693890203	0
6	428	11829.309808689236	0
6	430	11890.909046998998	0
6	431	11903.8769093254	0
6	439	12107.052639428854	0
6	454	12691.265526329993	0
6	456	12774.812551128126	0
6	458	12846.324781840352	0
6	471	13152.429182058884	0
6	478	13296.728591744678	0
6	479	13319.502910570051	0
6	488	13461.16173262527	0
6	501	13707.709918300608	0
6	512	13938.388551756456	0
6	522	14173.242541615475	0
6	524	14241.25084837769	0
6	527	14321.293569577186	0
6	553	15022.42360430511	0
6	560	15252.899957938137	0
6	566	15409.056381241034	0
6	573	15527.94404510538	0
6	576	15593.674692330462	0
6	588	15835.411301061612	0
6	595	15993.832852982421	0
6	608	16449.313353525663	0
6	610	16486.047719321897	0
6	626	16689.655927436557	0
6	628	16709.466697679376	0
6	629	16774.324004373908	0
6	641	17199.556470704416	0
6	647	17312.247954148356	0
6	648	17321.481856508325	0
6	649	17392.403290585471	0
6	682	18291.367999799641	0
6	684	18315.80660811174	0
6	686	18333.673179444496	0
6	694	18440.004986441171	0
6	701	18618.11097394402	0
6	704	18685.43268440562	0
6	713	18925.911125754083	0
6	726	19162.793514008658	0
6	729	19220.502990391784	0
6	737	19353.146661934279	0
6	739	19386.37560958994	0
6	754	19837.590241346602	0
6	756	19882.578235594395	0
7	76	1128.7226196462	3
7	79	1172.091798216953	3
7	88	1351.888581607048	3
7	89	1370.897599963801	3
7	106	1681.132852010721	3
7	115	1858.404436201155	3
7	125	2048.227973024548	3
7	134	2204.087322764812	3
7	136	2275.050270373988	3
7	142	2426.069680762651	3
7	145	2492.360161077707	3
7	152	2663.705010882801	3
7	164	3175.606037065978	3
7	165	3232.355928268141	3
7	175	3595.289974048655	3
7	185	3781.09052886858	3
7	187	3830.526293804739	3
7	189	3857.724112328101	3
7	192	3897.429226157052	3
7	200	4073.049833010953	3
7	215	4840.950434767008	3
7	238	5519.649471217703	3
7	239	5571.650730173874	3
7	248	5790.467837799764	3
7	251	5818.300289953418	3
7	262	6250.743694305847	3
7	269	6517.844306761993	3
7	271	6595.168537990247	3
7	278	6895.308112234927	3
7	289	7233.048920925358	3
7	290	7242.610570510764	3
7	303	7821.621030727466	3
7	308	8002.935685817531	3
7	320	8474.16191399707	3
7	330	8639.774533717822	3
7	336	8756.633303957603	3
7	345	9060.698433313157	3
7	366	10140.680433349497	3
7	369	10213.380232997769	3
7	381	10446.177858829049	3
7	382	10446.421926513513	3
7	398	11075.589345874111	3
7	401	11138.427547642024	3
7	404	11238.595496842583	3
7	407	11305.911824174752	3
7	413	11448.274879752444	3
7	420	11624.282700494092	3
7	422	11680.346693890203	3
7	428	11829.309808689236	3
7	430	11890.909046998998	3
7	431	11903.8769093254	3
7	439	12107.052639428854	3
7	454	12691.265526329993	3
7	456	12774.812551128126	3
7	458	12846.324781840352	3
7	471	13152.429182058884	3
7	478	13296.728591744678	3
7	479	13319.502910570051	3
7	488	13461.16173262527	3
7	501	13707.709918300608	3
7	512	13938.388551756456	3
7	522	14173.242541615475	3
7	524	14241.25084837769	3
7	527	14321.293569577186	3
7	553	15022.42360430511	3
7	560	15252.899957938137	3
7	566	15409.056381241034	3
7	573	15527.94404510538	3
7	576	15593.674692330462	3
7	588	15835.411301061612	3
7	595	15993.832852982421	3
7	608	16449.313353525663	3
7	610	16486.047719321897	3
7	626	16689.655927436557	3
7	628	16709.466697679376	3
7	629	16774.324004373908	3
7	641	17199.556470704416	3
7	647	17312.247954148356	3
7	648	17321.481856508325	3
7	649	17392.403290585471	3
7	682	18291.367999799641	3
7	684	18315.80660811174	3
7	686	18333.673179444496	3
7	694	18440.004986441171	3
7	701	18618.11097394402	3
7	704	18685.43268440562	3
7	713	18925.911125754083	3
7	726	19162.793514008658	3
7	729	19220.502990391784	3
7	737	19353.146661934279	3
7	739	19386.37560958994	3
7	754	19837.590241346602	3
7	756	19882.578235594395	3
8	76	1128.7226196462	6798
8	79	1172.091798216953	6797
8	88	1351.888581607048	6801
8	89	1370.897599963801	6799
8	106	1681.132852010721	6804
8	115	1858.404436201155	6806
8	125	2048.227973024548	6808
8	134	2204.087322764812	6807
8	136	2275.050270373988	6810
8	142	2426.069680762651	6812
8	145	2492.360161077707	6811
8	152	2663.705010882801	6813
8	164	3175.606037065978	6815
8	165	3232.355928268141	6816
8	175	3595.289974048655	6817
8	185	3781.09052886858	6818
8	187	3830.526293804739	6822
8	189	3857.724112328101	6820
8	192	3897.429226157052	6823
8	200	4073.049833010953	6821
8	215	4840.950434767008	6826
8	238	5519.649471217703	6831
8	239	5571.650730173874	6830
8	248	5790.467837799764	6833
8	251	5818.300289953418	6835
8	262	6250.743694305847	6836
8	269	6517.844306761993	6838
8	271	6595.168537990247	6837
8	278	6895.308112234927	6839
8	289	7233.048920925358	6840
8	290	7242.610570510764	6841
8	303	7821.621030727466	6844
8	308	8002.935685817531	6846
8	320	8474.16191399707	6849
8	330	8639.774533717822	6848
8	336	8756.633303957603	6852
8	345	9060.698433313157	6853
8	366	10140.680433349497	6858
8	369	10213.380232997769	6860
8	381	10446.177858829049	6863
8	382	10446.421926513513	6862
8	398	11075.589345874111	6867
8	401	11138.427547642024	6866
8	404	11238.595496842583	6865
8	407	11305.911824174752	6868
8	413	11448.274879752444	6869
8	420	11624.282700494092	6871
8	422	11680.346693890203	6872
8	428	11829.309808689236	6870
8	430	11890.909046998998	6873
8	431	11903.8769093254	6874
8	439	12107.052639428854	6875
8	454	12691.265526329993	6878
8	456	12774.812551128126	6876
8	458	12846.324781840352	6877
8	471	13152.429182058884	6881
8	478	13296.728591744678	6884
8	479	13319.502910570051	6882
8	488	13461.16173262527	6885
8	501	13707.709918300608	6888
8	512	13938.388551756456	6891
8	522	14173.242541615475	6893
8	524	14241.25084837769	6892
8	527	14321.293569577186	6894
8	553	15022.42360430511	6897
8	560	15252.899957938137	6900
8	566	15409.056381241034	6901
8	573	15527.94404510538	6902
8	576	15593.674692330462	6903
8	588	15835.411301061612	6905
8	595	15993.832852982421	6906
8	608	16449.313353525663	6910
8	610	16486.047719321897	6911
8	626	16689.655927436557	6914
8	628	16709.466697679376	6916
8	629	16774.324004373908	6913
8	641	17199.556470704416	6917
8	647	17312.247954148356	6919
8	648	17321.481856508325	6920
8	649	17392.403290585471	6918
8	682	18291.367999799641	6925
8	684	18315.80660811174	6929
8	686	18333.673179444496	6926
8	694	18440.004986441171	6931
8	701	18618.11097394402	6928
8	704	18685.43268440562	6932
8	713	18925.911125754083	6933
8	726	19162.793514008658	6936
8	729	19220.502990391784	6938
8	737	19353.146661934279	6939
8	739	19386.37560958994	6937
8	754	19837.590241346602	6944
8	756	19882.578235594395	6943
9	80	1198.208748071966	0
9	81	1231.7226196462	0
9	84	1275.091798216953	0
9	96	1473.897599963801	0
9	99	1527.123155545897	0
9	107	1704.404242618222	0
9	110	1784.132852010721	0
9	117	1895.087322764812	0
9	121	1961.404436201155	0
9	124	2015.911863738959	0
9	133	2183.360161077707	0
9	140	2378.050270373988	0
9	146	2529.069680762651	0
9	153	2683.960434378909	0
9	155	2766.705010882801	0
9	166	3278.606037065978	0
9	172	3472.09052886858	0
9	184	3764.049833010953	0
9	193	3933.526293804739	0
9	197	4000.429226157052	0
9	216	4943.950434767008	0
9	221	5079.036426425754	0
9	228	5262.650730173874	0
9	241	5611.18597721846	0
9	249	5808.534097031608	0
9	252	5893.467837799764	0
9	255	5921.300289953418	0
9	264	6353.743694305847	0
9	272	6620.844306761993	0
9	285	7059.663173668408	0
9	292	7336.048920925358	0
9	293	7345.610570510764	0
9	306	7924.621030727466	0
9	310	8105.935685817531	0
9	315	8281.686341520259	0
9	326	8577.16191399707	0
9	329	8616.027624170746	0
9	340	8859.633303957603	0
9	346	9163.698433313157	0
9	349	9371.584491055671	0
9	361	9917.128035549853	0
9	371	10243.680433349497	0
9	374	10316.380232997769	0
9	384	10549.177858829049	0
9	391	10874.102302959798	0
9	402	11178.589345874111	0
9	408	11341.595496842583	0
9	411	11408.911824174752	0
9	417	11551.274879752444	0
9	425	11783.346693890203	0
9	435	11993.909046998998	0
9	437	12006.8769093254	0
9	447	12465.812551128126	0
9	449	12537.324781840352	0
9	475	13243.083869164219	0
9	476	13255.429182058884	0
9	483	13399.728591744678	0
9	486	13422.502910570051	0
9	494	13564.16173262527	0
9	505	13786.988660338364	0
9	506	13810.709918300608	0
9	508	13859.90656924041	0
9	516	14041.388551756456	0
9	526	14276.242541615475	0
9	528	14344.25084837769	0
9	531	14424.293569577186	0
9	533	14478.274085283496	0
9	539	14607.702138137593	0
9	544	14713.42360430511	0
9	545	14738.428448735541	0
9	555	15084.494878726513	0
9	564	15355.899957938137	0
9	572	15512.056381241034	0
9	580	15630.94404510538	0
9	597	16096.832852982421	0
9	603	16310.266035963088	0
9	615	16517.109108175286	0
9	616	16552.313353525663	0
9	619	16586.960623819542	0
9	631	16812.466697679376	0
9	632	16877.324004373908	0
9	646	17302.556470704416	0
9	650	17402.497002227562	0
9	652	17415.247954148356	0
9	653	17424.481856508325	0
9	662	17677.076931550825	0
9	670	18062.085241415902	0
9	680	18255.172862533955	0
9	683	18309.11097394402	0
9	689	18394.367999799641	0
9	691	18418.80660811174	0
9	699	18543.004986441171	0
9	708	18788.43268440562	0
9	715	18932.324816364498	0
9	717	19028.911125754083	0
9	733	19265.793514008658	0
9	736	19323.502990391784	0
9	746	19551.279461881215	0
9	757	19940.590241346602	0
9	758	19985.578235594395	0
10	80	1198.208748071966	3
10	81	1231.7226196462	3
10	84	1275.091798216953	3
10	96	1473.897599963801	3
10	99	1527.123155545897	3
10	107	1704.404242618222	3
10	110	1784.132852010721	3
10	117	1895.087322764812	3
10	121	1961.404436201155	3
10	124	2015.911863738959	3
10	133	2183.360161077707	3
10	140	2378.050270373988	3
10	146	2529.069680762651	3
10	153	2683.960434378909	3
10	155	2766.705010882801	3
10	166	3278.606037065978	3
10	172	3472.09052886858	3
10	184	3764.049833010953	3
10	193	3933.526293804739	3
10	197	4000.429226157052	3
10	216	4943.950434767008	3
10	221	5079.036426425754	3
10	228	5262.650730173874	3
10	241	5611.18597721846	3
10	249	5808.534097031608	3
10	252	5893.467837799764	3
10	255	5921.300289953418	3
10	264	6353.743694305847	3
10	272	6620.844306761993	3
10	285	7059.663173668408	3
10	292	7336.048920925358	3
10	293	7345.610570510764	3
10	306	7924.621030727466	3
10	310	8105.935685817531	3
10	315	8281.686341520259	3
10	326	8577.16191399707	3
10	329	8616.027624170746	3
10	340	8859.633303957603	3
10	346	9163.698433313157	3
10	349	9371.584491055671	3
10	361	9917.128035549853	3
10	371	10243.680433349497	3
10	374	10316.380232997769	3
10	384	10549.177858829049	3
10	391	10874.102302959798	3
10	402	11178.589345874111	3
10	408	11341.595496842583	3
10	411	11408.911824174752	3
10	417	11551.274879752444	3
10	425	11783.346693890203	3
10	435	11993.909046998998	3
10	437	12006.8769093254	3
10	447	12465.812551128126	3
10	449	12537.324781840352	3
10	475	13243.083869164219	3
10	476	13255.429182058884	3
10	483	13399.728591744678	3
10	486	13422.502910570051	3
10	494	13564.16173262527	3
10	505	13786.988660338364	3
10	506	13810.709918300608	3
10	508	13859.90656924041	3
10	516	14041.388551756456	3
10	526	14276.242541615475	3
10	528	14344.25084837769	3
10	531	14424.293569577186	3
10	533	14478.274085283496	3
10	539	14607.702138137593	3
10	544	14713.42360430511	3
10	545	14738.428448735541	3
10	555	15084.494878726513	3
10	564	15355.899957938137	3
10	572	15512.056381241034	3
10	580	15630.94404510538	3
10	597	16096.832852982421	3
10	603	16310.266035963088	3
10	615	16517.109108175286	3
10	616	16552.313353525663	3
10	619	16586.960623819542	3
10	631	16812.466697679376	3
10	632	16877.324004373908	3
10	646	17302.556470704416	3
10	650	17402.497002227562	3
10	652	17415.247954148356	3
10	653	17424.481856508325	3
10	662	17677.076931550825	3
10	670	18062.085241415902	3
10	680	18255.172862533955	3
10	683	18309.11097394402	3
10	689	18394.367999799641	3
10	691	18418.80660811174	3
10	699	18543.004986441171	3
10	708	18788.43268440562	3
10	715	18932.324816364498	3
10	717	19028.911125754083	3
10	733	19265.793514008658	3
10	736	19323.502990391784	3
10	746	19551.279461881215	3
10	757	19940.590241346602	3
10	758	19985.578235594395	3
11	80	1198.208748071966	6800
11	81	1231.7226196462	6798
11	84	1275.091798216953	6797
11	96	1473.897599963801	6799
11	99	1527.123155545897	6803
11	107	1704.404242618222	6805
11	110	1784.132852010721	6804
11	117	1895.087322764812	6807
11	121	1961.404436201155	6806
11	124	2015.911863738959	6809
11	133	2183.360161077707	6811
11	140	2378.050270373988	6810
11	146	2529.069680762651	6812
11	153	2683.960434378909	6814
11	155	2766.705010882801	6813
11	166	3278.606037065978	6815
11	172	3472.09052886858	6818
11	184	3764.049833010953	6821
11	193	3933.526293804739	6822
11	197	4000.429226157052	6823
11	216	4943.950434767008	6826
11	221	5079.036426425754	6828
11	228	5262.650730173874	6830
11	241	5611.18597721846	6832
11	249	5808.534097031608	6834
11	252	5893.467837799764	6833
11	255	5921.300289953418	6835
11	264	6353.743694305847	6836
11	272	6620.844306761993	6838
11	285	7059.663173668408	6842
11	292	7336.048920925358	6840
11	293	7345.610570510764	6841
11	306	7924.621030727466	6844
11	310	8105.935685817531	6846
11	315	8281.686341520259	6847
11	326	8577.16191399707	6849
11	329	8616.027624170746	6851
11	340	8859.633303957603	6852
11	346	9163.698433313157	6853
11	349	9371.584491055671	6854
11	361	9917.128035549853	6857
11	371	10243.680433349497	6858
11	374	10316.380232997769	6860
11	384	10549.177858829049	6863
11	391	10874.102302959798	6864
11	402	11178.589345874111	6867
11	408	11341.595496842583	6865
11	411	11408.911824174752	6868
11	417	11551.274879752444	6869
11	425	11783.346693890203	6872
11	435	11993.909046998998	6873
11	437	12006.8769093254	6874
11	447	12465.812551128126	6876
11	449	12537.324781840352	6877
11	475	13243.083869164219	6883
11	476	13255.429182058884	6881
11	483	13399.728591744678	6884
11	486	13422.502910570051	6882
11	494	13564.16173262527	6885
11	505	13786.988660338364	6889
11	506	13810.709918300608	6888
11	508	13859.90656924041	6890
11	516	14041.388551756456	6891
11	526	14276.242541615475	6893
11	528	14344.25084837769	6892
11	531	14424.293569577186	6894
11	533	14478.274085283496	6895
11	539	14607.702138137593	6896
11	544	14713.42360430511	6897
11	545	14738.428448735541	6898
11	555	15084.494878726513	6899
11	564	15355.899957938137	6900
11	572	15512.056381241034	6901
11	580	15630.94404510538	6902
11	597	16096.832852982421	6906
11	603	16310.266035963088	6909
11	615	16517.109108175286	6912
11	616	16552.313353525663	6910
11	619	16586.960623819542	6915
11	631	16812.466697679376	6916
11	632	16877.324004373908	6913
11	646	17302.556470704416	6917
11	650	17402.497002227562	6921
11	652	17415.247954148356	6919
11	653	17424.481856508325	6920
11	662	17677.076931550825	6922
11	670	18062.085241415902	6924
11	680	18255.172862533955	6927
11	683	18309.11097394402	6928
11	689	18394.367999799641	6925
11	691	18418.80660811174	6929
11	699	18543.004986441171	6931
11	708	18788.43268440562	6932
11	715	18932.324816364498	6934
11	717	19028.911125754083	6933
11	733	19265.793514008658	6936
11	736	19323.502990391784	6938
11	746	19551.279461881215	6941
11	757	19940.590241346602	6944
11	758	19985.578235594395	6943
12	94	1437.7226196462	409
12	135	2221.911863738959	306
12	149	2584.050270373988	512
12	230	5285.036426425754	306
12	270	6559.743694305847	409
12	277	6826.844306761993	409
12	410	11384.589345874111	409
12	434	11989.346693890203	409
12	487	13449.083869164219	306
12	498	13618.062827067839	203
12	542	14684.274085283496	306
12	561	15290.494878726513	306
12	636	17018.466697679376	512
12	659	17608.497002227562	306
12	660	17621.247954148356	512
12	661	17630.481856508325	409
12	666	17883.076931550825	306
12	681	18268.085241415902	306
12	702	18624.80660811174	409
12	716	18994.43268440562	512
12	740	19401.387917061879	203
12	744	19471.793514008658	409
12	751	19757.279461881215	306
13	94	1437.7226196462	9
13	135	2221.911863738959	6
13	149	2584.050270373988	12
13	230	5285.036426425754	6
13	270	6559.743694305847	9
13	277	6826.844306761993	9
13	410	11384.589345874111	9
13	434	11989.346693890203	9
13	487	13449.083869164219	6
13	498	13618.062827067839	3
13	542	14684.274085283496	6
13	561	15290.494878726513	6
13	636	17018.466697679376	12
13	659	17608.497002227562	6
13	660	17621.247954148356	12
13	661	17630.481856508325	9
13	666	17883.076931550825	6
13	681	18268.085241415902	6
13	702	18624.80660811174	9
13	716	18994.43268440562	12
13	740	19401.387917061879	3
13	744	19471.793514008658	9
13	751	19757.279461881215	6
14	94	1437.7226196462	3
14	135	2221.911863738959	2
14	149	2584.050270373988	4
14	230	5285.036426425754	2
14	270	6559.743694305847	3
14	277	6826.844306761993	3
14	410	11384.589345874111	3
14	434	11989.346693890203	3
14	487	13449.083869164219	2
14	498	13618.062827067839	1
14	542	14684.274085283496	2
14	561	15290.494878726513	2
14	636	17018.466697679376	4
14	659	17608.497002227562	2
14	660	17621.247954148356	4
14	661	17630.481856508325	3
14	666	17883.076931550825	2
14	681	18268.085241415902	2
14	702	18624.80660811174	3
14	716	18994.43268440562	4
14	740	19401.387917061879	1
14	744	19471.793514008658	3
14	751	19757.279461881215	2
15	102	1587.285976251542	306
15	123	2013.404242618222	409
15	208	4242.526293804739	512
15	211	4309.429226157052	512
15	212	4409.146143274219	306
15	229	5262.752699208189	306
15	254	5920.18597721846	409
15	300	7794.151483165756	203
15	327	8590.686341520259	409
15	342	8925.027624170746	409
15	358	9723.889194272061	306
15	359	9816.115165397104	306
15	379	10396.754526444984	203
15	386	10625.380232997769	512
15	444	12315.8769093254	512
15	467	13080.998677343232	203
15	502	13708.728591744678	512
15	503	13720.553444106827	306
15	538	14585.242541615475	512
15	583	15715.736383451907	306
15	594	15978.791417809111	203
15	622	16619.266035963088	409
15	667	17933.893510320427	203
15	755	19873.299449612958	203
16	102	1587.285976251542	6
16	123	2013.404242618222	9
16	208	4242.526293804739	12
16	211	4309.429226157052	12
16	212	4409.146143274219	6
16	229	5262.752699208189	6
16	254	5920.18597721846	9
16	300	7794.151483165756	3
16	327	8590.686341520259	9
16	342	8925.027624170746	9
16	358	9723.889194272061	6
16	359	9816.115165397104	6
16	379	10396.754526444984	3
16	386	10625.380232997769	12
16	444	12315.8769093254	12
16	467	13080.998677343232	3
16	502	13708.728591744678	12
16	503	13720.553444106827	6
16	538	14585.242541615475	12
16	583	15715.736383451907	6
16	594	15978.791417809111	3
16	622	16619.266035963088	9
16	667	17933.893510320427	3
16	755	19873.299449612958	3
17	102	1587.285976251542	2
17	123	2013.404242618222	3
17	208	4242.526293804739	4
17	211	4309.429226157052	4
17	212	4409.146143274219	2
17	229	5262.752699208189	2
17	254	5920.18597721846	3
17	300	7794.151483165756	1
17	327	8590.686341520259	3
17	342	8925.027624170746	3
17	358	9723.889194272061	2
17	359	9816.115165397104	2
17	379	10396.754526444984	1
17	386	10625.380232997769	4
17	444	12315.8769093254	4
17	467	13080.998677343232	1
17	502	13708.728591744678	4
17	503	13720.553444106827	2
17	538	14585.242541615475	4
17	583	15715.736383451907	2
17	594	15978.791417809111	1
17	622	16619.266035963088	3
17	667	17933.893510320427	1
17	755	19873.299449612958	1
18	98	1507.208748071966	409
18	113	1836.123155545897	409
18	157	2838.069680762651	512
18	188	3830.976000264108	203
18	209	4269.44102343561	306
18	235	5424.286265908221	306
18	261	6230.300289953418	512
18	294	7368.663173668408	409
18	314	8233.621030727466	512
18	341	8886.16191399707	512
18	378	10360.513615674222	306
18	390	10858.177858829049	512
18	472	13194.912650018053	306
18	521	14168.90656924041	409
18	549	14916.702138137593	409
18	554	15047.428448735541	409
18	598	16146.542491704812	306
18	711	18852.004986441171	512
18	731	19236.240332397109	306
19	98	1507.208748071966	9
19	113	1836.123155545897	9
19	157	2838.069680762651	12
19	188	3830.976000264108	3
19	209	4269.44102343561	6
19	235	5424.286265908221	6
19	261	6230.300289953418	12
19	294	7368.663173668408	9
19	314	8233.621030727466	12
19	341	8886.16191399707	12
19	378	10360.513615674222	6
19	390	10858.177858829049	12
19	472	13194.912650018053	6
19	521	14168.90656924041	9
19	549	14916.702138137593	9
19	554	15047.428448735541	9
19	598	16146.542491704812	6
19	711	18852.004986441171	12
19	731	19236.240332397109	6
20	98	1507.208748071966	3
20	113	1836.123155545897	3
20	157	2838.069680762651	4
20	188	3830.976000264108	1
20	209	4269.44102343561	2
20	235	5424.286265908221	2
20	261	6230.300289953418	4
20	294	7368.663173668408	3
20	314	8233.621030727466	4
20	341	8886.16191399707	4
20	378	10360.513615674222	2
20	390	10858.177858829049	4
20	472	13194.912650018053	2
20	521	14168.90656924041	3
20	549	14916.702138137593	3
20	554	15047.428448735541	3
20	598	16146.542491704812	2
20	711	18852.004986441171	4
20	731	19236.240332397109	2
21	131	2151.227973024548	306
21	138	2307.087322764812	512
21	180	3698.289974048655	409
21	191	3884.09052886858	512
21	242	5622.649471217703	306
21	274	6698.168537990247	409
21	405	11241.427547642024	306
21	424	11727.282700494092	203
21	433	11932.309808689236	409
21	457	12794.265526329993	306
21	459	12877.812551128126	512
21	462	12949.324781840352	512
21	592	15938.411301061612	409
21	620	16589.047719321897	306
21	743	19456.146661934279	306
21	745	19489.37560958994	409
22	131	2151.227973024548	6
22	138	2307.087322764812	12
22	180	3698.289974048655	9
22	191	3884.09052886858	12
22	242	5622.649471217703	6
22	274	6698.168537990247	9
22	405	11241.427547642024	6
22	424	11727.282700494092	3
22	433	11932.309808689236	9
22	457	12794.265526329993	6
22	459	12877.812551128126	12
22	462	12949.324781840352	12
22	592	15938.411301061612	9
22	620	16589.047719321897	6
22	743	19456.146661934279	6
22	745	19489.37560958994	9
23	131	2151.227973024548	2
23	138	2307.087322764812	4
23	180	3698.289974048655	3
23	191	3884.09052886858	4
23	242	5622.649471217703	2
23	274	6698.168537990247	3
23	405	11241.427547642024	2
23	424	11727.282700494092	1
23	433	11932.309808689236	3
23	457	12794.265526329993	2
23	459	12877.812551128126	4
23	462	12949.324781840352	4
23	592	15938.411301061612	3
23	620	16589.047719321897	2
23	743	19456.146661934279	2
23	745	19489.37560958994	3
24	95	1454.888581607048	306
24	150	2595.360161077707	512
24	168	3335.355928268141	306
24	194	3960.724112328101	306
24	205	4176.049833010953	512
24	243	5674.650730173874	512
24	282	6998.308112234927	306
24	335	8742.774533717822	409
24	385	10549.421926513513	306
24	442	12210.052639428854	306
24	556	15125.42360430511	512
24	582	15696.674692330462	306
24	630	16792.655927436557	306
24	654	17495.403290585471	409
24	693	18436.673179444496	306
24	705	18721.11097394402	512
25	95	1454.888581607048	6
25	150	2595.360161077707	12
25	168	3335.355928268141	6
25	194	3960.724112328101	6
25	205	4176.049833010953	12
25	243	5674.650730173874	12
25	282	6998.308112234927	6
25	335	8742.774533717822	9
25	385	10549.421926513513	6
25	442	12210.052639428854	6
25	556	15125.42360430511	12
25	582	15696.674692330462	6
25	630	16792.655927436557	6
25	654	17495.403290585471	9
25	693	18436.673179444496	6
25	705	18721.11097394402	12
26	95	1454.888581607048	2
26	150	2595.360161077707	4
26	168	3335.355928268141	2
26	194	3960.724112328101	2
26	205	4176.049833010953	4
26	243	5674.650730173874	4
26	282	6998.308112234927	2
26	335	8742.774533717822	3
26	385	10549.421926513513	2
26	442	12210.052639428854	2
26	556	15125.42360430511	4
26	582	15696.674692330462	2
26	630	16792.655927436557	2
26	654	17495.403290585471	3
26	693	18436.673179444496	2
26	705	18721.11097394402	4
27	116	1887.132852010721	306
27	126	2064.404436201155	409
27	159	2869.705010882801	409
27	295	7439.048920925358	512
27	296	7448.610570510764	512
27	313	8208.935685817531	409
27	362	10020.128035549853	203
27	377	10346.680433349497	306
27	414	11511.911824174752	306
27	421	11654.274879752444	306
27	493	13525.502910570051	409
27	499	13667.16173262527	409
27	532	14447.25084837769	512
27	536	14527.293569577186	306
27	578	15615.056381241034	409
27	585	15733.94404510538	409
27	623	16620.109108175286	203
27	634	16980.324004373908	512
27	696	18497.367999799641	512
27	741	19426.502990391784	306
28	116	1887.132852010721	6
28	126	2064.404436201155	9
28	159	2869.705010882801	9
28	295	7439.048920925358	12
28	296	7448.610570510764	12
28	313	8208.935685817531	9
28	362	10020.128035549853	3
28	377	10346.680433349497	6
28	414	11511.911824174752	6
28	421	11654.274879752444	6
28	493	13525.502910570051	9
28	499	13667.16173262527	9
28	532	14447.25084837769	12
28	536	14527.293569577186	6
28	578	15615.056381241034	9
28	585	15733.94404510538	9
28	623	16620.109108175286	3
28	634	16980.324004373908	12
28	696	18497.367999799641	12
28	741	19426.502990391784	6
29	116	1887.132852010721	2
29	126	2064.404436201155	3
29	159	2869.705010882801	3
29	295	7439.048920925358	4
29	296	7448.610570510764	4
29	313	8208.935685817531	3
29	362	10020.128035549853	1
29	377	10346.680433349497	2
29	414	11511.911824174752	2
29	421	11654.274879752444	2
29	493	13525.502910570051	3
29	499	13667.16173262527	3
29	532	14447.25084837769	4
29	536	14527.293569577186	2
29	578	15615.056381241034	3
29	585	15733.94404510538	3
29	623	16620.109108175286	1
29	634	16980.324004373908	4
29	696	18497.367999799641	4
29	741	19426.502990391784	2
30	90	1378.091798216953	409
30	100	1576.897599963801	512
30	156	2786.960434378909	203
30	170	3381.606037065978	512
30	253	5911.534097031608	203
30	344	8962.633303957603	409
30	347	9266.698433313157	409
30	412	11444.595496842583	512
30	482	13358.429182058884	409
30	509	13889.988660338364	203
30	599	16199.832852982421	512
30	624	16655.313353525663	409
30	627	16689.960623819542	203
30	651	17405.556470704416	409
30	688	18358.172862533955	203
30	719	19035.324816364498	203
31	90	1378.091798216953	9
31	100	1576.897599963801	12
31	156	2786.960434378909	3
31	170	3381.606037065978	12
31	253	5911.534097031608	3
31	344	8962.633303957603	9
31	347	9266.698433313157	9
31	412	11444.595496842583	12
31	482	13358.429182058884	9
31	509	13889.988660338364	3
31	599	16199.832852982421	12
31	624	16655.313353525663	9
31	627	16689.960623819542	3
31	651	17405.556470704416	9
31	688	18358.172862533955	3
31	719	19035.324816364498	3
32	90	1378.091798216953	3
32	100	1576.897599963801	4
32	156	2786.960434378909	1
32	170	3381.606037065978	4
32	253	5911.534097031608	1
32	344	8962.633303957603	3
32	347	9266.698433313157	3
32	412	11444.595496842583	4
32	482	13358.429182058884	3
32	509	13889.988660338364	1
32	599	16199.832852982421	4
32	624	16655.313353525663	3
32	627	16689.960623819542	1
32	651	17405.556470704416	3
32	688	18358.172862533955	1
32	719	19035.324816364498	1
33	223	5149.950434767008	512
33	258	6099.467837799764	512
33	307	7998.606909418114	203
33	333	8707.305671108173	203
33	354	9577.584491055671	306
33	399	11080.102302959798	306
33	441	12199.909046998998	409
33	514	14016.709918300608	512
33	525	14247.388551756456	409
33	575	15561.899957938137	409
33	692	18420.976537249743	203
33	730	19234.911125754083	512
34	223	5149.950434767008	12
34	258	6099.467837799764	12
34	307	7998.606909418114	3
34	333	8707.305671108173	3
34	354	9577.584491055671	6
34	399	11080.102302959798	6
34	441	12199.909046998998	9
34	514	14016.709918300608	12
34	525	14247.388551756456	9
34	575	15561.899957938137	9
34	692	18420.976537249743	3
34	730	19234.911125754083	12
35	223	5149.950434767008	4
35	258	6099.467837799764	4
35	307	7998.606909418114	1
35	333	8707.305671108173	1
35	354	9577.584491055671	2
35	399	11080.102302959798	2
35	441	12199.909046998998	3
35	514	14016.709918300608	4
35	525	14247.388551756456	3
35	575	15561.899957938137	3
35	692	18420.976537249743	1
35	730	19234.911125754083	4

