version 3
run CircleMode-48-20260125-17:00:39-1385
attr configname CircleMode
attr datetime 20260125-17:00:39
attr datetimef 20260125-170039
attr experiment CircleMode
attr inifile simulations/nwsim_project/omnetpp.ini
attr iterationvars ""
attr iterationvarsd ""
attr iterationvarsf ""
attr measurement ""
attr network CrossTraffic
attr processid 1385
attr repetition 48
attr replication #48
attr resultdir results
attr runnumber 48
attr seedset 48
config description "Junction circle mode with simple routing"
config *.Junc*.junctionMode "\"circle\""
config network CrossTraffic
config sim-time-limit 20000s
config warmup-period 1000s
config repeat 50
config **.scalar-recording true
config **.vector-recording true
config *.Junc*.junctionMode "\"queue\""
config *.EndNW.spawnInterval exponential(800s)
config *.EndNE.spawnInterval exponential(1200s)
config *.EndEN.spawnInterval exponential(1000s)
config *.EndES.spawnInterval exponential(1500s)
config *.EndSE.spawnInterval exponential(900s)
config *.EndSW.spawnInterval exponential(1100s)
config *.EndWS.spawnInterval exponential(1300s)
config *.EndWN.spawnInterval exponential(1400s)

vector 0 CrossTraffic.JuncNW queueLength:vector ETV
attr interpolationmode sample-hold
attr recordingmode vector
attr source queueLength
attr title "Queue Length"
vector 1 CrossTraffic.JuncNW junctionProcessingTime:vector ETV
attr recordingmode vector
attr source junctionProcessingTime
attr title "Junction Processing Time"
vector 2 CrossTraffic.JuncNW vehicleCount:vector ETV
attr recordingmode vector
attr source vehicleCount
attr title "Vehicle Count"
vector 3 CrossTraffic.JuncNE queueLength:vector ETV
attr interpolationmode sample-hold
attr recordingmode vector
attr source queueLength
attr title "Queue Length"
vector 4 CrossTraffic.JuncNE junctionProcessingTime:vector ETV
attr recordingmode vector
attr source junctionProcessingTime
attr title "Junction Processing Time"
vector 5 CrossTraffic.JuncNE vehicleCount:vector ETV
attr recordingmode vector
attr source vehicleCount
attr title "Vehicle Count"
vector 6 CrossTraffic.JuncSE queueLength:vector ETV
attr interpolationmode sample-hold
attr recordingmode vector
attr source queueLength
attr title "Queue Length"
vector 7 CrossTraffic.JuncSE junctionProcessingTime:vector ETV
attr recordingmode vector
attr source junctionProcessingTime
attr title "Junction Processing Time"
vector 8 CrossTraffic.JuncSE vehicleCount:vector ETV
attr recordingmode vector
attr source vehicleCount
attr title "Vehicle Count"
vector 9 CrossTraffic.JuncSW queueLength:vector ETV
attr interpolationmode sample-hold
attr recordingmode vector
attr source queueLength
attr title "Queue Length"
vector 10 CrossTraffic.JuncSW junctionProcessingTime:vector ETV
attr recordingmode vector
attr source junctionProcessingTime
attr title "Junction Processing Time"
vector 11 CrossTraffic.JuncSW vehicleCount:vector ETV
attr recordingmode vector
attr source vehicleCount
attr title "Vehicle Count"
vector 12 CrossTraffic.EndNW travelTime:vector ETV
attr recordingmode vector
attr source travelTime
attr title "Vehicle Travel Time"
vector 13 CrossTraffic.EndNW junctionTime:vector ETV
attr recordingmode vector
attr source junctionTime
attr title "Total Junction Time per Vehicle"
vector 14 CrossTraffic.EndNW junctionCount:vector ETV
attr recordingmode vector
attr source junctionCount
attr title "Junctions Visited per Vehicle"
vector 15 CrossTraffic.EndNE travelTime:vector ETV
attr recordingmode vector
attr source travelTime
attr title "Vehicle Travel Time"
vector 16 CrossTraffic.EndNE junctionTime:vector ETV
attr recordingmode vector
attr source junctionTime
attr title "Total Junction Time per Vehicle"
vector 17 CrossTraffic.EndNE junctionCount:vector ETV
attr recordingmode vector
attr source junctionCount
attr title "Junctions Visited per Vehicle"
vector 18 CrossTraffic.EndEN travelTime:vector ETV
attr recordingmode vector
attr source travelTime
attr title "Vehicle Travel Time"
vector 19 CrossTraffic.EndEN junctionTime:vector ETV
attr recordingmode vector
attr source junctionTime
attr title "Total Junction Time per Vehicle"
vector 20 CrossTraffic.EndEN junctionCount:vector ETV
attr recordingmode vector
attr source junctionCount
attr title "Junctions Visited per Vehicle"
vector 21 CrossTraffic.EndES travelTime:vector ETV
attr recordingmode vector
attr source travelTime
attr title "Vehicle Travel Time"
vector 22 CrossTraffic.EndES junctionTime:vector ETV
attr recordingmode vector
attr source junctionTime
attr title "Total Junction Time per Vehicle"
vector 23 CrossTraffic.EndES junctionCount:vector ETV
attr recordingmode vector
attr source junctionCount
attr title "Junctions Visited per Vehicle"
vector 24 CrossTraffic.EndSE travelTime:vector ETV
attr recordingmode vector
attr source travelTime
attr title "Vehicle Travel Time"
vector 25 CrossTraffic.EndSE junctionTime:vector ETV
attr recordingmode vector
attr source junctionTime
attr title "Total Junction Time per Vehicle"
vector 26 CrossTraffic.EndSE junctionCount:vector ETV
attr recordingmode vector
attr source junctionCount
attr title "Junctions Visited per Vehicle"
vector 27 CrossTraffic.EndSW travelTime:vector ETV
attr recordingmode vector
attr source travelTime
attr title "Vehicle Travel Time"
vector 28 CrossTraffic.EndSW junctionTime:vector ETV
attr recordingmode vector
attr source junctionTime
attr title "Total Junction Time per Vehicle"
vector 29 CrossTraffic.EndSW junctionCount:vector ETV
attr recordingmode vector
attr source junctionCount
attr title "Junctions Visited per Vehicle"
vector 30 CrossTraffic.EndWS travelTime:vector ETV
attr recordingmode vector
attr source travelTime
attr title "Vehicle Travel Time"
vector 31 CrossTraffic.EndWS junctionTime:vector ETV
attr recordingmode vector
attr source junctionTime
attr title "Total Junction Time per Vehicle"
vector 32 CrossTraffic.EndWS junctionCount:vector ETV
attr recordingmode vector
attr source junctionCount
attr title "Junctions Visited per Vehicle"
vector 33 CrossTraffic.EndWN travelTime:vector ETV
attr recordingmode vector
attr source travelTime
attr title "Vehicle Travel Time"
vector 34 CrossTraffic.EndWN junctionTime:vector ETV
attr recordingmode vector
attr source junctionTime
attr title "Total Junction Time per Vehicle"
vector 35 CrossTraffic.EndWN junctionCount:vector ETV
attr recordingmode vector
attr source junctionCount
attr title "Junctions Visited per Vehicle"
0	62	1012.059456126627	0
0	71	1239.958937773692	0
0	91	1512.173132767058	0
0	93	1546.207922215833	0
0	102	1668.016050071042	0
0	103	1677.349819514125	0
0	112	1818.185453216254	0
0	116	1921.620476825943	0
0	117	1943.372293048315	0
0	131	2367.820282372566	0
0	147	2613.915625512561	0
0	150	2656.804054846345	0
0	151	2660.155770333065	0
0	154	2744.670383698586	0
0	155	2759.375698068896	0
0	158	2796.748445593021	0
0	174	3015.797177359271	0
0	180	3138.166080405557	0
0	181	3159.848507455016	0
0	192	3411.001107134412	0
0	195	3489.59103554271	0
0	197	3533.700663533443	0
0	198	3558.016872170712	0
0	226	4620.359813281412	0
0	231	4729.740351138	0
0	240	5014.618729046351	0
0	242	5069.578299718842	0
0	247	5229.898073703334	0
0	253	5408.565405485773	0
0	270	5726.381340341704	0
0	271	5727.190041021732	0
0	275	5807.466647383362	0
0	276	5814.969796428496	0
0	277	5816.086466727153	0
0	287	5958.488306742583	0
0	298	6268.952185852996	0
0	300	6310.510070417383	0
0	304	6485.687704429545	0
0	316	6957.597374681179	0
0	318	7057.183034767658	0
0	325	7211.66214144066	0
0	334	7386.813826512275	0
0	337	7453.070885743887	0
0	340	7531.26013864828	0
0	357	8056.534171709934	0
0	358	8146.697593847709	0
0	366	8478.025423971805	0
0	368	8516.027505773732	0
0	372	8570.804609783965	0
0	375	8612.6176414326	0
0	379	8669.54342612541	0
0	386	8770.594443886913	0
0	398	8951.478220924986	0
0	410	9201.871440207837	0
0	417	9356.11438890983	0
0	421	9422.596486485786	0
0	430	10384.349079464276	0
0	435	10551.114284720674	0
0	445	10916.430899365389	0
0	446	10934.176954155504	0
0	453	11087.142687367828	0
0	456	11128.007592117147	0
0	469	11402.727579067516	0
0	475	11594.450696790363	0
0	504	12183.107974313046	0
0	506	12221.634333517991	0
0	517	12369.512228311442	0
0	523	12459.874688592392	0
0	527	12529.108506113873	0
0	532	12642.532723147695	0
0	535	12676.232133057256	0
0	540	12753.355400023992	0
0	544	12793.716106330859	0
0	555	12913.310550165765	0
0	556	12928.894707465063	0
0	557	12934.681976516494	0
0	560	12969.218536902533	0
0	561	12982.101304616735	0
0	585	13417.427713421589	0
0	587	13515.429756477629	0
0	596	13817.355979113454	0
0	601	13959.768706151375	0
0	604	14058.903805981861	0
0	610	14173.745197540834	0
0	611	14177.725128355765	0
0	612	14229.124274052256	0
0	628	14601.754773809105	0
0	629	14612.475199890944	0
0	630	14661.103931416693	0
0	645	15019.753148763871	0
0	646	15052.618778736496	0
0	669	15905.257441048173	0
0	673	16000.442407673452	0
0	698	16900.911420290776	0
0	700	16932.570278429078	0
0	705	17032.581235464574	0
0	717	17230.928608070387	0
0	720	17262.155485712984	0
0	727	17381.102527200161	0
0	735	17618.947275517027	0
0	738	17677.260571867006	0
0	747	17892.9361371183	0
0	750	17959.361768779138	0
0	752	18013.778447232696	0
0	760	18232.940421322475	0
0	766	18645.442754880371	0
0	775	19014.395822263965	0
0	776	19063.195272218767	0
0	777	19066.770334070939	0
0	783	19250.495881972107	0
1	62	1012.059456126627	3
1	71	1239.958937773692	3
1	91	1512.173132767058	3
1	93	1546.207922215833	3
1	102	1668.016050071042	3
1	103	1677.349819514125	3
1	112	1818.185453216254	3
1	116	1921.620476825943	3
1	117	1943.372293048315	3
1	131	2367.820282372566	3
1	147	2613.915625512561	3
1	150	2656.804054846345	3
1	151	2660.155770333065	3
1	154	2744.670383698586	3
1	155	2759.375698068896	3
1	158	2796.748445593021	3
1	174	3015.797177359271	3
1	180	3138.166080405557	3
1	181	3159.848507455016	3
1	192	3411.001107134412	3
1	195	3489.59103554271	3
1	197	3533.700663533443	3
1	198	3558.016872170712	3
1	226	4620.359813281412	3
1	231	4729.740351138	3
1	240	5014.618729046351	3
1	242	5069.578299718842	3
1	247	5229.898073703334	3
1	253	5408.565405485773	3
1	270	5726.381340341704	3
1	271	5727.190041021732	3
1	275	5807.466647383362	3
1	276	5814.969796428496	3
1	277	5816.086466727153	3
1	287	5958.488306742583	3
1	298	6268.952185852996	3
1	300	6310.510070417383	3
1	304	6485.687704429545	3
1	316	6957.597374681179	3
1	318	7057.183034767658	3
1	325	7211.66214144066	3
1	334	7386.813826512275	3
1	337	7453.070885743887	3
1	340	7531.26013864828	3
1	357	8056.534171709934	3
1	358	8146.697593847709	3
1	366	8478.025423971805	3
1	368	8516.027505773732	3
1	372	8570.804609783965	3
1	375	8612.6176414326	3
1	379	8669.54342612541	3
1	386	8770.594443886913	3
1	398	8951.478220924986	3
1	410	9201.871440207837	3
1	417	9356.11438890983	3
1	421	9422.596486485786	3
1	430	10384.349079464276	3
1	435	10551.114284720674	3
1	445	10916.430899365389	3
1	446	10934.176954155504	3
1	453	11087.142687367828	3
1	456	11128.007592117147	3
1	469	11402.727579067516	3
1	475	11594.450696790363	3
1	504	12183.107974313046	3
1	506	12221.634333517991	3
1	517	12369.512228311442	3
1	523	12459.874688592392	3
1	527	12529.108506113873	3
1	532	12642.532723147695	3
1	535	12676.232133057256	3
1	540	12753.355400023992	3
1	544	12793.716106330859	3
1	555	12913.310550165765	3
1	556	12928.894707465063	3
1	557	12934.681976516494	3
1	560	12969.218536902533	3
1	561	12982.101304616735	3
1	585	13417.427713421589	3
1	587	13515.429756477629	3
1	596	13817.355979113454	3
1	601	13959.768706151375	3
1	604	14058.903805981861	3
1	610	14173.745197540834	3
1	611	14177.725128355765	3
1	612	14229.124274052256	3
1	628	14601.754773809105	3
1	629	14612.475199890944	3
1	630	14661.103931416693	3
1	645	15019.753148763871	3
1	646	15052.618778736496	3
1	669	15905.257441048173	3
1	673	16000.442407673452	3
1	698	16900.911420290776	3
1	700	16932.570278429078	3
1	705	17032.581235464574	3
1	717	17230.928608070387	3
1	720	17262.155485712984	3
1	727	17381.102527200161	3
1	735	17618.947275517027	3
1	738	17677.260571867006	3
1	747	17892.9361371183	3
1	750	17959.361768779138	3
1	752	18013.778447232696	3
1	760	18232.940421322475	3
1	766	18645.442754880371	3
1	775	19014.395822263965	3
1	776	19063.195272218767	3
1	777	19066.770334070939	3
1	783	19250.495881972107	3
2	62	1012.059456126627	7422
2	71	1239.958937773692	7423
2	91	1512.173132767058	7425
2	93	1546.207922215833	7426
2	102	1668.016050071042	7427
2	103	1677.349819514125	7428
2	112	1818.185453216254	7431
2	116	1921.620476825943	7432
2	117	1943.372293048315	7433
2	131	2367.820282372566	7434
2	147	2613.915625512561	7440
2	150	2656.804054846345	7439
2	151	2660.155770333065	7442
2	154	2744.670383698586	7443
2	155	2759.375698068896	7441
2	158	2796.748445593021	7438
2	174	3015.797177359271	7447
2	180	3138.166080405557	7444
2	181	3159.848507455016	7448
2	192	3411.001107134412	7449
2	195	3489.59103554271	7452
2	197	3533.700663533443	7451
2	198	3558.016872170712	7450
2	226	4620.359813281412	7456
2	231	4729.740351138	7458
2	240	5014.618729046351	7459
2	242	5069.578299718842	7460
2	247	5229.898073703334	7461
2	253	5408.565405485773	7463
2	270	5726.381340341704	7464
2	271	5727.190041021732	7466
2	275	5807.466647383362	7468
2	276	5814.969796428496	7469
2	277	5816.086466727153	7470
2	287	5958.488306742583	7471
2	298	6268.952185852996	7472
2	300	6310.510070417383	7473
2	304	6485.687704429545	7474
2	316	6957.597374681179	7476
2	318	7057.183034767658	7478
2	325	7211.66214144066	7477
2	334	7386.813826512275	7481
2	337	7453.070885743887	7482
2	340	7531.26013864828	7480
2	357	8056.534171709934	7486
2	358	8146.697593847709	7485
2	366	8478.025423971805	7488
2	368	8516.027505773732	7489
2	372	8570.804609783965	7487
2	375	8612.6176414326	7491
2	379	8669.54342612541	7493
2	386	8770.594443886913	7490
2	398	8951.478220924986	7495
2	410	9201.871440207837	7498
2	417	9356.11438890983	7500
2	421	9422.596486485786	7499
2	430	10384.349079464276	7502
2	435	10551.114284720674	7503
2	445	10916.430899365389	7506
2	446	10934.176954155504	7505
2	453	11087.142687367828	7507
2	456	11128.007592117147	7509
2	469	11402.727579067516	7508
2	475	11594.450696790363	7512
2	504	12183.107974313046	7518
2	506	12221.634333517991	7516
2	517	12369.512228311442	7521
2	523	12459.874688592392	7519
2	527	12529.108506113873	7522
2	532	12642.532723147695	7524
2	535	12676.232133057256	7523
2	540	12753.355400023992	7525
2	544	12793.716106330859	7527
2	555	12913.310550165765	7530
2	556	12928.894707465063	7528
2	557	12934.681976516494	7531
2	560	12969.218536902533	7529
2	561	12982.101304616735	7526
2	585	13417.427713421589	7535
2	587	13515.429756477629	7536
2	596	13817.355979113454	7537
2	601	13959.768706151375	7538
2	604	14058.903805981861	7540
2	610	14173.745197540834	7541
2	611	14177.725128355765	7542
2	612	14229.124274052256	7539
2	628	14601.754773809105	7543
2	629	14612.475199890944	7544
2	630	14661.103931416693	7545
2	645	15019.753148763871	7548
2	646	15052.618778736496	7547
2	669	15905.257441048173	7551
2	673	16000.442407673452	7554
2	698	16900.911420290776	7559
2	700	16932.570278429078	7558
2	705	17032.581235464574	7560
2	717	17230.928608070387	7563
2	720	17262.155485712984	7564
2	727	17381.102527200161	7561
2	735	17618.947275517027	7565
2	738	17677.260571867006	7566
2	747	17892.9361371183	7568
2	750	17959.361768779138	7567
2	752	18013.778447232696	7569
2	760	18232.940421322475	7570
2	766	18645.442754880371	7572
2	775	19014.395822263965	7574
2	776	19063.195272218767	7573
2	777	19066.770334070939	7575
2	783	19250.495881972107	7576
3	69	1198.332461863989	0
3	79	1342.958937773692	0
3	80	1359.016050071042	0
3	81	1368.349819514125	0
3	97	1599.102261534415	0
3	98	1615.173132767058	0
3	101	1649.207922215833	0
3	118	2024.620476825943	0
3	119	2046.372293048315	0
3	129	2313.9040582717	0
3	137	2470.820282372566	0
3	139	2487.748445593021	0
3	153	2716.915625512561	0
3	156	2759.804054846345	0
3	161	2847.670383698586	0
3	171	2952.373182284126	0
3	179	3118.797177359271	0
3	186	3262.848507455016	0
3	196	3514.001107134412	0
3	200	3592.59103554271	0
3	202	3636.700663533443	0
3	203	3661.016872170712	0
3	204	3678.695981170708	0
3	213	4117.167322612087	0
3	218	4358.396566616083	0
3	230	4723.359813281412	0
3	234	4832.740351138	0
3	243	5117.618729046351	0
3	252	5335.899527588412	0
3	256	5511.565405485773	0
3	278	5829.381340341704	0
3	283	5910.466647383362	0
3	284	5917.969796428496	0
3	285	5919.086466727153	0
3	288	5959.952185852996	0
3	292	6061.488306742583	0
3	303	6413.510070417383	0
3	306	6588.687704429545	0
3	323	7160.183034767658	0
3	324	7206.606504821577	0
3	326	7222.26013864828	0
3	338	7489.813826512275	0
3	341	7556.070885743887	0
3	373	8581.025423971805	0
3	376	8619.027505773732	0
3	380	8673.804609783965	0
3	383	8715.6176414326	0
3	400	9000.000623425414	0
3	401	9054.478220924986	0
3	414	9298.937244862215	0
3	415	9304.871440207837	0
3	424	9525.596486485786	0
3	433	10487.349079464276	0
3	438	10654.114284720674	0
3	449	11019.430899365389	0
3	454	11093.727579067516	0
3	458	11190.142687367828	0
3	470	11486.303051669041	0
3	477	11697.450696790363	0
3	481	11816.162285353863	0
3	488	11958.63510162901	0
3	492	12015.726525543478	0
3	501	12150.874688592392	0
3	505	12209.225835437568	0
3	511	12286.107974313046	0
3	531	12632.108506113873	0
3	539	12745.532723147695	0
3	543	12779.232133057256	0
3	553	12896.716106330859	0
3	564	13016.310550165765	0
3	565	13031.894707465063	0
3	566	13037.681976516494	0
3	568	13072.218536902533	0
3	578	13193.284716741983	0
3	588	13520.427713421589	0
3	590	13618.429756477629	0
3	598	13920.355979113454	0
3	609	14161.903805981861	0
3	614	14276.745197540834	0
3	615	14280.725128355765	0
3	616	14332.124274052256	0
3	631	14704.754773809105	0
3	632	14715.475199890944	0
3	633	14764.103931416693	0
3	639	14885.197566491175	0
3	648	15122.753148763871	0
3	649	15155.618778736496	0
3	655	15346.323096363427	0
3	670	15927.870272608473	0
3	674	16008.257441048173	0
3	676	16034.149782582168	0
3	677	16103.442407673452	0
3	689	16487.068957338046	0
3	702	17003.911420290776	0
3	706	17035.570278429078	0
3	707	17072.102527200161	0
3	711	17135.581235464574	0
3	726	17365.155485712984	0
3	740	17721.947275517027	0
3	742	17780.260571867006	0
3	751	17995.9361371183	0
3	753	18062.361768779138	0
3	755	18116.778447232696	0
3	761	18335.940421322475	0
3	768	18748.442754880371	0
3	778	19117.395822263965	0
3	785	19353.495881972107	0
4	69	1198.332461863989	3
4	79	1342.958937773692	3
4	80	1359.016050071042	3
4	81	1368.349819514125	3
4	97	1599.102261534415	3
4	98	1615.173132767058	3
4	101	1649.207922215833	3
4	118	2024.620476825943	3
4	119	2046.372293048315	3
4	129	2313.9040582717	3
4	137	2470.820282372566	3
4	139	2487.748445593021	3
4	153	2716.915625512561	3
4	156	2759.804054846345	3
4	161	2847.670383698586	3
4	171	2952.373182284126	3
4	179	3118.797177359271	3
4	186	3262.848507455016	3
4	196	3514.001107134412	3
4	200	3592.59103554271	3
4	202	3636.700663533443	3
4	203	3661.016872170712	3
4	204	3678.695981170708	3
4	213	4117.167322612087	3
4	218	4358.396566616083	3
4	230	4723.359813281412	3
4	234	4832.740351138	3
4	243	5117.618729046351	3
4	252	5335.899527588412	3
4	256	5511.565405485773	3
4	278	5829.381340341704	3
4	283	5910.466647383362	3
4	284	5917.969796428496	3
4	285	5919.086466727153	3
4	288	5959.952185852996	3
4	292	6061.488306742583	3
4	303	6413.510070417383	3
4	306	6588.687704429545	3
4	323	7160.183034767658	3
4	324	7206.606504821577	3
4	326	7222.26013864828	3
4	338	7489.813826512275	3
4	341	7556.070885743887	3
4	373	8581.025423971805	3
4	376	8619.027505773732	3
4	380	8673.804609783965	3
4	383	8715.6176414326	3
4	400	9000.000623425414	3
4	401	9054.478220924986	3
4	414	9298.937244862215	3
4	415	9304.871440207837	3
4	424	9525.596486485786	3
4	433	10487.349079464276	3
4	438	10654.114284720674	3
4	449	11019.430899365389	3
4	454	11093.727579067516	3
4	458	11190.142687367828	3
4	470	11486.303051669041	3
4	477	11697.450696790363	3
4	481	11816.162285353863	3
4	488	11958.63510162901	3
4	492	12015.726525543478	3
4	501	12150.874688592392	3
4	505	12209.225835437568	3
4	511	12286.107974313046	3
4	531	12632.108506113873	3
4	539	12745.532723147695	3
4	543	12779.232133057256	3
4	553	12896.716106330859	3
4	564	13016.310550165765	3
4	565	13031.894707465063	3
4	566	13037.681976516494	3
4	568	13072.218536902533	3
4	578	13193.284716741983	3
4	588	13520.427713421589	3
4	590	13618.429756477629	3
4	598	13920.355979113454	3
4	609	14161.903805981861	3
4	614	14276.745197540834	3
4	615	14280.725128355765	3
4	616	14332.124274052256	3
4	631	14704.754773809105	3
4	632	14715.475199890944	3
4	633	14764.103931416693	3
4	639	14885.197566491175	3
4	648	15122.753148763871	3
4	649	15155.618778736496	3
4	655	15346.323096363427	3
4	670	15927.870272608473	3
4	674	16008.257441048173	3
4	676	16034.149782582168	3
4	677	16103.442407673452	3
4	689	16487.068957338046	3
4	702	17003.911420290776	3
4	706	17035.570278429078	3
4	707	17072.102527200161	3
4	711	17135.581235464574	3
4	726	17365.155485712984	3
4	740	17721.947275517027	3
4	742	17780.260571867006	3
4	751	17995.9361371183	3
4	753	18062.361768779138	3
4	755	18116.778447232696	3
4	761	18335.940421322475	3
4	768	18748.442754880371	3
4	778	19117.395822263965	3
4	785	19353.495881972107	3
5	69	1198.332461863989	7424
5	79	1342.958937773692	7423
5	80	1359.016050071042	7427
5	81	1368.349819514125	7428
5	97	1599.102261534415	7430
5	98	1615.173132767058	7425
5	101	1649.207922215833	7426
5	118	2024.620476825943	7432
5	119	2046.372293048315	7433
5	129	2313.9040582717	7435
5	137	2470.820282372566	7434
5	139	2487.748445593021	7438
5	153	2716.915625512561	7440
5	156	2759.804054846345	7439
5	161	2847.670383698586	7443
5	171	2952.373182284126	7445
5	179	3118.797177359271	7447
5	186	3262.848507455016	7448
5	196	3514.001107134412	7449
5	200	3592.59103554271	7452
5	202	3636.700663533443	7451
5	203	3661.016872170712	7450
5	204	3678.695981170708	7453
5	213	4117.167322612087	7454
5	218	4358.396566616083	7455
5	230	4723.359813281412	7456
5	234	4832.740351138	7458
5	243	5117.618729046351	7459
5	252	5335.899527588412	7462
5	256	5511.565405485773	7463
5	278	5829.381340341704	7464
5	283	5910.466647383362	7468
5	284	5917.969796428496	7469
5	285	5919.086466727153	7470
5	288	5959.952185852996	7472
5	292	6061.488306742583	7471
5	303	6413.510070417383	7473
5	306	6588.687704429545	7474
5	323	7160.183034767658	7478
5	324	7206.606504821577	7479
5	326	7222.26013864828	7480
5	338	7489.813826512275	7481
5	341	7556.070885743887	7482
5	373	8581.025423971805	7488
5	376	8619.027505773732	7489
5	380	8673.804609783965	7487
5	383	8715.6176414326	7491
5	400	9000.000623425414	7497
5	401	9054.478220924986	7495
5	414	9298.937244862215	7501
5	415	9304.871440207837	7498
5	424	9525.596486485786	7499
5	433	10487.349079464276	7502
5	438	10654.114284720674	7503
5	449	11019.430899365389	7506
5	454	11093.727579067516	7508
5	458	11190.142687367828	7507
5	470	11486.303051669041	7511
5	477	11697.450696790363	7512
5	481	11816.162285353863	7514
5	488	11958.63510162901	7515
5	492	12015.726525543478	7517
5	501	12150.874688592392	7519
5	505	12209.225835437568	7520
5	511	12286.107974313046	7518
5	531	12632.108506113873	7522
5	539	12745.532723147695	7524
5	543	12779.232133057256	7523
5	553	12896.716106330859	7527
5	564	13016.310550165765	7530
5	565	13031.894707465063	7528
5	566	13037.681976516494	7531
5	568	13072.218536902533	7529
5	578	13193.284716741983	7534
5	588	13520.427713421589	7535
5	590	13618.429756477629	7536
5	598	13920.355979113454	7537
5	609	14161.903805981861	7540
5	614	14276.745197540834	7541
5	615	14280.725128355765	7542
5	616	14332.124274052256	7539
5	631	14704.754773809105	7543
5	632	14715.475199890944	7544
5	633	14764.103931416693	7545
5	639	14885.197566491175	7546
5	648	15122.753148763871	7548
5	649	15155.618778736496	7547
5	655	15346.323096363427	7549
5	670	15927.870272608473	7553
5	674	16008.257441048173	7551
5	676	16034.149782582168	7555
5	677	16103.442407673452	7554
5	689	16487.068957338046	7557
5	702	17003.911420290776	7559
5	706	17035.570278429078	7558
5	707	17072.102527200161	7561
5	711	17135.581235464574	7560
5	726	17365.155485712984	7564
5	740	17721.947275517027	7565
5	742	17780.260571867006	7566
5	751	17995.9361371183	7568
5	753	18062.361768779138	7567
5	755	18116.778447232696	7569
5	761	18335.940421322475	7570
5	768	18748.442754880371	7572
5	778	19117.395822263965	7574
5	785	19353.495881972107	7576
6	75	1301.332461863989	0
6	76	1306.173132767058	0
6	78	1340.207922215833	0
6	84	1417.198093296565	0
6	86	1445.958937773692	0
6	87	1462.016050071042	0
6	88	1471.349819514125	0
6	104	1702.102261534415	0
6	121	2127.620476825943	0
6	123	2161.820282372566	0
6	132	2375.16095749158	0
6	134	2416.9040582717	0
6	146	2590.748445593021	0
6	159	2819.915625512561	0
6	164	2862.804054846345	0
6	169	2932.166080405557	0
6	189	3352.016872170712	0
6	201	3617.001107134412	0
6	205	3695.59103554271	0
6	209	3781.695981170708	0
6	214	4220.167322612087	0
6	220	4414.359813281412	0
6	221	4461.396566616083	0
6	222	4514.113890002457	0
6	241	5023.898073703334	0
6	246	5220.618729046351	0
6	255	5438.899527588412	0
6	257	5520.381340341704	0
6	260	5614.565405485773	0
6	265	5658.915691319205	0
6	289	6013.466647383362	0
6	293	6062.952185852996	0
6	305	6516.510070417383	0
6	317	7005.66214144066	0
6	327	7263.183034767658	0
6	329	7309.606504821577	0
6	331	7325.26013864828	0
6	343	7592.813826512275	0
6	345	7658.634922636636	0
6	346	7659.070885743887	0
6	351	7796.753594682957	0
6	370	8564.594443886913	0
6	377	8653.085761717241	0
6	382	8689.951154825276	0
6	384	8722.027505773732	0
6	390	8818.6176414326	0
6	399	8967.79443246611	0
6	407	9157.478220924986	0
6	411	9216.596486485786	0
6	419	9401.937244862215	0
6	429	10345.114284720674	0
6	434	10540.076173774517	0
6	436	10590.349079464276	0
6	455	11122.430899365389	0
6	457	11153.66862360913	0
6	459	11196.727579067516	0
6	463	11293.142687367828	0
6	479	11784.260553466259	0
6	480	11800.450696790363	0
6	487	11919.162285353863	0
6	491	12015.634333517991	0
6	495	12061.63510162901	0
6	499	12118.726525543478	0
6	509	12253.874688592392	0
6	512	12312.225835437568	0
6	513	12323.108506113873	0
6	524	12470.232133057256	0
6	542	12776.101304616735	0
6	548	12848.532723147695	0
6	562	12999.716106330859	0
6	563	13007.098929937433	0
6	577	13175.218536902533	0
6	581	13296.284716741983	0
6	589	13611.355979113454	0
6	591	13623.427713421589	0
6	602	14023.124274052256	0
6	617	14379.745197540834	0
6	618	14383.725128355765	0
6	635	14807.754773809105	0
6	636	14818.475199890944	0
6	644	14988.197566491175	0
6	650	15225.753148763871	0
6	652	15258.618778736496	0
6	657	15391.628592458726	0
6	659	15449.323096363427	0
6	675	16030.870272608473	0
6	680	16137.149782582168	0
6	681	16206.442407673452	0
6	688	16437.028720818418	0
6	691	16590.068957338046	0
6	708	17106.280018655283	0
6	709	17106.911420290776	0
6	712	17138.570278429078	0
6	714	17175.102527200161	0
6	718	17238.581235464574	0
6	729	17468.155485712984	0
6	741	17753.361768779138	0
6	744	17824.947275517027	0
6	754	18098.9361371183	0
6	765	18586.10341200043	0
6	769	18851.442754880371	0
6	782	19220.395822263965	0
6	786	19456.495881972107	0
6	789	19647.209391668752	0
7	75	1301.332461863989	3
7	76	1306.173132767058	3
7	78	1340.207922215833	3
7	84	1417.198093296565	3
7	86	1445.958937773692	3
7	87	1462.016050071042	3
7	88	1471.349819514125	3
7	104	1702.102261534415	3
7	121	2127.620476825943	3
7	123	2161.820282372566	3
7	132	2375.16095749158	3
7	134	2416.9040582717	3
7	146	2590.748445593021	3
7	159	2819.915625512561	3
7	164	2862.804054846345	3
7	169	2932.166080405557	3
7	189	3352.016872170712	3
7	201	3617.001107134412	3
7	205	3695.59103554271	3
7	209	3781.695981170708	3
7	214	4220.167322612087	3
7	220	4414.359813281412	3
7	221	4461.396566616083	3
7	222	4514.113890002457	3
7	241	5023.898073703334	3
7	246	5220.618729046351	3
7	255	5438.899527588412	3
7	257	5520.381340341704	3
7	260	5614.565405485773	3
7	265	5658.915691319205	3
7	289	6013.466647383362	3
7	293	6062.952185852996	3
7	305	6516.510070417383	3
7	317	7005.66214144066	3
7	327	7263.183034767658	3
7	329	7309.606504821577	3
7	331	7325.26013864828	3
7	343	7592.813826512275	3
7	345	7658.634922636636	3
7	346	7659.070885743887	3
7	351	7796.753594682957	3
7	370	8564.594443886913	3
7	377	8653.085761717241	3
7	382	8689.951154825276	3
7	384	8722.027505773732	3
7	390	8818.6176414326	3
7	399	8967.79443246611	3
7	407	9157.478220924986	3
7	411	9216.596486485786	3
7	419	9401.937244862215	3
7	429	10345.114284720674	3
7	434	10540.076173774517	3
7	436	10590.349079464276	3
7	455	11122.430899365389	3
7	457	11153.66862360913	3
7	459	11196.727579067516	3
7	463	11293.142687367828	3
7	479	11784.260553466259	3
7	480	11800.450696790363	3
7	487	11919.162285353863	3
7	491	12015.634333517991	3
7	495	12061.63510162901	3
7	499	12118.726525543478	3
7	509	12253.874688592392	3
7	512	12312.225835437568	3
7	513	12323.108506113873	3
7	524	12470.232133057256	3
7	542	12776.101304616735	3
7	548	12848.532723147695	3
7	562	12999.716106330859	3
7	563	13007.098929937433	3
7	577	13175.218536902533	3
7	581	13296.284716741983	3
7	589	13611.355979113454	3
7	591	13623.427713421589	3
7	602	14023.124274052256	3
7	617	14379.745197540834	3
7	618	14383.725128355765	3
7	635	14807.754773809105	3
7	636	14818.475199890944	3
7	644	14988.197566491175	3
7	650	15225.753148763871	3
7	652	15258.618778736496	3
7	657	15391.628592458726	3
7	659	15449.323096363427	3
7	675	16030.870272608473	3
7	680	16137.149782582168	3
7	681	16206.442407673452	3
7	688	16437.028720818418	3
7	691	16590.068957338046	3
7	708	17106.280018655283	3
7	709	17106.911420290776	3
7	712	17138.570278429078	3
7	714	17175.102527200161	3
7	718	17238.581235464574	3
7	729	17468.155485712984	3
7	741	17753.361768779138	3
7	744	17824.947275517027	3
7	754	18098.9361371183	3
7	765	18586.10341200043	3
7	769	18851.442754880371	3
7	782	19220.395822263965	3
7	786	19456.495881972107	3
7	789	19647.209391668752	3
8	75	1301.332461863989	7424
8	76	1306.173132767058	7425
8	78	1340.207922215833	7426
8	84	1417.198093296565	7429
8	86	1445.958937773692	7423
8	87	1462.016050071042	7427
8	88	1471.349819514125	7428
8	104	1702.102261534415	7430
8	121	2127.620476825943	7432
8	123	2161.820282372566	7434
8	132	2375.16095749158	7437
8	134	2416.9040582717	7435
8	146	2590.748445593021	7438
8	159	2819.915625512561	7440
8	164	2862.804054846345	7439
8	169	2932.166080405557	7444
8	189	3352.016872170712	7450
8	201	3617.001107134412	7449
8	205	3695.59103554271	7452
8	209	3781.695981170708	7453
8	214	4220.167322612087	7454
8	220	4414.359813281412	7456
8	221	4461.396566616083	7455
8	222	4514.113890002457	7457
8	241	5023.898073703334	7461
8	246	5220.618729046351	7459
8	255	5438.899527588412	7462
8	257	5520.381340341704	7464
8	260	5614.565405485773	7463
8	265	5658.915691319205	7465
8	289	6013.466647383362	7468
8	293	6062.952185852996	7472
8	305	6516.510070417383	7473
8	317	7005.66214144066	7477
8	327	7263.183034767658	7478
8	329	7309.606504821577	7479
8	331	7325.26013864828	7480
8	343	7592.813826512275	7481
8	345	7658.634922636636	7483
8	346	7659.070885743887	7482
8	351	7796.753594682957	7484
8	370	8564.594443886913	7490
8	377	8653.085761717241	7492
8	382	8689.951154825276	7494
8	384	8722.027505773732	7489
8	390	8818.6176414326	7491
8	399	8967.79443246611	7496
8	407	9157.478220924986	7495
8	411	9216.596486485786	7499
8	419	9401.937244862215	7501
8	429	10345.114284720674	7503
8	434	10540.076173774517	7504
8	436	10590.349079464276	7502
8	455	11122.430899365389	7506
8	457	11153.66862360913	7510
8	459	11196.727579067516	7508
8	463	11293.142687367828	7507
8	479	11784.260553466259	7513
8	480	11800.450696790363	7512
8	487	11919.162285353863	7514
8	491	12015.634333517991	7516
8	495	12061.63510162901	7515
8	499	12118.726525543478	7517
8	509	12253.874688592392	7519
8	512	12312.225835437568	7520
8	513	12323.108506113873	7522
8	524	12470.232133057256	7523
8	542	12776.101304616735	7526
8	548	12848.532723147695	7524
8	562	12999.716106330859	7527
8	563	13007.098929937433	7532
8	577	13175.218536902533	7529
8	581	13296.284716741983	7534
8	589	13611.355979113454	7537
8	591	13623.427713421589	7535
8	602	14023.124274052256	7539
8	617	14379.745197540834	7541
8	618	14383.725128355765	7542
8	635	14807.754773809105	7543
8	636	14818.475199890944	7544
8	644	14988.197566491175	7546
8	650	15225.753148763871	7548
8	652	15258.618778736496	7547
8	657	15391.628592458726	7550
8	659	15449.323096363427	7549
8	675	16030.870272608473	7553
8	680	16137.149782582168	7555
8	681	16206.442407673452	7554
8	688	16437.028720818418	7556
8	691	16590.068957338046	7557
8	708	17106.280018655283	7562
8	709	17106.911420290776	7559
8	712	17138.570278429078	7558
8	714	17175.102527200161	7561
8	718	17238.581235464574	7560
8	729	17468.155485712984	7564
8	741	17753.361768779138	7567
8	744	17824.947275517027	7565
8	754	18098.9361371183	7568
8	765	18586.10341200043	7571
8	769	18851.442754880371	7572
8	782	19220.395822263965	7574
8	786	19456.495881972107	7576
8	789	19647.209391668752	7577
9	68	1136.958937773692	0
9	82	1404.332461863989	0
9	83	1409.173132767058	0
9	85	1443.207922215833	0
9	92	1520.198093296565	0
9	95	1565.016050071042	0
9	96	1574.349819514125	0
9	105	1715.185453216254	0
9	113	1818.620476825943	0
9	127	2264.820282372566	0
9	130	2348.36415966689	0
9	142	2553.804054846345	0
9	149	2656.375698068896	0
9	152	2693.748445593021	0
9	173	2992.237511703616	0
9	175	3035.166080405557	0
9	187	3308.001107134412	0
9	193	3430.700663533443	0
9	194	3455.016872170712	0
9	223	4517.359813281412	0
9	224	4564.396566616083	0
9	225	4617.113890002457	0
9	236	4911.618729046351	0
9	239	4966.578299718842	0
9	244	5126.898073703334	0
9	258	5541.899527588412	0
9	261	5623.381340341704	0
9	272	5749.758793311097	0
9	281	5855.488306742583	0
9	296	6165.952185852996	0
9	302	6382.687704429545	0
9	310	6746.33864036224	0
9	313	6854.597374681179	0
9	321	7108.66214144066	0
9	335	7412.606504821577	0
9	336	7428.26013864828	0
9	349	7761.634922636636	0
9	356	8043.697593847709	0
9	365	8467.804609783965	0
9	378	8667.594443886913	0
9	385	8756.085761717241	0
9	402	9070.79443246611	0
9	412	9253.11438890983	0
9	413	9260.478220924986	0
9	416	9319.596486485786	0
9	428	10281.349079464276	0
9	432	10448.114284720674	0
9	437	10643.076173774517	0
9	444	10831.176954155504	0
9	460	11225.430899365389	0
9	464	11299.727579067516	0
9	468	11396.142687367828	0
9	471	11491.450696790363	0
9	483	11887.260553466259	0
9	493	12022.162285353863	0
9	496	12080.107974313046	0
9	498	12118.634333517991	0
9	507	12221.726525543478	0
9	510	12266.512228311442	0
9	516	12356.874688592392	0
9	520	12415.225835437568	0
9	521	12426.108506113873	0
9	528	12539.532723147695	0
9	530	12573.232133057256	0
9	546	12825.894707465063	0
9	550	12866.218536902533	0
9	551	12879.101304616735	0
9	567	13062.69650217901	0
9	572	13110.098929937433	0
9	592	13714.355979113454	0
9	597	13856.768706151375	0
9	608	14126.124274052256	0
9	625	14498.754773809105	0
9	626	14509.475199890944	0
9	627	14558.103931416693	0
9	643	14949.618778736496	0
9	654	15328.753148763871	0
9	661	15552.323096363427	0
9	665	15802.257441048173	0
9	667	15889.553675077413	0
9	679	16133.870272608473	0
9	683	16240.149782582168	0
9	690	16540.028720818418	0
9	696	16829.570278429078	0
9	699	16929.581235464574	0
9	710	17127.928608070387	0
9	715	17209.280018655283	0
9	716	17209.911420290776	0
9	721	17278.102527200161	0
9	732	17515.947275517027	0
9	733	17571.155485712984	0
9	734	17574.260571867006	0
9	743	17789.9361371183	0
9	745	17856.361768779138	0
9	773	18960.195272218767	0
9	790	19750.209391668752	0
9	793	19962.516436030905	0
10	68	1136.958937773692	3
10	82	1404.332461863989	3
10	83	1409.173132767058	3
10	85	1443.207922215833	3
10	92	1520.198093296565	3
10	95	1565.016050071042	3
10	96	1574.349819514125	3
10	105	1715.185453216254	3
10	113	1818.620476825943	3
10	127	2264.820282372566	3
10	130	2348.36415966689	3
10	142	2553.804054846345	3
10	149	2656.375698068896	3
10	152	2693.748445593021	3
10	173	2992.237511703616	3
10	175	3035.166080405557	3
10	187	3308.001107134412	3
10	193	3430.700663533443	3
10	194	3455.016872170712	3
10	223	4517.359813281412	3
10	224	4564.396566616083	3
10	225	4617.113890002457	3
10	236	4911.618729046351	3
10	239	4966.578299718842	3
10	244	5126.898073703334	3
10	258	5541.899527588412	3
10	261	5623.381340341704	3
10	272	5749.758793311097	3
10	281	5855.488306742583	3
10	296	6165.952185852996	3
10	302	6382.687704429545	3
10	310	6746.33864036224	3
10	313	6854.597374681179	3
10	321	7108.66214144066	3
10	335	7412.606504821577	3
10	336	7428.26013864828	3
10	349	7761.634922636636	3
10	356	8043.697593847709	3
10	365	8467.804609783965	3
10	378	8667.594443886913	3
10	385	8756.085761717241	3
10	402	9070.79443246611	3
10	412	9253.11438890983	3
10	413	9260.478220924986	3
10	416	9319.596486485786	3
10	428	10281.349079464276	3
10	432	10448.114284720674	3
10	437	10643.076173774517	3
10	444	10831.176954155504	3
10	460	11225.430899365389	3
10	464	11299.727579067516	3
10	468	11396.142687367828	3
10	471	11491.450696790363	3
10	483	11887.260553466259	3
10	493	12022.162285353863	3
10	496	12080.107974313046	3
10	498	12118.634333517991	3
10	507	12221.726525543478	3
10	510	12266.512228311442	3
10	516	12356.874688592392	3
10	520	12415.225835437568	3
10	521	12426.108506113873	3
10	528	12539.532723147695	3
10	530	12573.232133057256	3
10	546	12825.894707465063	3
10	550	12866.218536902533	3
10	551	12879.101304616735	3
10	567	13062.69650217901	3
10	572	13110.098929937433	3
10	592	13714.355979113454	3
10	597	13856.768706151375	3
10	608	14126.124274052256	3
10	625	14498.754773809105	3
10	626	14509.475199890944	3
10	627	14558.103931416693	3
10	643	14949.618778736496	3
10	654	15328.753148763871	3
10	661	15552.323096363427	3
10	665	15802.257441048173	3
10	667	15889.553675077413	3
10	679	16133.870272608473	3
10	683	16240.149782582168	3
10	690	16540.028720818418	3
10	696	16829.570278429078	3
10	699	16929.581235464574	3
10	710	17127.928608070387	3
10	715	17209.280018655283	3
10	716	17209.911420290776	3
10	721	17278.102527200161	3
10	732	17515.947275517027	3
10	733	17571.155485712984	3
10	734	17574.260571867006	3
10	743	17789.9361371183	3
10	745	17856.361768779138	3
10	773	18960.195272218767	3
10	790	19750.209391668752	3
10	793	19962.516436030905	3
11	68	1136.958937773692	7423
11	82	1404.332461863989	7424
11	83	1409.173132767058	7425
11	85	1443.207922215833	7426
11	92	1520.198093296565	7429
11	95	1565.016050071042	7427
11	96	1574.349819514125	7428
11	105	1715.185453216254	7431
11	113	1818.620476825943	7432
11	127	2264.820282372566	7434
11	130	2348.36415966689	7436
11	142	2553.804054846345	7439
11	149	2656.375698068896	7441
11	152	2693.748445593021	7438
11	173	2992.237511703616	7446
11	175	3035.166080405557	7444
11	187	3308.001107134412	7449
11	193	3430.700663533443	7451
11	194	3455.016872170712	7450
11	223	4517.359813281412	7456
11	224	4564.396566616083	7455
11	225	4617.113890002457	7457
11	236	4911.618729046351	7459
11	239	4966.578299718842	7460
11	244	5126.898073703334	7461
11	258	5541.899527588412	7462
11	261	5623.381340341704	7464
11	272	5749.758793311097	7467
11	281	5855.488306742583	7471
11	296	6165.952185852996	7472
11	302	6382.687704429545	7474
11	310	6746.33864036224	7475
11	313	6854.597374681179	7476
11	321	7108.66214144066	7477
11	335	7412.606504821577	7479
11	336	7428.26013864828	7480
11	349	7761.634922636636	7483
11	356	8043.697593847709	7485
11	365	8467.804609783965	7487
11	378	8667.594443886913	7490
11	385	8756.085761717241	7492
11	402	9070.79443246611	7496
11	412	9253.11438890983	7500
11	413	9260.478220924986	7495
11	416	9319.596486485786	7499
11	428	10281.349079464276	7502
11	432	10448.114284720674	7503
11	437	10643.076173774517	7504
11	444	10831.176954155504	7505
11	460	11225.430899365389	7506
11	464	11299.727579067516	7508
11	468	11396.142687367828	7507
11	471	11491.450696790363	7512
11	483	11887.260553466259	7513
11	493	12022.162285353863	7514
11	496	12080.107974313046	7518
11	498	12118.634333517991	7516
11	507	12221.726525543478	7517
11	510	12266.512228311442	7521
11	516	12356.874688592392	7519
11	520	12415.225835437568	7520
11	521	12426.108506113873	7522
11	528	12539.532723147695	7524
11	530	12573.232133057256	7523
11	546	12825.894707465063	7528
11	550	12866.218536902533	7529
11	551	12879.101304616735	7526
11	567	13062.69650217901	7533
11	572	13110.098929937433	7532
11	592	13714.355979113454	7537
11	597	13856.768706151375	7538
11	608	14126.124274052256	7539
11	625	14498.754773809105	7543
11	626	14509.475199890944	7544
11	627	14558.103931416693	7545
11	643	14949.618778736496	7547
11	654	15328.753148763871	7548
11	661	15552.323096363427	7549
11	665	15802.257441048173	7551
11	667	15889.553675077413	7552
11	679	16133.870272608473	7553
11	683	16240.149782582168	7555
11	690	16540.028720818418	7556
11	696	16829.570278429078	7558
11	699	16929.581235464574	7560
11	710	17127.928608070387	7563
11	715	17209.280018655283	7562
11	716	17209.911420290776	7559
11	721	17278.102527200161	7561
11	732	17515.947275517027	7565
11	733	17571.155485712984	7564
11	734	17574.260571867006	7566
11	743	17789.9361371183	7568
11	745	17856.361768779138	7567
11	773	18960.195272218767	7573
11	790	19750.209391668752	7577
11	793	19962.516436030905	7578
12	110	1780.349819514125	512
12	157	2763.155770333065	203
12	166	2899.748445593021	512
12	245	5172.578299718842	306
12	251	5332.898073703334	409
12	279	5830.190041021732	203
12	301	6371.952185852996	512
12	330	7314.66214144066	409
12	359	8159.534171709934	203
12	360	8249.697593847709	306
12	387	8772.54342612541	203
12	395	8873.594443886913	409
12	461	11231.007592117147	203
12	473	11505.727579067516	512
12	514	12324.634333517991	409
12	525	12472.512228311442	306
12	529	12562.874688592392	512
12	569	13085.101304616735	409
12	781	19169.770334070939	203
13	110	1780.349819514125	12
13	157	2763.155770333065	3
13	166	2899.748445593021	12
13	245	5172.578299718842	6
13	251	5332.898073703334	9
13	279	5830.190041021732	3
13	301	6371.952185852996	12
13	330	7314.66214144066	9
13	359	8159.534171709934	3
13	360	8249.697593847709	6
13	387	8772.54342612541	3
13	395	8873.594443886913	9
13	461	11231.007592117147	3
13	473	11505.727579067516	12
13	514	12324.634333517991	9
13	525	12472.512228311442	6
13	529	12562.874688592392	12
13	569	13085.101304616735	9
13	781	19169.770334070939	3
14	110	1780.349819514125	4
14	157	2763.155770333065	1
14	166	2899.748445593021	4
14	245	5172.578299718842	2
14	251	5332.898073703334	3
14	279	5830.190041021732	1
14	301	6371.952185852996	4
14	330	7314.66214144066	3
14	359	8159.534171709934	1
14	360	8249.697593847709	2
14	387	8772.54342612541	1
14	395	8873.594443886913	3
14	461	11231.007592117147	1
14	473	11505.727579067516	4
14	514	12324.634333517991	3
14	525	12472.512228311442	2
14	529	12562.874688592392	4
14	569	13085.101304616735	3
14	781	19169.770334070939	1
15	108	1752.207922215833	512
15	176	3055.373182284126	203
15	238	4935.740351138	306
15	286	5932.381340341704	512
15	291	6022.086466727153	306
15	404	9103.000623425414	203
15	420	9407.871440207837	306
15	425	9628.596486485786	512
15	552	12882.232133057256	512
15	573	13119.310550165765	306
15	574	13134.894707465063	409
15	575	13140.681976516494	306
15	593	13721.429756477629	306
15	603	14023.355979113454	512
15	621	14435.124274052256	512
15	638	14867.103931416693	409
15	757	18165.361768779138	512
15	759	18219.778447232696	306
15	762	18438.940421322475	306
16	108	1752.207922215833	12
16	176	3055.373182284126	3
16	238	4935.740351138	6
16	286	5932.381340341704	12
16	291	6022.086466727153	6
16	404	9103.000623425414	3
16	420	9407.871440207837	6
16	425	9628.596486485786	12
16	552	12882.232133057256	12
16	573	13119.310550165765	6
16	574	13134.894707465063	9
16	575	13140.681976516494	6
16	593	13721.429756477629	6
16	603	14023.355979113454	12
16	621	14435.124274052256	12
16	638	14867.103931416693	9
16	757	18165.361768779138	12
16	759	18219.778447232696	6
16	762	18438.940421322475	6
17	108	1752.207922215833	4
17	176	3055.373182284126	1
17	238	4935.740351138	2
17	286	5932.381340341704	4
17	291	6022.086466727153	2
17	404	9103.000623425414	1
17	420	9407.871440207837	2
17	425	9628.596486485786	4
17	552	12882.232133057256	4
17	573	13119.310550165765	2
17	574	13134.894707465063	3
17	575	13140.681976516494	2
17	593	13721.429756477629	2
17	603	14023.355979113454	4
17	621	14435.124274052256	4
17	638	14867.103931416693	3
17	757	18165.361768779138	4
17	759	18219.778447232696	2
17	762	18438.940421322475	2
18	106	1718.173132767058	512
18	122	2149.372293048315	306
18	145	2573.820282372566	512
18	170	2950.670383698586	306
18	183	3221.797177359271	306
18	190	3365.848507455016	306
18	207	3739.700663533443	409
18	208	3764.016872170712	512
18	233	4826.359813281412	512
18	290	6020.969796428496	306
18	295	6164.488306742583	409
18	309	6691.687704429545	409
18	381	8684.025423971805	306
18	388	8776.804609783965	409
18	442	10757.114284720674	512
18	474	11589.303051669041	203
18	519	12389.107974313046	409
18	538	12735.108506113873	512
18	613	14264.903805981861	306
18	678	16111.257441048173	409
18	746	17883.260571867006	409
19	106	1718.173132767058	12
19	122	2149.372293048315	6
19	145	2573.820282372566	12
19	170	2950.670383698586	6
19	183	3221.797177359271	6
19	190	3365.848507455016	6
19	207	3739.700663533443	9
19	208	3764.016872170712	12
19	233	4826.359813281412	12
19	290	6020.969796428496	6
19	295	6164.488306742583	9
19	309	6691.687704429545	9
19	381	8684.025423971805	6
19	388	8776.804609783965	9
19	442	10757.114284720674	12
19	474	11589.303051669041	3
19	519	12389.107974313046	9
19	538	12735.108506113873	12
19	613	14264.903805981861	6
19	678	16111.257441048173	9
19	746	17883.260571867006	9
20	106	1718.173132767058	4
20	122	2149.372293048315	2
20	145	2573.820282372566	4
20	170	2950.670383698586	2
20	183	3221.797177359271	2
20	190	3365.848507455016	2
20	207	3739.700663533443	3
20	208	3764.016872170712	4
20	233	4826.359813281412	4
20	290	6020.969796428496	2
20	295	6164.488306742583	3
20	309	6691.687704429545	3
20	381	8684.025423971805	2
20	388	8776.804609783965	3
20	442	10757.114284720674	4
20	474	11589.303051669041	1
20	519	12389.107974313046	3
20	538	12735.108506113873	4
20	613	14264.903805981861	2
20	678	16111.257441048173	3
20	746	17883.260571867006	3
21	111	1805.102261534415	306
21	138	2478.16095749158	203
21	141	2519.9040582717	306
21	172	2965.804054846345	512
21	211	3884.695981170708	306
21	250	5323.618729046351	512
21	274	5761.915691319205	203
21	294	6116.466647383362	409
21	347	7695.813826512275	409
21	353	7899.753594682957	203
21	391	8825.027505773732	409
21	439	10693.349079464276	512
21	484	11903.450696790363	512
21	558	12951.532723147695	512
21	571	13102.716106330859	409
21	594	13726.427713421589	409
21	623	14482.745197540834	409
21	642	14921.475199890944	512
21	647	15091.197566491175	306
21	660	15494.628592458726	203
21	684	16309.442407673452	409
21	725	17341.581235464574	512
21	749	17927.947275517027	512
21	767	18689.10341200043	203
21	772	18954.442754880371	409
21	788	19559.495881972107	409
22	111	1805.102261534415	6
22	138	2478.16095749158	3
22	141	2519.9040582717	6
22	172	2965.804054846345	12
22	211	3884.695981170708	6
22	250	5323.618729046351	12
22	274	5761.915691319205	3
22	294	6116.466647383362	9
22	347	7695.813826512275	9
22	353	7899.753594682957	3
22	391	8825.027505773732	9
22	439	10693.349079464276	12
22	484	11903.450696790363	12
22	558	12951.532723147695	12
22	571	13102.716106330859	9
22	594	13726.427713421589	9
22	623	14482.745197540834	9
22	642	14921.475199890944	12
22	647	15091.197566491175	6
22	660	15494.628592458726	3
22	684	16309.442407673452	9
22	725	17341.581235464574	12
22	749	17927.947275517027	12
22	767	18689.10341200043	3
22	772	18954.442754880371	9
22	788	19559.495881972107	9
23	111	1805.102261534415	2
23	138	2478.16095749158	1
23	141	2519.9040582717	2
23	172	2965.804054846345	4
23	211	3884.695981170708	2
23	250	5323.618729046351	4
23	274	5761.915691319205	1
23	294	6116.466647383362	3
23	347	7695.813826512275	3
23	353	7899.753594682957	1
23	391	8825.027505773732	3
23	439	10693.349079464276	4
23	484	11903.450696790363	4
23	558	12951.532723147695	4
23	571	13102.716106330859	3
23	594	13726.427713421589	3
23	623	14482.745197540834	3
23	642	14921.475199890944	4
23	647	15091.197566491175	2
23	660	15494.628592458726	1
23	684	16309.442407673452	3
23	725	17341.581235464574	4
23	749	17927.947275517027	4
23	767	18689.10341200043	1
23	772	18954.442754880371	3
23	788	19559.495881972107	3
24	94	1548.958937773692	512
24	125	2230.620476825943	512
24	168	2922.915625512561	409
24	206	3720.001107134412	512
24	210	3798.59103554271	409
24	217	4323.167322612087	306
24	269	5717.565405485773	409
24	307	6619.510070417383	409
24	333	7366.183034767658	409
24	350	7762.070885743887	409
24	389	8792.951154825276	203
24	397	8921.6176414326	409
24	423	9504.937244862215	306
24	462	11256.66862360913	203
24	502	12164.63510162901	306
24	580	13278.218536902533	512
24	583	13399.284716741983	306
24	624	14486.725128355765	409
24	640	14910.754773809105	512
24	656	15361.618778736496	512
24	693	16693.068957338046	306
24	719	17241.570278429078	512
24	758	18201.9361371183	512
24	784	19323.395822263965	409
25	94	1548.958937773692	12
25	125	2230.620476825943	12
25	168	2922.915625512561	9
25	206	3720.001107134412	12
25	210	3798.59103554271	9
25	217	4323.167322612087	6
25	269	5717.565405485773	9
25	307	6619.510070417383	9
25	333	7366.183034767658	9
25	350	7762.070885743887	9
25	389	8792.951154825276	3
25	397	8921.6176414326	9
25	423	9504.937244862215	6
25	462	11256.66862360913	3
25	502	12164.63510162901	6
25	580	13278.218536902533	12
25	583	13399.284716741983	6
25	624	14486.725128355765	9
25	640	14910.754773809105	12
25	656	15361.618778736496	12
25	693	16693.068957338046	6
25	719	17241.570278429078	12
25	758	18201.9361371183	12
25	784	19323.395822263965	9
26	94	1548.958937773692	4
26	125	2230.620476825943	4
26	168	2922.915625512561	3
26	206	3720.001107134412	4
26	210	3798.59103554271	3
26	217	4323.167322612087	2
26	269	5717.565405485773	3
26	307	6619.510070417383	3
26	333	7366.183034767658	3
26	350	7762.070885743887	3
26	389	8792.951154825276	1
26	397	8921.6176414326	3
26	423	9504.937244862215	2
26	462	11256.66862360913	1
26	502	12164.63510162901	2
26	580	13278.218536902533	4
26	583	13399.284716741983	2
26	624	14486.725128355765	3
26	640	14910.754773809105	4
26	656	15361.618778736496	4
26	693	16693.068957338046	2
26	719	17241.570278429078	4
26	758	18201.9361371183	4
26	784	19323.395822263965	3
27	65	1062.095893108389	409
27	100	1623.198093296565	306
27	135	2451.36415966689	203
27	228	4667.396566616083	409
27	229	4720.113890002457	306
27	263	5644.899527588412	409
27	312	6849.33864036224	203
27	393	8859.085761717241	306
27	418	9363.478220924986	512
27	490	11990.260553466259	306
27	579	13213.098929937433	306
27	662	15655.323096363427	409
27	672	15992.553675077413	203
27	686	16343.149782582168	409
27	692	16643.028720818418	306
27	722	17312.280018655283	306
27	723	17312.911420290776	512
27	791	19853.209391668752	306
28	65	1062.095893108389	9
28	100	1623.198093296565	6
28	135	2451.36415966689	3
28	228	4667.396566616083	9
28	229	4720.113890002457	6
28	263	5644.899527588412	9
28	312	6849.33864036224	3
28	393	8859.085761717241	6
28	418	9363.478220924986	12
28	490	11990.260553466259	6
28	579	13213.098929937433	6
28	662	15655.323096363427	9
28	672	15992.553675077413	3
28	686	16343.149782582168	9
28	692	16643.028720818418	6
28	722	17312.280018655283	6
28	723	17312.911420290776	12
28	791	19853.209391668752	6
29	65	1062.095893108389	3
29	100	1623.198093296565	2
29	135	2451.36415966689	1
29	228	4667.396566616083	3
29	229	4720.113890002457	2
29	263	5644.899527588412	3
29	312	6849.33864036224	1
29	393	8859.085761717241	2
29	418	9363.478220924986	4
29	490	11990.260553466259	2
29	579	13213.098929937433	2
29	662	15655.323096363427	3
29	672	15992.553675077413	1
29	686	16343.149782582168	3
29	692	16643.028720818418	2
29	722	17312.280018655283	2
29	723	17312.911420290776	4
29	791	19853.209391668752	2
30	63	1014.673910694025	409
30	90	1507.332461863989	409
30	178	3095.237511703616	203
30	280	5852.758793311097	203
30	339	7515.606504821577	409
30	352	7864.634922636636	306
30	408	9173.79443246611	306
30	441	10746.076173774517	306
30	465	11328.430899365389	512
30	472	11499.142687367828	512
30	500	12125.162285353863	409
30	515	12324.726525543478	409
30	526	12518.225835437568	409
30	576	13165.69650217901	203
30	658	15431.753148763871	512
30	682	16236.870272608473	409
30	737	17674.155485712984	512
31	63	1014.673910694025	9
31	90	1507.332461863989	9
31	178	3095.237511703616	3
31	280	5852.758793311097	3
31	339	7515.606504821577	9
31	352	7864.634922636636	6
31	408	9173.79443246611	6
31	441	10746.076173774517	6
31	465	11328.430899365389	12
31	472	11499.142687367828	12
31	500	12125.162285353863	9
31	515	12324.726525543478	9
31	526	12518.225835437568	9
31	576	13165.69650217901	3
31	658	15431.753148763871	12
31	682	16236.870272608473	9
31	737	17674.155485712984	12
32	63	1014.673910694025	3
32	90	1507.332461863989	3
32	178	3095.237511703616	1
32	280	5852.758793311097	1
32	339	7515.606504821577	3
32	352	7864.634922636636	2
32	408	9173.79443246611	2
32	441	10746.076173774517	2
32	465	11328.430899365389	4
32	472	11499.142687367828	4
32	500	12125.162285353863	3
32	515	12324.726525543478	3
32	526	12518.225835437568	3
32	576	13165.69650217901	1
32	658	15431.753148763871	4
32	682	16236.870272608473	3
32	737	17674.155485712984	4
33	67	1115.059456126627	306
33	109	1771.016050071042	512
33	115	1921.185453216254	306
33	163	2862.375698068896	306
33	184	3241.166080405557	409
33	319	7060.597374681179	306
33	344	7634.26013864828	512
33	422	9459.11438890983	306
33	451	11037.176954155504	306
33	549	12856.355400023992	203
33	605	14062.768706151375	306
33	724	17333.928608070387	306
33	731	17484.102527200161	512
33	780	19166.195272218767	306
34	67	1115.059456126627	6
34	109	1771.016050071042	12
34	115	1921.185453216254	6
34	163	2862.375698068896	6
34	184	3241.166080405557	9
34	319	7060.597374681179	6
34	344	7634.26013864828	12
34	422	9459.11438890983	6
34	451	11037.176954155504	6
34	549	12856.355400023992	3
34	605	14062.768706151375	6
34	724	17333.928608070387	6
34	731	17484.102527200161	12
34	780	19166.195272218767	6
35	67	1115.059456126627	2
35	109	1771.016050071042	4
35	115	1921.185453216254	2
35	163	2862.375698068896	2
35	184	3241.166080405557	3
35	319	7060.597374681179	2
35	344	7634.26013864828	4
35	422	9459.11438890983	2
35	451	11037.176954155504	2
35	549	12856.355400023992	1
35	605	14062.768706151375	2
35	724	17333.928608070387	2
35	731	17484.102527200161	4
35	780	19166.195272218767	2

