version 3
run HighLoad_Circle-18-20260125-17:47:07-1407
attr configname HighLoad_Circle
attr datetime 20260125-17:47:07
attr datetimef 20260125-174707
attr experiment HighLoad_Circle
attr inifile simulations/nwsim_project/omnetpp.ini
attr iterationvars ""
attr iterationvarsd ""
attr iterationvarsf ""
attr measurement ""
attr network CrossTraffic
attr processid 1407
attr repetition 18
attr replication #18
attr resultdir results
attr runnumber 18
attr seedset 18
config description "High Load - Circle Mode (100% more traffic)"
config *.Junc*.junctionMode "\"circle\""
config *.EndNW.spawnInterval exponential(400s)
config *.EndNE.spawnInterval exponential(600s)
config *.EndEN.spawnInterval exponential(500s)
config *.EndES.spawnInterval exponential(750s)
config *.EndSE.spawnInterval exponential(450s)
config *.EndSW.spawnInterval exponential(550s)
config *.EndWS.spawnInterval exponential(650s)
config *.EndWN.spawnInterval exponential(700s)
config network CrossTraffic
config sim-time-limit 20000s
config warmup-period 1000s
config repeat 50
config **.scalar-recording true
config **.vector-recording true
config *.Junc*.junctionMode "\"queue\""
config *.EndNW.spawnInterval exponential(800s)
config *.EndNE.spawnInterval exponential(1200s)
config *.EndEN.spawnInterval exponential(1000s)
config *.EndES.spawnInterval exponential(1500s)
config *.EndSE.spawnInterval exponential(900s)
config *.EndSW.spawnInterval exponential(1100s)
config *.EndWS.spawnInterval exponential(1300s)
config *.EndWN.spawnInterval exponential(1400s)

vector 0 CrossTraffic.JuncNW queueLength:vector ETV
attr interpolationmode sample-hold
attr recordingmode vector
attr source queueLength
attr title "Queue Length"
vector 1 CrossTraffic.JuncNW junctionProcessingTime:vector ETV
attr recordingmode vector
attr source junctionProcessingTime
attr title "Junction Processing Time"
vector 2 CrossTraffic.JuncNW vehicleCount:vector ETV
attr recordingmode vector
attr source vehicleCount
attr title "Vehicle Count"
vector 3 CrossTraffic.JuncNE queueLength:vector ETV
attr interpolationmode sample-hold
attr recordingmode vector
attr source queueLength
attr title "Queue Length"
vector 4 CrossTraffic.JuncNE junctionProcessingTime:vector ETV
attr recordingmode vector
attr source junctionProcessingTime
attr title "Junction Processing Time"
vector 5 CrossTraffic.JuncNE vehicleCount:vector ETV
attr recordingmode vector
attr source vehicleCount
attr title "Vehicle Count"
vector 6 CrossTraffic.JuncSE queueLength:vector ETV
attr interpolationmode sample-hold
attr recordingmode vector
attr source queueLength
attr title "Queue Length"
vector 7 CrossTraffic.JuncSE junctionProcessingTime:vector ETV
attr recordingmode vector
attr source junctionProcessingTime
attr title "Junction Processing Time"
vector 8 CrossTraffic.JuncSE vehicleCount:vector ETV
attr recordingmode vector
attr source vehicleCount
attr title "Vehicle Count"
vector 9 CrossTraffic.JuncSW queueLength:vector ETV
attr interpolationmode sample-hold
attr recordingmode vector
attr source queueLength
attr title "Queue Length"
vector 10 CrossTraffic.JuncSW junctionProcessingTime:vector ETV
attr recordingmode vector
attr source junctionProcessingTime
attr title "Junction Processing Time"
vector 11 CrossTraffic.JuncSW vehicleCount:vector ETV
attr recordingmode vector
attr source vehicleCount
attr title "Vehicle Count"
vector 12 CrossTraffic.EndNW travelTime:vector ETV
attr recordingmode vector
attr source travelTime
attr title "Vehicle Travel Time"
vector 13 CrossTraffic.EndNW junctionTime:vector ETV
attr recordingmode vector
attr source junctionTime
attr title "Total Junction Time per Vehicle"
vector 14 CrossTraffic.EndNW junctionCount:vector ETV
attr recordingmode vector
attr source junctionCount
attr title "Junctions Visited per Vehicle"
vector 15 CrossTraffic.EndNE travelTime:vector ETV
attr recordingmode vector
attr source travelTime
attr title "Vehicle Travel Time"
vector 16 CrossTraffic.EndNE junctionTime:vector ETV
attr recordingmode vector
attr source junctionTime
attr title "Total Junction Time per Vehicle"
vector 17 CrossTraffic.EndNE junctionCount:vector ETV
attr recordingmode vector
attr source junctionCount
attr title "Junctions Visited per Vehicle"
vector 18 CrossTraffic.EndEN travelTime:vector ETV
attr recordingmode vector
attr source travelTime
attr title "Vehicle Travel Time"
vector 19 CrossTraffic.EndEN junctionTime:vector ETV
attr recordingmode vector
attr source junctionTime
attr title "Total Junction Time per Vehicle"
vector 20 CrossTraffic.EndEN junctionCount:vector ETV
attr recordingmode vector
attr source junctionCount
attr title "Junctions Visited per Vehicle"
vector 21 CrossTraffic.EndES travelTime:vector ETV
attr recordingmode vector
attr source travelTime
attr title "Vehicle Travel Time"
vector 22 CrossTraffic.EndES junctionTime:vector ETV
attr recordingmode vector
attr source junctionTime
attr title "Total Junction Time per Vehicle"
vector 23 CrossTraffic.EndES junctionCount:vector ETV
attr recordingmode vector
attr source junctionCount
attr title "Junctions Visited per Vehicle"
vector 24 CrossTraffic.EndSE travelTime:vector ETV
attr recordingmode vector
attr source travelTime
attr title "Vehicle Travel Time"
vector 25 CrossTraffic.EndSE junctionTime:vector ETV
attr recordingmode vector
attr source junctionTime
attr title "Total Junction Time per Vehicle"
vector 26 CrossTraffic.EndSE junctionCount:vector ETV
attr recordingmode vector
attr source junctionCount
attr title "Junctions Visited per Vehicle"
vector 27 CrossTraffic.EndSW travelTime:vector ETV
attr recordingmode vector
attr source travelTime
attr title "Vehicle Travel Time"
vector 28 CrossTraffic.EndSW junctionTime:vector ETV
attr recordingmode vector
attr source junctionTime
attr title "Total Junction Time per Vehicle"
vector 29 CrossTraffic.EndSW junctionCount:vector ETV
attr recordingmode vector
attr source junctionCount
attr title "Junctions Visited per Vehicle"
vector 30 CrossTraffic.EndWS travelTime:vector ETV
attr recordingmode vector
attr source travelTime
attr title "Vehicle Travel Time"
vector 31 CrossTraffic.EndWS junctionTime:vector ETV
attr recordingmode vector
attr source junctionTime
attr title "Total Junction Time per Vehicle"
vector 32 CrossTraffic.EndWS junctionCount:vector ETV
attr recordingmode vector
attr source junctionCount
attr title "Junctions Visited per Vehicle"
vector 33 CrossTraffic.EndWN travelTime:vector ETV
attr recordingmode vector
attr source travelTime
attr title "Vehicle Travel Time"
vector 34 CrossTraffic.EndWN junctionTime:vector ETV
attr recordingmode vector
attr source junctionTime
attr title "Total Junction Time per Vehicle"
vector 35 CrossTraffic.EndWN junctionCount:vector ETV
attr recordingmode vector
attr source junctionCount
attr title "Junctions Visited per Vehicle"
0	105	1201.640672668946	0
0	111	1355.940612316923	0
0	121	1489.505070394379	0
0	124	1539.629200271895	0
0	139	1718.896563610811	0
0	141	1750.542084238178	0
0	150	2047.969112630539	0
0	162	2328.105187988269	0
0	165	2424.93826625847	0
0	174	2599.556076583358	0
0	181	2686.469111049923	0
0	193	2839.926804327786	0
0	197	2876.571416352818	0
0	198	2881.137637848232	0
0	206	2953.870602687835	0
0	207	2974.988880539429	0
0	214	3044.456630020209	0
0	226	3136.034879420288	0
0	239	3294.403328674022	0
0	240	3312.460012658276	0
0	244	3339.841187552075	0
0	258	3534.938250829032	0
0	260	3535.913760015151	0
0	264	3593.226056183315	0
0	270	3665.226002977051	0
0	275	3738.418425476753	0
0	280	3776.676573078827	0
0	285	3842.735850410659	0
0	302	4002.880876304513	0
0	314	4131.590424937643	0
0	317	4166.040630067539	0
0	322	4258.822720089566	0
0	323	4260.696256903862	0
0	327	4279.349676098241	0
0	328	4326.465076494174	0
0	332	4372.057357388851	0
0	341	4481.820272220228	0
0	364	5071.679908175239	0
0	366	5103.427094321814	0
0	379	5317.764380780044	0
0	381	5361.307762767872	0
0	385	5421.509206747954	0
0	401	5685.367391763385	0
0	403	5712.928976940955	0
0	406	5776.375907147223	0
0	407	5780.511733377103	0
0	421	5994.715231747785	0
0	423	6058.336204636568	0
0	426	6122.224719108968	0
0	429	6170.460048647323	0
0	439	6360.014502747068	0
0	443	6428.742971119811	0
0	446	6515.36040952731	0
0	455	6782.042937976099	0
0	456	6785.608011168312	0
0	464	6992.940426451127	0
0	484	7290.64188613524	0
0	499	7411.307606703534	0
0	500	7459.229572970126	0
0	506	7510.963167848612	0
0	519	7710.144400870649	0
0	526	7843.120819133765	0
0	536	7989.530403382075	0
0	543	8061.20132091847	0
0	544	8088.896989061149	0
0	550	8140.738343132858	0
0	551	8158.828863801053	0
0	565	8343.883486791682	0
0	570	8379.760353720807	0
0	582	8502.695734650875	0
0	584	8526.823064957188	0
0	601	8677.133904696868	0
0	602	8684.876997810276	0
0	610	8752.519959422053	0
0	611	8774.097140835034	0
0	615	8795.963813977069	0
0	616	8807.067576695803	0
0	627	8961.573859452854	0
0	635	9120.471905153637	0
0	637	9180.266401784377	0
0	638	9192.417380701739	0
0	663	9573.823085802505	0
0	672	9671.813944522158	0
0	676	9765.249565234916	0
0	678	9767.730207013944	0
0	681	9781.287074746781	0
0	697	10039.394326042437	0
0	727	10455.288577080662	0
0	729	10512.500295174361	0
0	737	10679.24657386711	0
0	738	10680.646693422548	0
0	743	10802.906050889122	0
0	751	10935.91432589431	0
0	752	10943.383110805946	0
0	777	11685.093865999655	0
0	780	11712.271768501854	0
0	782	11743.314791826655	0
0	784	11771.729344581181	0
0	790	11823.346502512759	0
0	801	11971.425069725142	0
0	803	11978.088374950183	0
0	807	12013.471406482228	0
0	811	12047.962265529135	0
0	816	12112.39308645105	0
0	828	12241.189536076462	0
0	829	12244.160591097494	0
0	833	12305.190892459549	0
0	835	12336.72372508919	0
0	850	12492.298627392113	0
0	851	12517.602740497001	0
0	855	12578.293919166055	0
0	856	12586.44207808268	0
0	885	13083.461658199323	0
0	898	13354.676145514814	0
0	903	13445.236985140682	0
0	908	13537.842818801706	0
0	939	14073.772916495702	0
0	946	14133.312804853756	0
0	947	14146.265149983321	0
0	948	14146.939321339826	0
0	958	14233.968302447677	0
0	969	14309.179397700828	0
0	972	14329.102636272083	0
0	978	14364.378592562463	0
0	979	14395.149749259529	0
0	981	14408.652763142711	0
0	983	14417.044620093578	0
0	1000	14566.866057208229	0
0	1009	14635.847639939848	0
0	1017	14723.154080636092	0
0	1024	14804.106850529871	0
0	1030	14886.459530795006	0
0	1039	15061.008326252891	0
0	1040	15078.81859425999	0
0	1049	15195.286569088174	0
0	1051	15250.221290017196	0
0	1061	15382.864418002832	0
0	1074	15556.543423360209	0
0	1076	15590.077287598064	0
0	1083	15726.478919196486	0
0	1092	15835.022321967492	0
0	1094	15877.125216215841	0
0	1096	15906.553758228009	0
0	1121	16304.091328011862	0
0	1124	16362.249955351142	0
0	1125	16381.395758848708	0
0	1128	16420.567045198851	0
0	1138	16559.404636411849	0
0	1148	16733.253689748812	0
0	1154	16857.874455427439	0
0	1161	17081.861276205986	0
0	1163	17114.37245017018	0
0	1175	17282.591827976271	0
0	1182	17367.743268823465	0
0	1190	17438.113569319304	0
0	1196	17507.39417788484	0
0	1201	17581.953692432951	0
0	1212	17819.72239051202	0
0	1215	17856.105112158254	0
0	1225	18014.943987171675	0
0	1231	18111.959689058786	0
0	1236	18151.140144381973	0
0	1238	18199.674120735165	0
0	1241	18236.108363063014	0
0	1261	18483.769184346498	0
0	1262	18490.274007958482	0
0	1266	18536.942614615945	0
0	1274	18617.323140937813	0
0	1275	18622.720273493114	0
0	1289	18767.231835425122	0
0	1290	18782.374525489581	0
0	1291	18782.900688181768	0
0	1295	18813.937491859789	0
0	1316	19021.406065065945	0
0	1320	19090.228221762259	0
0	1323	19113.560657154739	0
0	1330	19203.014156975141	0
0	1346	19448.341744208468	0
0	1356	19597.467684803843	0
0	1364	19720.514633991098	0
0	1371	19850.747996403198	0
0	1377	19980.040653379908	0
1	105	1201.640672668946	3
1	111	1355.940612316923	3
1	121	1489.505070394379	3
1	124	1539.629200271895	3
1	139	1718.896563610811	3
1	141	1750.542084238178	3
1	150	2047.969112630539	3
1	162	2328.105187988269	3
1	165	2424.93826625847	3
1	174	2599.556076583358	3
1	181	2686.469111049923	3
1	193	2839.926804327786	3
1	197	2876.571416352818	3
1	198	2881.137637848232	3
1	206	2953.870602687835	3
1	207	2974.988880539429	3
1	214	3044.456630020209	3
1	226	3136.034879420288	3
1	239	3294.403328674022	3
1	240	3312.460012658276	3
1	244	3339.841187552075	3
1	258	3534.938250829032	3
1	260	3535.913760015151	3
1	264	3593.226056183315	3
1	270	3665.226002977051	3
1	275	3738.418425476753	3
1	280	3776.676573078827	3
1	285	3842.735850410659	3
1	302	4002.880876304513	3
1	314	4131.590424937643	3
1	317	4166.040630067539	3
1	322	4258.822720089566	3
1	323	4260.696256903862	3
1	327	4279.349676098241	3
1	328	4326.465076494174	3
1	332	4372.057357388851	3
1	341	4481.820272220228	3
1	364	5071.679908175239	3
1	366	5103.427094321814	3
1	379	5317.764380780044	3
1	381	5361.307762767872	3
1	385	5421.509206747954	3
1	401	5685.367391763385	3
1	403	5712.928976940955	3
1	406	5776.375907147223	3
1	407	5780.511733377103	3
1	421	5994.715231747785	3
1	423	6058.336204636568	3
1	426	6122.224719108968	3
1	429	6170.460048647323	3
1	439	6360.014502747068	3
1	443	6428.742971119811	3
1	446	6515.36040952731	3
1	455	6782.042937976099	3
1	456	6785.608011168312	3
1	464	6992.940426451127	3
1	484	7290.64188613524	3
1	499	7411.307606703534	3
1	500	7459.229572970126	3
1	506	7510.963167848612	3
1	519	7710.144400870649	3
1	526	7843.120819133765	3
1	536	7989.530403382075	3
1	543	8061.20132091847	3
1	544	8088.896989061149	3
1	550	8140.738343132858	3
1	551	8158.828863801053	3
1	565	8343.883486791682	3
1	570	8379.760353720807	3
1	582	8502.695734650875	3
1	584	8526.823064957188	3
1	601	8677.133904696868	3
1	602	8684.876997810276	3
1	610	8752.519959422053	3
1	611	8774.097140835034	3
1	615	8795.963813977069	3
1	616	8807.067576695803	3
1	627	8961.573859452854	3
1	635	9120.471905153637	3
1	637	9180.266401784377	3
1	638	9192.417380701739	3
1	663	9573.823085802505	3
1	672	9671.813944522158	3
1	676	9765.249565234916	3
1	678	9767.730207013944	3
1	681	9781.287074746781	3
1	697	10039.394326042437	3
1	727	10455.288577080662	3
1	729	10512.500295174361	3
1	737	10679.24657386711	3
1	738	10680.646693422548	3
1	743	10802.906050889122	3
1	751	10935.91432589431	3
1	752	10943.383110805946	3
1	777	11685.093865999655	3
1	780	11712.271768501854	3
1	782	11743.314791826655	3
1	784	11771.729344581181	3
1	790	11823.346502512759	3
1	801	11971.425069725142	3
1	803	11978.088374950183	3
1	807	12013.471406482228	3
1	811	12047.962265529135	3
1	816	12112.39308645105	3
1	828	12241.189536076462	3
1	829	12244.160591097494	3
1	833	12305.190892459549	3
1	835	12336.72372508919	3
1	850	12492.298627392113	3
1	851	12517.602740497001	3
1	855	12578.293919166055	3
1	856	12586.44207808268	3
1	885	13083.461658199323	3
1	898	13354.676145514814	3
1	903	13445.236985140682	3
1	908	13537.842818801706	3
1	939	14073.772916495702	3
1	946	14133.312804853756	3
1	947	14146.265149983321	3
1	948	14146.939321339826	3
1	958	14233.968302447677	3
1	969	14309.179397700828	3
1	972	14329.102636272083	3
1	978	14364.378592562463	3
1	979	14395.149749259529	3
1	981	14408.652763142711	3
1	983	14417.044620093578	3
1	1000	14566.866057208229	3
1	1009	14635.847639939848	3
1	1017	14723.154080636092	3
1	1024	14804.106850529871	3
1	1030	14886.459530795006	3
1	1039	15061.008326252891	3
1	1040	15078.81859425999	3
1	1049	15195.286569088174	3
1	1051	15250.221290017196	3
1	1061	15382.864418002832	3
1	1074	15556.543423360209	3
1	1076	15590.077287598064	3
1	1083	15726.478919196486	3
1	1092	15835.022321967492	3
1	1094	15877.125216215841	3
1	1096	15906.553758228009	3
1	1121	16304.091328011862	3
1	1124	16362.249955351142	3
1	1125	16381.395758848708	3
1	1128	16420.567045198851	3
1	1138	16559.404636411849	3
1	1148	16733.253689748812	3
1	1154	16857.874455427439	3
1	1161	17081.861276205986	3
1	1163	17114.37245017018	3
1	1175	17282.591827976271	3
1	1182	17367.743268823465	3
1	1190	17438.113569319304	3
1	1196	17507.39417788484	3
1	1201	17581.953692432951	3
1	1212	17819.72239051202	3
1	1215	17856.105112158254	3
1	1225	18014.943987171675	3
1	1231	18111.959689058786	3
1	1236	18151.140144381973	3
1	1238	18199.674120735165	3
1	1241	18236.108363063014	3
1	1261	18483.769184346498	3
1	1262	18490.274007958482	3
1	1266	18536.942614615945	3
1	1274	18617.323140937813	3
1	1275	18622.720273493114	3
1	1289	18767.231835425122	3
1	1290	18782.374525489581	3
1	1291	18782.900688181768	3
1	1295	18813.937491859789	3
1	1316	19021.406065065945	3
1	1320	19090.228221762259	3
1	1323	19113.560657154739	3
1	1330	19203.014156975141	3
1	1346	19448.341744208468	3
1	1356	19597.467684803843	3
1	1364	19720.514633991098	3
1	1371	19850.747996403198	3
1	1377	19980.040653379908	3
2	105	1201.640672668946	5429
2	111	1355.940612316923	5430
2	121	1489.505070394379	5432
2	124	1539.629200271895	5435
2	139	1718.896563610811	5438
2	141	1750.542084238178	5436
2	150	2047.969112630539	5440
2	162	2328.105187988269	5441
2	165	2424.93826625847	5442
2	174	2599.556076583358	5445
2	181	2686.469111049923	5446
2	193	2839.926804327786	5447
2	197	2876.571416352818	5451
2	198	2881.137637848232	5449
2	206	2953.870602687835	5448
2	207	2974.988880539429	5455
2	214	3044.456630020209	5450
2	226	3136.034879420288	5453
2	239	3294.403328674022	5456
2	240	3312.460012658276	5458
2	244	3339.841187552075	5457
2	258	3534.938250829032	5463
2	260	3535.913760015151	5461
2	264	3593.226056183315	5464
2	270	3665.226002977051	5467
2	275	3738.418425476753	5465
2	280	3776.676573078827	5462
2	285	3842.735850410659	5468
2	302	4002.880876304513	5469
2	314	4131.590424937643	5470
2	317	4166.040630067539	5475
2	322	4258.822720089566	5473
2	323	4260.696256903862	5476
2	327	4279.349676098241	5472
2	328	4326.465076494174	5474
2	332	4372.057357388851	5477
2	341	4481.820272220228	5478
2	364	5071.679908175239	5484
2	366	5103.427094321814	5483
2	379	5317.764380780044	5486
2	381	5361.307762767872	5487
2	385	5421.509206747954	5488
2	401	5685.367391763385	5492
2	403	5712.928976940955	5491
2	406	5776.375907147223	5494
2	407	5780.511733377103	5495
2	421	5994.715231747785	5496
2	423	6058.336204636568	5497
2	426	6122.224719108968	5498
2	429	6170.460048647323	5499
2	439	6360.014502747068	5502
2	443	6428.742971119811	5500
2	446	6515.36040952731	5501
2	455	6782.042937976099	5504
2	456	6785.608011168312	5505
2	464	6992.940426451127	5506
2	484	7290.64188613524	5512
2	499	7411.307606703534	5513
2	500	7459.229572970126	5517
2	506	7510.963167848612	5519
2	519	7710.144400870649	5518
2	526	7843.120819133765	5520
2	536	7989.530403382075	5524
2	543	8061.20132091847	5527
2	544	8088.896989061149	5521
2	550	8140.738343132858	5528
2	551	8158.828863801053	5529
2	565	8343.883486791682	5526
2	570	8379.760353720807	5530
2	582	8502.695734650875	5531
2	584	8526.823064957188	5535
2	601	8677.133904696868	5537
2	602	8684.876997810276	5540
2	610	8752.519959422053	5532
2	611	8774.097140835034	5533
2	615	8795.963813977069	5541
2	616	8807.067576695803	5538
2	627	8961.573859452854	5542
2	635	9120.471905153637	5544
2	637	9180.266401784377	5543
2	638	9192.417380701739	5545
2	663	9573.823085802505	5546
2	672	9671.813944522158	5551
2	676	9765.249565234916	5553
2	678	9767.730207013944	5549
2	681	9781.287074746781	5547
2	697	10039.394326042437	5556
2	727	10455.288577080662	5563
2	729	10512.500295174361	5564
2	737	10679.24657386711	5565
2	738	10680.646693422548	5566
2	743	10802.906050889122	5567
2	751	10935.91432589431	5570
2	752	10943.383110805946	5568
2	777	11685.093865999655	5573
2	780	11712.271768501854	5574
2	782	11743.314791826655	5572
2	784	11771.729344581181	5575
2	790	11823.346502512759	5577
2	801	11971.425069725142	5578
2	803	11978.088374950183	5579
2	807	12013.471406482228	5576
2	811	12047.962265529135	5581
2	816	12112.39308645105	5583
2	828	12241.189536076462	5586
2	829	12244.160591097494	5580
2	833	12305.190892459549	5582
2	835	12336.72372508919	5584
2	850	12492.298627392113	5585
2	851	12517.602740497001	5588
2	855	12578.293919166055	5587
2	856	12586.44207808268	5591
2	885	13083.461658199323	5594
2	898	13354.676145514814	5599
2	903	13445.236985140682	5600
2	908	13537.842818801706	5598
2	939	14073.772916495702	5607
2	946	14133.312804853756	5609
2	947	14146.265149983321	5610
2	948	14146.939321339826	5604
2	958	14233.968302447677	5606
2	969	14309.179397700828	5615
2	972	14329.102636272083	5605
2	978	14364.378592562463	5611
2	979	14395.149749259529	5612
2	981	14408.652763142711	5618
2	983	14417.044620093578	5614
2	1000	14566.866057208229	5617
2	1009	14635.847639939848	5616
2	1017	14723.154080636092	5619
2	1024	14804.106850529871	5625
2	1030	14886.459530795006	5622
2	1039	15061.008326252891	5624
2	1040	15078.81859425999	5626
2	1049	15195.286569088174	5627
2	1051	15250.221290017196	5629
2	1061	15382.864418002832	5631
2	1074	15556.543423360209	5633
2	1076	15590.077287598064	5634
2	1083	15726.478919196486	5637
2	1092	15835.022321967492	5635
2	1094	15877.125216215841	5636
2	1096	15906.553758228009	5640
2	1121	16304.091328011862	5644
2	1124	16362.249955351142	5645
2	1125	16381.395758848708	5643
2	1128	16420.567045198851	5642
2	1138	16559.404636411849	5647
2	1148	16733.253689748812	5650
2	1154	16857.874455427439	5651
2	1161	17081.861276205986	5652
2	1163	17114.37245017018	5653
2	1175	17282.591827976271	5655
2	1182	17367.743268823465	5654
2	1190	17438.113569319304	5659
2	1196	17507.39417788484	5656
2	1201	17581.953692432951	5662
2	1212	17819.72239051202	5663
2	1215	17856.105112158254	5661
2	1225	18014.943987171675	5667
2	1231	18111.959689058786	5669
2	1236	18151.140144381973	5665
2	1238	18199.674120735165	5666
2	1241	18236.108363063014	5668
2	1261	18483.769184346498	5670
2	1262	18490.274007958482	5671
2	1266	18536.942614615945	5673
2	1274	18617.323140937813	5677
2	1275	18622.720273493114	5672
2	1289	18767.231835425122	5674
2	1290	18782.374525489581	5680
2	1291	18782.900688181768	5675
2	1295	18813.937491859789	5676
2	1316	19021.406065065945	5684
2	1320	19090.228221762259	5683
2	1323	19113.560657154739	5688
2	1330	19203.014156975141	5687
2	1346	19448.341744208468	5691
2	1356	19597.467684803843	5693
2	1364	19720.514633991098	5694
2	1371	19850.747996403198	5697
2	1377	19980.040653379908	5696
3	95	1040.48109669012	0
3	107	1267.150557334207	0
3	109	1304.640672668946	0
3	119	1458.940612316923	0
3	122	1498.271156700584	0
3	129	1592.505070394379	0
3	133	1642.629200271895	0
3	143	1821.896563610811	0
3	149	1972.663988661894	0
3	153	2150.969112630539	0
3	164	2357.406701247517	0
3	167	2431.105187988269	0
3	170	2527.93826625847	0
3	182	2702.556076583358	0
3	204	2942.926804327786	0
3	205	2951.18090761409	0
3	208	2979.571416352818	0
3	209	2984.137637848232	0
3	210	2985.403328674022	0
3	235	3227.367785152095	0
3	237	3239.034879420288	0
3	248	3415.460012658276	0
3	254	3467.676573078827	0
3	266	3637.938250829032	0
3	269	3641.134083726618	0
3	272	3696.226056183315	0
3	279	3768.226002977051	0
3	283	3822.590424937643	0
3	295	3945.735850410659	0
3	299	3963.138638356197	0
3	300	3970.349676098241	0
3	324	4269.040630067539	0
3	330	4363.696256903862	0
3	339	4475.057357388851	0
3	342	4507.305279435517	0
3	343	4507.983085601293	0
3	365	5095.025274854713	0
3	369	5174.679908175239	0
3	371	5206.427094321814	0
3	384	5420.764380780044	0
3	387	5464.307762767872	0
3	392	5551.683027234078	0
3	404	5733.705565708799	0
3	408	5788.367391763385	0
3	410	5815.928976940955	0
3	428	6161.336204636568	0
3	432	6225.224719108968	0
3	435	6273.460048647323	0
3	445	6495.541437246164	0
3	447	6531.742971119811	0
3	458	6888.608011168312	0
3	465	7001.863057131606	0
3	471	7095.940426451127	0
3	475	7175.908684748337	0
3	476	7182.939195283084	0
3	493	7391.13317921747	0
3	494	7391.308238076943	0
3	495	7393.64188613524	0
3	496	7400.473762472917	0
3	514	7613.963167848612	0
3	531	7917.404574890171	0
3	538	8008.343932295452	0
3	540	8034.883486791682	0
3	545	8092.530403382075	0
3	552	8164.20132091847	0
3	558	8243.738343132858	0
3	559	8261.828863801053	0
3	575	8443.519959422053	0
3	578	8465.097140835034	0
3	580	8482.760353720807	0
3	583	8506.86152024074	0
3	596	8629.823064957188	0
3	598	8636.1771933987	0
3	613	8787.876997810276	0
3	625	8910.067576695803	0
3	639	9223.471905153637	0
3	640	9264.823085802505	0
3	642	9295.417380701739	0
3	653	9472.287074746781	0
3	669	9663.028505836574	0
3	680	9774.813944522158	0
3	684	9868.249565234916	0
3	686	9870.730207013944	0
3	698	10049.932236416686	0
3	700	10100.757714534559	0
3	704	10142.394326042437	0
3	716	10311.19186313109	0
3	731	10558.288577080662	0
3	741	10782.24657386711	0
3	742	10783.646693422548	0
3	749	10905.906050889122	0
3	750	10923.24027609115	0
3	756	11038.91432589431	0
3	757	11046.383110805946	0
3	764	11485.662609102312	0
3	779	11704.471406482228	0
3	786	11788.093865999655	0
3	789	11815.271768501854	0
3	793	11874.729344581181	0
3	798	11926.346502512759	0
3	813	12081.088374950183	0
3	822	12150.962265529135	0
3	823	12183.298627392113	0
3	826	12215.39308645105	0
3	837	12347.160591097494	0
3	852	12526.026965448784	0
3	853	12544.078379819889	0
3	858	12620.602740497001	0
3	862	12676.749900899767	0
3	864	12689.44207808268	0
3	868	12750.48258392895	0
3	881	12966.560186085584	0
3	895	13323.047081955398	0
3	904	13457.676145514814	0
3	905	13486.752401301931	0
3	910	13548.236985140682	0
3	913	13604.593302889992	0
3	915	13640.842818801706	0
3	916	13643.99729159136	0
3	933	14020.102636272083	0
3	941	14092.993653144439	0
3	950	14176.772916495702	0
3	953	14198.035771740691	0
3	959	14236.312804853756	0
3	960	14249.265149983321	0
3	961	14249.939321339826	0
3	971	14326.847639939848	0
3	973	14336.968302447677	0
3	982	14412.179397700828	0
3	992	14511.652763142711	0
3	994	14520.044620093578	0
3	1011	14669.866057208229	0
3	1014	14711.532600804685	0
3	1021	14752.008326252891	0
3	1027	14826.154080636092	0
3	1031	14907.106850529871	0
3	1036	14989.459530795006	0
3	1047	15181.81859425999	0
3	1048	15188.382414772183	0
3	1056	15298.286569088174	0
3	1058	15353.221290017196	0
3	1060	15355.968445804115	0
3	1080	15659.543423360209	0
3	1082	15693.077287598064	0
3	1085	15746.397326753546	0
3	1091	15829.478919196486	0
3	1098	15938.022321967492	0
3	1101	15980.125216215841	0
3	1103	16009.553758228009	0
3	1111	16111.567045198851	0
3	1126	16393.156719714965	0
3	1127	16407.091328011862	0
3	1131	16465.249955351142	0
3	1155	16960.874455427439	0
3	1168	17184.861276205986	0
3	1169	17198.39417788484	0
3	1171	17217.37245017018	0
3	1174	17269.444060045737	0
3	1179	17316.935064886077	0
3	1184	17385.591827976271	0
3	1187	17411.738505353476	0
3	1200	17547.105112158254	0
3	1208	17684.953692432951	0
3	1218	17922.72239051202	0
3	1232	18117.943987171675	0
3	1239	18214.959689058786	0
3	1242	18254.140144381973	0
3	1245	18302.674120735165	0
3	1269	18586.769184346498	0
3	1270	18593.274007958482	0
3	1276	18639.942614615945	0
3	1282	18708.237981839506	0
3	1285	18720.323140937813	0
3	1298	18860.029702420512	0
3	1299	18870.231835425122	0
3	1300	18885.374525489581	0
3	1319	19073.179881151951	0
3	1321	19092.573674167078	0
3	1328	19193.228221762259	0
3	1332	19237.340359141235	0
3	1339	19367.765330491199	0
3	1352	19551.341744208468	0
3	1369	19823.514633991098	0
4	95	1040.48109669012	3
4	107	1267.150557334207	3
4	109	1304.640672668946	3
4	119	1458.940612316923	3
4	122	1498.271156700584	3
4	129	1592.505070394379	3
4	133	1642.629200271895	3
4	143	1821.896563610811	3
4	149	1972.663988661894	3
4	153	2150.969112630539	3
4	164	2357.406701247517	3
4	167	2431.105187988269	3
4	170	2527.93826625847	3
4	182	2702.556076583358	3
4	204	2942.926804327786	3
4	205	2951.18090761409	3
4	208	2979.571416352818	3
4	209	2984.137637848232	3
4	210	2985.403328674022	3
4	235	3227.367785152095	3
4	237	3239.034879420288	3
4	248	3415.460012658276	3
4	254	3467.676573078827	3
4	266	3637.938250829032	3
4	269	3641.134083726618	3
4	272	3696.226056183315	3
4	279	3768.226002977051	3
4	283	3822.590424937643	3
4	295	3945.735850410659	3
4	299	3963.138638356197	3
4	300	3970.349676098241	3
4	324	4269.040630067539	3
4	330	4363.696256903862	3
4	339	4475.057357388851	3
4	342	4507.305279435517	3
4	343	4507.983085601293	3
4	365	5095.025274854713	3
4	369	5174.679908175239	3
4	371	5206.427094321814	3
4	384	5420.764380780044	3
4	387	5464.307762767872	3
4	392	5551.683027234078	3
4	404	5733.705565708799	3
4	408	5788.367391763385	3
4	410	5815.928976940955	3
4	428	6161.336204636568	3
4	432	6225.224719108968	3
4	435	6273.460048647323	3
4	445	6495.541437246164	3
4	447	6531.742971119811	3
4	458	6888.608011168312	3
4	465	7001.863057131606	3
4	471	7095.940426451127	3
4	475	7175.908684748337	3
4	476	7182.939195283084	3
4	493	7391.13317921747	3
4	494	7391.308238076943	3
4	495	7393.64188613524	3
4	496	7400.473762472917	3
4	514	7613.963167848612	3
4	531	7917.404574890171	3
4	538	8008.343932295452	3
4	540	8034.883486791682	3
4	545	8092.530403382075	3
4	552	8164.20132091847	3
4	558	8243.738343132858	3
4	559	8261.828863801053	3
4	575	8443.519959422053	3
4	578	8465.097140835034	3
4	580	8482.760353720807	3
4	583	8506.86152024074	3
4	596	8629.823064957188	3
4	598	8636.1771933987	3
4	613	8787.876997810276	3
4	625	8910.067576695803	3
4	639	9223.471905153637	3
4	640	9264.823085802505	3
4	642	9295.417380701739	3
4	653	9472.287074746781	3
4	669	9663.028505836574	3
4	680	9774.813944522158	3
4	684	9868.249565234916	3
4	686	9870.730207013944	3
4	698	10049.932236416686	3
4	700	10100.757714534559	3
4	704	10142.394326042437	3
4	716	10311.19186313109	3
4	731	10558.288577080662	3
4	741	10782.24657386711	3
4	742	10783.646693422548	3
4	749	10905.906050889122	3
4	750	10923.24027609115	3
4	756	11038.91432589431	3
4	757	11046.383110805946	3
4	764	11485.662609102312	3
4	779	11704.471406482228	3
4	786	11788.093865999655	3
4	789	11815.271768501854	3
4	793	11874.729344581181	3
4	798	11926.346502512759	3
4	813	12081.088374950183	3
4	822	12150.962265529135	3
4	823	12183.298627392113	3
4	826	12215.39308645105	3
4	837	12347.160591097494	3
4	852	12526.026965448784	3
4	853	12544.078379819889	3
4	858	12620.602740497001	3
4	862	12676.749900899767	3
4	864	12689.44207808268	3
4	868	12750.48258392895	3
4	881	12966.560186085584	3
4	895	13323.047081955398	3
4	904	13457.676145514814	3
4	905	13486.752401301931	3
4	910	13548.236985140682	3
4	913	13604.593302889992	3
4	915	13640.842818801706	3
4	916	13643.99729159136	3
4	933	14020.102636272083	3
4	941	14092.993653144439	3
4	950	14176.772916495702	3
4	953	14198.035771740691	3
4	959	14236.312804853756	3
4	960	14249.265149983321	3
4	961	14249.939321339826	3
4	971	14326.847639939848	3
4	973	14336.968302447677	3
4	982	14412.179397700828	3
4	992	14511.652763142711	3
4	994	14520.044620093578	3
4	1011	14669.866057208229	3
4	1014	14711.532600804685	3
4	1021	14752.008326252891	3
4	1027	14826.154080636092	3
4	1031	14907.106850529871	3
4	1036	14989.459530795006	3
4	1047	15181.81859425999	3
4	1048	15188.382414772183	3
4	1056	15298.286569088174	3
4	1058	15353.221290017196	3
4	1060	15355.968445804115	3
4	1080	15659.543423360209	3
4	1082	15693.077287598064	3
4	1085	15746.397326753546	3
4	1091	15829.478919196486	3
4	1098	15938.022321967492	3
4	1101	15980.125216215841	3
4	1103	16009.553758228009	3
4	1111	16111.567045198851	3
4	1126	16393.156719714965	3
4	1127	16407.091328011862	3
4	1131	16465.249955351142	3
4	1155	16960.874455427439	3
4	1168	17184.861276205986	3
4	1169	17198.39417788484	3
4	1171	17217.37245017018	3
4	1174	17269.444060045737	3
4	1179	17316.935064886077	3
4	1184	17385.591827976271	3
4	1187	17411.738505353476	3
4	1200	17547.105112158254	3
4	1208	17684.953692432951	3
4	1218	17922.72239051202	3
4	1232	18117.943987171675	3
4	1239	18214.959689058786	3
4	1242	18254.140144381973	3
4	1245	18302.674120735165	3
4	1269	18586.769184346498	3
4	1270	18593.274007958482	3
4	1276	18639.942614615945	3
4	1282	18708.237981839506	3
4	1285	18720.323140937813	3
4	1298	18860.029702420512	3
4	1299	18870.231835425122	3
4	1300	18885.374525489581	3
4	1319	19073.179881151951	3
4	1321	19092.573674167078	3
4	1328	19193.228221762259	3
4	1332	19237.340359141235	3
4	1339	19367.765330491199	3
4	1352	19551.341744208468	3
4	1369	19823.514633991098	3
5	95	1040.48109669012	5423
5	107	1267.150557334207	5431
5	109	1304.640672668946	5429
5	119	1458.940612316923	5430
5	122	1498.271156700584	5434
5	129	1592.505070394379	5432
5	133	1642.629200271895	5435
5	143	1821.896563610811	5438
5	149	1972.663988661894	5439
5	153	2150.969112630539	5440
5	164	2357.406701247517	5444
5	167	2431.105187988269	5441
5	170	2527.93826625847	5442
5	182	2702.556076583358	5445
5	204	2942.926804327786	5447
5	205	2951.18090761409	5454
5	208	2979.571416352818	5451
5	209	2984.137637848232	5449
5	210	2985.403328674022	5456
5	235	3227.367785152095	5459
5	237	3239.034879420288	5453
5	248	3415.460012658276	5458
5	254	3467.676573078827	5462
5	266	3637.938250829032	5463
5	269	3641.134083726618	5466
5	272	3696.226056183315	5464
5	279	3768.226002977051	5467
5	283	3822.590424937643	5470
5	295	3945.735850410659	5468
5	299	3963.138638356197	5471
5	300	3970.349676098241	5472
5	324	4269.040630067539	5475
5	330	4363.696256903862	5476
5	339	4475.057357388851	5477
5	342	4507.305279435517	5479
5	343	4507.983085601293	5480
5	365	5095.025274854713	5485
5	369	5174.679908175239	5484
5	371	5206.427094321814	5483
5	384	5420.764380780044	5486
5	387	5464.307762767872	5487
5	392	5551.683027234078	5490
5	404	5733.705565708799	5493
5	408	5788.367391763385	5492
5	410	5815.928976940955	5491
5	428	6161.336204636568	5497
5	432	6225.224719108968	5498
5	435	6273.460048647323	5499
5	445	6495.541437246164	5503
5	447	6531.742971119811	5500
5	458	6888.608011168312	5505
5	465	7001.863057131606	5507
5	471	7095.940426451127	5506
5	475	7175.908684748337	5510
5	476	7182.939195283084	5511
5	493	7391.13317921747	5514
5	494	7391.308238076943	5515
5	495	7393.64188613524	5512
5	496	7400.473762472917	5516
5	514	7613.963167848612	5519
5	531	7917.404574890171	5523
5	538	8008.343932295452	5525
5	540	8034.883486791682	5526
5	545	8092.530403382075	5524
5	552	8164.20132091847	5527
5	558	8243.738343132858	5528
5	559	8261.828863801053	5529
5	575	8443.519959422053	5532
5	578	8465.097140835034	5533
5	580	8482.760353720807	5530
5	583	8506.86152024074	5534
5	596	8629.823064957188	5535
5	598	8636.1771933987	5539
5	613	8787.876997810276	5540
5	625	8910.067576695803	5538
5	639	9223.471905153637	5544
5	640	9264.823085802505	5546
5	642	9295.417380701739	5545
5	653	9472.287074746781	5547
5	669	9663.028505836574	5554
5	680	9774.813944522158	5551
5	684	9868.249565234916	5553
5	686	9870.730207013944	5549
5	698	10049.932236416686	5557
5	700	10100.757714534559	5558
5	704	10142.394326042437	5556
5	716	10311.19186313109	5561
5	731	10558.288577080662	5563
5	741	10782.24657386711	5565
5	742	10783.646693422548	5566
5	749	10905.906050889122	5567
5	750	10923.24027609115	5569
5	756	11038.91432589431	5570
5	757	11046.383110805946	5568
5	764	11485.662609102312	5571
5	779	11704.471406482228	5576
5	786	11788.093865999655	5573
5	789	11815.271768501854	5574
5	793	11874.729344581181	5575
5	798	11926.346502512759	5577
5	813	12081.088374950183	5579
5	822	12150.962265529135	5581
5	823	12183.298627392113	5585
5	826	12215.39308645105	5583
5	837	12347.160591097494	5580
5	852	12526.026965448784	5589
5	853	12544.078379819889	5590
5	858	12620.602740497001	5588
5	862	12676.749900899767	5592
5	864	12689.44207808268	5591
5	868	12750.48258392895	5593
5	881	12966.560186085584	5595
5	895	13323.047081955398	5597
5	904	13457.676145514814	5599
5	905	13486.752401301931	5601
5	910	13548.236985140682	5600
5	913	13604.593302889992	5602
5	915	13640.842818801706	5598
5	916	13643.99729159136	5603
5	933	14020.102636272083	5605
5	941	14092.993653144439	5608
5	950	14176.772916495702	5607
5	953	14198.035771740691	5613
5	959	14236.312804853756	5609
5	960	14249.265149983321	5610
5	961	14249.939321339826	5604
5	971	14326.847639939848	5616
5	973	14336.968302447677	5606
5	982	14412.179397700828	5615
5	992	14511.652763142711	5618
5	994	14520.044620093578	5614
5	1011	14669.866057208229	5617
5	1014	14711.532600804685	5623
5	1021	14752.008326252891	5624
5	1027	14826.154080636092	5619
5	1031	14907.106850529871	5625
5	1036	14989.459530795006	5622
5	1047	15181.81859425999	5626
5	1048	15188.382414772183	5628
5	1056	15298.286569088174	5627
5	1058	15353.221290017196	5629
5	1060	15355.968445804115	5630
5	1080	15659.543423360209	5633
5	1082	15693.077287598064	5634
5	1085	15746.397326753546	5638
5	1091	15829.478919196486	5637
5	1098	15938.022321967492	5635
5	1101	15980.125216215841	5636
5	1103	16009.553758228009	5640
5	1111	16111.567045198851	5642
5	1126	16393.156719714965	5646
5	1127	16407.091328011862	5644
5	1131	16465.249955351142	5645
5	1155	16960.874455427439	5651
5	1168	17184.861276205986	5652
5	1169	17198.39417788484	5656
5	1171	17217.37245017018	5653
5	1174	17269.444060045737	5657
5	1179	17316.935064886077	5658
5	1184	17385.591827976271	5655
5	1187	17411.738505353476	5660
5	1200	17547.105112158254	5661
5	1208	17684.953692432951	5662
5	1218	17922.72239051202	5663
5	1232	18117.943987171675	5667
5	1239	18214.959689058786	5669
5	1242	18254.140144381973	5665
5	1245	18302.674120735165	5666
5	1269	18586.769184346498	5670
5	1270	18593.274007958482	5671
5	1276	18639.942614615945	5673
5	1282	18708.237981839506	5678
5	1285	18720.323140937813	5677
5	1298	18860.029702420512	5681
5	1299	18870.231835425122	5674
5	1300	18885.374525489581	5680
5	1319	19073.179881151951	5685
5	1321	19092.573674167078	5686
5	1328	19193.228221762259	5683
5	1332	19237.340359141235	5689
5	1339	19367.765330491199	5690
5	1352	19551.341744208468	5691
5	1369	19823.514633991098	5694
6	108	1283.505070394379	0
6	112	1370.150557334207	0
6	118	1446.881171009227	0
6	125	1544.542084238178	0
6	130	1601.271156700584	0
6	131	1608.619698987677	0
6	140	1745.629200271895	0
6	151	2075.663988661894	0
6	158	2253.969112630539	0
6	168	2460.406701247517	0
6	171	2534.105187988269	0
6	185	2747.870602687835	0
6	189	2805.556076583358	0
6	192	2838.456630020209	0
6	201	2913.713294426395	0
6	202	2930.034879420288	0
6	215	3045.926804327786	0
6	216	3054.18090761409	0
6	219	3082.571416352818	0
6	220	3087.137637848232	0
6	221	3088.403328674022	0
6	225	3133.841187552075	0
6	241	3314.28158215239	0
6	242	3330.367785152095	0
6	263	3570.676573078827	0
6	277	3740.938250829032	0
6	278	3744.134083726618	0
6	281	3796.880876304513	0
6	282	3799.226056183315	0
6	290	3871.226002977051	0
6	294	3925.590424937643	0
6	307	4052.822720089566	0
6	309	4066.138638356197	0
6	310	4073.349676098241	0
6	313	4120.465076494174	0
6	345	4575.801884026802	0
6	348	4610.305279435517	0
6	349	4610.983085601293	0
6	350	4627.916530496865	0
6	359	4897.427094321814	0
6	367	5111.764380780044	0
6	370	5198.025274854713	0
6	375	5277.679908175239	0
6	393	5567.307762767872	0
6	397	5654.683027234078	0
6	409	5788.715231747785	0
6	411	5836.705565708799	0
6	431	6222.742971119811	0
6	436	6309.36040952731	0
6	449	6598.541437246164	0
6	466	7050.271457586139	0
6	472	7104.863057131606	0
6	480	7205.307606703534	0
6	482	7278.908684748337	0
6	483	7285.939195283084	0
6	501	7494.13317921747	0
6	502	7494.308238076943	0
6	504	7503.473762472917	0
6	505	7504.144400870649	0
6	515	7637.120819133765	0
6	527	7882.896989061149	0
6	529	7893.448632005998	0
6	539	8020.404574890171	0
6	547	8111.343932295452	0
6	549	8137.883486791682	0
6	560	8267.20132091847	0
6	566	8346.738343132858	0
6	585	8528.599892175972	0
6	587	8546.519959422053	0
6	589	8568.097140835034	0
6	592	8585.760353720807	0
6	593	8601.067576695803	0
6	595	8609.86152024074	0
6	607	8732.823064957188	0
6	609	8739.1771933987	0
6	623	8890.876997810276	0
6	628	8974.266401784377	0
6	643	9326.471905153637	0
6	644	9367.823085802505	0
6	646	9398.417380701739	0
6	657	9541.659466702339	0
6	658	9561.730207013944	0
6	661	9565.214811999448	0
6	664	9575.287074746781	0
6	666	9619.605295777087	0
6	677	9766.028505836574	0
6	687	9877.813944522158	0
6	689	9900.164141891678	0
6	692	9971.249565234916	0
6	705	10152.932236416686	0
6	706	10203.757714534559	0
6	707	10205.275312745906	0
6	709	10227.715762681329	0
6	724	10414.19186313109	0
6	747	10885.24657386711	0
6	759	11149.383110805946	0
6	766	11537.314791826655	0
6	769	11588.662609102312	0
6	783	11765.425069725142	0
6	785	11772.088374950183	0
6	788	11807.471406482228	0
6	795	11891.093865999655	0
6	808	12029.346502512759	0
6	810	12038.160591097494	0
6	815	12099.190892459549	0
6	818	12130.72372508919	0
6	830	12253.962265529135	0
6	832	12286.298627392113	0
6	834	12318.39308645105	0
6	839	12372.293919166055	0
6	859	12629.026965448784	0
6	860	12647.078379819889	0
6	865	12723.602740497001	0
6	870	12779.749900899767	0
6	875	12853.48258392895	0
6	877	12877.461658199323	0
6	884	13069.560186085584	0
6	889	13205.535007409655	0
6	896	13331.842818801706	0
6	901	13426.047081955398	0
6	911	13560.676145514814	0
6	912	13589.752401301931	0
6	917	13651.236985140682	0
6	920	13707.593302889992	0
6	930	13940.939321339826	0
6	934	14027.968302447677	0
6	944	14123.102636272083	0
6	949	14158.378592562463	0
6	951	14189.149749259529	0
6	952	14195.993653144439	0
6	955	14211.044620093578	0
6	974	14339.312804853756	0
6	975	14352.265149983321	0
6	977	14360.866057208229	0
6	984	14429.847639939848	0
6	993	14515.179397700828	0
6	1003	14614.652763142711	0
6	1007	14623.833501703188	0
6	1012	14680.459530795006	0
6	1025	14814.532600804685	0
6	1029	14855.008326252891	0
6	1038	15010.106850529871	0
6	1055	15291.382414772183	0
6	1064	15401.286569088174	0
6	1078	15629.022321967492	0
6	1081	15671.125216215841	0
6	1093	15849.397326753546	0
6	1095	15901.286399570369	0
6	1107	16067.472087675866	0
6	1114	16175.395758848708	0
6	1116	16214.567045198851	0
6	1133	16496.156719714965	0
6	1135	16510.091328011862	0
6	1137	16549.999835511158	0
6	1139	16568.249955351142	0
6	1140	16596.502813190721	0
6	1159	17063.874455427439	0
6	1164	17161.743268823465	0
6	1176	17287.861276205986	0
6	1177	17301.39417788484	0
6	1180	17320.37245017018	0
6	1188	17419.935064886077	0
6	1194	17488.591827976271	0
6	1197	17514.738505353476	0
6	1207	17650.105112158254	0
6	1219	17926.053900075	0
6	1221	17945.140144381973	0
6	1223	17993.674120735165	0
6	1226	18025.72239051202	0
6	1228	18030.108363063014	0
6	1240	18220.943987171675	0
6	1243	18277.769184346498	0
6	1247	18317.959689058786	0
6	1255	18416.720273493114	0
6	1267	18561.231835425122	0
6	1268	18576.900688181768	0
6	1271	18607.937491859789	0
6	1281	18696.274007958482	0
6	1293	18811.237981839506	0
6	1305	18918.845651751204	0
6	1307	18963.029702420512	0
6	1329	19195.573674167078	0
6	1334	19296.228221762259	0
6	1337	19340.340359141235	0
6	1347	19470.765330491199	0
6	1348	19474.70011241001	0
6	1350	19514.514633991098	0
6	1358	19654.341744208468	0
6	1362	19682.736383131338	0
6	1367	19774.040653379908	0
6	1375	19943.960620796858	0
7	108	1283.505070394379	3
7	112	1370.150557334207	3
7	118	1446.881171009227	3
7	125	1544.542084238178	3
7	130	1601.271156700584	3
7	131	1608.619698987677	3
7	140	1745.629200271895	3
7	151	2075.663988661894	3
7	158	2253.969112630539	3
7	168	2460.406701247517	3
7	171	2534.105187988269	3
7	185	2747.870602687835	3
7	189	2805.556076583358	3
7	192	2838.456630020209	3
7	201	2913.713294426395	3
7	202	2930.034879420288	3
7	215	3045.926804327786	3
7	216	3054.18090761409	3
7	219	3082.571416352818	3
7	220	3087.137637848232	3
7	221	3088.403328674022	3
7	225	3133.841187552075	3
7	241	3314.28158215239	3
7	242	3330.367785152095	3
7	263	3570.676573078827	3
7	277	3740.938250829032	3
7	278	3744.134083726618	3
7	281	3796.880876304513	3
7	282	3799.226056183315	3
7	290	3871.226002977051	3
7	294	3925.590424937643	3
7	307	4052.822720089566	3
7	309	4066.138638356197	3
7	310	4073.349676098241	3
7	313	4120.465076494174	3
7	345	4575.801884026802	3
7	348	4610.305279435517	3
7	349	4610.983085601293	3
7	350	4627.916530496865	3
7	359	4897.427094321814	3
7	367	5111.764380780044	3
7	370	5198.025274854713	3
7	375	5277.679908175239	3
7	393	5567.307762767872	3
7	397	5654.683027234078	3
7	409	5788.715231747785	3
7	411	5836.705565708799	3
7	431	6222.742971119811	3
7	436	6309.36040952731	3
7	449	6598.541437246164	3
7	466	7050.271457586139	3
7	472	7104.863057131606	3
7	480	7205.307606703534	3
7	482	7278.908684748337	3
7	483	7285.939195283084	3
7	501	7494.13317921747	3
7	502	7494.308238076943	3
7	504	7503.473762472917	3
7	505	7504.144400870649	3
7	515	7637.120819133765	3
7	527	7882.896989061149	3
7	529	7893.448632005998	3
7	539	8020.404574890171	3
7	547	8111.343932295452	3
7	549	8137.883486791682	3
7	560	8267.20132091847	3
7	566	8346.738343132858	3
7	585	8528.599892175972	3
7	587	8546.519959422053	3
7	589	8568.097140835034	3
7	592	8585.760353720807	3
7	593	8601.067576695803	3
7	595	8609.86152024074	3
7	607	8732.823064957188	3
7	609	8739.1771933987	3
7	623	8890.876997810276	3
7	628	8974.266401784377	3
7	643	9326.471905153637	3
7	644	9367.823085802505	3
7	646	9398.417380701739	3
7	657	9541.659466702339	3
7	658	9561.730207013944	3
7	661	9565.214811999448	3
7	664	9575.287074746781	3
7	666	9619.605295777087	3
7	677	9766.028505836574	3
7	687	9877.813944522158	3
7	689	9900.164141891678	3
7	692	9971.249565234916	3
7	705	10152.932236416686	3
7	706	10203.757714534559	3
7	707	10205.275312745906	3
7	709	10227.715762681329	3
7	724	10414.19186313109	3
7	747	10885.24657386711	3
7	759	11149.383110805946	3
7	766	11537.314791826655	3
7	769	11588.662609102312	3
7	783	11765.425069725142	3
7	785	11772.088374950183	3
7	788	11807.471406482228	3
7	795	11891.093865999655	3
7	808	12029.346502512759	3
7	810	12038.160591097494	3
7	815	12099.190892459549	3
7	818	12130.72372508919	3
7	830	12253.962265529135	3
7	832	12286.298627392113	3
7	834	12318.39308645105	3
7	839	12372.293919166055	3
7	859	12629.026965448784	3
7	860	12647.078379819889	3
7	865	12723.602740497001	3
7	870	12779.749900899767	3
7	875	12853.48258392895	3
7	877	12877.461658199323	3
7	884	13069.560186085584	3
7	889	13205.535007409655	3
7	896	13331.842818801706	3
7	901	13426.047081955398	3
7	911	13560.676145514814	3
7	912	13589.752401301931	3
7	917	13651.236985140682	3
7	920	13707.593302889992	3
7	930	13940.939321339826	3
7	934	14027.968302447677	3
7	944	14123.102636272083	3
7	949	14158.378592562463	3
7	951	14189.149749259529	3
7	952	14195.993653144439	3
7	955	14211.044620093578	3
7	974	14339.312804853756	3
7	975	14352.265149983321	3
7	977	14360.866057208229	3
7	984	14429.847639939848	3
7	993	14515.179397700828	3
7	1003	14614.652763142711	3
7	1007	14623.833501703188	3
7	1012	14680.459530795006	3
7	1025	14814.532600804685	3
7	1029	14855.008326252891	3
7	1038	15010.106850529871	3
7	1055	15291.382414772183	3
7	1064	15401.286569088174	3
7	1078	15629.022321967492	3
7	1081	15671.125216215841	3
7	1093	15849.397326753546	3
7	1095	15901.286399570369	3
7	1107	16067.472087675866	3
7	1114	16175.395758848708	3
7	1116	16214.567045198851	3
7	1133	16496.156719714965	3
7	1135	16510.091328011862	3
7	1137	16549.999835511158	3
7	1139	16568.249955351142	3
7	1140	16596.502813190721	3
7	1159	17063.874455427439	3
7	1164	17161.743268823465	3
7	1176	17287.861276205986	3
7	1177	17301.39417788484	3
7	1180	17320.37245017018	3
7	1188	17419.935064886077	3
7	1194	17488.591827976271	3
7	1197	17514.738505353476	3
7	1207	17650.105112158254	3
7	1219	17926.053900075	3
7	1221	17945.140144381973	3
7	1223	17993.674120735165	3
7	1226	18025.72239051202	3
7	1228	18030.108363063014	3
7	1240	18220.943987171675	3
7	1243	18277.769184346498	3
7	1247	18317.959689058786	3
7	1255	18416.720273493114	3
7	1267	18561.231835425122	3
7	1268	18576.900688181768	3
7	1271	18607.937491859789	3
7	1281	18696.274007958482	3
7	1293	18811.237981839506	3
7	1305	18918.845651751204	3
7	1307	18963.029702420512	3
7	1329	19195.573674167078	3
7	1334	19296.228221762259	3
7	1337	19340.340359141235	3
7	1347	19470.765330491199	3
7	1348	19474.70011241001	3
7	1350	19514.514633991098	3
7	1358	19654.341744208468	3
7	1362	19682.736383131338	3
7	1367	19774.040653379908	3
7	1375	19943.960620796858	3
8	108	1283.505070394379	5432
8	112	1370.150557334207	5431
8	118	1446.881171009227	5433
8	125	1544.542084238178	5436
8	130	1601.271156700584	5434
8	131	1608.619698987677	5437
8	140	1745.629200271895	5435
8	151	2075.663988661894	5439
8	158	2253.969112630539	5440
8	168	2460.406701247517	5444
8	171	2534.105187988269	5441
8	185	2747.870602687835	5448
8	189	2805.556076583358	5445
8	192	2838.456630020209	5450
8	201	2913.713294426395	5452
8	202	2930.034879420288	5453
8	215	3045.926804327786	5447
8	216	3054.18090761409	5454
8	219	3082.571416352818	5451
8	220	3087.137637848232	5449
8	221	3088.403328674022	5456
8	225	3133.841187552075	5457
8	241	3314.28158215239	5460
8	242	3330.367785152095	5459
8	263	3570.676573078827	5462
8	277	3740.938250829032	5463
8	278	3744.134083726618	5466
8	281	3796.880876304513	5469
8	282	3799.226056183315	5464
8	290	3871.226002977051	5467
8	294	3925.590424937643	5470
8	307	4052.822720089566	5473
8	309	4066.138638356197	5471
8	310	4073.349676098241	5472
8	313	4120.465076494174	5474
8	345	4575.801884026802	5481
8	348	4610.305279435517	5479
8	349	4610.983085601293	5480
8	350	4627.916530496865	5482
8	359	4897.427094321814	5483
8	367	5111.764380780044	5486
8	370	5198.025274854713	5485
8	375	5277.679908175239	5484
8	393	5567.307762767872	5487
8	397	5654.683027234078	5490
8	409	5788.715231747785	5496
8	411	5836.705565708799	5493
8	431	6222.742971119811	5500
8	436	6309.36040952731	5501
8	449	6598.541437246164	5503
8	466	7050.271457586139	5508
8	472	7104.863057131606	5507
8	480	7205.307606703534	5513
8	482	7278.908684748337	5510
8	483	7285.939195283084	5511
8	501	7494.13317921747	5514
8	502	7494.308238076943	5515
8	504	7503.473762472917	5516
8	505	7504.144400870649	5518
8	515	7637.120819133765	5520
8	527	7882.896989061149	5521
8	529	7893.448632005998	5522
8	539	8020.404574890171	5523
8	547	8111.343932295452	5525
8	549	8137.883486791682	5526
8	560	8267.20132091847	5527
8	566	8346.738343132858	5528
8	585	8528.599892175972	5536
8	587	8546.519959422053	5532
8	589	8568.097140835034	5533
8	592	8585.760353720807	5530
8	593	8601.067576695803	5538
8	595	8609.86152024074	5534
8	607	8732.823064957188	5535
8	609	8739.1771933987	5539
8	623	8890.876997810276	5540
8	628	8974.266401784377	5543
8	643	9326.471905153637	5544
8	644	9367.823085802505	5546
8	646	9398.417380701739	5545
8	657	9541.659466702339	5548
8	658	9561.730207013944	5549
8	661	9565.214811999448	5550
8	664	9575.287074746781	5547
8	666	9619.605295777087	5552
8	677	9766.028505836574	5554
8	687	9877.813944522158	5551
8	689	9900.164141891678	5555
8	692	9971.249565234916	5553
8	705	10152.932236416686	5557
8	706	10203.757714534559	5558
8	707	10205.275312745906	5559
8	709	10227.715762681329	5560
8	724	10414.19186313109	5561
8	747	10885.24657386711	5565
8	759	11149.383110805946	5568
8	766	11537.314791826655	5572
8	769	11588.662609102312	5571
8	783	11765.425069725142	5578
8	785	11772.088374950183	5579
8	788	11807.471406482228	5576
8	795	11891.093865999655	5573
8	808	12029.346502512759	5577
8	810	12038.160591097494	5580
8	815	12099.190892459549	5582
8	818	12130.72372508919	5584
8	830	12253.962265529135	5581
8	832	12286.298627392113	5585
8	834	12318.39308645105	5583
8	839	12372.293919166055	5587
8	859	12629.026965448784	5589
8	860	12647.078379819889	5590
8	865	12723.602740497001	5588
8	870	12779.749900899767	5592
8	875	12853.48258392895	5593
8	877	12877.461658199323	5594
8	884	13069.560186085584	5595
8	889	13205.535007409655	5596
8	896	13331.842818801706	5598
8	901	13426.047081955398	5597
8	911	13560.676145514814	5599
8	912	13589.752401301931	5601
8	917	13651.236985140682	5600
8	920	13707.593302889992	5602
8	930	13940.939321339826	5604
8	934	14027.968302447677	5606
8	944	14123.102636272083	5605
8	949	14158.378592562463	5611
8	951	14189.149749259529	5612
8	952	14195.993653144439	5608
8	955	14211.044620093578	5614
8	974	14339.312804853756	5609
8	975	14352.265149983321	5610
8	977	14360.866057208229	5617
8	984	14429.847639939848	5616
8	993	14515.179397700828	5615
8	1003	14614.652763142711	5618
8	1007	14623.833501703188	5620
8	1012	14680.459530795006	5622
8	1025	14814.532600804685	5623
8	1029	14855.008326252891	5624
8	1038	15010.106850529871	5625
8	1055	15291.382414772183	5628
8	1064	15401.286569088174	5627
8	1078	15629.022321967492	5635
8	1081	15671.125216215841	5636
8	1093	15849.397326753546	5638
8	1095	15901.286399570369	5639
8	1107	16067.472087675866	5641
8	1114	16175.395758848708	5643
8	1116	16214.567045198851	5642
8	1133	16496.156719714965	5646
8	1135	16510.091328011862	5644
8	1137	16549.999835511158	5648
8	1139	16568.249955351142	5645
8	1140	16596.502813190721	5649
8	1159	17063.874455427439	5651
8	1164	17161.743268823465	5654
8	1176	17287.861276205986	5652
8	1177	17301.39417788484	5656
8	1180	17320.37245017018	5653
8	1188	17419.935064886077	5658
8	1194	17488.591827976271	5655
8	1197	17514.738505353476	5660
8	1207	17650.105112158254	5661
8	1219	17926.053900075	5664
8	1221	17945.140144381973	5665
8	1223	17993.674120735165	5666
8	1226	18025.72239051202	5663
8	1228	18030.108363063014	5668
8	1240	18220.943987171675	5667
8	1243	18277.769184346498	5670
8	1247	18317.959689058786	5669
8	1255	18416.720273493114	5672
8	1267	18561.231835425122	5674
8	1268	18576.900688181768	5675
8	1271	18607.937491859789	5676
8	1281	18696.274007958482	5671
8	1293	18811.237981839506	5678
8	1305	18918.845651751204	5682
8	1307	18963.029702420512	5681
8	1329	19195.573674167078	5686
8	1334	19296.228221762259	5683
8	1337	19340.340359141235	5689
8	1347	19470.765330491199	5690
8	1348	19474.70011241001	5692
8	1350	19514.514633991098	5694
8	1358	19654.341744208468	5691
8	1362	19682.736383131338	5695
8	1367	19774.040653379908	5696
8	1375	19943.960620796858	5698
9	96	1055.595160883158	0
9	99	1098.640672668946	0
9	106	1252.940612316923	0
9	113	1386.505070394379	0
9	120	1473.150557334207	0
9	126	1549.881171009227	0
9	134	1647.542084238178	0
9	137	1704.271156700584	0
9	157	2225.105187988269	0
9	160	2321.93826625847	0
9	161	2324.007942932646	0
9	172	2563.406701247517	0
9	183	2736.926804327786	0
9	187	2778.137637848232	0
9	194	2850.870602687835	0
9	203	2941.456630020209	0
9	211	3016.713294426395	0
9	212	3033.034879420288	0
9	229	3157.18090761409	0
9	232	3191.403328674022	0
9	233	3209.460012658276	0
9	236	3236.841187552075	0
9	249	3417.28158215239	0
9	250	3432.913760015151	0
9	265	3635.418425476753	0
9	271	3673.676573078827	0
9	276	3739.735850410659	0
9	286	3843.938250829032	0
9	287	3847.134083726618	0
9	292	3899.880876304513	0
9	293	3902.226056183315	0
9	301	3974.226002977051	0
9	305	4028.590424937643	0
9	315	4155.822720089566	0
9	319	4176.349676098241	0
9	320	4223.465076494174	0
9	333	4378.820272220228	0
9	351	4678.801884026802	0
9	353	4713.983085601293	0
9	360	4968.679908175239	0
9	362	5000.427094321814	0
9	372	5214.764380780044	0
9	374	5258.307762767872	0
9	380	5318.509206747954	0
9	382	5380.038602702075	0
9	395	5609.928976940955	0
9	405	5757.683027234078	0
9	417	5891.715231747785	0
9	420	5955.336204636568	0
9	437	6325.742971119811	0
9	442	6412.36040952731	0
9	452	6679.042937976099	0
9	470	7087.925926099933	0
9	477	7187.64188613524	0
9	481	7207.863057131606	0
9	488	7308.307606703534	0
9	510	7597.13317921747	0
9	511	7597.308238076943	0
9	512	7606.473762472917	0
9	513	7607.144400870649	0
9	521	7740.120819133765	0
9	535	7985.896989061149	0
9	537	7996.448632005998	0
9	548	8123.404574890171	0
9	555	8214.343932295452	0
9	557	8240.883486791682	0
9	571	8399.695734650875	0
9	577	8449.738343132858	0
9	590	8574.133904696868	0
9	597	8631.599892175972	0
9	599	8649.519959422053	0
9	600	8671.097140835034	0
9	603	8688.760353720807	0
9	605	8704.067576695803	0
9	618	8842.1771933987	0
9	633	9077.266401784377	0
9	647	9429.471905153637	0
9	652	9470.823085802505	0
9	654	9501.417380701739	0
9	662	9568.813944522158	0
9	668	9662.249565234916	0
9	670	9664.730207013944	0
9	671	9668.214811999448	0
9	674	9678.287074746781	0
9	690	9936.394326042437	0
9	696	10003.164141891678	0
9	713	10255.932236416686	0
9	714	10306.757714534559	0
9	715	10308.275312745906	0
9	717	10330.715762681329	0
9	718	10333.909580699794	0
9	719	10352.288577080662	0
9	730	10517.19186313109	0
9	732	10576.24657386711	0
9	746	10840.383110805946	0
9	768	11582.093865999655	0
9	771	11609.271768501854	0
9	773	11640.314791826655	0
9	775	11668.729344581181	0
9	778	11691.662609102312	0
9	781	11720.346502512759	0
9	792	11868.425069725142	0
9	794	11875.088374950183	0
9	796	11910.471406482228	0
9	820	12141.160591097494	0
9	825	12202.190892459549	0
9	827	12233.72372508919	0
9	840	12389.298627392113	0
9	848	12475.293919166055	0
9	866	12732.026965448784	0
9	867	12750.078379819889	0
9	872	12826.602740497001	0
9	878	12882.749900899767	0
9	882	12980.461658199323	0
9	887	13172.560186085584	0
9	894	13308.535007409655	0
9	902	13434.842818801706	0
9	907	13529.047081955398	0
9	923	13754.236985140682	0
9	924	13810.593302889992	0
9	936	14043.939321339826	0
9	945	14130.968302447677	0
9	956	14226.102636272083	0
9	963	14261.378592562463	0
9	965	14292.149749259529	0
9	966	14298.993653144439	0
9	970	14314.044620093578	0
9	987	14442.312804853756	0
9	989	14463.866057208229	0
9	998	14532.847639939848	0
9	1004	14618.179397700828	0
9	1005	14620.154080636092	0
9	1008	14624.101340351091	0
9	1015	14717.652763142711	0
9	1018	14726.833501703188	0
9	1023	14783.459530795006	0
9	1034	14958.008326252891	0
9	1042	15092.286569088174	0
9	1044	15113.106850529871	0
9	1065	15442.351558533484	0
9	1066	15453.543423360209	0
9	1070	15487.077287598064	0
9	1084	15732.022321967492	0
9	1087	15774.125216215841	0
9	1099	15952.397326753546	0
9	1113	16170.472087675866	0
9	1115	16201.091328011862	0
9	1119	16278.395758848708	0
9	1122	16317.567045198851	0
9	1130	16456.404636411849	0
9	1144	16652.999835511158	0
9	1146	16671.249955351142	0
9	1147	16699.502813190721	0
9	1167	17179.591827976271	0
9	1173	17264.743268823465	0
9	1181	17335.113569319304	0
9	1185	17390.861276205986	0
9	1186	17404.39417788484	0
9	1198	17522.935064886077	0
9	1209	17716.72239051202	0
9	1210	17753.105112158254	0
9	1227	18029.053900075	0
9	1229	18048.140144381973	0
9	1230	18096.674120735165	0
9	1235	18133.108363063014	0
9	1248	18323.943987171675	0
9	1252	18380.769184346498	0
9	1253	18387.274007958482	0
9	1258	18433.942614615945	0
9	1265	18519.720273493114	0
9	1277	18664.231835425122	0
9	1278	18679.900688181768	0
9	1283	18709.045760579407	0
9	1284	18710.937491859789	0
9	1303	18914.237981839506	0
9	1310	18987.228221762259	0
9	1317	19021.845651751204	0
9	1322	19100.014156975141	0
9	1335	19298.573674167078	0
9	1345	19443.340359141235	0
9	1349	19494.467684803843	0
9	1353	19573.765330491199	0
9	1354	19577.70011241001	0
9	1357	19617.514633991098	0
9	1368	19785.736383131338	0
9	1372	19877.040653379908	0
10	96	1055.595160883158	3
10	99	1098.640672668946	3
10	106	1252.940612316923	3
10	113	1386.505070394379	3
10	120	1473.150557334207	3
10	126	1549.881171009227	3
10	134	1647.542084238178	3
10	137	1704.271156700584	3
10	157	2225.105187988269	3
10	160	2321.93826625847	3
10	161	2324.007942932646	3
10	172	2563.406701247517	3
10	183	2736.926804327786	3
10	187	2778.137637848232	3
10	194	2850.870602687835	3
10	203	2941.456630020209	3
10	211	3016.713294426395	3
10	212	3033.034879420288	3
10	229	3157.18090761409	3
10	232	3191.403328674022	3
10	233	3209.460012658276	3
10	236	3236.841187552075	3
10	249	3417.28158215239	3
10	250	3432.913760015151	3
10	265	3635.418425476753	3
10	271	3673.676573078827	3
10	276	3739.735850410659	3
10	286	3843.938250829032	3
10	287	3847.134083726618	3
10	292	3899.880876304513	3
10	293	3902.226056183315	3
10	301	3974.226002977051	3
10	305	4028.590424937643	3
10	315	4155.822720089566	3
10	319	4176.349676098241	3
10	320	4223.465076494174	3
10	333	4378.820272220228	3
10	351	4678.801884026802	3
10	353	4713.983085601293	3
10	360	4968.679908175239	3
10	362	5000.427094321814	3
10	372	5214.764380780044	3
10	374	5258.307762767872	3
10	380	5318.509206747954	3
10	382	5380.038602702075	3
10	395	5609.928976940955	3
10	405	5757.683027234078	3
10	417	5891.715231747785	3
10	420	5955.336204636568	3
10	437	6325.742971119811	3
10	442	6412.36040952731	3
10	452	6679.042937976099	3
10	470	7087.925926099933	3
10	477	7187.64188613524	3
10	481	7207.863057131606	3
10	488	7308.307606703534	3
10	510	7597.13317921747	3
10	511	7597.308238076943	3
10	512	7606.473762472917	3
10	513	7607.144400870649	3
10	521	7740.120819133765	3
10	535	7985.896989061149	3
10	537	7996.448632005998	3
10	548	8123.404574890171	3
10	555	8214.343932295452	3
10	557	8240.883486791682	3
10	571	8399.695734650875	3
10	577	8449.738343132858	3
10	590	8574.133904696868	3
10	597	8631.599892175972	3
10	599	8649.519959422053	3
10	600	8671.097140835034	3
10	603	8688.760353720807	3
10	605	8704.067576695803	3
10	618	8842.1771933987	3
10	633	9077.266401784377	3
10	647	9429.471905153637	3
10	652	9470.823085802505	3
10	654	9501.417380701739	3
10	662	9568.813944522158	3
10	668	9662.249565234916	3
10	670	9664.730207013944	3
10	671	9668.214811999448	3
10	674	9678.287074746781	3
10	690	9936.394326042437	3
10	696	10003.164141891678	3
10	713	10255.932236416686	3
10	714	10306.757714534559	3
10	715	10308.275312745906	3
10	717	10330.715762681329	3
10	718	10333.909580699794	3
10	719	10352.288577080662	3
10	730	10517.19186313109	3
10	732	10576.24657386711	3
10	746	10840.383110805946	3
10	768	11582.093865999655	3
10	771	11609.271768501854	3
10	773	11640.314791826655	3
10	775	11668.729344581181	3
10	778	11691.662609102312	3
10	781	11720.346502512759	3
10	792	11868.425069725142	3
10	794	11875.088374950183	3
10	796	11910.471406482228	3
10	820	12141.160591097494	3
10	825	12202.190892459549	3
10	827	12233.72372508919	3
10	840	12389.298627392113	3
10	848	12475.293919166055	3
10	866	12732.026965448784	3
10	867	12750.078379819889	3
10	872	12826.602740497001	3
10	878	12882.749900899767	3
10	882	12980.461658199323	3
10	887	13172.560186085584	3
10	894	13308.535007409655	3
10	902	13434.842818801706	3
10	907	13529.047081955398	3
10	923	13754.236985140682	3
10	924	13810.593302889992	3
10	936	14043.939321339826	3
10	945	14130.968302447677	3
10	956	14226.102636272083	3
10	963	14261.378592562463	3
10	965	14292.149749259529	3
10	966	14298.993653144439	3
10	970	14314.044620093578	3
10	987	14442.312804853756	3
10	989	14463.866057208229	3
10	998	14532.847639939848	3
10	1004	14618.179397700828	3
10	1005	14620.154080636092	3
10	1008	14624.101340351091	3
10	1015	14717.652763142711	3
10	1018	14726.833501703188	3
10	1023	14783.459530795006	3
10	1034	14958.008326252891	3
10	1042	15092.286569088174	3
10	1044	15113.106850529871	3
10	1065	15442.351558533484	3
10	1066	15453.543423360209	3
10	1070	15487.077287598064	3
10	1084	15732.022321967492	3
10	1087	15774.125216215841	3
10	1099	15952.397326753546	3
10	1113	16170.472087675866	3
10	1115	16201.091328011862	3
10	1119	16278.395758848708	3
10	1122	16317.567045198851	3
10	1130	16456.404636411849	3
10	1144	16652.999835511158	3
10	1146	16671.249955351142	3
10	1147	16699.502813190721	3
10	1167	17179.591827976271	3
10	1173	17264.743268823465	3
10	1181	17335.113569319304	3
10	1185	17390.861276205986	3
10	1186	17404.39417788484	3
10	1198	17522.935064886077	3
10	1209	17716.72239051202	3
10	1210	17753.105112158254	3
10	1227	18029.053900075	3
10	1229	18048.140144381973	3
10	1230	18096.674120735165	3
10	1235	18133.108363063014	3
10	1248	18323.943987171675	3
10	1252	18380.769184346498	3
10	1253	18387.274007958482	3
10	1258	18433.942614615945	3
10	1265	18519.720273493114	3
10	1277	18664.231835425122	3
10	1278	18679.900688181768	3
10	1283	18709.045760579407	3
10	1284	18710.937491859789	3
10	1303	18914.237981839506	3
10	1310	18987.228221762259	3
10	1317	19021.845651751204	3
10	1322	19100.014156975141	3
10	1335	19298.573674167078	3
10	1345	19443.340359141235	3
10	1349	19494.467684803843	3
10	1353	19573.765330491199	3
10	1354	19577.70011241001	3
10	1357	19617.514633991098	3
10	1368	19785.736383131338	3
10	1372	19877.040653379908	3
11	96	1055.595160883158	5428
11	99	1098.640672668946	5429
11	106	1252.940612316923	5430
11	113	1386.505070394379	5432
11	120	1473.150557334207	5431
11	126	1549.881171009227	5433
11	134	1647.542084238178	5436
11	137	1704.271156700584	5434
11	157	2225.105187988269	5441
11	160	2321.93826625847	5442
11	161	2324.007942932646	5443
11	172	2563.406701247517	5444
11	183	2736.926804327786	5447
11	187	2778.137637848232	5449
11	194	2850.870602687835	5448
11	203	2941.456630020209	5450
11	211	3016.713294426395	5452
11	212	3033.034879420288	5453
11	229	3157.18090761409	5454
11	232	3191.403328674022	5456
11	233	3209.460012658276	5458
11	236	3236.841187552075	5457
11	249	3417.28158215239	5460
11	250	3432.913760015151	5461
11	265	3635.418425476753	5465
11	271	3673.676573078827	5462
11	276	3739.735850410659	5468
11	286	3843.938250829032	5463
11	287	3847.134083726618	5466
11	292	3899.880876304513	5469
11	293	3902.226056183315	5464
11	301	3974.226002977051	5467
11	305	4028.590424937643	5470
11	315	4155.822720089566	5473
11	319	4176.349676098241	5472
11	320	4223.465076494174	5474
11	333	4378.820272220228	5478
11	351	4678.801884026802	5481
11	353	4713.983085601293	5480
11	360	4968.679908175239	5484
11	362	5000.427094321814	5483
11	372	5214.764380780044	5486
11	374	5258.307762767872	5487
11	380	5318.509206747954	5488
11	382	5380.038602702075	5489
11	395	5609.928976940955	5491
11	405	5757.683027234078	5490
11	417	5891.715231747785	5496
11	420	5955.336204636568	5497
11	437	6325.742971119811	5500
11	442	6412.36040952731	5501
11	452	6679.042937976099	5504
11	470	7087.925926099933	5509
11	477	7187.64188613524	5512
11	481	7207.863057131606	5507
11	488	7308.307606703534	5513
11	510	7597.13317921747	5514
11	511	7597.308238076943	5515
11	512	7606.473762472917	5516
11	513	7607.144400870649	5518
11	521	7740.120819133765	5520
11	535	7985.896989061149	5521
11	537	7996.448632005998	5522
11	548	8123.404574890171	5523
11	555	8214.343932295452	5525
11	557	8240.883486791682	5526
11	571	8399.695734650875	5531
11	577	8449.738343132858	5528
11	590	8574.133904696868	5537
11	597	8631.599892175972	5536
11	599	8649.519959422053	5532
11	600	8671.097140835034	5533
11	603	8688.760353720807	5530
11	605	8704.067576695803	5538
11	618	8842.1771933987	5539
11	633	9077.266401784377	5543
11	647	9429.471905153637	5544
11	652	9470.823085802505	5546
11	654	9501.417380701739	5545
11	662	9568.813944522158	5551
11	668	9662.249565234916	5553
11	670	9664.730207013944	5549
11	671	9668.214811999448	5550
11	674	9678.287074746781	5547
11	690	9936.394326042437	5556
11	696	10003.164141891678	5555
11	713	10255.932236416686	5557
11	714	10306.757714534559	5558
11	715	10308.275312745906	5559
11	717	10330.715762681329	5560
11	718	10333.909580699794	5562
11	719	10352.288577080662	5563
11	730	10517.19186313109	5561
11	732	10576.24657386711	5565
11	746	10840.383110805946	5568
11	768	11582.093865999655	5573
11	771	11609.271768501854	5574
11	773	11640.314791826655	5572
11	775	11668.729344581181	5575
11	778	11691.662609102312	5571
11	781	11720.346502512759	5577
11	792	11868.425069725142	5578
11	794	11875.088374950183	5579
11	796	11910.471406482228	5576
11	820	12141.160591097494	5580
11	825	12202.190892459549	5582
11	827	12233.72372508919	5584
11	840	12389.298627392113	5585
11	848	12475.293919166055	5587
11	866	12732.026965448784	5589
11	867	12750.078379819889	5590
11	872	12826.602740497001	5588
11	878	12882.749900899767	5592
11	882	12980.461658199323	5594
11	887	13172.560186085584	5595
11	894	13308.535007409655	5596
11	902	13434.842818801706	5598
11	907	13529.047081955398	5597
11	923	13754.236985140682	5600
11	924	13810.593302889992	5602
11	936	14043.939321339826	5604
11	945	14130.968302447677	5606
11	956	14226.102636272083	5605
11	963	14261.378592562463	5611
11	965	14292.149749259529	5612
11	966	14298.993653144439	5608
11	970	14314.044620093578	5614
11	987	14442.312804853756	5609
11	989	14463.866057208229	5617
11	998	14532.847639939848	5616
11	1004	14618.179397700828	5615
11	1005	14620.154080636092	5619
11	1008	14624.101340351091	5621
11	1015	14717.652763142711	5618
11	1018	14726.833501703188	5620
11	1023	14783.459530795006	5622
11	1034	14958.008326252891	5624
11	1042	15092.286569088174	5627
11	1044	15113.106850529871	5625
11	1065	15442.351558533484	5632
11	1066	15453.543423360209	5633
11	1070	15487.077287598064	5634
11	1084	15732.022321967492	5635
11	1087	15774.125216215841	5636
11	1099	15952.397326753546	5638
11	1113	16170.472087675866	5641
11	1115	16201.091328011862	5644
11	1119	16278.395758848708	5643
11	1122	16317.567045198851	5642
11	1130	16456.404636411849	5647
11	1144	16652.999835511158	5648
11	1146	16671.249955351142	5645
11	1147	16699.502813190721	5649
11	1167	17179.591827976271	5655
11	1173	17264.743268823465	5654
11	1181	17335.113569319304	5659
11	1185	17390.861276205986	5652
11	1186	17404.39417788484	5656
11	1198	17522.935064886077	5658
11	1209	17716.72239051202	5663
11	1210	17753.105112158254	5661
11	1227	18029.053900075	5664
11	1229	18048.140144381973	5665
11	1230	18096.674120735165	5666
11	1235	18133.108363063014	5668
11	1248	18323.943987171675	5667
11	1252	18380.769184346498	5670
11	1253	18387.274007958482	5671
11	1258	18433.942614615945	5673
11	1265	18519.720273493114	5672
11	1277	18664.231835425122	5674
11	1278	18679.900688181768	5675
11	1283	18709.045760579407	5679
11	1284	18710.937491859789	5676
11	1303	18914.237981839506	5678
11	1310	18987.228221762259	5683
11	1317	19021.845651751204	5682
11	1322	19100.014156975141	5687
11	1335	19298.573674167078	5686
11	1345	19443.340359141235	5689
11	1349	19494.467684803843	5693
11	1353	19573.765330491199	5690
11	1354	19577.70011241001	5692
11	1357	19617.514633991098	5694
11	1368	19785.736383131338	5695
11	1372	19877.040653379908	5696
12	188	2789.469111049923	203
12	227	3147.456630020209	409
12	253	3442.841187552075	409
12	267	3638.913760015151	306
12	291	3879.676573078827	512
12	329	4361.822720089566	409
12	334	4382.349676098241	512
12	425	6097.715231747785	409
12	444	6463.014502747068	203
12	524	7813.144400870649	409
12	553	8191.896989061149	409
12	576	8446.883486791682	512
12	612	8780.133904696868	306
12	624	8898.963813977069	203
12	688	9884.287074746781	512
12	817	12116.471406482228	512
12	845	12439.72372508919	409
12	857	12595.298627392113	512
12	863	12681.293919166055	409
12	888	13186.461658199323	409
12	985	14432.102636272083	512
12	990	14467.378592562463	409
12	991	14498.149749259529	409
12	1020	14738.847639939848	512
12	1132	16484.395758848708	409
12	1136	16523.567045198851	512
12	1145	16662.404636411849	306
12	1153	16836.253689748812	203
12	1199	17541.113569319304	306
12	1203	17610.39417788484	512
12	1250	18339.108363063014	409
12	1286	18725.720273493114	409
12	1304	18916.937491859789	409
12	1336	19306.014156975141	306
12	1363	19700.467684803843	306
12	1376	19953.747996403198	203
13	188	2789.469111049923	3
13	227	3147.456630020209	9
13	253	3442.841187552075	9
13	267	3638.913760015151	6
13	291	3879.676573078827	12
13	329	4361.822720089566	9
13	334	4382.349676098241	12
13	425	6097.715231747785	9
13	444	6463.014502747068	3
13	524	7813.144400870649	9
13	553	8191.896989061149	9
13	576	8446.883486791682	12
13	612	8780.133904696868	6
13	624	8898.963813977069	3
13	688	9884.287074746781	12
13	817	12116.471406482228	12
13	845	12439.72372508919	9
13	857	12595.298627392113	12
13	863	12681.293919166055	9
13	888	13186.461658199323	9
13	985	14432.102636272083	12
13	990	14467.378592562463	9
13	991	14498.149749259529	9
13	1020	14738.847639939848	12
13	1132	16484.395758848708	9
13	1136	16523.567045198851	12
13	1145	16662.404636411849	6
13	1153	16836.253689748812	3
13	1199	17541.113569319304	6
13	1203	17610.39417788484	12
13	1250	18339.108363063014	9
13	1286	18725.720273493114	9
13	1304	18916.937491859789	9
13	1336	19306.014156975141	6
13	1363	19700.467684803843	6
13	1376	19953.747996403198	3
14	188	2789.469111049923	1
14	227	3147.456630020209	3
14	253	3442.841187552075	3
14	267	3638.913760015151	2
14	291	3879.676573078827	4
14	329	4361.822720089566	3
14	334	4382.349676098241	4
14	425	6097.715231747785	3
14	444	6463.014502747068	1
14	524	7813.144400870649	3
14	553	8191.896989061149	3
14	576	8446.883486791682	4
14	612	8780.133904696868	2
14	624	8898.963813977069	1
14	688	9884.287074746781	4
14	817	12116.471406482228	4
14	845	12439.72372508919	3
14	857	12595.298627392113	4
14	863	12681.293919166055	3
14	888	13186.461658199323	3
14	985	14432.102636272083	4
14	990	14467.378592562463	3
14	991	14498.149749259529	3
14	1020	14738.847639939848	4
14	1132	16484.395758848708	3
14	1136	16523.567045198851	4
14	1145	16662.404636411849	2
14	1153	16836.253689748812	1
14	1199	17541.113569319304	2
14	1203	17610.39417788484	4
14	1250	18339.108363063014	3
14	1286	18725.720273493114	3
14	1304	18916.937491859789	3
14	1336	19306.014156975141	2
14	1363	19700.467684803843	2
14	1376	19953.747996403198	1
15	136	1695.505070394379	512
15	147	1924.896563610811	306
15	245	3342.034879420288	512
15	331	4372.040630067539	306
15	390	5523.764380780044	512
15	418	5918.928976940955	409
15	451	6634.742971119811	512
15	711	10245.394326042437	409
15	736	10661.288577080662	409
15	755	11026.24027609115	203
15	758	11141.91432589431	306
15	797	11918.271768501854	409
15	802	11977.729344581181	409
15	871	12792.44207808268	306
15	921	13743.842818801706	512
15	964	14279.772916495702	306
15	986	14439.968302447677	512
15	1006	14623.044620093578	512
15	1033	14929.154080636092	409
15	1043	15092.459530795006	512
15	1067	15456.221290017196	306
15	1068	15458.968445804115	203
15	1112	16112.553758228009	306
15	1183	17372.444060045737	203
15	1251	18357.140144381973	512
15	1280	18689.769184346498	512
15	1297	18823.323140937813	306
15	1309	18973.231835425122	512
16	136	1695.505070394379	12
16	147	1924.896563610811	6
16	245	3342.034879420288	12
16	331	4372.040630067539	6
16	390	5523.764380780044	12
16	418	5918.928976940955	9
16	451	6634.742971119811	12
16	711	10245.394326042437	9
16	736	10661.288577080662	9
16	755	11026.24027609115	3
16	758	11141.91432589431	6
16	797	11918.271768501854	9
16	802	11977.729344581181	9
16	871	12792.44207808268	6
16	921	13743.842818801706	12
16	964	14279.772916495702	6
16	986	14439.968302447677	12
16	1006	14623.044620093578	12
16	1033	14929.154080636092	9
16	1043	15092.459530795006	12
16	1067	15456.221290017196	6
16	1068	15458.968445804115	3
16	1112	16112.553758228009	6
16	1183	17372.444060045737	3
16	1251	18357.140144381973	12
16	1280	18689.769184346498	12
16	1297	18823.323140937813	6
16	1309	18973.231835425122	12
17	136	1695.505070394379	4
17	147	1924.896563610811	2
17	245	3342.034879420288	4
17	331	4372.040630067539	2
17	390	5523.764380780044	4
17	418	5918.928976940955	3
17	451	6634.742971119811	4
17	711	10245.394326042437	3
17	736	10661.288577080662	3
17	755	11026.24027609115	1
17	758	11141.91432589431	2
17	797	11918.271768501854	3
17	802	11977.729344581181	3
17	871	12792.44207808268	2
17	921	13743.842818801706	4
17	964	14279.772916495702	2
17	986	14439.968302447677	4
17	1006	14623.044620093578	4
17	1033	14929.154080636092	3
17	1043	15092.459530795006	4
17	1067	15456.221290017196	2
17	1068	15458.968445804115	1
17	1112	16112.553758228009	2
17	1183	17372.444060045737	1
17	1251	18357.140144381973	4
17	1280	18689.769184346498	4
17	1297	18823.323140937813	2
17	1309	18973.231835425122	4
18	100	1143.48109669012	512
18	115	1407.640672668946	409
18	127	1561.940612316923	409
18	175	2630.93826625847	409
18	256	3518.460012658276	409
18	306	4048.735850410659	409
18	338	4466.696256903862	306
18	346	4578.057357388851	306
18	378	5309.427094321814	512
18	416	5891.367391763385	306
18	434	6264.336204636568	409
18	438	6328.224719108968	306
18	440	6376.460048647323	306
18	463	6991.608011168312	306
18	479	7198.940426451127	306
18	503	7496.64188613524	409
18	520	7716.963167848612	306
18	554	8195.530403382075	306
18	567	8364.828863801053	306
18	630	9013.067576695803	512
18	693	9973.730207013944	512
18	748	10886.646693422548	306
18	754	11008.906050889122	306
18	824	12184.088374950183	512
18	847	12450.160591097494	512
18	922	13746.99729159136	203
18	967	14301.035771740691	203
18	976	14352.939321339826	512
18	1022	14772.866057208229	512
18	1054	15284.81859425999	306
18	1086	15762.543423360209	409
18	1088	15796.077287598064	409
18	1097	15932.478919196486	306
18	1105	16041.022321967492	512
18	1109	16083.125216215841	512
18	1211	17787.953692432951	306
18	1254	18405.674120735165	512
18	1287	18742.942614615945	409
18	1311	18988.374525489581	306
18	1327	19176.179881151951	203
18	1374	19926.514633991098	512
19	100	1143.48109669012	12
19	115	1407.640672668946	9
19	127	1561.940612316923	9
19	175	2630.93826625847	9
19	256	3518.460012658276	9
19	306	4048.735850410659	9
19	338	4466.696256903862	6
19	346	4578.057357388851	6
19	378	5309.427094321814	12
19	416	5891.367391763385	6
19	434	6264.336204636568	9
19	438	6328.224719108968	6
19	440	6376.460048647323	6
19	463	6991.608011168312	6
19	479	7198.940426451127	6
19	503	7496.64188613524	9
19	520	7716.963167848612	6
19	554	8195.530403382075	6
19	567	8364.828863801053	6
19	630	9013.067576695803	12
19	693	9973.730207013944	12
19	748	10886.646693422548	6
19	754	11008.906050889122	6
19	824	12184.088374950183	12
19	847	12450.160591097494	12
19	922	13746.99729159136	3
19	967	14301.035771740691	3
19	976	14352.939321339826	12
19	1022	14772.866057208229	12
19	1054	15284.81859425999	6
19	1086	15762.543423360209	9
19	1088	15796.077287598064	9
19	1097	15932.478919196486	6
19	1105	16041.022321967492	12
19	1109	16083.125216215841	12
19	1211	17787.953692432951	6
19	1254	18405.674120735165	12
19	1287	18742.942614615945	9
19	1311	18988.374525489581	6
19	1327	19176.179881151951	3
19	1374	19926.514633991098	12
20	100	1143.48109669012	4
20	115	1407.640672668946	3
20	127	1561.940612316923	3
20	175	2630.93826625847	3
20	256	3518.460012658276	3
20	306	4048.735850410659	3
20	338	4466.696256903862	2
20	346	4578.057357388851	2
20	378	5309.427094321814	4
20	416	5891.367391763385	2
20	434	6264.336204636568	3
20	438	6328.224719108968	2
20	440	6376.460048647323	2
20	463	6991.608011168312	2
20	479	7198.940426451127	2
20	503	7496.64188613524	3
20	520	7716.963167848612	2
20	554	8195.530403382075	2
20	567	8364.828863801053	2
20	630	9013.067576695803	4
20	693	9973.730207013944	4
20	748	10886.646693422548	2
20	754	11008.906050889122	2
20	824	12184.088374950183	4
20	847	12450.160591097494	4
20	922	13746.99729159136	1
20	967	14301.035771740691	1
20	976	14352.939321339826	4
20	1022	14772.866057208229	4
20	1054	15284.81859425999	2
20	1086	15762.543423360209	3
20	1088	15796.077287598064	3
20	1097	15932.478919196486	2
20	1105	16041.022321967492	4
20	1109	16083.125216215841	4
20	1211	17787.953692432951	2
20	1254	18405.674120735165	4
20	1287	18742.942614615945	3
20	1311	18988.374525489581	2
20	1327	19176.179881151951	1
20	1374	19926.514633991098	4
21	97	1070.958132613767	306
21	138	1711.619698987677	203
21	144	1848.629200271895	409
21	163	2356.969112630539	409
21	228	3148.926804327786	512
21	231	3190.137637848232	512
21	251	3433.367785152095	306
21	318	4169.138638356197	306
21	383	5380.679908175239	512
21	398	5670.307762767872	512
21	419	5939.705565708799	306
21	474	7153.271457586139	203
21	491	7381.908684748337	306
21	492	7388.939195283084	306
21	569	8370.20132091847	409
21	629	8993.876997810276	409
21	675	9722.605295777087	203
21	685	9869.028505836574	306
21	804	11994.093865999655	512
21	880	12956.48258392895	306
21	919	13692.752401301931	306
21	1032	14917.532600804685	306
21	1142	16613.091328011862	512
21	1165	17166.874455427439	409
21	1189	17423.37245017018	409
21	1202	17591.591827976271	512
21	1318	19066.029702420512	306
21	1342	19399.228221762259	512
22	97	1070.958132613767	6
22	138	1711.619698987677	3
22	144	1848.629200271895	9
22	163	2356.969112630539	9
22	228	3148.926804327786	12
22	231	3190.137637848232	12
22	251	3433.367785152095	6
22	318	4169.138638356197	6
22	383	5380.679908175239	12
22	398	5670.307762767872	12
22	419	5939.705565708799	6
22	474	7153.271457586139	3
22	491	7381.908684748337	6
22	492	7388.939195283084	6
22	569	8370.20132091847	9
22	629	8993.876997810276	9
22	675	9722.605295777087	3
22	685	9869.028505836574	6
22	804	11994.093865999655	12
22	880	12956.48258392895	6
22	919	13692.752401301931	6
22	1032	14917.532600804685	6
22	1142	16613.091328011862	12
22	1165	17166.874455427439	9
22	1189	17423.37245017018	9
22	1202	17591.591827976271	12
22	1318	19066.029702420512	6
22	1342	19399.228221762259	12
23	97	1070.958132613767	2
23	138	1711.619698987677	1
23	144	1848.629200271895	3
23	163	2356.969112630539	3
23	228	3148.926804327786	4
23	231	3190.137637848232	4
23	251	3433.367785152095	2
23	318	4169.138638356197	2
23	383	5380.679908175239	4
23	398	5670.307762767872	4
23	419	5939.705565708799	2
23	474	7153.271457586139	1
23	491	7381.908684748337	2
23	492	7388.939195283084	2
23	569	8370.20132091847	3
23	629	8993.876997810276	3
23	675	9722.605295777087	1
23	685	9869.028505836574	2
23	804	11994.093865999655	4
23	880	12956.48258392895	2
23	919	13692.752401301931	2
23	1032	14917.532600804685	2
23	1142	16613.091328011862	4
23	1165	17166.874455427439	3
23	1189	17423.37245017018	3
23	1202	17591.591827976271	4
23	1318	19066.029702420512	2
23	1342	19399.228221762259	4
24	98	1084.704541545945	306
24	154	2178.663988661894	306
24	177	2637.105187988269	512
24	200	2908.556076583358	409
24	230	3185.571416352818	409
24	352	4713.305279435517	306
24	354	4730.916530496865	203
24	377	5301.025274854713	306
24	454	6701.541437246164	306
24	606	8712.86152024074	306
24	617	8835.823064957188	409
24	667	9644.659466702339	203
24	694	9980.813944522158	512
24	699	10074.249565234916	512
24	753	10988.24657386711	512
24	760	11252.383110805946	512
24	819	12132.346502512759	512
24	838	12356.962265529135	409
24	843	12421.39308645105	409
24	918	13663.676145514814	409
24	988	14455.265149983321	409
24	1063	15394.382414772183	306
24	1071	15504.286569088174	512
24	1102	16004.286399570369	203
24	1141	16599.156719714965	306
24	1205	17617.738505353476	306
24	1233	18128.72239051202	512
24	1256	18420.959689058786	409
24	1292	18799.274007958482	512
24	1366	19757.341744208468	409
25	98	1084.704541545945	6
25	154	2178.663988661894	6
25	177	2637.105187988269	12
25	200	2908.556076583358	9
25	230	3185.571416352818	9
25	352	4713.305279435517	6
25	354	4730.916530496865	3
25	377	5301.025274854713	6
25	454	6701.541437246164	6
25	606	8712.86152024074	6
25	617	8835.823064957188	9
25	667	9644.659466702339	3
25	694	9980.813944522158	12
25	699	10074.249565234916	12
25	753	10988.24657386711	12
25	760	11252.383110805946	12
25	819	12132.346502512759	12
25	838	12356.962265529135	9
25	843	12421.39308645105	9
25	918	13663.676145514814	9
25	988	14455.265149983321	9
25	1063	15394.382414772183	6
25	1071	15504.286569088174	12
25	1102	16004.286399570369	3
25	1141	16599.156719714965	6
25	1205	17617.738505353476	6
25	1233	18128.72239051202	12
25	1256	18420.959689058786	9
25	1292	18799.274007958482	12
25	1366	19757.341744208468	9
26	98	1084.704541545945	2
26	154	2178.663988661894	2
26	177	2637.105187988269	4
26	200	2908.556076583358	3
26	230	3185.571416352818	3
26	352	4713.305279435517	2
26	354	4730.916530496865	1
26	377	5301.025274854713	2
26	454	6701.541437246164	2
26	606	8712.86152024074	2
26	617	8835.823064957188	3
26	667	9644.659466702339	1
26	694	9980.813944522158	4
26	699	10074.249565234916	4
26	753	10988.24657386711	4
26	760	11252.383110805946	4
26	819	12132.346502512759	4
26	838	12356.962265529135	3
26	843	12421.39308645105	3
26	918	13663.676145514814	3
26	988	14455.265149983321	3
26	1063	15394.382414772183	2
26	1071	15504.286569088174	4
26	1102	16004.286399570369	1
26	1141	16599.156719714965	2
26	1205	17617.738505353476	2
26	1233	18128.72239051202	4
26	1256	18420.959689058786	3
26	1292	18799.274007958482	4
26	1366	19757.341744208468	3
27	135	1652.881171009227	306
27	166	2427.007942932646	203
27	223	3119.713294426395	306
27	257	3520.28158215239	306
27	296	3946.938250829032	512
27	297	3950.134083726618	409
27	355	4781.801884026802	306
27	388	5483.038602702075	203
27	413	5860.683027234078	409
27	478	7190.925926099933	203
27	516	7700.13317921747	409
27	517	7700.308238076943	409
27	546	8099.448632005998	306
27	556	8226.404574890171	409
27	563	8317.343932295452	409
27	588	8552.738343132858	512
27	626	8945.1771933987	409
27	656	9532.471905153637	512
27	665	9604.417380701739	512
27	726	10436.909580699794	203
27	787	11794.662609102312	409
27	873	12835.026965448784	409
27	879	12929.602740497001	512
27	893	13275.560186085584	409
27	914	13632.047081955398	409
27	926	13857.236985140682	512
27	980	14401.993653144439	409
27	1016	14721.179397700828	512
27	1026	14820.652763142711	512
27	1028	14829.833501703188	306
27	1050	15216.106850529871	512
27	1149	16755.999835511158	306
27	1206	17625.935064886077	409
27	1257	18426.943987171675	512
27	1315	19017.237981839506	409
27	1325	19124.845651751204	306
27	1343	19401.573674167078	409
27	1360	19676.765330491199	409
27	1373	19888.736383131338	306
28	135	1652.881171009227	6
28	166	2427.007942932646	3
28	223	3119.713294426395	6
28	257	3520.28158215239	6
28	296	3946.938250829032	12
28	297	3950.134083726618	9
28	355	4781.801884026802	6
28	388	5483.038602702075	3
28	413	5860.683027234078	9
28	478	7190.925926099933	3
28	516	7700.13317921747	9
28	517	7700.308238076943	9
28	546	8099.448632005998	6
28	556	8226.404574890171	9
28	563	8317.343932295452	9
28	588	8552.738343132858	12
28	626	8945.1771933987	9
28	656	9532.471905153637	12
28	665	9604.417380701739	12
28	726	10436.909580699794	3
28	787	11794.662609102312	9
28	873	12835.026965448784	9
28	879	12929.602740497001	12
28	893	13275.560186085584	9
28	914	13632.047081955398	9
28	926	13857.236985140682	12
28	980	14401.993653144439	9
28	1016	14721.179397700828	12
28	1026	14820.652763142711	12
28	1028	14829.833501703188	6
28	1050	15216.106850529871	12
28	1149	16755.999835511158	6
28	1206	17625.935064886077	9
28	1257	18426.943987171675	12
28	1315	19017.237981839506	9
28	1325	19124.845651751204	6
28	1343	19401.573674167078	9
28	1360	19676.765330491199	9
28	1373	19888.736383131338	6
29	135	1652.881171009227	2
29	166	2427.007942932646	1
29	223	3119.713294426395	2
29	257	3520.28158215239	2
29	296	3946.938250829032	4
29	297	3950.134083726618	3
29	355	4781.801884026802	2
29	388	5483.038602702075	1
29	413	5860.683027234078	3
29	478	7190.925926099933	1
29	516	7700.13317921747	3
29	517	7700.308238076943	3
29	546	8099.448632005998	2
29	556	8226.404574890171	3
29	563	8317.343932295452	3
29	588	8552.738343132858	4
29	626	8945.1771933987	3
29	656	9532.471905153637	4
29	665	9604.417380701739	4
29	726	10436.909580699794	1
29	787	11794.662609102312	3
29	873	12835.026965448784	3
29	879	12929.602740497001	4
29	893	13275.560186085584	3
29	914	13632.047081955398	3
29	926	13857.236985140682	4
29	980	14401.993653144439	3
29	1016	14721.179397700828	4
29	1026	14820.652763142711	4
29	1028	14829.833501703188	2
29	1050	15216.106850529871	4
29	1149	16755.999835511158	2
29	1206	17625.935064886077	3
29	1257	18426.943987171675	4
29	1315	19017.237981839506	3
29	1325	19124.845651751204	2
29	1343	19401.573674167078	3
29	1360	19676.765330491199	3
29	1373	19888.736383131338	2
30	102	1158.595160883158	306
30	128	1576.150557334207	409
30	142	1807.271156700584	409
30	179	2666.406701247517	409
30	238	3260.18090761409	409
30	303	4005.226056183315	512
30	311	4077.226002977051	512
30	357	4816.983085601293	409
30	489	7310.863057131606	409
30	518	7709.473762472917	409
30	608	8734.599892175972	306
30	614	8791.760353720807	512
30	679	9771.214811999448	306
30	702	10106.164141891678	306
30	720	10358.932236416686	409
30	721	10409.757714534559	409
30	722	10411.275312745906	306
30	725	10433.715762681329	306
30	735	10620.19186313109	409
30	874	12853.078379819889	409
30	883	12985.749900899767	409
30	900	13411.535007409655	306
30	927	13913.593302889992	409
30	999	14545.312804853756	512
30	1019	14727.101340351091	203
30	1073	15545.351558533484	203
30	1106	16055.397326753546	409
30	1118	16273.472087675866	306
30	1151	16774.249955351142	512
30	1152	16802.502813190721	306
30	1195	17493.861276205986	512
30	1234	18132.053900075	306
30	1294	18812.045760579407	203
30	1351	19546.340359141235	409
30	1361	19680.70011241001	306
31	102	1158.595160883158	6
31	128	1576.150557334207	9
31	142	1807.271156700584	9
31	179	2666.406701247517	9
31	238	3260.18090761409	9
31	303	4005.226056183315	12
31	311	4077.226002977051	12
31	357	4816.983085601293	9
31	489	7310.863057131606	9
31	518	7709.473762472917	9
31	608	8734.599892175972	6
31	614	8791.760353720807	12
31	679	9771.214811999448	6
31	702	10106.164141891678	6
31	720	10358.932236416686	9
31	721	10409.757714534559	9
31	722	10411.275312745906	6
31	725	10433.715762681329	6
31	735	10620.19186313109	9
31	874	12853.078379819889	9
31	883	12985.749900899767	9
31	900	13411.535007409655	6
31	927	13913.593302889992	9
31	999	14545.312804853756	12
31	1019	14727.101340351091	3
31	1073	15545.351558533484	3
31	1106	16055.397326753546	9
31	1118	16273.472087675866	6
31	1151	16774.249955351142	12
31	1152	16802.502813190721	6
31	1195	17493.861276205986	12
31	1234	18132.053900075	6
31	1294	18812.045760579407	3
31	1351	19546.340359141235	9
31	1361	19680.70011241001	6
32	102	1158.595160883158	2
32	128	1576.150557334207	3
32	142	1807.271156700584	3
32	179	2666.406701247517	3
32	238	3260.18090761409	3
32	303	4005.226056183315	4
32	311	4077.226002977051	4
32	357	4816.983085601293	3
32	489	7310.863057131606	3
32	518	7709.473762472917	3
32	608	8734.599892175972	2
32	614	8791.760353720807	4
32	679	9771.214811999448	2
32	702	10106.164141891678	2
32	720	10358.932236416686	3
32	721	10409.757714534559	3
32	722	10411.275312745906	2
32	725	10433.715762681329	2
32	735	10620.19186313109	3
32	874	12853.078379819889	3
32	883	12985.749900899767	3
32	900	13411.535007409655	2
32	927	13913.593302889992	3
32	999	14545.312804853756	4
32	1019	14727.101340351091	1
32	1073	15545.351558533484	1
32	1106	16055.397326753546	3
32	1118	16273.472087675866	2
32	1151	16774.249955351142	4
32	1152	16802.502813190721	2
32	1195	17493.861276205986	4
32	1234	18132.053900075	2
32	1294	18812.045760579407	1
32	1351	19546.340359141235	3
32	1361	19680.70011241001	2
33	145	1853.542084238178	409
33	217	3056.870602687835	409
33	218	3077.988880539429	203
33	247	3397.403328674022	512
33	284	3841.418425476753	306
33	312	4105.880876304513	409
33	321	4234.590424937643	512
33	337	4429.465076494174	409
33	347	4584.820272220228	306
33	391	5524.509206747954	306
33	414	5879.375907147223	203
33	415	5883.511733377103	203
33	450	6618.36040952731	409
33	457	6885.042937976099	306
33	507	7514.307606703534	409
33	509	7562.229572970126	203
33	533	7946.120819133765	409
33	594	8605.695734650875	306
33	619	8855.519959422053	512
33	622	8877.097140835034	512
33	632	9064.573859452854	203
33	641	9283.266401784377	409
33	673	9676.823085802505	512
33	734	10615.500295174361	203
33	791	11846.314791826655	409
33	812	12074.425069725142	409
33	836	12344.189536076462	203
33	841	12408.190892459549	409
33	1046	15164.008326252891	512
33	1069	15485.864418002832	203
33	1192	17470.743268823465	409
33	1222	17959.105112158254	512
33	1301	18885.900688181768	409
33	1324	19124.406065065945	203
33	1331	19216.560657154739	203
34	145	1853.542084238178	9
34	217	3056.870602687835	9
34	218	3077.988880539429	3
34	247	3397.403328674022	12
34	284	3841.418425476753	6
34	312	4105.880876304513	9
34	321	4234.590424937643	12
34	337	4429.465076494174	9
34	347	4584.820272220228	6
34	391	5524.509206747954	6
34	414	5879.375907147223	3
34	415	5883.511733377103	3
34	450	6618.36040952731	9
34	457	6885.042937976099	6
34	507	7514.307606703534	9
34	509	7562.229572970126	3
34	533	7946.120819133765	9
34	594	8605.695734650875	6
34	619	8855.519959422053	12
34	622	8877.097140835034	12
34	632	9064.573859452854	3
34	641	9283.266401784377	9
34	673	9676.823085802505	12
34	734	10615.500295174361	3
34	791	11846.314791826655	9
34	812	12074.425069725142	9
34	836	12344.189536076462	3
34	841	12408.190892459549	9
34	1046	15164.008326252891	12
34	1069	15485.864418002832	3
34	1192	17470.743268823465	9
34	1222	17959.105112158254	12
34	1301	18885.900688181768	9
34	1324	19124.406065065945	3
34	1331	19216.560657154739	3
35	145	1853.542084238178	3
35	217	3056.870602687835	3
35	218	3077.988880539429	1
35	247	3397.403328674022	4
35	284	3841.418425476753	2
35	312	4105.880876304513	3
35	321	4234.590424937643	4
35	337	4429.465076494174	3
35	347	4584.820272220228	2
35	391	5524.509206747954	2
35	414	5879.375907147223	1
35	415	5883.511733377103	1
35	450	6618.36040952731	3
35	457	6885.042937976099	2
35	507	7514.307606703534	3
35	509	7562.229572970126	1
35	533	7946.120819133765	3
35	594	8605.695734650875	2
35	619	8855.519959422053	4
35	622	8877.097140835034	4
35	632	9064.573859452854	1
35	641	9283.266401784377	3
35	673	9676.823085802505	4
35	734	10615.500295174361	1
35	791	11846.314791826655	3
35	812	12074.425069725142	3
35	836	12344.189536076462	1
35	841	12408.190892459549	3
35	1046	15164.008326252891	4
35	1069	15485.864418002832	1
35	1192	17470.743268823465	3
35	1222	17959.105112158254	4
35	1301	18885.900688181768	3
35	1324	19124.406065065945	1
35	1331	19216.560657154739	1

