version 3
run HighLoad_Circle-29-20260125-17:47:08-1407
attr configname HighLoad_Circle
attr datetime 20260125-17:47:08
attr datetimef 20260125-174708
attr experiment HighLoad_Circle
attr inifile simulations/nwsim_project/omnetpp.ini
attr iterationvars ""
attr iterationvarsd ""
attr iterationvarsf ""
attr measurement ""
attr network CrossTraffic
attr processid 1407
attr repetition 29
attr replication #29
attr resultdir results
attr runnumber 29
attr seedset 29
config description "High Load - Circle Mode (100% more traffic)"
config *.Junc*.junctionMode "\"circle\""
config *.EndNW.spawnInterval exponential(400s)
config *.EndNE.spawnInterval exponential(600s)
config *.EndEN.spawnInterval exponential(500s)
config *.EndES.spawnInterval exponential(750s)
config *.EndSE.spawnInterval exponential(450s)
config *.EndSW.spawnInterval exponential(550s)
config *.EndWS.spawnInterval exponential(650s)
config *.EndWN.spawnInterval exponential(700s)
config network CrossTraffic
config sim-time-limit 20000s
config warmup-period 1000s
config repeat 50
config **.scalar-recording true
config **.vector-recording true
config *.Junc*.junctionMode "\"queue\""
config *.EndNW.spawnInterval exponential(800s)
config *.EndNE.spawnInterval exponential(1200s)
config *.EndEN.spawnInterval exponential(1000s)
config *.EndES.spawnInterval exponential(1500s)
config *.EndSE.spawnInterval exponential(900s)
config *.EndSW.spawnInterval exponential(1100s)
config *.EndWS.spawnInterval exponential(1300s)
config *.EndWN.spawnInterval exponential(1400s)

vector 0 CrossTraffic.JuncNW queueLength:vector ETV
attr interpolationmode sample-hold
attr recordingmode vector
attr source queueLength
attr title "Queue Length"
vector 1 CrossTraffic.JuncNW junctionProcessingTime:vector ETV
attr recordingmode vector
attr source junctionProcessingTime
attr title "Junction Processing Time"
vector 2 CrossTraffic.JuncNW vehicleCount:vector ETV
attr recordingmode vector
attr source vehicleCount
attr title "Vehicle Count"
vector 3 CrossTraffic.JuncNE queueLength:vector ETV
attr interpolationmode sample-hold
attr recordingmode vector
attr source queueLength
attr title "Queue Length"
vector 4 CrossTraffic.JuncNE junctionProcessingTime:vector ETV
attr recordingmode vector
attr source junctionProcessingTime
attr title "Junction Processing Time"
vector 5 CrossTraffic.JuncNE vehicleCount:vector ETV
attr recordingmode vector
attr source vehicleCount
attr title "Vehicle Count"
vector 6 CrossTraffic.JuncSE queueLength:vector ETV
attr interpolationmode sample-hold
attr recordingmode vector
attr source queueLength
attr title "Queue Length"
vector 7 CrossTraffic.JuncSE junctionProcessingTime:vector ETV
attr recordingmode vector
attr source junctionProcessingTime
attr title "Junction Processing Time"
vector 8 CrossTraffic.JuncSE vehicleCount:vector ETV
attr recordingmode vector
attr source vehicleCount
attr title "Vehicle Count"
vector 9 CrossTraffic.JuncSW queueLength:vector ETV
attr interpolationmode sample-hold
attr recordingmode vector
attr source queueLength
attr title "Queue Length"
vector 10 CrossTraffic.JuncSW junctionProcessingTime:vector ETV
attr recordingmode vector
attr source junctionProcessingTime
attr title "Junction Processing Time"
vector 11 CrossTraffic.JuncSW vehicleCount:vector ETV
attr recordingmode vector
attr source vehicleCount
attr title "Vehicle Count"
vector 12 CrossTraffic.EndNW travelTime:vector ETV
attr recordingmode vector
attr source travelTime
attr title "Vehicle Travel Time"
vector 13 CrossTraffic.EndNW junctionTime:vector ETV
attr recordingmode vector
attr source junctionTime
attr title "Total Junction Time per Vehicle"
vector 14 CrossTraffic.EndNW junctionCount:vector ETV
attr recordingmode vector
attr source junctionCount
attr title "Junctions Visited per Vehicle"
vector 15 CrossTraffic.EndNE travelTime:vector ETV
attr recordingmode vector
attr source travelTime
attr title "Vehicle Travel Time"
vector 16 CrossTraffic.EndNE junctionTime:vector ETV
attr recordingmode vector
attr source junctionTime
attr title "Total Junction Time per Vehicle"
vector 17 CrossTraffic.EndNE junctionCount:vector ETV
attr recordingmode vector
attr source junctionCount
attr title "Junctions Visited per Vehicle"
vector 18 CrossTraffic.EndEN travelTime:vector ETV
attr recordingmode vector
attr source travelTime
attr title "Vehicle Travel Time"
vector 19 CrossTraffic.EndEN junctionTime:vector ETV
attr recordingmode vector
attr source junctionTime
attr title "Total Junction Time per Vehicle"
vector 20 CrossTraffic.EndEN junctionCount:vector ETV
attr recordingmode vector
attr source junctionCount
attr title "Junctions Visited per Vehicle"
vector 21 CrossTraffic.EndES travelTime:vector ETV
attr recordingmode vector
attr source travelTime
attr title "Vehicle Travel Time"
vector 22 CrossTraffic.EndES junctionTime:vector ETV
attr recordingmode vector
attr source junctionTime
attr title "Total Junction Time per Vehicle"
vector 23 CrossTraffic.EndES junctionCount:vector ETV
attr recordingmode vector
attr source junctionCount
attr title "Junctions Visited per Vehicle"
vector 24 CrossTraffic.EndSE travelTime:vector ETV
attr recordingmode vector
attr source travelTime
attr title "Vehicle Travel Time"
vector 25 CrossTraffic.EndSE junctionTime:vector ETV
attr recordingmode vector
attr source junctionTime
attr title "Total Junction Time per Vehicle"
vector 26 CrossTraffic.EndSE junctionCount:vector ETV
attr recordingmode vector
attr source junctionCount
attr title "Junctions Visited per Vehicle"
vector 27 CrossTraffic.EndSW travelTime:vector ETV
attr recordingmode vector
attr source travelTime
attr title "Vehicle Travel Time"
vector 28 CrossTraffic.EndSW junctionTime:vector ETV
attr recordingmode vector
attr source junctionTime
attr title "Total Junction Time per Vehicle"
vector 29 CrossTraffic.EndSW junctionCount:vector ETV
attr recordingmode vector
attr source junctionCount
attr title "Junctions Visited per Vehicle"
vector 30 CrossTraffic.EndWS travelTime:vector ETV
attr recordingmode vector
attr source travelTime
attr title "Vehicle Travel Time"
vector 31 CrossTraffic.EndWS junctionTime:vector ETV
attr recordingmode vector
attr source junctionTime
attr title "Total Junction Time per Vehicle"
vector 32 CrossTraffic.EndWS junctionCount:vector ETV
attr recordingmode vector
attr source junctionCount
attr title "Junctions Visited per Vehicle"
vector 33 CrossTraffic.EndWN travelTime:vector ETV
attr recordingmode vector
attr source travelTime
attr title "Vehicle Travel Time"
vector 34 CrossTraffic.EndWN junctionTime:vector ETV
attr recordingmode vector
attr source junctionTime
attr title "Total Junction Time per Vehicle"
vector 35 CrossTraffic.EndWN junctionCount:vector ETV
attr recordingmode vector
attr source junctionCount
attr title "Junctions Visited per Vehicle"
0	102	1216.007933020168	0
0	105	1244.65586749176	0
0	110	1338.125139163433	0
0	127	1561.171123353197	0
0	128	1582.307283529935	0
0	133	1642.313478160975	0
0	134	1648.017742259746	0
0	157	2034.932053790811	0
0	165	2151.484877979836	0
0	168	2195.261914561114	0
0	184	2392.364347439757	0
0	185	2399.678763806762	0
0	187	2402.212072648246	0
0	188	2410.892063220539	0
0	191	2438.210676956695	0
0	206	2599.845453176847	0
0	214	2745.783606490351	0
0	225	3089.110898157295	0
0	226	3104.56715255245	0
0	228	3185.908400812654	0
0	231	3282.845696281511	0
0	257	3807.043982355847	0
0	258	3827.078844594951	0
0	261	3851.760235279905	0
0	266	3928.019104728064	0
0	278	4085.484062330588	0
0	290	4214.469045262323	0
0	294	4279.356130004151	0
0	297	4314.784930392218	0
0	300	4330.498307138878	0
0	317	4578.076086536857	0
0	320	4633.907519161362	0
0	326	4727.568848453927	0
0	334	4836.349187784652	0
0	342	5018.37388042619	0
0	351	5172.477379506755	0
0	353	5217.218994206263	0
0	354	5218.219063329792	0
0	364	5444.359264177412	0
0	379	5841.502715156474	0
0	384	6005.068250872918	0
0	394	6143.196367720055	0
0	410	6444.844429190413	0
0	412	6510.926960484975	0
0	413	6521.699978403093	0
0	415	6537.68717529263	0
0	430	6788.245844191913	0
0	432	6811.78994478604	0
0	449	7093.609639232144	0
0	451	7102.223393804501	0
0	452	7106.739142495558	0
0	455	7131.46639080889	0
0	471	7354.500013897775	0
0	472	7366.935949198835	0
0	475	7414.909989243026	0
0	485	7558.853600710669	0
0	487	7561.158901726185	0
0	496	7674.207521034126	0
0	498	7710.171161827164	0
0	505	7810.522649213396	0
0	507	7862.245604435567	0
0	510	7901.052687817981	0
0	527	8148.426012842493	0
0	542	8321.872244680767	0
0	543	8340.253634428401	0
0	547	8369.006410650405	0
0	550	8413.404429753152	0
0	551	8419.63490375847	0
0	554	8446.997810446987	0
0	555	8447.927487652016	0
0	560	8510.302785952157	0
0	571	8592.722760253402	0
0	589	8795.179000889505	0
0	594	8804.603799202932	0
0	599	8903.331611468989	0
0	601	8957.455590210339	0
0	603	9003.73900484742	0
0	611	9112.102505214505	0
0	620	9273.413793678976	0
0	629	9437.118965826416	0
0	631	9457.10770018969	0
0	634	9536.377007473965	0
0	642	9645.36414468341	0
0	645	9705.953957001245	0
0	654	10002.312979841534	0
0	657	10031.09338494495	0
0	663	10181.884517032499	0
0	672	10323.870520410038	0
0	683	10627.279826876321	0
0	685	10633.145995605211	0
0	694	10809.286340699976	0
0	710	11087.222955786558	0
0	722	11236.910768579837	0
0	723	11237.68246467497	0
0	725	11258.246378775088	0
0	728	11302.167318314073	0
0	730	11322.403819414779	0
0	740	11438.974180780956	0
0	743	11458.014717770938	0
0	766	11833.455984286472	0
0	771	11912.835478006224	0
0	774	11973.9843082025	0
0	784	12112.456453931361	0
0	787	12139.464753770627	0
0	796	12215.932331803587	0
0	800	12281.648983990461	0
0	805	12299.544670322355	0
0	806	12305.701608692049	0
0	812	12382.486399800557	0
0	818	12419.620026647111	0
0	828	12518.554706576966	0
0	832	12566.014109342309	0
0	840	12698.341477947324	0
0	858	13057.503732819761	0
0	861	13086.368491348324	0
0	871	13327.944593025112	0
0	879	13503.042189551478	0
0	882	13542.736787038062	0
0	903	13998.90348448997	0
0	914	14114.117706897989	0
0	916	14131.078249214316	0
0	917	14190.053784392195	0
0	921	14206.1028861803	0
0	923	14216.299425349604	0
0	929	14304.803313352226	0
0	941	14445.392327578089	0
0	956	14586.527147074003	0
0	957	14598.308657785292	0
0	962	14644.811350503286	0
0	966	14698.457414852453	0
0	979	14895.13935080383	0
0	992	15123.882728284858	0
0	994	15191.591482956816	0
0	997	15228.959265548996	0
0	1007	15336.222962550353	0
0	1009	15351.618279311198	0
0	1018	15473.664182309218	0
0	1021	15529.993957796539	0
0	1024	15542.939461807188	0
0	1031	15641.859774071509	0
0	1034	15670.282515857454	0
0	1055	15996.548429846127	0
0	1063	16140.559096910905	0
0	1066	16178.075948984104	0
0	1073	16305.854222231623	0
0	1079	16466.542324339697	0
0	1086	16636.324497115475	0
0	1097	16887.441382793041	0
0	1101	16989.308097161921	0
0	1114	17163.107464477318	0
0	1119	17256.736028157865	0
0	1123	17324.478700695576	0
0	1130	17431.378680760924	0
0	1132	17475.008977681962	0
0	1142	17624.21013342335	0
0	1151	17812.031986733557	0
0	1160	17938.566005648217	0
0	1174	18176.770273088326	0
0	1187	18402.561022015689	0
0	1189	18413.45666842915	0
0	1192	18433.129046115019	0
0	1199	18522.341554818641	0
0	1200	18526.681422041825	0
0	1206	18614.856657613558	0
0	1213	18668.720777885387	0
0	1233	18931.213098732032	0
0	1241	19084.828019617473	0
0	1244	19144.798336188626	0
0	1245	19163.489618799579	0
0	1260	19484.482573978549	0
0	1272	19682.840868751001	0
0	1277	19774.836726706009	0
0	1278	19776.591021831838	0
0	1281	19800.911419612438	0
0	1283	19824.045103898052	0
0	1288	19880.070483142239	0
0	1292	19906.98448277592	0
1	102	1216.007933020168	3
1	105	1244.65586749176	3
1	110	1338.125139163433	3
1	127	1561.171123353197	3
1	128	1582.307283529935	3
1	133	1642.313478160975	3
1	134	1648.017742259746	3
1	157	2034.932053790811	3
1	165	2151.484877979836	3
1	168	2195.261914561114	3
1	184	2392.364347439757	3
1	185	2399.678763806762	3
1	187	2402.212072648246	3
1	188	2410.892063220539	3
1	191	2438.210676956695	3
1	206	2599.845453176847	3
1	214	2745.783606490351	3
1	225	3089.110898157295	3
1	226	3104.56715255245	3
1	228	3185.908400812654	3
1	231	3282.845696281511	3
1	257	3807.043982355847	3
1	258	3827.078844594951	3
1	261	3851.760235279905	3
1	266	3928.019104728064	3
1	278	4085.484062330588	3
1	290	4214.469045262323	3
1	294	4279.356130004151	3
1	297	4314.784930392218	3
1	300	4330.498307138878	3
1	317	4578.076086536857	3
1	320	4633.907519161362	3
1	326	4727.568848453927	3
1	334	4836.349187784652	3
1	342	5018.37388042619	3
1	351	5172.477379506755	3
1	353	5217.218994206263	3
1	354	5218.219063329792	3
1	364	5444.359264177412	3
1	379	5841.502715156474	3
1	384	6005.068250872918	3
1	394	6143.196367720055	3
1	410	6444.844429190413	3
1	412	6510.926960484975	3
1	413	6521.699978403093	3
1	415	6537.68717529263	3
1	430	6788.245844191913	3
1	432	6811.78994478604	3
1	449	7093.609639232144	3
1	451	7102.223393804501	3
1	452	7106.739142495558	3
1	455	7131.46639080889	3
1	471	7354.500013897775	3
1	472	7366.935949198835	3
1	475	7414.909989243026	3
1	485	7558.853600710669	3
1	487	7561.158901726185	3
1	496	7674.207521034126	3
1	498	7710.171161827164	3
1	505	7810.522649213396	3
1	507	7862.245604435567	3
1	510	7901.052687817981	3
1	527	8148.426012842493	3
1	542	8321.872244680767	3
1	543	8340.253634428401	3
1	547	8369.006410650405	3
1	550	8413.404429753152	3
1	551	8419.63490375847	3
1	554	8446.997810446987	3
1	555	8447.927487652016	3
1	560	8510.302785952157	3
1	571	8592.722760253402	3
1	589	8795.179000889505	3
1	594	8804.603799202932	3
1	599	8903.331611468989	3
1	601	8957.455590210339	3
1	603	9003.73900484742	3
1	611	9112.102505214505	3
1	620	9273.413793678976	3
1	629	9437.118965826416	3
1	631	9457.10770018969	3
1	634	9536.377007473965	3
1	642	9645.36414468341	3
1	645	9705.953957001245	3
1	654	10002.312979841534	3
1	657	10031.09338494495	3
1	663	10181.884517032499	3
1	672	10323.870520410038	3
1	683	10627.279826876321	3
1	685	10633.145995605211	3
1	694	10809.286340699976	3
1	710	11087.222955786558	3
1	722	11236.910768579837	3
1	723	11237.68246467497	3
1	725	11258.246378775088	3
1	728	11302.167318314073	3
1	730	11322.403819414779	3
1	740	11438.974180780956	3
1	743	11458.014717770938	3
1	766	11833.455984286472	3
1	771	11912.835478006224	3
1	774	11973.9843082025	3
1	784	12112.456453931361	3
1	787	12139.464753770627	3
1	796	12215.932331803587	3
1	800	12281.648983990461	3
1	805	12299.544670322355	3
1	806	12305.701608692049	3
1	812	12382.486399800557	3
1	818	12419.620026647111	3
1	828	12518.554706576966	3
1	832	12566.014109342309	3
1	840	12698.341477947324	3
1	858	13057.503732819761	3
1	861	13086.368491348324	3
1	871	13327.944593025112	3
1	879	13503.042189551478	3
1	882	13542.736787038062	3
1	903	13998.90348448997	3
1	914	14114.117706897989	3
1	916	14131.078249214316	3
1	917	14190.053784392195	3
1	921	14206.1028861803	3
1	923	14216.299425349604	3
1	929	14304.803313352226	3
1	941	14445.392327578089	3
1	956	14586.527147074003	3
1	957	14598.308657785292	3
1	962	14644.811350503286	3
1	966	14698.457414852453	3
1	979	14895.13935080383	3
1	992	15123.882728284858	3
1	994	15191.591482956816	3
1	997	15228.959265548996	3
1	1007	15336.222962550353	3
1	1009	15351.618279311198	3
1	1018	15473.664182309218	3
1	1021	15529.993957796539	3
1	1024	15542.939461807188	3
1	1031	15641.859774071509	3
1	1034	15670.282515857454	3
1	1055	15996.548429846127	3
1	1063	16140.559096910905	3
1	1066	16178.075948984104	3
1	1073	16305.854222231623	3
1	1079	16466.542324339697	3
1	1086	16636.324497115475	3
1	1097	16887.441382793041	3
1	1101	16989.308097161921	3
1	1114	17163.107464477318	3
1	1119	17256.736028157865	3
1	1123	17324.478700695576	3
1	1130	17431.378680760924	3
1	1132	17475.008977681962	3
1	1142	17624.21013342335	3
1	1151	17812.031986733557	3
1	1160	17938.566005648217	3
1	1174	18176.770273088326	3
1	1187	18402.561022015689	3
1	1189	18413.45666842915	3
1	1192	18433.129046115019	3
1	1199	18522.341554818641	3
1	1200	18526.681422041825	3
1	1206	18614.856657613558	3
1	1213	18668.720777885387	3
1	1233	18931.213098732032	3
1	1241	19084.828019617473	3
1	1244	19144.798336188626	3
1	1245	19163.489618799579	3
1	1260	19484.482573978549	3
1	1272	19682.840868751001	3
1	1277	19774.836726706009	3
1	1278	19776.591021831838	3
1	1281	19800.911419612438	3
1	1283	19824.045103898052	3
1	1288	19880.070483142239	3
1	1292	19906.98448277592	3
2	102	1216.007933020168	8657
2	105	1244.65586749176	8659
2	110	1338.125139163433	8658
2	127	1561.171123353197	8663
2	128	1582.307283529935	8660
2	133	1642.313478160975	8661
2	134	1648.017742259746	8665
2	157	2034.932053790811	8667
2	165	2151.484877979836	8670
2	168	2195.261914561114	8672
2	184	2392.364347439757	8674
2	185	2399.678763806762	8671
2	187	2402.212072648246	8676
2	188	2410.892063220539	8677
2	191	2438.210676956695	8679
2	206	2599.845453176847	8682
2	214	2745.783606490351	8681
2	225	3089.110898157295	8684
2	226	3104.56715255245	8685
2	228	3185.908400812654	8686
2	231	3282.845696281511	8687
2	257	3807.043982355847	8689
2	258	3827.078844594951	8692
2	261	3851.760235279905	8691
2	266	3928.019104728064	8695
2	278	4085.484062330588	8698
2	290	4214.469045262323	8696
2	294	4279.356130004151	8703
2	297	4314.784930392218	8701
2	300	4330.498307138878	8702
2	317	4578.076086536857	8704
2	320	4633.907519161362	8705
2	326	4727.568848453927	8708
2	334	4836.349187784652	8707
2	342	5018.37388042619	8711
2	351	5172.477379506755	8713
2	353	5217.218994206263	8714
2	354	5218.219063329792	8715
2	364	5444.359264177412	8717
2	379	5841.502715156474	8720
2	384	6005.068250872918	8719
2	394	6143.196367720055	8723
2	410	6444.844429190413	8728
2	412	6510.926960484975	8726
2	413	6521.699978403093	8729
2	415	6537.68717529263	8730
2	430	6788.245844191913	8732
2	432	6811.78994478604	8731
2	449	7093.609639232144	8734
2	451	7102.223393804501	8736
2	452	7106.739142495558	8733
2	455	7131.46639080889	8735
2	471	7354.500013897775	8740
2	472	7366.935949198835	8741
2	475	7414.909989243026	8739
2	485	7558.853600710669	8744
2	487	7561.158901726185	8745
2	496	7674.207521034126	8747
2	498	7710.171161827164	8746
2	505	7810.522649213396	8750
2	507	7862.245604435567	8748
2	510	7901.052687817981	8749
2	527	8148.426012842493	8751
2	542	8321.872244680767	8755
2	543	8340.253634428401	8757
2	547	8369.006410650405	8754
2	550	8413.404429753152	8759
2	551	8419.63490375847	8756
2	554	8446.997810446987	8760
2	555	8447.927487652016	8753
2	560	8510.302785952157	8758
2	571	8592.722760253402	8761
2	589	8795.179000889505	8764
2	594	8804.603799202932	8768
2	599	8903.331611468989	8767
2	601	8957.455590210339	8763
2	603	9003.73900484742	8765
2	611	9112.102505214505	8769
2	620	9273.413793678976	8772
2	629	9437.118965826416	8771
2	631	9457.10770018969	8773
2	634	9536.377007473965	8774
2	642	9645.36414468341	8777
2	645	9705.953957001245	8776
2	654	10002.312979841534	8779
2	657	10031.09338494495	8778
2	663	10181.884517032499	8781
2	672	10323.870520410038	8780
2	683	10627.279826876321	8784
2	685	10633.145995605211	8783
2	694	10809.286340699976	8788
2	710	11087.222955786558	8789
2	722	11236.910768579837	8793
2	723	11237.68246467497	8794
2	725	11258.246378775088	8790
2	728	11302.167318314073	8791
2	730	11322.403819414779	8796
2	740	11438.974180780956	8798
2	743	11458.014717770938	8797
2	766	11833.455984286472	8804
2	771	11912.835478006224	8803
2	774	11973.9843082025	8805
2	784	12112.456453931361	8802
2	787	12139.464753770627	8807
2	796	12215.932331803587	8806
2	800	12281.648983990461	8811
2	805	12299.544670322355	8810
2	806	12305.701608692049	8812
2	812	12382.486399800557	8815
2	818	12419.620026647111	8817
2	828	12518.554706576966	8813
2	832	12566.014109342309	8819
2	840	12698.341477947324	8820
2	858	13057.503732819761	8825
2	861	13086.368491348324	8826
2	871	13327.944593025112	8828
2	879	13503.042189551478	8827
2	882	13542.736787038062	8830
2	903	13998.90348448997	8832
2	914	14114.117706897989	8835
2	916	14131.078249214316	8833
2	917	14190.053784392195	8838
2	921	14206.1028861803	8840
2	923	14216.299425349604	8841
2	929	14304.803313352226	8839
2	941	14445.392327578089	8843
2	956	14586.527147074003	8846
2	957	14598.308657785292	8847
2	962	14644.811350503286	8851
2	966	14698.457414852453	8852
2	979	14895.13935080383	8853
2	992	15123.882728284858	8854
2	994	15191.591482956816	8856
2	997	15228.959265548996	8855
2	1007	15336.222962550353	8858
2	1009	15351.618279311198	8860
2	1018	15473.664182309218	8861
2	1021	15529.993957796539	8857
2	1024	15542.939461807188	8859
2	1031	15641.859774071509	8862
2	1034	15670.282515857454	8864
2	1055	15996.548429846127	8865
2	1063	16140.559096910905	8866
2	1066	16178.075948984104	8867
2	1073	16305.854222231623	8871
2	1079	16466.542324339697	8872
2	1086	16636.324497115475	8873
2	1097	16887.441382793041	8875
2	1101	16989.308097161921	8874
2	1114	17163.107464477318	8876
2	1119	17256.736028157865	8881
2	1123	17324.478700695576	8880
2	1130	17431.378680760924	8879
2	1132	17475.008977681962	8882
2	1142	17624.21013342335	8885
2	1151	17812.031986733557	8887
2	1160	17938.566005648217	8890
2	1174	18176.770273088326	8892
2	1187	18402.561022015689	8893
2	1189	18413.45666842915	8896
2	1192	18433.129046115019	8895
2	1199	18522.341554818641	8894
2	1200	18526.681422041825	8898
2	1206	18614.856657613558	8897
2	1213	18668.720777885387	8902
2	1233	18931.213098732032	8906
2	1241	19084.828019617473	8907
2	1244	19144.798336188626	8909
2	1245	19163.489618799579	8908
2	1260	19484.482573978549	8911
2	1272	19682.840868751001	8913
2	1277	19774.836726706009	8914
2	1278	19776.591021831838	8915
2	1281	19800.911419612438	8916
2	1283	19824.045103898052	8918
2	1288	19880.070483142239	8919
2	1292	19906.98448277592	8917
3	92	1010.134652827952	0
3	95	1064.165860481839	0
3	108	1319.007933020168	0
3	112	1347.65586749176	0
3	118	1441.125139163433	0
3	132	1633.345380251534	0
3	136	1685.307283529935	0
3	137	1685.565035872668	0
3	138	1725.932053790811	0
3	142	1751.017742259746	0
3	161	2090.678763806762	0
3	172	2254.484877979836	0
3	190	2429.822924263684	0
3	195	2495.364347439757	0
3	199	2513.892063220539	0
3	212	2702.845453176847	0
3	217	2848.783606490351	0
3	230	3207.56715255245	0
3	232	3288.908400812654	0
3	235	3385.845696281511	0
3	238	3404.155935572317	0
3	242	3498.043982355847	0
3	245	3577.381262082752	0
3	262	3883.792827029226	0
3	275	4031.019104728064	0
3	287	4181.903967155019	0
3	288	4188.484062330588	0
3	298	4317.469045262323	0
3	305	4417.784930392218	0
3	308	4433.498307138878	0
3	309	4459.736766252962	0
3	324	4681.076086536857	0
3	328	4736.907519161362	0
3	333	4830.568848453927	0
3	341	4939.349187784652	0
3	344	5033.1024474579	0
3	355	5273.461032906558	0
3	356	5275.477379506755	0
3	357	5320.218994206263	0
3	358	5321.219063329792	0
3	369	5547.359264177412	0
3	371	5587.724550424921	0
3	375	5696.068250872918	0
3	383	5944.502715156474	0
3	395	6157.669169453169	0
3	398	6246.196367720055	0
3	408	6421.861896003367	0
3	418	6613.926960484975	0
3	419	6624.699978403093	0
3	421	6640.68717529263	0
3	431	6797.739142495558	0
3	438	6891.245844191913	0
3	440	6914.78994478604	0
3	457	7196.609639232144	0
3	458	7205.223393804501	0
3	461	7215.028401937614	0
3	477	7457.500013897775	0
3	482	7498.752226483656	0
3	493	7661.853600710669	0
3	495	7664.158901726185	0
3	503	7777.207521034126	0
3	506	7813.171161827164	0
3	511	7913.522649213396	0
3	515	7965.245604435567	0
3	526	8138.927487652016	0
3	536	8251.426012842493	0
3	552	8424.872244680767	0
3	553	8443.253634428401	0
3	557	8472.006410650405	0
3	561	8516.404429753152	0
3	566	8549.997810446987	0
3	576	8648.455590210339	0
3	581	8694.73900484742	0
3	582	8695.722760253402	0
3	596	8898.179000889505	0
3	600	8907.603799202932	0
3	604	9006.331611468989	0
3	612	9123.055035302833	0
3	626	9376.413793678976	0
3	630	9454.325933567861	0
3	638	9560.10770018969	0
3	647	9748.36414468341	0
3	648	9808.953957001245	0
3	659	10105.312979841534	0
3	662	10134.09338494495	0
3	665	10217.617066769977	0
3	669	10284.884517032499	0
3	673	10324.145995605211	0
3	688	10722.224014846132	0
3	689	10730.279826876321	0
3	690	10731.839952694513	0
3	702	10912.286340699976	0
3	704	10949.246378775088	0
3	707	10993.167318314073	0
3	718	11190.222955786558	0
3	732	11339.910768579837	0
3	733	11340.68246467497	0
3	739	11425.403819414779	0
3	744	11500.838314523466	0
3	747	11541.974180780956	0
3	752	11639.22248957619	0
3	757	11730.889776322054	0
3	763	11803.456453931361	0
3	772	11936.455984286472	0
3	777	12015.835478006224	0
3	781	12076.9843082025	0
3	788	12151.079989702682	0
3	809	12318.932331803587	0
3	813	12384.648983990461	0
3	814	12392.528965141776	0
3	815	12402.544670322355	0
3	816	12408.701608692049	0
3	823	12485.486399800557	0
3	838	12669.014109342309	0
3	842	12754.01068682142	0
3	845	12801.341477947324	0
3	852	12958.595305747875	0
3	857	13045.783941182153	0
3	864	13160.503732819761	0
3	865	13189.368491348324	0
3	875	13430.944593025112	0
3	876	13437.213210821657	0
3	883	13582.813741593857	0
3	895	13822.078249214316	0
3	911	14101.90348448997	0
3	913	14107.516445548865	0
3	924	14217.117706897989	0
3	927	14293.053784392195	0
3	930	14309.1028861803	0
3	932	14319.299425349604	0
3	938	14407.803313352226	0
3	953	14548.392327578089	0
3	955	14562.771374769884	0
3	959	14602.73339405429	0
3	965	14689.527147074003	0
3	967	14701.308657785292	0
3	971	14747.811350503286	0
3	975	14801.457414852453	0
3	984	14998.13935080383	0
3	996	15226.882728284858	0
3	1002	15294.591482956816	0
3	1005	15331.959265548996	0
3	1015	15439.222962550353	0
3	1017	15454.618279311198	0
3	1027	15576.664182309218	0
3	1028	15581.27175521817	0
3	1033	15645.939461807188	0
3	1037	15687.548429846127	0
3	1042	15773.282515857454	0
3	1046	15831.559096910905	0
3	1064	16159.044080378141	0
3	1068	16240.150125750707	0
3	1077	16408.854222231623	0
3	1083	16569.542324339697	0
3	1088	16680.308097161921	0
3	1090	16739.324497115475	0
3	1100	16960.940347662862	0
3	1102	16990.441382793041	0
3	1110	17112.250950624349	0
3	1112	17122.378680760924	0
3	1120	17266.107464477318	0
3	1125	17359.736028157865	0
3	1129	17427.478700695576	0
3	1143	17640.575186404239	0
3	1147	17727.21013342335	0
3	1152	17829.177532199388	0
3	1157	17915.031986733557	0
3	1167	18041.566005648217	0
3	1168	18072.255456387052	0
3	1180	18279.770273088326	0
3	1198	18516.45666842915	0
3	1201	18536.129046115019	0
3	1203	18566.852472263921	0
3	1204	18568.664419434743	0
3	1217	18717.856657613558	0
3	1222	18771.720777885387	0
3	1227	18835.090418611915	0
3	1238	19034.213098732032	0
3	1249	19247.798336188626	0
3	1250	19266.489618799579	0
3	1265	19587.482573978549	0
3	1280	19785.840868751001	0
3	1286	19877.836726706009	0
3	1287	19879.591021831838	0
3	1291	19903.911419612438	0
3	1294	19927.045103898052	0
3	1295	19942.872641870006	0
4	92	1010.134652827952	3
4	95	1064.165860481839	3
4	108	1319.007933020168	3
4	112	1347.65586749176	3
4	118	1441.125139163433	3
4	132	1633.345380251534	3
4	136	1685.307283529935	3
4	137	1685.565035872668	3
4	138	1725.932053790811	3
4	142	1751.017742259746	3
4	161	2090.678763806762	3
4	172	2254.484877979836	3
4	190	2429.822924263684	3
4	195	2495.364347439757	3
4	199	2513.892063220539	3
4	212	2702.845453176847	3
4	217	2848.783606490351	3
4	230	3207.56715255245	3
4	232	3288.908400812654	3
4	235	3385.845696281511	3
4	238	3404.155935572317	3
4	242	3498.043982355847	3
4	245	3577.381262082752	3
4	262	3883.792827029226	3
4	275	4031.019104728064	3
4	287	4181.903967155019	3
4	288	4188.484062330588	3
4	298	4317.469045262323	3
4	305	4417.784930392218	3
4	308	4433.498307138878	3
4	309	4459.736766252962	3
4	324	4681.076086536857	3
4	328	4736.907519161362	3
4	333	4830.568848453927	3
4	341	4939.349187784652	3
4	344	5033.1024474579	3
4	355	5273.461032906558	3
4	356	5275.477379506755	3
4	357	5320.218994206263	3
4	358	5321.219063329792	3
4	369	5547.359264177412	3
4	371	5587.724550424921	3
4	375	5696.068250872918	3
4	383	5944.502715156474	3
4	395	6157.669169453169	3
4	398	6246.196367720055	3
4	408	6421.861896003367	3
4	418	6613.926960484975	3
4	419	6624.699978403093	3
4	421	6640.68717529263	3
4	431	6797.739142495558	3
4	438	6891.245844191913	3
4	440	6914.78994478604	3
4	457	7196.609639232144	3
4	458	7205.223393804501	3
4	461	7215.028401937614	3
4	477	7457.500013897775	3
4	482	7498.752226483656	3
4	493	7661.853600710669	3
4	495	7664.158901726185	3
4	503	7777.207521034126	3
4	506	7813.171161827164	3
4	511	7913.522649213396	3
4	515	7965.245604435567	3
4	526	8138.927487652016	3
4	536	8251.426012842493	3
4	552	8424.872244680767	3
4	553	8443.253634428401	3
4	557	8472.006410650405	3
4	561	8516.404429753152	3
4	566	8549.997810446987	3
4	576	8648.455590210339	3
4	581	8694.73900484742	3
4	582	8695.722760253402	3
4	596	8898.179000889505	3
4	600	8907.603799202932	3
4	604	9006.331611468989	3
4	612	9123.055035302833	3
4	626	9376.413793678976	3
4	630	9454.325933567861	3
4	638	9560.10770018969	3
4	647	9748.36414468341	3
4	648	9808.953957001245	3
4	659	10105.312979841534	3
4	662	10134.09338494495	3
4	665	10217.617066769977	3
4	669	10284.884517032499	3
4	673	10324.145995605211	3
4	688	10722.224014846132	3
4	689	10730.279826876321	3
4	690	10731.839952694513	3
4	702	10912.286340699976	3
4	704	10949.246378775088	3
4	707	10993.167318314073	3
4	718	11190.222955786558	3
4	732	11339.910768579837	3
4	733	11340.68246467497	3
4	739	11425.403819414779	3
4	744	11500.838314523466	3
4	747	11541.974180780956	3
4	752	11639.22248957619	3
4	757	11730.889776322054	3
4	763	11803.456453931361	3
4	772	11936.455984286472	3
4	777	12015.835478006224	3
4	781	12076.9843082025	3
4	788	12151.079989702682	3
4	809	12318.932331803587	3
4	813	12384.648983990461	3
4	814	12392.528965141776	3
4	815	12402.544670322355	3
4	816	12408.701608692049	3
4	823	12485.486399800557	3
4	838	12669.014109342309	3
4	842	12754.01068682142	3
4	845	12801.341477947324	3
4	852	12958.595305747875	3
4	857	13045.783941182153	3
4	864	13160.503732819761	3
4	865	13189.368491348324	3
4	875	13430.944593025112	3
4	876	13437.213210821657	3
4	883	13582.813741593857	3
4	895	13822.078249214316	3
4	911	14101.90348448997	3
4	913	14107.516445548865	3
4	924	14217.117706897989	3
4	927	14293.053784392195	3
4	930	14309.1028861803	3
4	932	14319.299425349604	3
4	938	14407.803313352226	3
4	953	14548.392327578089	3
4	955	14562.771374769884	3
4	959	14602.73339405429	3
4	965	14689.527147074003	3
4	967	14701.308657785292	3
4	971	14747.811350503286	3
4	975	14801.457414852453	3
4	984	14998.13935080383	3
4	996	15226.882728284858	3
4	1002	15294.591482956816	3
4	1005	15331.959265548996	3
4	1015	15439.222962550353	3
4	1017	15454.618279311198	3
4	1027	15576.664182309218	3
4	1028	15581.27175521817	3
4	1033	15645.939461807188	3
4	1037	15687.548429846127	3
4	1042	15773.282515857454	3
4	1046	15831.559096910905	3
4	1064	16159.044080378141	3
4	1068	16240.150125750707	3
4	1077	16408.854222231623	3
4	1083	16569.542324339697	3
4	1088	16680.308097161921	3
4	1090	16739.324497115475	3
4	1100	16960.940347662862	3
4	1102	16990.441382793041	3
4	1110	17112.250950624349	3
4	1112	17122.378680760924	3
4	1120	17266.107464477318	3
4	1125	17359.736028157865	3
4	1129	17427.478700695576	3
4	1143	17640.575186404239	3
4	1147	17727.21013342335	3
4	1152	17829.177532199388	3
4	1157	17915.031986733557	3
4	1167	18041.566005648217	3
4	1168	18072.255456387052	3
4	1180	18279.770273088326	3
4	1198	18516.45666842915	3
4	1201	18536.129046115019	3
4	1203	18566.852472263921	3
4	1204	18568.664419434743	3
4	1217	18717.856657613558	3
4	1222	18771.720777885387	3
4	1227	18835.090418611915	3
4	1238	19034.213098732032	3
4	1249	19247.798336188626	3
4	1250	19266.489618799579	3
4	1265	19587.482573978549	3
4	1280	19785.840868751001	3
4	1286	19877.836726706009	3
4	1287	19879.591021831838	3
4	1291	19903.911419612438	3
4	1294	19927.045103898052	3
4	1295	19942.872641870006	3
5	92	1010.134652827952	8654
5	95	1064.165860481839	8656
5	108	1319.007933020168	8657
5	112	1347.65586749176	8659
5	118	1441.125139163433	8658
5	132	1633.345380251534	8664
5	136	1685.307283529935	8660
5	137	1685.565035872668	8666
5	138	1725.932053790811	8667
5	142	1751.017742259746	8665
5	161	2090.678763806762	8671
5	172	2254.484877979836	8670
5	190	2429.822924263684	8678
5	195	2495.364347439757	8674
5	199	2513.892063220539	8677
5	212	2702.845453176847	8682
5	217	2848.783606490351	8681
5	230	3207.56715255245	8685
5	232	3288.908400812654	8686
5	235	3385.845696281511	8687
5	238	3404.155935572317	8688
5	242	3498.043982355847	8689
5	245	3577.381262082752	8690
5	262	3883.792827029226	8694
5	275	4031.019104728064	8695
5	287	4181.903967155019	8700
5	288	4188.484062330588	8698
5	298	4317.469045262323	8696
5	305	4417.784930392218	8701
5	308	4433.498307138878	8702
5	309	4459.736766252962	8706
5	324	4681.076086536857	8704
5	328	4736.907519161362	8705
5	333	4830.568848453927	8708
5	341	4939.349187784652	8707
5	344	5033.1024474579	8712
5	355	5273.461032906558	8716
5	356	5275.477379506755	8713
5	357	5320.218994206263	8714
5	358	5321.219063329792	8715
5	369	5547.359264177412	8717
5	371	5587.724550424921	8718
5	375	5696.068250872918	8719
5	383	5944.502715156474	8720
5	395	6157.669169453169	8724
5	398	6246.196367720055	8723
5	408	6421.861896003367	8727
5	418	6613.926960484975	8726
5	419	6624.699978403093	8729
5	421	6640.68717529263	8730
5	431	6797.739142495558	8733
5	438	6891.245844191913	8732
5	440	6914.78994478604	8731
5	457	7196.609639232144	8734
5	458	7205.223393804501	8736
5	461	7215.028401937614	8738
5	477	7457.500013897775	8740
5	482	7498.752226483656	8743
5	493	7661.853600710669	8744
5	495	7664.158901726185	8745
5	503	7777.207521034126	8747
5	506	7813.171161827164	8746
5	511	7913.522649213396	8750
5	515	7965.245604435567	8748
5	526	8138.927487652016	8753
5	536	8251.426012842493	8751
5	552	8424.872244680767	8755
5	553	8443.253634428401	8757
5	557	8472.006410650405	8754
5	561	8516.404429753152	8759
5	566	8549.997810446987	8760
5	576	8648.455590210339	8763
5	581	8694.73900484742	8765
5	582	8695.722760253402	8761
5	596	8898.179000889505	8764
5	600	8907.603799202932	8768
5	604	9006.331611468989	8767
5	612	9123.055035302833	8770
5	626	9376.413793678976	8772
5	630	9454.325933567861	8775
5	638	9560.10770018969	8773
5	647	9748.36414468341	8777
5	648	9808.953957001245	8776
5	659	10105.312979841534	8779
5	662	10134.09338494495	8778
5	665	10217.617066769977	8782
5	669	10284.884517032499	8781
5	673	10324.145995605211	8783
5	688	10722.224014846132	8785
5	689	10730.279826876321	8784
5	690	10731.839952694513	8786
5	702	10912.286340699976	8788
5	704	10949.246378775088	8790
5	707	10993.167318314073	8791
5	718	11190.222955786558	8789
5	732	11339.910768579837	8793
5	733	11340.68246467497	8794
5	739	11425.403819414779	8796
5	744	11500.838314523466	8799
5	747	11541.974180780956	8798
5	752	11639.22248957619	8800
5	757	11730.889776322054	8801
5	763	11803.456453931361	8802
5	772	11936.455984286472	8804
5	777	12015.835478006224	8803
5	781	12076.9843082025	8805
5	788	12151.079989702682	8808
5	809	12318.932331803587	8806
5	813	12384.648983990461	8811
5	814	12392.528965141776	8816
5	815	12402.544670322355	8810
5	816	12408.701608692049	8812
5	823	12485.486399800557	8815
5	838	12669.014109342309	8819
5	842	12754.01068682142	8821
5	845	12801.341477947324	8820
5	852	12958.595305747875	8822
5	857	13045.783941182153	8824
5	864	13160.503732819761	8825
5	865	13189.368491348324	8826
5	875	13430.944593025112	8828
5	876	13437.213210821657	8829
5	883	13582.813741593857	8831
5	895	13822.078249214316	8833
5	911	14101.90348448997	8832
5	913	14107.516445548865	8837
5	924	14217.117706897989	8835
5	927	14293.053784392195	8838
5	930	14309.1028861803	8840
5	932	14319.299425349604	8841
5	938	14407.803313352226	8839
5	953	14548.392327578089	8843
5	955	14562.771374769884	8845
5	959	14602.73339405429	8848
5	965	14689.527147074003	8846
5	967	14701.308657785292	8847
5	971	14747.811350503286	8851
5	975	14801.457414852453	8852
5	984	14998.13935080383	8853
5	996	15226.882728284858	8854
5	1002	15294.591482956816	8856
5	1005	15331.959265548996	8855
5	1015	15439.222962550353	8858
5	1017	15454.618279311198	8860
5	1027	15576.664182309218	8861
5	1028	15581.27175521817	8863
5	1033	15645.939461807188	8859
5	1037	15687.548429846127	8865
5	1042	15773.282515857454	8864
5	1046	15831.559096910905	8866
5	1064	16159.044080378141	8869
5	1068	16240.150125750707	8870
5	1077	16408.854222231623	8871
5	1083	16569.542324339697	8872
5	1088	16680.308097161921	8874
5	1090	16739.324497115475	8873
5	1100	16960.940347662862	8877
5	1102	16990.441382793041	8875
5	1110	17112.250950624349	8878
5	1112	17122.378680760924	8879
5	1120	17266.107464477318	8876
5	1125	17359.736028157865	8881
5	1129	17427.478700695576	8880
5	1143	17640.575186404239	8886
5	1147	17727.21013342335	8885
5	1152	17829.177532199388	8888
5	1157	17915.031986733557	8887
5	1167	18041.566005648217	8890
5	1168	18072.255456387052	8891
5	1180	18279.770273088326	8892
5	1198	18516.45666842915	8896
5	1201	18536.129046115019	8895
5	1203	18566.852472263921	8899
5	1204	18568.664419434743	8900
5	1217	18717.856657613558	8897
5	1222	18771.720777885387	8902
5	1227	18835.090418611915	8904
5	1238	19034.213098732032	8906
5	1249	19247.798336188626	8909
5	1250	19266.489618799579	8908
5	1265	19587.482573978549	8911
5	1280	19785.840868751001	8913
5	1286	19877.836726706009	8914
5	1287	19879.591021831838	8915
5	1291	19903.911419612438	8916
5	1294	19927.045103898052	8918
5	1295	19942.872641870006	8920
6	98	1113.134652827952	0
6	101	1167.165860481839	0
6	114	1376.307283529935	0
6	116	1436.313478160975	0
6	117	1438.478816544506	0
6	139	1731.573539799296	0
6	140	1736.345380251534	0
6	145	1828.932053790811	0
6	148	1854.017742259746	0
6	154	1982.850971414638	0
6	167	2193.678763806762	0
6	171	2207.045703768917	0
6	175	2297.605408493362	0
6	182	2357.484877979836	0
6	193	2459.711986408733	0
6	200	2532.822924263684	0
6	201	2539.783606490351	0
6	207	2616.892063220539	0
6	211	2697.739878926787	0
6	216	2805.845453176847	0
6	236	3391.908400812654	0
6	240	3488.845696281511	0
6	247	3601.043982355847	0
6	248	3645.760235279905	0
6	249	3680.381262082752	0
6	260	3847.42037433522	0
6	271	3986.792827029226	0
6	272	4008.469045262323	0
6	274	4025.489537870218	0
6	281	4111.74099105934	0
6	295	4284.903967155019	0
6	302	4372.076086536857	0
6	307	4427.907519161362	0
6	315	4536.498307138878	0
6	316	4562.736766252962	0
6	319	4630.349187784652	0
6	332	4825.314000379001	0
6	360	5376.461032906558	0
6	361	5378.477379506755	0
6	363	5424.219063329792	0
6	373	5650.359264177412	0
6	378	5799.068250872918	0
6	385	6024.630914975224	0
6	386	6039.31551283126	0
6	396	6209.034309097668	0
6	404	6349.196367720055	0
6	414	6524.861896003367	0
6	425	6716.926960484975	0
6	426	6727.699978403093	0
6	428	6743.68717529263	0
6	437	6887.609639232144	0
6	439	6900.739142495558	0
6	441	6925.46639080889	0
6	443	6994.245844191913	0
6	446	7017.78994478604	0
6	470	7318.028401937614	0
6	473	7373.808000893492	0
6	486	7560.500013897775	0
6	501	7764.853600710669	0
6	518	8016.522649213396	0
6	521	8062.610555074363	0
6	523	8068.245604435567	0
6	528	8163.006410650405	0
6	535	8241.927487652016	0
6	546	8354.426012842493	0
6	564	8546.253634428401	0
6	578	8652.997810446987	0
6	583	8697.790206158229	0
6	586	8751.455590210339	0
6	590	8797.73900484742	0
6	591	8798.722760253402	0
6	610	9109.331611468989	0
6	617	9226.055035302833	0
6	618	9231.118965826416	0
6	632	9479.413793678976	0
6	637	9557.325933567861	0
6	649	9825.09338494495	0
6	652	9911.953957001245	0
6	661	10117.870520410038	0
6	664	10208.312979841534	0
6	671	10320.617066769977	0
6	674	10387.884517032499	0
6	677	10427.145995605211	0
6	692	10748.549693244034	0
6	695	10825.224014846132	0
6	700	10881.222955786558	0
6	708	11015.286340699976	0
6	709	11052.246378775088	0
6	711	11096.167318314073	0
6	720	11201.216669872287	0
6	726	11287.380866960275	0
6	745	11528.403819414779	0
6	749	11603.838314523466	0
6	753	11644.974180780956	0
6	769	11906.456453931361	0
6	776	12009.932331803587	0
6	789	12179.9843082025	0
6	791	12183.558546438015	0
6	807	12312.554706576966	0
6	808	12317.369333886104	0
6	821	12457.632851077184	0
6	825	12495.528965141776	0
6	833	12588.486399800557	0
6	846	12857.01068682142	0
6	849	12904.341477947324	0
6	868	13263.503732819761	0
6	870	13297.042189551478	0
6	880	13533.944593025112	0
6	881	13540.213210821657	0
6	888	13685.813741593857	0
6	893	13792.90348448997	0
6	896	13873.760176662072	0
6	899	13908.117706897989	0
6	900	13925.078249214316	0
6	901	13974.145411351095	0
6	922	14210.516445548865	0
6	936	14396.053784392195	0
6	939	14412.1028861803	0
6	960	14610.824978744062	0
6	963	14651.392327578089	0
6	968	14705.73339405429	0
6	973	14792.527147074003	0
6	981	14904.457414852453	0
6	1003	15323.993957796539	0
6	1008	15336.939461807188	0
6	1011	15397.591482956816	0
6	1014	15435.859774071509	0
6	1023	15542.222962550353	0
6	1035	15679.664182309218	0
6	1036	15684.27175521817	0
6	1045	15790.548429846127	0
6	1048	15876.282515857454	0
6	1051	15934.559096910905	0
6	1053	15972.075948984104	0
6	1058	16068.414161720063	0
6	1070	16262.044080378141	0
6	1074	16343.150125750707	0
6	1081	16511.854222231623	0
6	1091	16783.308097161921	0
6	1093	16842.324497115475	0
6	1099	16957.107464477318	0
6	1107	17063.940347662862	0
6	1116	17215.250950624349	0
6	1118	17225.378680760924	0
6	1140	17600.257120936854	0
6	1149	17743.575186404239	0
6	1153	17830.21013342335	0
6	1158	17932.177532199388	0
6	1164	18018.031986733557	0
6	1172	18144.566005648217	0
6	1173	18175.255456387052	0
6	1183	18316.341554818641	0
6	1186	18382.770273088326	0
6	1211	18639.129046115019	0
6	1212	18659.742320715822	0
6	1215	18671.664419434743	0
6	1216	18717.753614056209	0
6	1225	18820.856657613558	0
6	1228	18846.996467840814	0
6	1243	19137.213098732032	0
6	1246	19184.910243850798	0
6	1254	19369.489618799579	0
6	1275	19700.98448277592	0
6	1296	19943.316503964775	0
6	1297	19980.836726706009	0
7	98	1113.134652827952	3
7	101	1167.165860481839	3
7	114	1376.307283529935	3
7	116	1436.313478160975	3
7	117	1438.478816544506	3
7	139	1731.573539799296	3
7	140	1736.345380251534	3
7	145	1828.932053790811	3
7	148	1854.017742259746	3
7	154	1982.850971414638	3
7	167	2193.678763806762	3
7	171	2207.045703768917	3
7	175	2297.605408493362	3
7	182	2357.484877979836	3
7	193	2459.711986408733	3
7	200	2532.822924263684	3
7	201	2539.783606490351	3
7	207	2616.892063220539	3
7	211	2697.739878926787	3
7	216	2805.845453176847	3
7	236	3391.908400812654	3
7	240	3488.845696281511	3
7	247	3601.043982355847	3
7	248	3645.760235279905	3
7	249	3680.381262082752	3
7	260	3847.42037433522	3
7	271	3986.792827029226	3
7	272	4008.469045262323	3
7	274	4025.489537870218	3
7	281	4111.74099105934	3
7	295	4284.903967155019	3
7	302	4372.076086536857	3
7	307	4427.907519161362	3
7	315	4536.498307138878	3
7	316	4562.736766252962	3
7	319	4630.349187784652	3
7	332	4825.314000379001	3
7	360	5376.461032906558	3
7	361	5378.477379506755	3
7	363	5424.219063329792	3
7	373	5650.359264177412	3
7	378	5799.068250872918	3
7	385	6024.630914975224	3
7	386	6039.31551283126	3
7	396	6209.034309097668	3
7	404	6349.196367720055	3
7	414	6524.861896003367	3
7	425	6716.926960484975	3
7	426	6727.699978403093	3
7	428	6743.68717529263	3
7	437	6887.609639232144	3
7	439	6900.739142495558	3
7	441	6925.46639080889	3
7	443	6994.245844191913	3
7	446	7017.78994478604	3
7	470	7318.028401937614	3
7	473	7373.808000893492	3
7	486	7560.500013897775	3
7	501	7764.853600710669	3
7	518	8016.522649213396	3
7	521	8062.610555074363	3
7	523	8068.245604435567	3
7	528	8163.006410650405	3
7	535	8241.927487652016	3
7	546	8354.426012842493	3
7	564	8546.253634428401	3
7	578	8652.997810446987	3
7	583	8697.790206158229	3
7	586	8751.455590210339	3
7	590	8797.73900484742	3
7	591	8798.722760253402	3
7	610	9109.331611468989	3
7	617	9226.055035302833	3
7	618	9231.118965826416	3
7	632	9479.413793678976	3
7	637	9557.325933567861	3
7	649	9825.09338494495	3
7	652	9911.953957001245	3
7	661	10117.870520410038	3
7	664	10208.312979841534	3
7	671	10320.617066769977	3
7	674	10387.884517032499	3
7	677	10427.145995605211	3
7	692	10748.549693244034	3
7	695	10825.224014846132	3
7	700	10881.222955786558	3
7	708	11015.286340699976	3
7	709	11052.246378775088	3
7	711	11096.167318314073	3
7	720	11201.216669872287	3
7	726	11287.380866960275	3
7	745	11528.403819414779	3
7	749	11603.838314523466	3
7	753	11644.974180780956	3
7	769	11906.456453931361	3
7	776	12009.932331803587	3
7	789	12179.9843082025	3
7	791	12183.558546438015	3
7	807	12312.554706576966	3
7	808	12317.369333886104	3
7	821	12457.632851077184	3
7	825	12495.528965141776	3
7	833	12588.486399800557	3
7	846	12857.01068682142	3
7	849	12904.341477947324	3
7	868	13263.503732819761	3
7	870	13297.042189551478	3
7	880	13533.944593025112	3
7	881	13540.213210821657	3
7	888	13685.813741593857	3
7	893	13792.90348448997	3
7	896	13873.760176662072	3
7	899	13908.117706897989	3
7	900	13925.078249214316	3
7	901	13974.145411351095	3
7	922	14210.516445548865	3
7	936	14396.053784392195	3
7	939	14412.1028861803	3
7	960	14610.824978744062	3
7	963	14651.392327578089	3
7	968	14705.73339405429	3
7	973	14792.527147074003	3
7	981	14904.457414852453	3
7	1003	15323.993957796539	3
7	1008	15336.939461807188	3
7	1011	15397.591482956816	3
7	1014	15435.859774071509	3
7	1023	15542.222962550353	3
7	1035	15679.664182309218	3
7	1036	15684.27175521817	3
7	1045	15790.548429846127	3
7	1048	15876.282515857454	3
7	1051	15934.559096910905	3
7	1053	15972.075948984104	3
7	1058	16068.414161720063	3
7	1070	16262.044080378141	3
7	1074	16343.150125750707	3
7	1081	16511.854222231623	3
7	1091	16783.308097161921	3
7	1093	16842.324497115475	3
7	1099	16957.107464477318	3
7	1107	17063.940347662862	3
7	1116	17215.250950624349	3
7	1118	17225.378680760924	3
7	1140	17600.257120936854	3
7	1149	17743.575186404239	3
7	1153	17830.21013342335	3
7	1158	17932.177532199388	3
7	1164	18018.031986733557	3
7	1172	18144.566005648217	3
7	1173	18175.255456387052	3
7	1183	18316.341554818641	3
7	1186	18382.770273088326	3
7	1211	18639.129046115019	3
7	1212	18659.742320715822	3
7	1215	18671.664419434743	3
7	1216	18717.753614056209	3
7	1225	18820.856657613558	3
7	1228	18846.996467840814	3
7	1243	19137.213098732032	3
7	1246	19184.910243850798	3
7	1254	19369.489618799579	3
7	1275	19700.98448277592	3
7	1296	19943.316503964775	3
7	1297	19980.836726706009	3
8	98	1113.134652827952	8654
8	101	1167.165860481839	8656
8	114	1376.307283529935	8660
8	116	1436.313478160975	8661
8	117	1438.478816544506	8662
8	139	1731.573539799296	8668
8	140	1736.345380251534	8664
8	145	1828.932053790811	8667
8	148	1854.017742259746	8665
8	154	1982.850971414638	8669
8	167	2193.678763806762	8671
8	171	2207.045703768917	8673
8	175	2297.605408493362	8675
8	182	2357.484877979836	8670
8	193	2459.711986408733	8680
8	200	2532.822924263684	8678
8	201	2539.783606490351	8681
8	207	2616.892063220539	8677
8	211	2697.739878926787	8683
8	216	2805.845453176847	8682
8	236	3391.908400812654	8686
8	240	3488.845696281511	8687
8	247	3601.043982355847	8689
8	248	3645.760235279905	8691
8	249	3680.381262082752	8690
8	260	3847.42037433522	8693
8	271	3986.792827029226	8694
8	272	4008.469045262323	8696
8	274	4025.489537870218	8697
8	281	4111.74099105934	8699
8	295	4284.903967155019	8700
8	302	4372.076086536857	8704
8	307	4427.907519161362	8705
8	315	4536.498307138878	8702
8	316	4562.736766252962	8706
8	319	4630.349187784652	8707
8	332	4825.314000379001	8710
8	360	5376.461032906558	8716
8	361	5378.477379506755	8713
8	363	5424.219063329792	8715
8	373	5650.359264177412	8717
8	378	5799.068250872918	8719
8	385	6024.630914975224	8721
8	386	6039.31551283126	8722
8	396	6209.034309097668	8725
8	404	6349.196367720055	8723
8	414	6524.861896003367	8727
8	425	6716.926960484975	8726
8	426	6727.699978403093	8729
8	428	6743.68717529263	8730
8	437	6887.609639232144	8734
8	439	6900.739142495558	8733
8	441	6925.46639080889	8735
8	443	6994.245844191913	8732
8	446	7017.78994478604	8731
8	470	7318.028401937614	8738
8	473	7373.808000893492	8742
8	486	7560.500013897775	8740
8	501	7764.853600710669	8744
8	518	8016.522649213396	8750
8	521	8062.610555074363	8752
8	523	8068.245604435567	8748
8	528	8163.006410650405	8754
8	535	8241.927487652016	8753
8	546	8354.426012842493	8751
8	564	8546.253634428401	8757
8	578	8652.997810446987	8760
8	583	8697.790206158229	8766
8	586	8751.455590210339	8763
8	590	8797.73900484742	8765
8	591	8798.722760253402	8761
8	610	9109.331611468989	8767
8	617	9226.055035302833	8770
8	618	9231.118965826416	8771
8	632	9479.413793678976	8772
8	637	9557.325933567861	8775
8	649	9825.09338494495	8778
8	652	9911.953957001245	8776
8	661	10117.870520410038	8780
8	664	10208.312979841534	8779
8	671	10320.617066769977	8782
8	674	10387.884517032499	8781
8	677	10427.145995605211	8783
8	692	10748.549693244034	8787
8	695	10825.224014846132	8785
8	700	10881.222955786558	8789
8	708	11015.286340699976	8788
8	709	11052.246378775088	8790
8	711	11096.167318314073	8791
8	720	11201.216669872287	8792
8	726	11287.380866960275	8795
8	745	11528.403819414779	8796
8	749	11603.838314523466	8799
8	753	11644.974180780956	8798
8	769	11906.456453931361	8802
8	776	12009.932331803587	8806
8	789	12179.9843082025	8805
8	791	12183.558546438015	8809
8	807	12312.554706576966	8813
8	808	12317.369333886104	8814
8	821	12457.632851077184	8818
8	825	12495.528965141776	8816
8	833	12588.486399800557	8815
8	846	12857.01068682142	8821
8	849	12904.341477947324	8820
8	868	13263.503732819761	8825
8	870	13297.042189551478	8827
8	880	13533.944593025112	8828
8	881	13540.213210821657	8829
8	888	13685.813741593857	8831
8	893	13792.90348448997	8832
8	896	13873.760176662072	8834
8	899	13908.117706897989	8835
8	900	13925.078249214316	8833
8	901	13974.145411351095	8836
8	922	14210.516445548865	8837
8	936	14396.053784392195	8838
8	939	14412.1028861803	8840
8	960	14610.824978744062	8849
8	963	14651.392327578089	8843
8	968	14705.73339405429	8848
8	973	14792.527147074003	8846
8	981	14904.457414852453	8852
8	1003	15323.993957796539	8857
8	1008	15336.939461807188	8859
8	1011	15397.591482956816	8856
8	1014	15435.859774071509	8862
8	1023	15542.222962550353	8858
8	1035	15679.664182309218	8861
8	1036	15684.27175521817	8863
8	1045	15790.548429846127	8865
8	1048	15876.282515857454	8864
8	1051	15934.559096910905	8866
8	1053	15972.075948984104	8867
8	1058	16068.414161720063	8868
8	1070	16262.044080378141	8869
8	1074	16343.150125750707	8870
8	1081	16511.854222231623	8871
8	1091	16783.308097161921	8874
8	1093	16842.324497115475	8873
8	1099	16957.107464477318	8876
8	1107	17063.940347662862	8877
8	1116	17215.250950624349	8878
8	1118	17225.378680760924	8879
8	1140	17600.257120936854	8883
8	1149	17743.575186404239	8886
8	1153	17830.21013342335	8885
8	1158	17932.177532199388	8888
8	1164	18018.031986733557	8887
8	1172	18144.566005648217	8890
8	1173	18175.255456387052	8891
8	1183	18316.341554818641	8894
8	1186	18382.770273088326	8892
8	1211	18639.129046115019	8895
8	1212	18659.742320715822	8901
8	1215	18671.664419434743	8900
8	1216	18717.753614056209	8903
8	1225	18820.856657613558	8897
8	1228	18846.996467840814	8905
8	1243	19137.213098732032	8906
8	1246	19184.910243850798	8910
8	1254	19369.489618799579	8908
8	1275	19700.98448277592	8917
8	1296	19943.316503964775	8921
8	1297	19980.836726706009	8914
9	97	1113.007933020168	0
9	104	1235.125139163433	0
9	120	1458.171123353197	0
9	121	1479.307283529935	0
9	123	1539.313478160975	0
9	146	1834.573539799296	0
9	150	1931.932053790811	0
9	153	1957.017742259746	0
9	158	2048.484877979836	0
9	162	2092.261914561114	0
9	173	2289.364347439757	0
9	174	2296.678763806762	0
9	177	2299.212072648246	0
9	178	2310.045703768917	0
9	203	2562.711986408733	0
9	209	2642.783606490351	0
9	215	2800.739878926787	0
9	219	2908.845453176847	0
9	246	3591.845696281511	0
9	251	3704.043982355847	0
9	254	3748.760235279905	0
9	268	3950.42037433522	0
9	280	4111.469045262323	0
9	289	4211.784930392218	0
9	292	4227.498307138878	0
9	304	4387.903967155019	0
9	310	4475.076086536857	0
9	314	4530.907519161362	0
9	327	4733.349187784652	0
9	329	4771.025392808046	0
9	337	4915.37388042619	0
9	338	4928.314000379001	0
9	366	5481.477379506755	0
9	380	5902.068250872918	0
9	393	6142.31551283126	0
9	401	6312.034309097668	0
9	405	6407.926960484975	0
9	420	6627.861896003367	0
9	424	6708.78994478604	0
9	442	6990.609639232144	0
9	445	7003.739142495558	0
9	447	7028.46639080889	0
9	456	7184.3170935099	0
9	469	7311.909989243026	0
9	481	7476.808000893492	0
9	491	7607.171161827164	0
9	500	7759.245604435567	0
9	504	7798.052687817981	0
9	508	7867.853600710669	0
9	520	8045.426012842493	0
9	525	8119.522649213396	0
9	529	8165.610555074363	0
9	532	8218.872244680767	0
9	537	8266.006410650405	0
9	541	8316.63490375847	0
9	544	8344.927487652016	0
9	549	8407.302785952157	0
9	559	8489.722760253402	0
9	569	8582.56274159586	0
9	577	8649.253634428401	0
9	580	8692.179000889505	0
9	592	8800.331611468989	0
9	595	8854.455590210339	0
9	597	8900.73900484742	0
9	621	9329.055035302833	0
9	623	9334.118965826416	0
9	624	9354.10770018969	0
9	628	9433.377007473965	0
9	640	9602.953957001245	0
9	653	9928.09338494495	0
9	666	10220.870520410038	0
9	678	10490.884517032499	0
9	680	10530.145995605211	0
9	699	10851.549693244034	0
9	706	10984.222955786558	0
9	716	11155.246378775088	0
9	719	11199.167318314073	0
9	734	11355.014717770938	0
9	751	11631.403819414779	0
9	755	11706.838314523466	0
9	764	11809.835478006224	0
9	768	11870.9843082025	0
9	775	12009.456453931361	0
9	778	12036.464753770627	0
9	785	12112.932331803587	0
9	792	12196.544670322355	0
9	817	12415.554706576966	0
9	819	12420.369333886104	0
9	835	12598.528965141776	0
9	839	12691.486399800557	0
9	854	12973.56262179701	0
9	856	13007.341477947324	0
9	874	13400.042189551478	0
9	898	13895.90348448997	0
9	902	13976.760176662072	0
9	905	14011.117706897989	0
9	906	14028.078249214316	0
9	919	14201.803313352226	0
9	928	14301.517445510903	0
9	934	14342.392327578089	0
9	942	14445.568753123295	0
9	961	14627.642039014447	0
9	977	14808.73339405429	0
9	980	14895.527147074003	0
9	986	15007.457414852453	0
9	987	15020.882728284858	0
9	993	15125.959265548996	0
9	1010	15370.664182309218	0
9	1012	15426.993957796539	0
9	1016	15439.939461807188	0
9	1022	15538.859774071509	0
9	1032	15645.222962550353	0
9	1044	15787.27175521817	0
9	1050	15893.548429846127	0
9	1054	15979.282515857454	0
9	1056	16037.559096910905	0
9	1059	16075.075948984104	0
9	1065	16171.414161720063	0
9	1075	16365.044080378141	0
9	1085	16614.854222231623	0
9	1096	16886.308097161921	0
9	1098	16945.324497115475	0
9	1106	17060.107464477318	0
9	1117	17221.478700695576	0
9	1122	17318.250950624349	0
9	1124	17328.378680760924	0
9	1127	17372.008977681962	0
9	1141	17600.691847056503	0
9	1155	17846.270702778276	0
9	1159	17933.21013342335	0
9	1165	18035.177532199388	0
9	1169	18073.770273088326	0
9	1178	18247.566005648217	0
9	1181	18299.561022015689	0
9	1184	18330.129046115019	0
9	1190	18419.341554818641	0
9	1197	18511.856657613558	0
9	1221	18762.742320715822	0
9	1237	18981.828019617473	0
9	1240	19060.489618799579	0
9	1248	19240.213098732032	0
9	1251	19287.910243850798	0
9	1261	19524.779551215238	0
9	1264	19579.840868751001	0
9	1270	19671.836726706009	0
9	1271	19673.591021831838	0
9	1274	19697.911419612438	0
9	1276	19721.045103898052	0
9	1282	19803.98448277592	0
10	97	1113.007933020168	3
10	104	1235.125139163433	3
10	120	1458.171123353197	3
10	121	1479.307283529935	3
10	123	1539.313478160975	3
10	146	1834.573539799296	3
10	150	1931.932053790811	3
10	153	1957.017742259746	3
10	158	2048.484877979836	3
10	162	2092.261914561114	3
10	173	2289.364347439757	3
10	174	2296.678763806762	3
10	177	2299.212072648246	3
10	178	2310.045703768917	3
10	203	2562.711986408733	3
10	209	2642.783606490351	3
10	215	2800.739878926787	3
10	219	2908.845453176847	3
10	246	3591.845696281511	3
10	251	3704.043982355847	3
10	254	3748.760235279905	3
10	268	3950.42037433522	3
10	280	4111.469045262323	3
10	289	4211.784930392218	3
10	292	4227.498307138878	3
10	304	4387.903967155019	3
10	310	4475.076086536857	3
10	314	4530.907519161362	3
10	327	4733.349187784652	3
10	329	4771.025392808046	3
10	337	4915.37388042619	3
10	338	4928.314000379001	3
10	366	5481.477379506755	3
10	380	5902.068250872918	3
10	393	6142.31551283126	3
10	401	6312.034309097668	3
10	405	6407.926960484975	3
10	420	6627.861896003367	3
10	424	6708.78994478604	3
10	442	6990.609639232144	3
10	445	7003.739142495558	3
10	447	7028.46639080889	3
10	456	7184.3170935099	3
10	469	7311.909989243026	3
10	481	7476.808000893492	3
10	491	7607.171161827164	3
10	500	7759.245604435567	3
10	504	7798.052687817981	3
10	508	7867.853600710669	3
10	520	8045.426012842493	3
10	525	8119.522649213396	3
10	529	8165.610555074363	3
10	532	8218.872244680767	3
10	537	8266.006410650405	3
10	541	8316.63490375847	3
10	544	8344.927487652016	3
10	549	8407.302785952157	3
10	559	8489.722760253402	3
10	569	8582.56274159586	3
10	577	8649.253634428401	3
10	580	8692.179000889505	3
10	592	8800.331611468989	3
10	595	8854.455590210339	3
10	597	8900.73900484742	3
10	621	9329.055035302833	3
10	623	9334.118965826416	3
10	624	9354.10770018969	3
10	628	9433.377007473965	3
10	640	9602.953957001245	3
10	653	9928.09338494495	3
10	666	10220.870520410038	3
10	678	10490.884517032499	3
10	680	10530.145995605211	3
10	699	10851.549693244034	3
10	706	10984.222955786558	3
10	716	11155.246378775088	3
10	719	11199.167318314073	3
10	734	11355.014717770938	3
10	751	11631.403819414779	3
10	755	11706.838314523466	3
10	764	11809.835478006224	3
10	768	11870.9843082025	3
10	775	12009.456453931361	3
10	778	12036.464753770627	3
10	785	12112.932331803587	3
10	792	12196.544670322355	3
10	817	12415.554706576966	3
10	819	12420.369333886104	3
10	835	12598.528965141776	3
10	839	12691.486399800557	3
10	854	12973.56262179701	3
10	856	13007.341477947324	3
10	874	13400.042189551478	3
10	898	13895.90348448997	3
10	902	13976.760176662072	3
10	905	14011.117706897989	3
10	906	14028.078249214316	3
10	919	14201.803313352226	3
10	928	14301.517445510903	3
10	934	14342.392327578089	3
10	942	14445.568753123295	3
10	961	14627.642039014447	3
10	977	14808.73339405429	3
10	980	14895.527147074003	3
10	986	15007.457414852453	3
10	987	15020.882728284858	3
10	993	15125.959265548996	3
10	1010	15370.664182309218	3
10	1012	15426.993957796539	3
10	1016	15439.939461807188	3
10	1022	15538.859774071509	3
10	1032	15645.222962550353	3
10	1044	15787.27175521817	3
10	1050	15893.548429846127	3
10	1054	15979.282515857454	3
10	1056	16037.559096910905	3
10	1059	16075.075948984104	3
10	1065	16171.414161720063	3
10	1075	16365.044080378141	3
10	1085	16614.854222231623	3
10	1096	16886.308097161921	3
10	1098	16945.324497115475	3
10	1106	17060.107464477318	3
10	1117	17221.478700695576	3
10	1122	17318.250950624349	3
10	1124	17328.378680760924	3
10	1127	17372.008977681962	3
10	1141	17600.691847056503	3
10	1155	17846.270702778276	3
10	1159	17933.21013342335	3
10	1165	18035.177532199388	3
10	1169	18073.770273088326	3
10	1178	18247.566005648217	3
10	1181	18299.561022015689	3
10	1184	18330.129046115019	3
10	1190	18419.341554818641	3
10	1197	18511.856657613558	3
10	1221	18762.742320715822	3
10	1237	18981.828019617473	3
10	1240	19060.489618799579	3
10	1248	19240.213098732032	3
10	1251	19287.910243850798	3
10	1261	19524.779551215238	3
10	1264	19579.840868751001	3
10	1270	19671.836726706009	3
10	1271	19673.591021831838	3
10	1274	19697.911419612438	3
10	1276	19721.045103898052	3
10	1282	19803.98448277592	3
11	97	1113.007933020168	8657
11	104	1235.125139163433	8658
11	120	1458.171123353197	8663
11	121	1479.307283529935	8660
11	123	1539.313478160975	8661
11	146	1834.573539799296	8668
11	150	1931.932053790811	8667
11	153	1957.017742259746	8665
11	158	2048.484877979836	8670
11	162	2092.261914561114	8672
11	173	2289.364347439757	8674
11	174	2296.678763806762	8671
11	177	2299.212072648246	8676
11	178	2310.045703768917	8673
11	203	2562.711986408733	8680
11	209	2642.783606490351	8681
11	215	2800.739878926787	8683
11	219	2908.845453176847	8682
11	246	3591.845696281511	8687
11	251	3704.043982355847	8689
11	254	3748.760235279905	8691
11	268	3950.42037433522	8693
11	280	4111.469045262323	8696
11	289	4211.784930392218	8701
11	292	4227.498307138878	8702
11	304	4387.903967155019	8700
11	310	4475.076086536857	8704
11	314	4530.907519161362	8705
11	327	4733.349187784652	8707
11	329	4771.025392808046	8709
11	337	4915.37388042619	8711
11	338	4928.314000379001	8710
11	366	5481.477379506755	8713
11	380	5902.068250872918	8719
11	393	6142.31551283126	8722
11	401	6312.034309097668	8725
11	405	6407.926960484975	8726
11	420	6627.861896003367	8727
11	424	6708.78994478604	8731
11	442	6990.609639232144	8734
11	445	7003.739142495558	8733
11	447	7028.46639080889	8735
11	456	7184.3170935099	8737
11	469	7311.909989243026	8739
11	481	7476.808000893492	8742
11	491	7607.171161827164	8746
11	500	7759.245604435567	8748
11	504	7798.052687817981	8749
11	508	7867.853600710669	8744
11	520	8045.426012842493	8751
11	525	8119.522649213396	8750
11	529	8165.610555074363	8752
11	532	8218.872244680767	8755
11	537	8266.006410650405	8754
11	541	8316.63490375847	8756
11	544	8344.927487652016	8753
11	549	8407.302785952157	8758
11	559	8489.722760253402	8761
11	569	8582.56274159586	8762
11	577	8649.253634428401	8757
11	580	8692.179000889505	8764
11	592	8800.331611468989	8767
11	595	8854.455590210339	8763
11	597	8900.73900484742	8765
11	621	9329.055035302833	8770
11	623	9334.118965826416	8771
11	624	9354.10770018969	8773
11	628	9433.377007473965	8774
11	640	9602.953957001245	8776
11	653	9928.09338494495	8778
11	666	10220.870520410038	8780
11	678	10490.884517032499	8781
11	680	10530.145995605211	8783
11	699	10851.549693244034	8787
11	706	10984.222955786558	8789
11	716	11155.246378775088	8790
11	719	11199.167318314073	8791
11	734	11355.014717770938	8797
11	751	11631.403819414779	8796
11	755	11706.838314523466	8799
11	764	11809.835478006224	8803
11	768	11870.9843082025	8805
11	775	12009.456453931361	8802
11	778	12036.464753770627	8807
11	785	12112.932331803587	8806
11	792	12196.544670322355	8810
11	817	12415.554706576966	8813
11	819	12420.369333886104	8814
11	835	12598.528965141776	8816
11	839	12691.486399800557	8815
11	854	12973.56262179701	8823
11	856	13007.341477947324	8820
11	874	13400.042189551478	8827
11	898	13895.90348448997	8832
11	902	13976.760176662072	8834
11	905	14011.117706897989	8835
11	906	14028.078249214316	8833
11	919	14201.803313352226	8839
11	928	14301.517445510903	8842
11	934	14342.392327578089	8843
11	942	14445.568753123295	8844
11	961	14627.642039014447	8850
11	977	14808.73339405429	8848
11	980	14895.527147074003	8846
11	986	15007.457414852453	8852
11	987	15020.882728284858	8854
11	993	15125.959265548996	8855
11	1010	15370.664182309218	8861
11	1012	15426.993957796539	8857
11	1016	15439.939461807188	8859
11	1022	15538.859774071509	8862
11	1032	15645.222962550353	8858
11	1044	15787.27175521817	8863
11	1050	15893.548429846127	8865
11	1054	15979.282515857454	8864
11	1056	16037.559096910905	8866
11	1059	16075.075948984104	8867
11	1065	16171.414161720063	8868
11	1075	16365.044080378141	8869
11	1085	16614.854222231623	8871
11	1096	16886.308097161921	8874
11	1098	16945.324497115475	8873
11	1106	17060.107464477318	8876
11	1117	17221.478700695576	8880
11	1122	17318.250950624349	8878
11	1124	17328.378680760924	8879
11	1127	17372.008977681962	8882
11	1141	17600.691847056503	8884
11	1155	17846.270702778276	8889
11	1159	17933.21013342335	8885
11	1165	18035.177532199388	8888
11	1169	18073.770273088326	8892
11	1178	18247.566005648217	8890
11	1181	18299.561022015689	8893
11	1184	18330.129046115019	8895
11	1190	18419.341554818641	8894
11	1197	18511.856657613558	8897
11	1221	18762.742320715822	8901
11	1237	18981.828019617473	8907
11	1240	19060.489618799579	8908
11	1248	19240.213098732032	8906
11	1251	19287.910243850798	8910
11	1261	19524.779551215238	8912
11	1264	19579.840868751001	8913
11	1270	19671.836726706009	8914
11	1271	19673.591021831838	8915
11	1274	19697.911419612438	8916
11	1276	19721.045103898052	8918
11	1282	19803.98448277592	8917
12	176	2298.261914561114	306
12	197	2502.678763806762	512
12	264	3910.043982355847	512
12	349	5121.37388042619	306
12	484	7517.909989243026	306
12	567	8550.927487652016	512
12	608	9060.455590210339	512
12	616	9215.102505214505	203
12	635	9540.118965826416	409
12	676	10426.870520410038	409
12	735	11361.246378775088	512
12	795	12215.456453931361	512
12	836	12621.554706576966	409
12	884	13606.042189551478	409
12	1069	16243.559096910905	512
12	1137	17534.378680760924	512
12	1139	17578.008977681962	306
12	1196	18505.561022015689	306
12	1209	18625.341554818641	409
12	1247	19187.828019617473	306
13	176	2298.261914561114	6
13	197	2502.678763806762	12
13	264	3910.043982355847	12
13	349	5121.37388042619	6
13	484	7517.909989243026	6
13	567	8550.927487652016	12
13	608	9060.455590210339	12
13	616	9215.102505214505	3
13	635	9540.118965826416	9
13	676	10426.870520410038	9
13	735	11361.246378775088	12
13	795	12215.456453931361	12
13	836	12621.554706576966	9
13	884	13606.042189551478	9
13	1069	16243.559096910905	12
13	1137	17534.378680760924	12
13	1139	17578.008977681962	6
13	1196	18505.561022015689	6
13	1209	18625.341554818641	9
13	1247	19187.828019617473	6
14	176	2298.261914561114	2
14	197	2502.678763806762	4
14	264	3910.043982355847	4
14	349	5121.37388042619	2
14	484	7517.909989243026	2
14	567	8550.927487652016	4
14	608	9060.455590210339	4
14	616	9215.102505214505	1
14	635	9540.118965826416	3
14	676	10426.870520410038	3
14	735	11361.246378775088	4
14	795	12215.456453931361	4
14	836	12621.554706576966	3
14	884	13606.042189551478	3
14	1069	16243.559096910905	4
14	1137	17534.378680760924	4
14	1139	17578.008977681962	2
14	1196	18505.561022015689	2
14	1209	18625.341554818641	3
14	1247	19187.828019617473	2
15	119	1450.65586749176	306
15	143	1788.307283529935	512
15	220	2951.783606490351	512
15	243	3507.155935572317	203
15	285	4134.019104728064	306
15	296	4291.484062330588	306
15	312	4520.784930392218	409
15	330	4784.076086536857	512
15	335	4839.907519161362	512
15	350	5136.1024474579	203
15	374	5690.724550424921	203
15	388	6047.502715156474	306
15	399	6260.669169453169	203
15	509	7880.207521034126	306
15	512	7916.171161827164	409
15	563	8527.872244680767	409
15	568	8575.006410650405	512
15	602	9001.179000889505	409
15	605	9010.603799202932	306
15	668	10237.09338494495	512
15	696	10833.279826876321	306
15	697	10834.839952694513	203
15	727	11293.222955786558	512
15	742	11443.68246467497	306
15	786	12118.835478006224	409
15	799	12254.079989702682	203
15	820	12421.932331803587	512
15	863	13148.783941182153	203
15	869	13292.368491348324	306
15	920	14204.90348448997	512
15	948	14510.803313352226	409
15	964	14665.771374769884	203
15	978	14850.811350503286	306
15	1004	15329.882728284858	409
15	1013	15434.959265548996	409
15	1087	16672.542324339697	306
15	1126	17369.107464477318	512
15	1131	17462.736028157865	306
15	1230	18874.720777885387	306
15	1234	18938.090418611915	203
15	1253	19350.798336188626	306
15	1273	19690.482573978549	306
15	1289	19888.840868751001	409
15	1298	19982.591021831838	409
16	119	1450.65586749176	6
16	143	1788.307283529935	12
16	220	2951.783606490351	12
16	243	3507.155935572317	3
16	285	4134.019104728064	6
16	296	4291.484062330588	6
16	312	4520.784930392218	9
16	330	4784.076086536857	12
16	335	4839.907519161362	12
16	350	5136.1024474579	3
16	374	5690.724550424921	3
16	388	6047.502715156474	6
16	399	6260.669169453169	3
16	509	7880.207521034126	6
16	512	7916.171161827164	9
16	563	8527.872244680767	9
16	568	8575.006410650405	12
16	602	9001.179000889505	9
16	605	9010.603799202932	6
16	668	10237.09338494495	12
16	696	10833.279826876321	6
16	697	10834.839952694513	3
16	727	11293.222955786558	12
16	742	11443.68246467497	6
16	786	12118.835478006224	9
16	799	12254.079989702682	3
16	820	12421.932331803587	12
16	863	13148.783941182153	3
16	869	13292.368491348324	6
16	920	14204.90348448997	12
16	948	14510.803313352226	9
16	964	14665.771374769884	3
16	978	14850.811350503286	6
16	1004	15329.882728284858	9
16	1013	15434.959265548996	9
16	1087	16672.542324339697	6
16	1126	17369.107464477318	12
16	1131	17462.736028157865	6
16	1230	18874.720777885387	6
16	1234	18938.090418611915	3
16	1253	19350.798336188626	6
16	1273	19690.482573978549	6
16	1289	19888.840868751001	9
16	1298	19982.591021831838	9
17	119	1450.65586749176	2
17	143	1788.307283529935	4
17	220	2951.783606490351	4
17	243	3507.155935572317	1
17	285	4134.019104728064	2
17	296	4291.484062330588	2
17	312	4520.784930392218	3
17	330	4784.076086536857	4
17	335	4839.907519161362	4
17	350	5136.1024474579	1
17	374	5690.724550424921	1
17	388	6047.502715156474	2
17	399	6260.669169453169	1
17	509	7880.207521034126	2
17	512	7916.171161827164	3
17	563	8527.872244680767	3
17	568	8575.006410650405	4
17	602	9001.179000889505	3
17	605	9010.603799202932	2
17	668	10237.09338494495	4
17	696	10833.279826876321	2
17	697	10834.839952694513	1
17	727	11293.222955786558	4
17	742	11443.68246467497	2
17	786	12118.835478006224	3
17	799	12254.079989702682	1
17	820	12421.932331803587	4
17	863	13148.783941182153	1
17	869	13292.368491348324	2
17	920	14204.90348448997	4
17	948	14510.803313352226	3
17	964	14665.771374769884	1
17	978	14850.811350503286	2
17	1004	15329.882728284858	3
17	1013	15434.959265548996	3
17	1087	16672.542324339697	2
17	1126	17369.107464477318	4
17	1131	17462.736028157865	2
17	1230	18874.720777885387	2
17	1234	18938.090418611915	1
17	1253	19350.798336188626	2
17	1273	19690.482573978549	2
17	1289	19888.840868751001	3
17	1298	19982.591021831838	3
18	115	1422.007933020168	409
18	125	1544.125139163433	409
18	144	1788.565035872668	203
18	205	2598.364347439757	409
18	234	3310.56715255245	306
18	306	4420.469045262323	512
18	340	4933.568848453927	306
18	345	5042.349187784652	512
18	362	5423.218994206263	306
18	467	7299.609639232144	512
18	468	7308.223393804501	306
18	490	7601.752226483656	203
18	502	7767.158901726185	306
18	575	8619.404429753152	306
18	644	9663.10770018969	409
18	650	9851.36414468341	306
18	741	11442.910768579837	306
18	760	11742.22248957619	203
18	767	11833.889776322054	203
18	779	12039.455984286472	306
18	824	12487.648983990461	306
18	826	12505.544670322355	409
18	827	12511.701608692049	306
18	843	12772.014109342309	306
18	859	13061.595305747875	203
18	933	14320.117706897989	512
18	940	14422.299425349604	306
18	976	14804.308657785292	306
18	990	15101.13935080383	306
18	1025	15557.618279311198	306
18	1041	15748.939461807188	512
18	1109	17093.441382793041	306
18	1136	17530.478700695576	409
18	1208	18619.45666842915	306
18	1214	18669.852472263921	203
19	115	1422.007933020168	9
19	125	1544.125139163433	9
19	144	1788.565035872668	3
19	205	2598.364347439757	9
19	234	3310.56715255245	6
19	306	4420.469045262323	12
19	340	4933.568848453927	6
19	345	5042.349187784652	12
19	362	5423.218994206263	6
19	467	7299.609639232144	12
19	468	7308.223393804501	6
19	490	7601.752226483656	3
19	502	7767.158901726185	6
19	575	8619.404429753152	6
19	644	9663.10770018969	9
19	650	9851.36414468341	6
19	741	11442.910768579837	6
19	760	11742.22248957619	3
19	767	11833.889776322054	3
19	779	12039.455984286472	6
19	824	12487.648983990461	6
19	826	12505.544670322355	9
19	827	12511.701608692049	6
19	843	12772.014109342309	6
19	859	13061.595305747875	3
19	933	14320.117706897989	12
19	940	14422.299425349604	6
19	976	14804.308657785292	6
19	990	15101.13935080383	6
19	1025	15557.618279311198	6
19	1041	15748.939461807188	12
19	1109	17093.441382793041	6
19	1136	17530.478700695576	9
19	1208	18619.45666842915	6
19	1214	18669.852472263921	3
20	115	1422.007933020168	3
20	125	1544.125139163433	3
20	144	1788.565035872668	1
20	205	2598.364347439757	3
20	234	3310.56715255245	2
20	306	4420.469045262323	4
20	340	4933.568848453927	2
20	345	5042.349187784652	4
20	362	5423.218994206263	2
20	467	7299.609639232144	4
20	468	7308.223393804501	2
20	490	7601.752226483656	1
20	502	7767.158901726185	2
20	575	8619.404429753152	2
20	644	9663.10770018969	3
20	650	9851.36414468341	2
20	741	11442.910768579837	2
20	760	11742.22248957619	1
20	767	11833.889776322054	1
20	779	12039.455984286472	2
20	824	12487.648983990461	2
20	826	12505.544670322355	3
20	827	12511.701608692049	2
20	843	12772.014109342309	2
20	859	13061.595305747875	1
20	933	14320.117706897989	4
20	940	14422.299425349604	2
20	976	14804.308657785292	2
20	990	15101.13935080383	2
20	1025	15557.618279311198	2
20	1041	15748.939461807188	4
20	1109	17093.441382793041	2
20	1136	17530.478700695576	3
20	1208	18619.45666842915	2
20	1214	18669.852472263921	1
21	106	1270.165860481839	306
21	124	1541.478816544506	203
21	160	2085.850971414638	203
21	194	2460.484877979836	512
21	241	3494.908400812654	409
21	255	3783.381262082752	306
21	279	4089.792827029226	306
21	284	4128.489537870218	203
21	291	4214.74099105934	203
21	321	4639.498307138878	512
21	368	5527.219063329792	409
21	411	6452.196367720055	409
21	433	6819.926960484975	512
21	435	6830.699978403093	409
21	436	6846.68717529263	409
21	450	7097.245844191913	409
21	454	7120.78994478604	512
21	476	7421.028401937614	306
21	494	7663.500013897775	409
21	556	8457.426012842493	512
21	588	8755.997810446987	409
21	593	8800.790206158229	203
21	598	8901.722760253402	512
21	615	9212.331611468989	512
21	643	9660.325933567861	306
21	670	10311.312979841534	409
21	703	10928.224014846132	306
21	713	11118.286340699976	409
21	729	11304.216669872287	203
21	736	11390.380866960275	203
21	761	11747.974180780956	409
21	803	12286.558546438015	203
21	831	12560.632851077184	203
21	853	12960.01068682142	306
21	892	13788.813741593857	306
21	907	14077.145411351095	203
21	931	14313.516445548865	306
21	946	14499.053784392195	409
21	950	14515.1028861803	409
21	969	14713.824978744062	203
21	1078	16446.150125750707	306
21	1170	18121.031986733557	409
21	1179	18278.255456387052	306
21	1195	18485.770273088326	512
21	1219	18742.129046115019	512
21	1223	18774.664419434743	306
21	1224	18820.753614056209	203
21	1232	18923.856657613558	512
22	106	1270.165860481839	6
22	124	1541.478816544506	3
22	160	2085.850971414638	3
22	194	2460.484877979836	12
22	241	3494.908400812654	9
22	255	3783.381262082752	6
22	279	4089.792827029226	6
22	284	4128.489537870218	3
22	291	4214.74099105934	3
22	321	4639.498307138878	12
22	368	5527.219063329792	9
22	411	6452.196367720055	9
22	433	6819.926960484975	12
22	435	6830.699978403093	9
22	436	6846.68717529263	9
22	450	7097.245844191913	9
22	454	7120.78994478604	12
22	476	7421.028401937614	6
22	494	7663.500013897775	9
22	556	8457.426012842493	12
22	588	8755.997810446987	9
22	593	8800.790206158229	3
22	598	8901.722760253402	12
22	615	9212.331611468989	12
22	643	9660.325933567861	6
22	670	10311.312979841534	9
22	703	10928.224014846132	6
22	713	11118.286340699976	9
22	729	11304.216669872287	3
22	736	11390.380866960275	3
22	761	11747.974180780956	9
22	803	12286.558546438015	3
22	831	12560.632851077184	3
22	853	12960.01068682142	6
22	892	13788.813741593857	6
22	907	14077.145411351095	3
22	931	14313.516445548865	6
22	946	14499.053784392195	9
22	950	14515.1028861803	9
22	969	14713.824978744062	3
22	1078	16446.150125750707	6
22	1170	18121.031986733557	9
22	1179	18278.255456387052	6
22	1195	18485.770273088326	12
22	1219	18742.129046115019	12
22	1223	18774.664419434743	6
22	1224	18820.753614056209	3
22	1232	18923.856657613558	12
23	106	1270.165860481839	2
23	124	1541.478816544506	1
23	160	2085.850971414638	1
23	194	2460.484877979836	4
23	241	3494.908400812654	3
23	255	3783.381262082752	2
23	279	4089.792827029226	2
23	284	4128.489537870218	1
23	291	4214.74099105934	1
23	321	4639.498307138878	4
23	368	5527.219063329792	3
23	411	6452.196367720055	3
23	433	6819.926960484975	4
23	435	6830.699978403093	3
23	436	6846.68717529263	3
23	450	7097.245844191913	3
23	454	7120.78994478604	4
23	476	7421.028401937614	2
23	494	7663.500013897775	3
23	556	8457.426012842493	4
23	588	8755.997810446987	3
23	593	8800.790206158229	1
23	598	8901.722760253402	4
23	615	9212.331611468989	4
23	643	9660.325933567861	2
23	670	10311.312979841534	3
23	703	10928.224014846132	2
23	713	11118.286340699976	3
23	729	11304.216669872287	1
23	736	11390.380866960275	1
23	761	11747.974180780956	3
23	803	12286.558546438015	1
23	831	12560.632851077184	1
23	853	12960.01068682142	2
23	892	13788.813741593857	2
23	907	14077.145411351095	1
23	931	14313.516445548865	2
23	946	14499.053784392195	3
23	950	14515.1028861803	3
23	969	14713.824978744062	1
23	1078	16446.150125750707	2
23	1170	18121.031986733557	3
23	1179	18278.255456387052	2
23	1195	18485.770273088326	4
23	1219	18742.129046115019	4
23	1223	18774.664419434743	2
23	1224	18820.753614056209	1
23	1232	18923.856657613558	4
24	103	1216.134652827952	512
24	147	1839.345380251534	306
24	186	2400.605408493362	203
24	208	2635.822924263684	306
24	213	2719.892063220539	409
24	322	4665.736766252962	306
24	365	5479.461032906558	306
24	377	5753.359264177412	409
24	392	6127.630914975224	203
24	530	8171.245604435567	512
24	639	9582.413793678976	409
24	655	10014.953957001245	512
24	675	10423.617066769977	306
24	802	12282.9843082025	512
24	873	13366.503732819761	409
24	885	13636.944593025112	409
24	886	13643.213210821657	306
24	972	14754.392327578089	512
24	1020	15500.591482956816	409
24	1043	15782.664182309218	512
24	1115	17166.940347662862	306
24	1144	17703.257120936854	203
24	1156	17846.575186404239	306
24	1235	18949.996467840814	203
24	1258	19472.489618799579	512
25	103	1216.134652827952	12
25	147	1839.345380251534	6
25	186	2400.605408493362	3
25	208	2635.822924263684	6
25	213	2719.892063220539	9
25	322	4665.736766252962	6
25	365	5479.461032906558	6
25	377	5753.359264177412	9
25	392	6127.630914975224	3
25	530	8171.245604435567	12
25	639	9582.413793678976	9
25	655	10014.953957001245	12
25	675	10423.617066769977	6
25	802	12282.9843082025	12
25	873	13366.503732819761	9
25	885	13636.944593025112	9
25	886	13643.213210821657	6
25	972	14754.392327578089	12
25	1020	15500.591482956816	9
25	1043	15782.664182309218	12
25	1115	17166.940347662862	6
25	1144	17703.257120936854	3
25	1156	17846.575186404239	6
25	1235	18949.996467840814	3
25	1258	19472.489618799579	12
26	103	1216.134652827952	4
26	147	1839.345380251534	2
26	186	2400.605408493362	1
26	208	2635.822924263684	2
26	213	2719.892063220539	3
26	322	4665.736766252962	2
26	365	5479.461032906558	2
26	377	5753.359264177412	3
26	392	6127.630914975224	1
26	530	8171.245604435567	4
26	639	9582.413793678976	3
26	655	10014.953957001245	4
26	675	10423.617066769977	2
26	802	12282.9843082025	4
26	873	13366.503732819761	3
26	885	13636.944593025112	3
26	886	13643.213210821657	2
26	972	14754.392327578089	4
26	1020	15500.591482956816	3
26	1043	15782.664182309218	4
26	1115	17166.940347662862	2
26	1144	17703.257120936854	1
26	1156	17846.575186404239	2
26	1235	18949.996467840814	1
26	1258	19472.489618799579	4
27	96	1093.423209267933	306
27	151	1937.573539799296	306
27	159	2060.017742259746	512
27	218	2903.739878926787	306
27	250	3694.845696281511	512
27	336	4874.025392808046	203
27	406	6415.034309097668	306
27	489	7579.808000893492	306
27	516	7970.853600710669	512
27	533	8222.522649213396	512
27	538	8268.610555074363	306
27	627	9432.055035302833	409
27	681	10593.884517032499	512
27	759	11734.403819414779	512
27	830	12523.369333886104	306
27	844	12794.486399800557	512
27	860	13076.56262179701	203
27	862	13110.341477947324	512
27	982	14911.73339405429	409
27	1040	15748.222962550353	512
27	1049	15890.27175521817	409
27	1071	16274.414161720063	306
27	1080	16468.044080378141	409
27	1089	16717.854222231623	512
27	1128	17421.250950624349	409
27	1161	17949.270702778276	203
27	1166	18036.21013342335	512
27	1185	18350.566005648217	512
27	1229	18865.742320715822	306
28	96	1093.423209267933	6
28	151	1937.573539799296	6
28	159	2060.017742259746	12
28	218	2903.739878926787	6
28	250	3694.845696281511	12
28	336	4874.025392808046	3
28	406	6415.034309097668	6
28	489	7579.808000893492	6
28	516	7970.853600710669	12
28	533	8222.522649213396	12
28	538	8268.610555074363	6
28	627	9432.055035302833	9
28	681	10593.884517032499	12
28	759	11734.403819414779	12
28	830	12523.369333886104	6
28	844	12794.486399800557	12
28	860	13076.56262179701	3
28	862	13110.341477947324	12
28	982	14911.73339405429	9
28	1040	15748.222962550353	12
28	1049	15890.27175521817	9
28	1071	16274.414161720063	6
28	1080	16468.044080378141	9
28	1089	16717.854222231623	12
28	1128	17421.250950624349	9
28	1161	17949.270702778276	3
28	1166	18036.21013342335	12
28	1185	18350.566005648217	12
28	1229	18865.742320715822	6
29	96	1093.423209267933	2
29	151	1937.573539799296	2
29	159	2060.017742259746	4
29	218	2903.739878926787	2
29	250	3694.845696281511	4
29	336	4874.025392808046	1
29	406	6415.034309097668	2
29	489	7579.808000893492	2
29	516	7970.853600710669	4
29	533	8222.522649213396	4
29	538	8268.610555074363	2
29	627	9432.055035302833	3
29	681	10593.884517032499	4
29	759	11734.403819414779	4
29	830	12523.369333886104	2
29	844	12794.486399800557	4
29	860	13076.56262179701	1
29	862	13110.341477947324	4
29	982	14911.73339405429	3
29	1040	15748.222962550353	4
29	1049	15890.27175521817	3
29	1071	16274.414161720063	2
29	1080	16468.044080378141	3
29	1089	16717.854222231623	4
29	1128	17421.250950624349	3
29	1161	17949.270702778276	1
29	1166	18036.21013342335	4
29	1185	18350.566005648217	4
29	1229	18865.742320715822	2
30	94	1053.82738007604	409
30	189	2413.045703768917	306
30	210	2665.711986408733	306
30	223	3011.845453176847	512
30	276	4053.42037433522	306
30	311	4490.903967155019	409
30	343	5031.314000379001	306
30	370	5584.477379506755	512
30	397	6245.31551283126	306
30	427	6730.861896003367	409
30	466	7287.3170935099	203
30	579	8685.56274159586	203
30	587	8752.253634428401	512
30	705	10954.549693244034	306
30	765	11809.838314523466	409
30	841	12701.528965141776	409
30	908	14079.760176662072	306
30	937	14404.517445510903	203
30	954	14548.568753123295	203
30	970	14730.642039014447	203
30	985	14998.527147074003	512
30	991	15110.457414852453	512
30	1060	16082.282515857454	512
30	1105	17048.324497115475	512
30	1145	17703.691847056503	203
30	1171	18138.177532199388	409
30	1252	19343.213098732032	512
30	1256	19390.910243850798	306
30	1269	19627.779551215238	203
31	94	1053.82738007604	9
31	189	2413.045703768917	6
31	210	2665.711986408733	6
31	223	3011.845453176847	12
31	276	4053.42037433522	6
31	311	4490.903967155019	9
31	343	5031.314000379001	6
31	370	5584.477379506755	12
31	397	6245.31551283126	6
31	427	6730.861896003367	9
31	466	7287.3170935099	3
31	579	8685.56274159586	3
31	587	8752.253634428401	12
31	705	10954.549693244034	6
31	765	11809.838314523466	9
31	841	12701.528965141776	9
31	908	14079.760176662072	6
31	937	14404.517445510903	3
31	954	14548.568753123295	3
31	970	14730.642039014447	3
31	985	14998.527147074003	12
31	991	15110.457414852453	12
31	1060	16082.282515857454	12
31	1105	17048.324497115475	12
31	1145	17703.691847056503	3
31	1171	18138.177532199388	9
31	1252	19343.213098732032	12
31	1256	19390.910243850798	6
31	1269	19627.779551215238	3
32	94	1053.82738007604	3
32	189	2413.045703768917	2
32	210	2665.711986408733	2
32	223	3011.845453176847	4
32	276	4053.42037433522	2
32	311	4490.903967155019	3
32	343	5031.314000379001	2
32	370	5584.477379506755	4
32	397	6245.31551283126	2
32	427	6730.861896003367	3
32	466	7287.3170935099	1
32	579	8685.56274159586	1
32	587	8752.253634428401	4
32	705	10954.549693244034	2
32	765	11809.838314523466	3
32	841	12701.528965141776	3
32	908	14079.760176662072	2
32	937	14404.517445510903	1
32	954	14548.568753123295	1
32	970	14730.642039014447	1
32	985	14998.527147074003	4
32	991	15110.457414852453	4
32	1060	16082.282515857454	4
32	1105	17048.324497115475	4
32	1145	17703.691847056503	1
32	1171	18138.177532199388	3
32	1252	19343.213098732032	4
32	1256	19390.910243850798	2
32	1269	19627.779551215238	1
33	135	1664.171123353197	306
33	141	1745.313478160975	409
33	164	2137.932053790811	512
33	198	2505.212072648246	306
33	202	2541.210676956695	203
33	229	3192.110898157295	203
33	267	3930.078844594951	203
33	269	3954.760235279905	409
33	303	4382.356130004151	203
33	390	6108.068250872918	512
33	416	6547.844429190413	203
33	459	7209.739142495558	512
33	462	7234.46639080889	409
33	480	7469.935949198835	203
33	517	8004.052687817981	306
33	562	8522.63490375847	306
33	574	8613.302785952157	306
33	609	9106.73900484742	512
33	641	9639.377007473965	306
33	691	10736.145995605211	512
33	738	11405.167318314073	512
33	748	11561.014717770938	306
33	798	12242.464753770627	306
33	829	12522.620026647111	203
33	887	13645.736787038062	203
33	925	14234.078249214316	512
33	1030	15632.993957796539	409
33	1039	15744.859774071509	409
33	1061	16099.548429846127	512
33	1072	16281.075948984104	409
33	1108	17092.308097161921	512
33	1210	18629.681422041825	203
33	1299	19983.070483142239	203
34	135	1664.171123353197	6
34	141	1745.313478160975	9
34	164	2137.932053790811	12
34	198	2505.212072648246	6
34	202	2541.210676956695	3
34	229	3192.110898157295	3
34	267	3930.078844594951	3
34	269	3954.760235279905	9
34	303	4382.356130004151	3
34	390	6108.068250872918	12
34	416	6547.844429190413	3
34	459	7209.739142495558	12
34	462	7234.46639080889	9
34	480	7469.935949198835	3
34	517	8004.052687817981	6
34	562	8522.63490375847	6
34	574	8613.302785952157	6
34	609	9106.73900484742	12
34	641	9639.377007473965	6
34	691	10736.145995605211	12
34	738	11405.167318314073	12
34	748	11561.014717770938	6
34	798	12242.464753770627	6
34	829	12522.620026647111	3
34	887	13645.736787038062	3
34	925	14234.078249214316	12
34	1030	15632.993957796539	9
34	1039	15744.859774071509	9
34	1061	16099.548429846127	12
34	1072	16281.075948984104	9
34	1108	17092.308097161921	12
34	1210	18629.681422041825	3
34	1299	19983.070483142239	3
35	135	1664.171123353197	2
35	141	1745.313478160975	3
35	164	2137.932053790811	4
35	198	2505.212072648246	2
35	202	2541.210676956695	1
35	229	3192.110898157295	1
35	267	3930.078844594951	1
35	269	3954.760235279905	3
35	303	4382.356130004151	1
35	390	6108.068250872918	4
35	416	6547.844429190413	1
35	459	7209.739142495558	4
35	462	7234.46639080889	3
35	480	7469.935949198835	1
35	517	8004.052687817981	2
35	562	8522.63490375847	2
35	574	8613.302785952157	2
35	609	9106.73900484742	4
35	641	9639.377007473965	2
35	691	10736.145995605211	4
35	738	11405.167318314073	4
35	748	11561.014717770938	2
35	798	12242.464753770627	2
35	829	12522.620026647111	1
35	887	13645.736787038062	1
35	925	14234.078249214316	4
35	1030	15632.993957796539	3
35	1039	15744.859774071509	3
35	1061	16099.548429846127	4
35	1072	16281.075948984104	3
35	1108	17092.308097161921	4
35	1210	18629.681422041825	1
35	1299	19983.070483142239	1

