version 3
run HighLoad_Queue-36-20260125-17:46:59-1406
attr configname HighLoad_Queue
attr datetime 20260125-17:46:59
attr datetimef 20260125-174659
attr experiment HighLoad_Queue
attr inifile simulations/nwsim_project/omnetpp.ini
attr iterationvars ""
attr iterationvarsd ""
attr iterationvarsf ""
attr measurement ""
attr network CrossTraffic
attr processid 1406
attr repetition 36
attr replication #36
attr resultdir results
attr runnumber 36
attr seedset 36
config description "High Load - Queue Mode (100% more traffic)"
config *.Junc*.junctionMode "\"queue\""
config *.EndNW.spawnInterval exponential(400s)
config *.EndNE.spawnInterval exponential(600s)
config *.EndEN.spawnInterval exponential(500s)
config *.EndES.spawnInterval exponential(750s)
config *.EndSE.spawnInterval exponential(450s)
config *.EndSW.spawnInterval exponential(550s)
config *.EndWS.spawnInterval exponential(650s)
config *.EndWN.spawnInterval exponential(700s)
config network CrossTraffic
config sim-time-limit 20000s
config warmup-period 1000s
config repeat 50
config **.scalar-recording true
config **.vector-recording true
config *.Junc*.junctionMode "\"queue\""
config *.EndNW.spawnInterval exponential(800s)
config *.EndNE.spawnInterval exponential(1200s)
config *.EndEN.spawnInterval exponential(1000s)
config *.EndES.spawnInterval exponential(1500s)
config *.EndSE.spawnInterval exponential(900s)
config *.EndSW.spawnInterval exponential(1100s)
config *.EndWS.spawnInterval exponential(1300s)
config *.EndWN.spawnInterval exponential(1400s)

vector 0 CrossTraffic.JuncNW queueLength:vector ETV
attr interpolationmode sample-hold
attr recordingmode vector
attr source queueLength
attr title "Queue Length"
vector 1 CrossTraffic.JuncNW junctionProcessingTime:vector ETV
attr recordingmode vector
attr source junctionProcessingTime
attr title "Junction Processing Time"
vector 2 CrossTraffic.JuncNW vehicleCount:vector ETV
attr recordingmode vector
attr source vehicleCount
attr title "Vehicle Count"
vector 3 CrossTraffic.JuncNE queueLength:vector ETV
attr interpolationmode sample-hold
attr recordingmode vector
attr source queueLength
attr title "Queue Length"
vector 4 CrossTraffic.JuncNE junctionProcessingTime:vector ETV
attr recordingmode vector
attr source junctionProcessingTime
attr title "Junction Processing Time"
vector 5 CrossTraffic.JuncNE vehicleCount:vector ETV
attr recordingmode vector
attr source vehicleCount
attr title "Vehicle Count"
vector 6 CrossTraffic.JuncSE queueLength:vector ETV
attr interpolationmode sample-hold
attr recordingmode vector
attr source queueLength
attr title "Queue Length"
vector 7 CrossTraffic.JuncSE junctionProcessingTime:vector ETV
attr recordingmode vector
attr source junctionProcessingTime
attr title "Junction Processing Time"
vector 8 CrossTraffic.JuncSE vehicleCount:vector ETV
attr recordingmode vector
attr source vehicleCount
attr title "Vehicle Count"
vector 9 CrossTraffic.JuncSW queueLength:vector ETV
attr interpolationmode sample-hold
attr recordingmode vector
attr source queueLength
attr title "Queue Length"
vector 10 CrossTraffic.JuncSW junctionProcessingTime:vector ETV
attr recordingmode vector
attr source junctionProcessingTime
attr title "Junction Processing Time"
vector 11 CrossTraffic.JuncSW vehicleCount:vector ETV
attr recordingmode vector
attr source vehicleCount
attr title "Vehicle Count"
vector 12 CrossTraffic.EndNW travelTime:vector ETV
attr recordingmode vector
attr source travelTime
attr title "Vehicle Travel Time"
vector 13 CrossTraffic.EndNW junctionTime:vector ETV
attr recordingmode vector
attr source junctionTime
attr title "Total Junction Time per Vehicle"
vector 14 CrossTraffic.EndNW junctionCount:vector ETV
attr recordingmode vector
attr source junctionCount
attr title "Junctions Visited per Vehicle"
vector 15 CrossTraffic.EndNE travelTime:vector ETV
attr recordingmode vector
attr source travelTime
attr title "Vehicle Travel Time"
vector 16 CrossTraffic.EndNE junctionTime:vector ETV
attr recordingmode vector
attr source junctionTime
attr title "Total Junction Time per Vehicle"
vector 17 CrossTraffic.EndNE junctionCount:vector ETV
attr recordingmode vector
attr source junctionCount
attr title "Junctions Visited per Vehicle"
vector 18 CrossTraffic.EndEN travelTime:vector ETV
attr recordingmode vector
attr source travelTime
attr title "Vehicle Travel Time"
vector 19 CrossTraffic.EndEN junctionTime:vector ETV
attr recordingmode vector
attr source junctionTime
attr title "Total Junction Time per Vehicle"
vector 20 CrossTraffic.EndEN junctionCount:vector ETV
attr recordingmode vector
attr source junctionCount
attr title "Junctions Visited per Vehicle"
vector 21 CrossTraffic.EndES travelTime:vector ETV
attr recordingmode vector
attr source travelTime
attr title "Vehicle Travel Time"
vector 22 CrossTraffic.EndES junctionTime:vector ETV
attr recordingmode vector
attr source junctionTime
attr title "Total Junction Time per Vehicle"
vector 23 CrossTraffic.EndES junctionCount:vector ETV
attr recordingmode vector
attr source junctionCount
attr title "Junctions Visited per Vehicle"
vector 24 CrossTraffic.EndSE travelTime:vector ETV
attr recordingmode vector
attr source travelTime
attr title "Vehicle Travel Time"
vector 25 CrossTraffic.EndSE junctionTime:vector ETV
attr recordingmode vector
attr source junctionTime
attr title "Total Junction Time per Vehicle"
vector 26 CrossTraffic.EndSE junctionCount:vector ETV
attr recordingmode vector
attr source junctionCount
attr title "Junctions Visited per Vehicle"
vector 27 CrossTraffic.EndSW travelTime:vector ETV
attr recordingmode vector
attr source travelTime
attr title "Vehicle Travel Time"
vector 28 CrossTraffic.EndSW junctionTime:vector ETV
attr recordingmode vector
attr source junctionTime
attr title "Total Junction Time per Vehicle"
vector 29 CrossTraffic.EndSW junctionCount:vector ETV
attr recordingmode vector
attr source junctionCount
attr title "Junctions Visited per Vehicle"
vector 30 CrossTraffic.EndWS travelTime:vector ETV
attr recordingmode vector
attr source travelTime
attr title "Vehicle Travel Time"
vector 31 CrossTraffic.EndWS junctionTime:vector ETV
attr recordingmode vector
attr source junctionTime
attr title "Total Junction Time per Vehicle"
vector 32 CrossTraffic.EndWS junctionCount:vector ETV
attr recordingmode vector
attr source junctionCount
attr title "Junctions Visited per Vehicle"
vector 33 CrossTraffic.EndWN travelTime:vector ETV
attr recordingmode vector
attr source travelTime
attr title "Vehicle Travel Time"
vector 34 CrossTraffic.EndWN junctionTime:vector ETV
attr recordingmode vector
attr source junctionTime
attr title "Total Junction Time per Vehicle"
vector 35 CrossTraffic.EndWN junctionCount:vector ETV
attr recordingmode vector
attr source junctionCount
attr title "Junctions Visited per Vehicle"
0	157	1277.555451658686	1
0	158	1280.555451658686	0
0	172	1354.397826718356	1
0	174	1357.397826718356	0
0	201	1521.778912118936	1
0	202	1524.778912118936	0
0	204	1532.077098396732	1
0	205	1533.350280346594	2
0	206	1535.077098396732	1
0	207	1539.350280346594	2
0	208	1541.077098396732	1
0	209	1544.077098396732	0
0	216	1597.429713644805	1
0	217	1600.429713644805	0
0	231	1676.927400637737	1
0	232	1679.927400637737	0
0	258	1853.351308253185	1
0	259	1856.351308253185	0
0	260	1861.457444384484	1
0	261	1864.457444384484	0
0	286	2014.633027111338	1
0	287	2017.633027111338	0
0	289	2067.674626008565	1
0	290	2070.674626008565	0
0	312	2209.708685889744	1
0	313	2212.708685889744	0
0	323	2308.125642613706	1
0	325	2311.125642613706	0
0	328	2314.123932250009	1
0	329	2317.123932250009	0
0	332	2339.684596276995	1
0	333	2342.684596276995	0
0	345	2450.598998366779	1
0	346	2453.598998366779	0
0	347	2459.600935253599	1
0	348	2462.600935253599	0
0	357	2579.320603547592	1
0	358	2582.320603547592	0
0	359	2611.502737101351	1
0	360	2614.502737101351	0
0	371	2716.518639765887	1
0	372	2719.518639765887	0
0	378	2787.270754819301	1
0	379	2790.270754819301	0
0	407	3023.101217087227	1
0	409	3026.101217087227	0
0	414	3085.19377792855	1
0	415	3088.19377792855	0
0	420	3138.066403502787	1
0	421	3141.066403502787	0
0	434	3339.871211562917	1
0	435	3342.871211562917	0
0	452	3588.849334144106	1
0	453	3591.849334144106	0
0	460	3719.880272927497	1
0	461	3722.880272927497	0
0	464	3785.286865816116	1
0	465	3788.286865816116	0
0	477	4070.429394980207	1
0	478	4073.429394980207	0
0	540	4648.141355432817	1
0	541	4651.141355432817	0
0	572	5086.569104433677	1
0	573	5089.569104433677	0
0	580	5198.033590164284	1
0	581	5201.033590164284	0
0	588	5307.823757444066	1
0	589	5310.823757444066	0
0	591	5354.710411250841	1
0	592	5357.710411250841	0
0	611	5571.207849392443	1
0	613	5574.207849392443	0
0	619	5640.856602095397	1
0	620	5643.856602095397	0
0	631	5767.92004737844	1
0	632	5770.92004737844	0
0	642	5896.887628748052	1
0	643	5899.887628748052	0
0	644	5922.401661717075	1
0	645	5925.401661717075	0
0	649	5978.451423817767	1
0	650	5981.451423817767	0
0	659	6103.102318042198	1
0	660	6106.102318042198	0
0	679	6422.686996079085	1
0	680	6425.686996079085	0
0	687	6529.468064196861	1
0	690	6532.468064196861	0
0	696	6631.674842657366	1
0	698	6634.237233289424	2
0	699	6634.674842657366	1
0	701	6640.674842657366	0
0	716	6912.192917281196	1
0	717	6915.192917281196	0
0	740	7120.225856395578	1
0	742	7123.225856395578	0
0	746	7171.144092200166	1
0	747	7174.144092200166	0
0	748	7196.556494461243	1
0	749	7199.556494461243	0
0	767	7593.506829108186	1
0	768	7596.506829108186	0
0	776	7714.187357309085	1
0	777	7717.187357309085	0
0	778	7726.215761346907	1
0	779	7729.215761346907	0
0	793	7930.87211776423	1
0	795	7933.87211776423	0
0	799	7968.476290625329	1
0	800	7971.476290625329	0
0	809	8090.39129770129	1
0	810	8093.39129770129	0
0	819	8248.986528757426	1
0	820	8251.986528757426	0
0	821	8264.72098245072	1
0	822	8267.72098245072	0
0	842	8624.061002438301	1
0	844	8627.061002438301	0
0	849	8703.099617589225	1
0	850	8706.099617589225	0
0	860	8762.547738672364	1
0	861	8765.547738672364	0
0	868	8827.400239575152	1
0	870	8830.400239575152	0
0	887	9069.572350423341	1
0	888	9072.572350423341	0
0	890	9145.652867674164	1
0	891	9148.652867674164	0
0	903	9276.327782583434	1
0	904	9279.327782583434	0
0	915	9446.484739215824	1
0	917	9449.484739215824	0
0	929	9577.614394237161	1
0	930	9580.614394237161	0
0	963	10010.875511014116	1
0	964	10013.875511014116	0
0	965	10017.776829975474	1
0	966	10020.776829975474	0
0	972	10106.317970278069	1
0	973	10109.317970278069	0
0	986	10211.110487235116	1
0	988	10214.110487235116	0
0	991	10250.766176314593	1
0	992	10253.766176314593	0
0	995	10289.703979659991	1
0	996	10292.703979659991	0
0	1004	10360.614426740086	1
0	1005	10363.614426740086	0
0	1012	10459.918611191063	1
0	1013	10462.918611191063	0
0	1033	10610.278861639416	1
0	1034	10613.278861639416	0
0	1035	10635.201304346997	1
0	1036	10638.201304346997	0
0	1038	10680.129062582739	1
0	1040	10683.129062582739	0
0	1042	10702.039539366144	1
0	1043	10705.039539366144	0
0	1065	11120.952436571694	1
0	1066	11123.952436571694	0
0	1067	11177.720794515483	1
0	1068	11180.720794515483	0
0	1069	11190.033817273707	1
0	1070	11190.364689073552	2
0	1071	11193.033817273707	1
0	1072	11199.033817273707	0
0	1101	11704.616719437069	1
0	1102	11707.616719437069	0
0	1106	11783.199153559022	1
0	1107	11786.199153559022	0
0	1110	11870.510684018177	1
0	1111	11873.510684018177	0
0	1122	12005.753617701684	1
0	1123	12008.753617701684	0
0	1124	12031.941817340227	1
0	1125	12034.941817340227	0
0	1128	12041.463700102056	1
0	1129	12044.463700102056	0
0	1149	12247.944744992913	1
0	1151	12250.944744992913	0
0	1159	12336.408960058743	1
0	1160	12339.408960058743	0
0	1170	12423.46639017417	1
0	1171	12426.46639017417	0
0	1188	12596.36349296862	1
0	1190	12599.36349296862	0
0	1198	12700.283159284349	1
0	1200	12703.283159284349	0
0	1206	12804.361067205158	1
0	1208	12807.361067205158	0
0	1209	12856.86701348471	1
0	1210	12859.86701348471	0
0	1219	12995.99599168584	1
0	1221	12998.99599168584	0
0	1238	13209.151436671827	1
0	1239	13212.151436671827	0
0	1240	13219.579666136858	1
0	1241	13222.579666136858	0
0	1259	13437.152063146835	1
0	1260	13440.152063146835	0
0	1261	13480.742819538822	1
0	1262	13483.742819538822	0
0	1265	13535.740501502794	1
0	1266	13538.740501502794	0
0	1296	13857.255229669374	1
0	1297	13860.255229669374	0
0	1298	13863.453212925338	1
0	1299	13866.453212925338	0
0	1301	13907.81073653269	1
0	1302	13910.81073653269	0
0	1327	14159.020498402556	1
0	1328	14162.020498402556	0
0	1335	14230.514427797591	1
0	1337	14233.514427797591	0
0	1346	14314.188221455207	1
0	1347	14317.188221455207	0
0	1356	14372.03221416647	1
0	1357	14375.03221416647	0
0	1360	14396.042104725194	1
0	1361	14399.042104725194	0
0	1362	14411.303715557237	1
0	1363	14414.303715557237	0
0	1371	14467.08692981738	1
0	1372	14470.08692981738	0
0	1375	14480.215155236714	1
0	1376	14483.215155236714	0
0	1412	14868.454518767679	1
0	1413	14871.454518767679	0
0	1414	14871.963559475707	1
0	1415	14874.963559475707	0
0	1419	14900.216475931267	1
0	1420	14903.216475931267	0
0	1421	14917.927258319943	1
0	1422	14920.927258319943	0
0	1439	15065.999122992663	1
0	1440	15068.999122992663	0
0	1441	15084.073281463455	1
0	1442	15087.073281463455	0
0	1448	15150.454933855536	1
0	1449	15153.454933855536	0
0	1454	15205.274104957286	1
0	1455	15208.274104957286	0
0	1486	16203.864596479095	1
0	1487	16206.864596479095	0
0	1493	16290.215006810223	1
0	1495	16293.215006810223	0
0	1497	16309.518034527576	1
0	1498	16312.518034527576	0
0	1501	16384.699560628428	1
0	1502	16387.699560628428	0
0	1527	16609.110031652611	1
0	1528	16612.110031652611	0
0	1531	16656.72135384589	1
0	1532	16659.72135384589	0
0	1537	16724.387444143288	1
0	1538	16727.387444143288	0
0	1552	17044.769791955395	1
0	1553	17047.769791955395	0
0	1556	17109.220674167603	1
0	1557	17112.220674167603	0
0	1564	17196.483210835258	1
0	1565	17199.483210835258	0
0	1582	17365.092304628188	1
0	1583	17368.092304628188	0
0	1602	17537.881336100832	1
0	1603	17540.881336100832	0
0	1606	17590.828236495781	1
0	1607	17593.828236495781	0
0	1608	17616.724576063114	1
0	1609	17619.724576063114	0
0	1617	17733.03569688947	1
0	1618	17736.03569688947	0
0	1645	18284.743330090143	1
0	1646	18287.743330090143	0
0	1647	18288.669921929716	1
0	1649	18291.669921929716	0
0	1659	18389.376726289621	1
0	1661	18392.376726289621	0
0	1663	18410.939300986851	1
0	1664	18413.939300986851	0
0	1672	18474.170621497388	1
0	1673	18477.170621497388	0
0	1687	18594.461161897761	1
0	1689	18597.461161897761	0
0	1692	18649.666379543232	1
0	1693	18652.666379543232	0
0	1711	18952.880470459863	1
0	1712	18955.880470459863	0
0	1720	19120.493388804311	1
0	1721	19123.493388804311	0
0	1734	19282.333053292089	1
0	1735	19285.333053292089	0
0	1742	19358.015822712027	1
0	1743	19361.015822712027	0
0	1747	19423.005038687174	1
0	1748	19426.005038687174	0
0	1763	19584.982578218534	1
0	1765	19587.982578218534	0
0	1775	19742.844908403232	1
0	1777	19745.844908403232	0
1	158	1280.555451658686	3
1	174	1357.397826718356	3
1	202	1524.778912118936	3
1	206	1535.077098396732	3
1	208	1541.077098396732	7.726818050138
1	209	1544.077098396732	4.726818050138
1	217	1600.429713644805	3
1	232	1679.927400637737	3
1	259	1856.351308253185	3
1	261	1864.457444384484	3
1	287	2017.633027111338	3
1	290	2070.674626008565	3
1	313	2212.708685889744	3
1	325	2311.125642613706	3
1	329	2317.123932250009	3
1	333	2342.684596276995	3
1	346	2453.598998366779	3
1	348	2462.600935253599	3
1	358	2582.320603547592	3
1	360	2614.502737101351	3
1	372	2719.518639765887	3
1	379	2790.270754819301	3
1	409	3026.101217087227	3
1	415	3088.19377792855	3
1	421	3141.066403502787	3
1	435	3342.871211562917	3
1	453	3591.849334144106	3
1	461	3722.880272927497	3
1	465	3788.286865816116	3
1	478	4073.429394980207	3
1	541	4651.141355432817	3
1	573	5089.569104433677	3
1	581	5201.033590164284	3
1	589	5310.823757444066	3
1	592	5357.710411250841	3
1	613	5574.207849392443	3
1	620	5643.856602095397	3
1	632	5770.92004737844	3
1	643	5899.887628748052	3
1	645	5925.401661717075	3
1	650	5981.451423817767	3
1	660	6106.102318042198	3
1	680	6425.686996079085	3
1	690	6532.468064196861	3
1	699	6634.674842657366	3
1	701	6640.674842657366	6.437609367942
1	717	6915.192917281196	3
1	742	7123.225856395578	3
1	747	7174.144092200166	3
1	749	7199.556494461243	3
1	768	7596.506829108186	3
1	777	7717.187357309085	3
1	779	7729.215761346907	3
1	795	7933.87211776423	3
1	800	7971.476290625329	3
1	810	8093.39129770129	3
1	820	8251.986528757426	3
1	822	8267.72098245072	3
1	844	8627.061002438301	3
1	850	8706.099617589225	3
1	861	8765.547738672364	3
1	870	8830.400239575152	3
1	888	9072.572350423341	3
1	891	9148.652867674164	3
1	904	9279.327782583434	3
1	917	9449.484739215824	3
1	930	9580.614394237161	3
1	964	10013.875511014116	3
1	966	10020.776829975474	3
1	973	10109.317970278069	3
1	988	10214.110487235116	3
1	992	10253.766176314593	3
1	996	10292.703979659991	3
1	1005	10363.614426740086	3
1	1013	10462.918611191063	3
1	1034	10613.278861639416	3
1	1036	10638.201304346997	3
1	1040	10683.129062582739	3
1	1043	10705.039539366144	3
1	1066	11123.952436571694	3
1	1068	11180.720794515483	3
1	1071	11193.033817273707	3
1	1072	11199.033817273707	8.669128200155
1	1102	11707.616719437069	3
1	1107	11786.199153559022	3
1	1111	11873.510684018177	3
1	1123	12008.753617701684	3
1	1125	12034.941817340227	3
1	1129	12044.463700102056	3
1	1151	12250.944744992913	3
1	1160	12339.408960058743	3
1	1171	12426.46639017417	3
1	1190	12599.36349296862	3
1	1200	12703.283159284349	3
1	1208	12807.361067205158	3
1	1210	12859.86701348471	3
1	1221	12998.99599168584	3
1	1239	13212.151436671827	3
1	1241	13222.579666136858	3
1	1260	13440.152063146835	3
1	1262	13483.742819538822	3
1	1266	13538.740501502794	3
1	1297	13860.255229669374	3
1	1299	13866.453212925338	3
1	1302	13910.81073653269	3
1	1328	14162.020498402556	3
1	1337	14233.514427797591	3
1	1347	14317.188221455207	3
1	1357	14375.03221416647	3
1	1361	14399.042104725194	3
1	1363	14414.303715557237	3
1	1372	14470.08692981738	3
1	1376	14483.215155236714	3
1	1413	14871.454518767679	3
1	1415	14874.963559475707	3
1	1420	14903.216475931267	3
1	1422	14920.927258319943	3
1	1440	15068.999122992663	3
1	1442	15087.073281463455	3
1	1449	15153.454933855536	3
1	1455	15208.274104957286	3
1	1487	16206.864596479095	3
1	1495	16293.215006810223	3
1	1498	16312.518034527576	3
1	1502	16387.699560628428	3
1	1528	16612.110031652611	3
1	1532	16659.72135384589	3
1	1538	16727.387444143288	3
1	1553	17047.769791955395	3
1	1557	17112.220674167603	3
1	1565	17199.483210835258	3
1	1583	17368.092304628188	3
1	1603	17540.881336100832	3
1	1607	17593.828236495781	3
1	1609	17619.724576063114	3
1	1618	17736.03569688947	3
1	1646	18287.743330090143	3
1	1649	18291.669921929716	3
1	1661	18392.376726289621	3
1	1664	18413.939300986851	3
1	1673	18477.170621497388	3
1	1689	18597.461161897761	3
1	1693	18652.666379543232	3
1	1712	18955.880470459863	3
1	1721	19123.493388804311	3
1	1735	19285.333053292089	3
1	1743	19361.015822712027	3
1	1748	19426.005038687174	3
1	1765	19587.982578218534	3
1	1777	19745.844908403232	3
2	158	1280.555451658686	10707
2	174	1357.397826718356	10715
2	202	1524.778912118936	10718
2	206	1535.077098396732	10719
2	208	1541.077098396732	10714
2	209	1544.077098396732	10716
2	217	1600.429713644805	10720
2	232	1679.927400637737	10717
2	259	1856.351308253185	10726
2	261	1864.457444384484	10727
2	287	2017.633027111338	10725
2	290	2070.674626008565	10731
2	313	2212.708685889744	10730
2	325	2311.125642613706	10733
2	329	2317.123932250009	10738
2	333	2342.684596276995	10736
2	346	2453.598998366779	10737
2	348	2462.600935253599	10739
2	358	2582.320603547592	10740
2	360	2614.502737101351	10741
2	372	2719.518639765887	10743
2	379	2790.270754819301	10745
2	409	3026.101217087227	10747
2	415	3088.19377792855	10751
2	421	3141.066403502787	10748
2	435	3342.871211562917	10752
2	453	3591.849334144106	10755
2	461	3722.880272927497	10757
2	465	3788.286865816116	10758
2	478	4073.429394980207	10760
2	541	4651.141355432817	10770
2	573	5089.569104433677	10775
2	581	5201.033590164284	10777
2	589	5310.823757444066	10778
2	592	5357.710411250841	10776
2	613	5574.207849392443	10781
2	620	5643.856602095397	10780
2	632	5770.92004737844	10784
2	643	5899.887628748052	10786
2	645	5925.401661717075	10787
2	650	5981.451423817767	10789
2	660	6106.102318042198	10790
2	680	6425.686996079085	10792
2	690	6532.468064196861	10793
2	699	6634.674842657366	10796
2	701	6640.674842657366	10794
2	717	6915.192917281196	10799
2	742	7123.225856395578	10801
2	747	7174.144092200166	10803
2	749	7199.556494461243	10804
2	768	7596.506829108186	10807
2	777	7717.187357309085	10808
2	779	7729.215761346907	10809
2	795	7933.87211776423	10812
2	800	7971.476290625329	10811
2	810	8093.39129770129	10815
2	820	8251.986528757426	10814
2	822	8267.72098245072	10816
2	844	8627.061002438301	10820
2	850	8706.099617589225	10822
2	861	8765.547738672364	10825
2	870	8830.400239575152	10824
2	888	9072.572350423341	10828
2	891	9148.652867674164	10829
2	904	9279.327782583434	10831
2	917	9449.484739215824	10833
2	930	9580.614394237161	10835
2	964	10013.875511014116	10842
2	966	10020.776829975474	10843
2	973	10109.317970278069	10841
2	988	10214.110487235116	10845
2	992	10253.766176314593	10844
2	996	10292.703979659991	10847
2	1005	10363.614426740086	10846
2	1013	10462.918611191063	10849
2	1034	10613.278861639416	10851
2	1036	10638.201304346997	10854
2	1040	10683.129062582739	10850
2	1043	10705.039539366144	10853
2	1066	11123.952436571694	10857
2	1068	11180.720794515483	10858
2	1071	11193.033817273707	10859
2	1072	11199.033817273707	10856
2	1102	11707.616719437069	10862
2	1107	11786.199153559022	10864
2	1111	11873.510684018177	10865
2	1123	12008.753617701684	10867
2	1125	12034.941817340227	10866
2	1129	12044.463700102056	10869
2	1151	12250.944744992913	10872
2	1160	12339.408960058743	10873
2	1171	12426.46639017417	10876
2	1190	12599.36349296862	10878
2	1200	12703.283159284349	10879
2	1208	12807.361067205158	10880
2	1210	12859.86701348471	10882
2	1221	12998.99599168584	10883
2	1239	13212.151436671827	10886
2	1241	13222.579666136858	10884
2	1260	13440.152063146835	10889
2	1262	13483.742819538822	10887
2	1266	13538.740501502794	10890
2	1297	13860.255229669374	10892
2	1299	13866.453212925338	10893
2	1302	13910.81073653269	10895
2	1328	14162.020498402556	10900
2	1337	14233.514427797591	10903
2	1347	14317.188221455207	10901
2	1357	14375.03221416647	10905
2	1361	14399.042104725194	10907
2	1363	14414.303715557237	10904
2	1372	14470.08692981738	10909
2	1376	14483.215155236714	10906
2	1413	14871.454518767679	10912
2	1415	14874.963559475707	10915
2	1420	14903.216475931267	10917
2	1422	14920.927258319943	10913
2	1440	15068.999122992663	10919
2	1442	15087.073281463455	10918
2	1449	15153.454933855536	10921
2	1455	15208.274104957286	10920
2	1487	16206.864596479095	10924
2	1495	16293.215006810223	10925
2	1498	16312.518034527576	10927
2	1502	16387.699560628428	10929
2	1528	16612.110031652611	10931
2	1532	16659.72135384589	10932
2	1538	16727.387444143288	10934
2	1553	17047.769791955395	10935
2	1557	17112.220674167603	10937
2	1565	17199.483210835258	10939
2	1583	17368.092304628188	10940
2	1603	17540.881336100832	10944
2	1607	17593.828236495781	10945
2	1609	17619.724576063114	10942
2	1618	17736.03569688947	10946
2	1646	18287.743330090143	10949
2	1649	18291.669921929716	10952
2	1661	18392.376726289621	10953
2	1664	18413.939300986851	10954
2	1673	18477.170621497388	10958
2	1689	18597.461161897761	10959
2	1693	18652.666379543232	10956
2	1712	18955.880470459863	10961
2	1721	19123.493388804311	10963
2	1735	19285.333053292089	10962
2	1743	19361.015822712027	10965
2	1748	19426.005038687174	10966
2	1765	19587.982578218534	10969
2	1777	19745.844908403232	10970
3	123	1069.743011960929	1
3	125	1072.743011960929	0
3	138	1174.555451658686	1
3	140	1177.555451658686	0
3	146	1221.59658124993	1
3	147	1224.59658124993	0
3	159	1289.290511761901	1
3	160	1292.290511761901	0
3	161	1293.576476957974	1
3	162	1296.576476957974	0
3	163	1320.270956668098	1
3	164	1323.270956668098	0
3	176	1374.053215658274	1
3	177	1377.053215658274	0
3	185	1430.350280346594	1
3	187	1433.031497554401	2
3	188	1433.350280346594	1
3	189	1439.350280346594	0
3	191	1456.708704914182	1
3	193	1459.708704914182	0
3	214	1573.927400637737	1
3	215	1576.927400637737	0
3	220	1624.778912118936	1
3	221	1627.778912118936	0
3	236	1715.168418170697	1
3	237	1718.168418170697	0
3	243	1766.718142157969	1
3	244	1769.718142157969	0
3	266	1890.939832339871	1
3	267	1893.939832339871	0
3	272	1911.633027111338	1
3	273	1914.633027111338	0
3	293	2101.339142054336	1
3	295	2104.339142054336	0
3	298	2106.708685889744	1
3	299	2109.708685889744	0
3	308	2205.125642613706	1
3	310	2208.125642613706	0
3	317	2236.684596276995	1
3	318	2239.684596276995	0
3	334	2347.598998366779	1
3	335	2350.598998366779	0
3	342	2434.827207631053	1
3	343	2437.827207631053	0
3	386	2843.810540089276	1
3	387	2846.810540089276	0
3	410	3035.066403502787	1
3	411	3038.066403502787	0
3	430	3256.431218026144	1
3	431	3259.431218026144	0
3	442	3455.505993661253	1
3	443	3458.505993661253	0
3	450	3579.018290969047	1
3	451	3582.018290969047	0
3	466	3822.880272927497	1
3	467	3825.880272927497	0
3	482	4173.429394980207	1
3	483	4176.429394980207	0
3	487	4237.119213842712	1
3	488	4240.119213842712	0
3	500	4383.045562956043	1
3	503	4386.045562956043	0
3	508	4410.197017143445	1
3	509	4413.197017143445	0
3	519	4493.947471258173	1
3	520	4496.947471258173	0
3	527	4582.018427563447	1
3	528	4585.018427563447	0
3	529	4587.027006233443	1
3	531	4590.027006233443	0
3	533	4593.056886865332	1
3	534	4596.056886865332	0
3	550	4713.995911749828	1
3	551	4716.995911749828	0
3	552	4733.83079137306	1
3	553	4736.83079137306	0
3	570	5070.996519987021	1
3	571	5073.996519987021	0
3	583	5251.710411250841	1
3	584	5254.710411250841	0
3	593	5368.046408154681	1
3	595	5371.046408154681	0
3	601	5468.207849392443	1
3	603	5471.207849392443	0
3	608	5537.856602095397	1
3	609	5540.856602095397	0
3	616	5610.010136326878	1
3	617	5613.010136326878	0
3	625	5701.489578647672	1
3	626	5704.489578647672	0
3	633	5793.887628748052	1
3	634	5796.887628748052	0
3	647	5963.807213509122	1
3	648	5966.807213509122	0
3	661	6119.131364594478	1
3	662	6122.131364594478	0
3	675	6319.686996079085	1
3	676	6322.686996079085	0
3	681	6426.468064196861	1
3	682	6429.468064196861	0
3	693	6607.539686959393	1
3	694	6610.539686959393	0
3	706	6734.674842657366	1
3	708	6737.674842657366	0
3	719	6918.06221262188	1
3	720	6921.06221262188	0
3	727	7017.225856395578	1
3	729	7020.225856395578	0
3	735	7068.144092200166	1
3	736	7071.144092200166	0
3	764	7490.506829108186	1
3	765	7493.506829108186	0
3	769	7611.187357309085	1
3	770	7614.187357309085	0
3	780	7738.222423084811	1
3	781	7741.222423084811	0
3	791	7865.476290625329	1
3	792	7868.476290625329	0
3	797	7953.065877275475	1
3	798	7956.065877275475	0
3	812	8145.986528757426	1
3	813	8148.986528757426	0
3	814	8161.72098245072	1
3	815	8164.72098245072	0
3	816	8193.39129770129	1
3	817	8196.39129770129	0
3	851	8712.345591365715	1
3	853	8715.345591365715	0
3	854	8724.400239575152	1
3	856	8727.400239575152	0
3	882	8978.498350160555	1
3	883	8981.498350160555	0
3	910	9362.313543200105	1
3	911	9365.313543200105	0
3	912	9379.327782583434	1
3	913	9382.327782583434	0
3	923	9502.870273366584	1
3	924	9505.870273366584	0
3	949	9883.701889712658	1
3	950	9886.701889712658	0
3	955	9923.754609651394	1
3	956	9926.754609651394	0
3	961	10003.317970278069	1
3	962	10006.317970278069	0
3	975	10113.875511014116	1
3	976	10116.875511014116	0
3	993	10257.614426740086	1
3	994	10260.614426740086	0
3	1000	10314.110487235116	1
3	1001	10317.110487235116	0
3	1007	10392.703979659991	1
3	1008	10395.703979659991	0
3	1021	10507.278861639416	1
3	1022	10510.278861639416	0
3	1024	10562.918611191063	1
3	1025	10565.918611191063	0
3	1027	10577.129062582739	1
3	1029	10580.129062582739	0
3	1031	10599.039539366144	1
3	1032	10602.039539366144	0
3	1039	10682.571775299501	1
3	1041	10685.571775299501	0
3	1061	11087.364689073552	1
3	1063	11090.364689073552	0
3	1094	11601.616719437069	1
3	1095	11604.616719437069	0
3	1098	11677.879959842812	1
3	1099	11680.879959842812	0
3	1112	11886.199153559022	1
3	1113	11889.199153559022	0
3	1115	11928.941817340227	1
3	1116	11931.941817340227	0
3	1181	12526.46639017417	1
3	1182	12529.46639017417	0
3	1185	12569.711105457182	1
3	1186	12572.711105457182	0
3	1199	12701.361067205158	1
3	1201	12704.361067205158	0
3	1205	12803.283159284349	1
3	1207	12806.283159284349	0
3	1217	12959.86701348471	1
3	1218	12962.86701348471	0
3	1220	12997.085407376146	1
3	1222	13000.085407376146	0
3	1231	13116.579666136858	1
3	1232	13119.579666136858	0
3	1242	13271.601452064047	1
3	1243	13274.601452064047	0
3	1253	13377.742819538822	1
3	1254	13380.742819538822	0
3	1269	13587.319687190795	1
3	1270	13590.319687190795	0
3	1283	13754.255229669374	1
3	1284	13757.255229669374	0
3	1287	13764.466605901393	1
3	1288	13767.466605901393	0
3	1289	13804.81073653269	1
3	1290	13807.81073653269	0
3	1304	13916.968051386996	1
3	1306	13919.968051386996	0
3	1312	14013.358628968936	1
3	1313	14016.358628968936	0
3	1330	14211.188221455207	1
3	1331	14214.188221455207	0
3	1333	14223.913476386257	1
3	1334	14226.913476386257	0
3	1339	14262.020498402556	1
3	1340	14265.020498402556	0
3	1344	14308.303715557237	1
3	1345	14311.303715557237	0
3	1373	14475.03221416647	1
3	1374	14478.03221416647	0
3	1377	14499.042104725194	1
3	1378	14502.042104725194	0
3	1406	14814.927258319943	1
3	1407	14817.927258319943	0
3	1424	14936.001693887413	1
3	1425	14939.001693887413	0
3	1429	14981.073281463455	1
3	1430	14984.073281463455	0
3	1450	15168.999122992663	1
3	1451	15171.999122992663	0
3	1471	15662.899522984035	1
3	1472	15665.899522984035	0
3	1476	15789.648273011223	1
3	1477	15792.648273011223	0
3	1481	16100.864596479095	1
3	1482	16103.864596479095	0
3	1484	16187.215006810223	1
3	1485	16190.215006810223	0
3	1504	16393.009206131579	1
3	1506	16396.009206131579	0
3	1513	16487.699560628428	1
3	1514	16490.699560628428	0
3	1517	16506.110031652611	1
3	1518	16509.110031652611	0
3	1521	16553.72135384589	1
3	1522	16556.72135384589	0
3	1550	17014.034840694661	1
3	1551	17017.034840694661	0
3	1570	17262.092304628188	1
3	1571	17265.092304628188	0
3	1584	17380.728603294967	1
3	1585	17383.728603294967	0
3	1598	17513.724576063114	1
3	1599	17516.724576063114	0
3	1623	17974.4315349868	1
3	1624	17977.4315349868	0
3	1637	18181.743330090143	1
3	1638	18184.743330090143	0
3	1678	18513.939300986851	1
3	1679	18516.939300986851	0
3	1681	18546.666379543232	1
3	1682	18549.666379543232	0
3	1685	18577.170621497388	1
3	1686	18580.170621497388	0
3	1706	18849.880470459863	1
3	1707	18852.880470459863	0
3	1709	18909.461161897761	1
3	1710	18912.461161897761	0
3	1725	19179.333053292089	1
3	1726	19182.333053292089	0
3	1728	19223.493388804311	1
3	1729	19226.493388804311	0
3	1732	19255.015822712027	1
3	1733	19258.015822712027	0
3	1736	19320.005038687174	1
3	1737	19323.005038687174	0
3	1750	19457.216422743487	1
3	1751	19460.216422743487	0
3	1754	19481.982578218534	1
3	1756	19484.982578218534	0
3	1766	19639.844908403232	1
3	1767	19642.844908403232	0
3	1788	19852.139612836905	1
3	1789	19855.139612836905	0
3	1801	19994.447021328502	1
3	1802	19997.447021328502	0
4	125	1072.743011960929	3
4	140	1177.555451658686	3
4	147	1224.59658124993	3
4	160	1292.290511761901	3
4	162	1296.576476957974	3
4	164	1323.270956668098	3
4	177	1377.053215658274	3
4	188	1433.350280346594	3
4	189	1439.350280346594	6.318782792193
4	193	1459.708704914182	3
4	215	1576.927400637737	3
4	221	1627.778912118936	3
4	237	1718.168418170697	3
4	244	1769.718142157969	3
4	267	1893.939832339871	3
4	273	1914.633027111338	3
4	295	2104.339142054336	3
4	299	2109.708685889744	3
4	310	2208.125642613706	3
4	318	2239.684596276995	3
4	335	2350.598998366779	3
4	343	2437.827207631053	3
4	387	2846.810540089276	3
4	411	3038.066403502787	3
4	431	3259.431218026144	3
4	443	3458.505993661253	3
4	451	3582.018290969047	3
4	467	3825.880272927497	3
4	483	4176.429394980207	3
4	488	4240.119213842712	3
4	503	4386.045562956043	3
4	509	4413.197017143445	3
4	520	4496.947471258173	3
4	528	4585.018427563447	3
4	531	4590.027006233443	3
4	534	4596.056886865332	3
4	551	4716.995911749828	3
4	553	4736.83079137306	3
4	571	5073.996519987021	3
4	584	5254.710411250841	3
4	595	5371.046408154681	3
4	603	5471.207849392443	3
4	609	5540.856602095397	3
4	617	5613.010136326878	3
4	626	5704.489578647672	3
4	634	5796.887628748052	3
4	648	5966.807213509122	3
4	662	6122.131364594478	3
4	676	6322.686996079085	3
4	682	6429.468064196861	3
4	694	6610.539686959393	3
4	708	6737.674842657366	3
4	720	6921.06221262188	3
4	729	7020.225856395578	3
4	736	7071.144092200166	3
4	765	7493.506829108186	3
4	770	7614.187357309085	3
4	781	7741.222423084811	3
4	792	7868.476290625329	3
4	798	7956.065877275475	3
4	813	8148.986528757426	3
4	815	8164.72098245072	3
4	817	8196.39129770129	3
4	853	8715.345591365715	3
4	856	8727.400239575152	3
4	883	8981.498350160555	3
4	911	9365.313543200105	3
4	913	9382.327782583434	3
4	924	9505.870273366584	3
4	950	9886.701889712658	3
4	956	9926.754609651394	3
4	962	10006.317970278069	3
4	976	10116.875511014116	3
4	994	10260.614426740086	3
4	1001	10317.110487235116	3
4	1008	10395.703979659991	3
4	1022	10510.278861639416	3
4	1025	10565.918611191063	3
4	1029	10580.129062582739	3
4	1032	10602.039539366144	3
4	1041	10685.571775299501	3
4	1063	11090.364689073552	3
4	1095	11604.616719437069	3
4	1099	11680.879959842812	3
4	1113	11889.199153559022	3
4	1116	11931.941817340227	3
4	1182	12529.46639017417	3
4	1186	12572.711105457182	3
4	1201	12704.361067205158	3
4	1207	12806.283159284349	3
4	1218	12962.86701348471	3
4	1222	13000.085407376146	3
4	1232	13119.579666136858	3
4	1243	13274.601452064047	3
4	1254	13380.742819538822	3
4	1270	13590.319687190795	3
4	1284	13757.255229669374	3
4	1288	13767.466605901393	3
4	1290	13807.81073653269	3
4	1306	13919.968051386996	3
4	1313	14016.358628968936	3
4	1331	14214.188221455207	3
4	1334	14226.913476386257	3
4	1340	14265.020498402556	3
4	1345	14311.303715557237	3
4	1374	14478.03221416647	3
4	1378	14502.042104725194	3
4	1407	14817.927258319943	3
4	1425	14939.001693887413	3
4	1430	14984.073281463455	3
4	1451	15171.999122992663	3
4	1472	15665.899522984035	3
4	1477	15792.648273011223	3
4	1482	16103.864596479095	3
4	1485	16190.215006810223	3
4	1506	16396.009206131579	3
4	1514	16490.699560628428	3
4	1518	16509.110031652611	3
4	1522	16556.72135384589	3
4	1551	17017.034840694661	3
4	1571	17265.092304628188	3
4	1585	17383.728603294967	3
4	1599	17516.724576063114	3
4	1624	17977.4315349868	3
4	1638	18184.743330090143	3
4	1679	18516.939300986851	3
4	1682	18549.666379543232	3
4	1686	18580.170621497388	3
4	1707	18852.880470459863	3
4	1710	18912.461161897761	3
4	1726	19182.333053292089	3
4	1729	19226.493388804311	3
4	1733	19258.015822712027	3
4	1737	19323.005038687174	3
4	1751	19460.216422743487	3
4	1756	19484.982578218534	3
4	1767	19642.844908403232	3
4	1789	19855.139612836905	3
4	1802	19997.447021328502	3
5	125	1072.743011960929	10703
5	140	1177.555451658686	10707
5	147	1224.59658124993	10705
5	160	1292.290511761901	10708
5	162	1296.576476957974	10712
5	164	1323.270956668098	10713
5	177	1377.053215658274	10711
5	188	1433.350280346594	10714
5	189	1439.350280346594	10716
5	193	1459.708704914182	10710
5	215	1576.927400637737	10717
5	221	1627.778912118936	10718
5	237	1718.168418170697	10721
5	244	1769.718142157969	10724
5	267	1893.939832339871	10728
5	273	1914.633027111338	10725
5	295	2104.339142054336	10729
5	299	2109.708685889744	10730
5	310	2208.125642613706	10733
5	318	2239.684596276995	10736
5	335	2350.598998366779	10737
5	343	2437.827207631053	10735
5	387	2846.810540089276	10742
5	411	3038.066403502787	10748
5	431	3259.431218026144	10750
5	443	3458.505993661253	10753
5	451	3582.018290969047	10754
5	467	3825.880272927497	10757
5	483	4176.429394980207	10760
5	488	4240.119213842712	10759
5	503	4386.045562956043	10764
5	509	4413.197017143445	10761
5	520	4496.947471258173	10765
5	528	4585.018427563447	10766
5	531	4590.027006233443	10769
5	534	4596.056886865332	10763
5	551	4716.995911749828	10772
5	553	4736.83079137306	10773
5	571	5073.996519987021	10774
5	584	5254.710411250841	10776
5	595	5371.046408154681	10779
5	603	5471.207849392443	10781
5	609	5540.856602095397	10780
5	617	5613.010136326878	10782
5	626	5704.489578647672	10783
5	634	5796.887628748052	10786
5	648	5966.807213509122	10788
5	662	6122.131364594478	10791
5	676	6322.686996079085	10792
5	682	6429.468064196861	10793
5	694	6610.539686959393	10795
5	708	6737.674842657366	10796
5	720	6921.06221262188	10798
5	729	7020.225856395578	10801
5	736	7071.144092200166	10803
5	765	7493.506829108186	10807
5	770	7614.187357309085	10808
5	781	7741.222423084811	10810
5	792	7868.476290625329	10811
5	798	7956.065877275475	10813
5	813	8148.986528757426	10814
5	815	8164.72098245072	10816
5	817	8196.39129770129	10815
5	853	8715.345591365715	10823
5	856	8727.400239575152	10824
5	883	8981.498350160555	10827
5	911	9365.313543200105	10830
5	913	9382.327782583434	10831
5	924	9505.870273366584	10834
5	950	9886.701889712658	10838
5	956	9926.754609651394	10839
5	962	10006.317970278069	10841
5	976	10116.875511014116	10842
5	994	10260.614426740086	10846
5	1001	10317.110487235116	10845
5	1008	10395.703979659991	10847
5	1022	10510.278861639416	10851
5	1025	10565.918611191063	10849
5	1029	10580.129062582739	10850
5	1032	10602.039539366144	10853
5	1041	10685.571775299501	10852
5	1063	11090.364689073552	10856
5	1095	11604.616719437069	10862
5	1099	11680.879959842812	10863
5	1113	11889.199153559022	10864
5	1116	11931.941817340227	10866
5	1182	12529.46639017417	10876
5	1186	12572.711105457182	10877
5	1201	12704.361067205158	10880
5	1207	12806.283159284349	10879
5	1218	12962.86701348471	10882
5	1222	13000.085407376146	10881
5	1232	13119.579666136858	10884
5	1243	13274.601452064047	10885
5	1254	13380.742819538822	10887
5	1270	13590.319687190795	10888
5	1284	13757.255229669374	10892
5	1288	13767.466605901393	10894
5	1290	13807.81073653269	10895
5	1306	13919.968051386996	10897
5	1313	14016.358628968936	10898
5	1331	14214.188221455207	10901
5	1334	14226.913476386257	10902
5	1340	14265.020498402556	10900
5	1345	14311.303715557237	10904
5	1374	14478.03221416647	10905
5	1378	14502.042104725194	10907
5	1407	14817.927258319943	10913
5	1425	14939.001693887413	10914
5	1430	14984.073281463455	10918
5	1451	15171.999122992663	10919
5	1472	15665.899522984035	10922
5	1477	15792.648273011223	10923
5	1482	16103.864596479095	10924
5	1485	16190.215006810223	10925
5	1506	16396.009206131579	10930
5	1514	16490.699560628428	10929
5	1518	16509.110031652611	10931
5	1522	16556.72135384589	10932
5	1551	17017.034840694661	10936
5	1571	17265.092304628188	10940
5	1585	17383.728603294967	10938
5	1599	17516.724576063114	10942
5	1624	17977.4315349868	10947
5	1638	18184.743330090143	10949
5	1679	18516.939300986851	10954
5	1682	18549.666379543232	10956
5	1686	18580.170621497388	10958
5	1707	18852.880470459863	10961
5	1710	18912.461161897761	10960
5	1726	19182.333053292089	10962
5	1729	19226.493388804311	10963
5	1733	19258.015822712027	10965
5	1737	19323.005038687174	10966
5	1751	19460.216422743487	10967
5	1756	19484.982578218534	10969
5	1767	19642.844908403232	10970
5	1789	19855.139612836905	10973
5	1802	19997.447021328502	10976
6	131	1118.59658124993	1
6	132	1121.59658124993	0
6	137	1173.963651401194	1
6	139	1176.963651401194	0
6	141	1186.290511761901	1
6	142	1189.290511761901	0
6	154	1271.053215658274	1
6	155	1274.053215658274	0
6	166	1327.350280346594	1
6	167	1330.350280346594	0
6	169	1338.797462014603	1
6	170	1341.797462014603	0
6	171	1353.708704914182	1
6	173	1356.708704914182	0
6	180	1396.576476957974	1
6	181	1399.576476957974	0
6	183	1423.270956668098	1
6	184	1426.270956668098	0
6	195	1470.927400637737	1
6	196	1473.927400637737	0
6	218	1612.168418170697	1
6	219	1615.168418170697	0
6	228	1669.328342739132	1
6	230	1672.328342739132	0
6	239	1738.077098396732	1
6	240	1741.077098396732	0
6	245	1770.271477664875	1
6	247	1773.271477664875	0
6	252	1803.429713644805	1
6	253	1806.429713644805	0
6	254	1808.633027111338	1
6	255	1811.633027111338	0
6	262	1869.718142157969	1
6	263	1872.718142157969	0
6	281	1998.339142054336	1
6	282	2001.339142054336	0
6	284	2003.708685889744	1
6	285	2006.708685889744	0
6	291	2077.115148022824	1
6	292	2080.115148022824	0
6	294	2102.125642613706	1
6	296	2105.125642613706	0
6	309	2205.601266803515	1
6	311	2208.601266803515	0
6	319	2244.598998366779	1
6	320	2247.598998366779	0
6	330	2331.827207631053	1
6	331	2334.827207631053	0
6	351	2520.123932250009	1
6	352	2523.123932250009	0
6	373	2740.810540089276	1
6	374	2743.810540089276	0
6	380	2812.560174737311	1
6	381	2815.560174737311	0
6	395	2922.518639765887	1
6	397	2925.518639765887	0
6	398	2932.066403502787	1
6	399	2935.066403502787	0
6	416	3110.517440902631	1
6	417	3113.517440902631	0
6	422	3153.431218026144	1
6	423	3156.431218026144	0
6	432	3291.19377792855	1
6	433	3294.19377792855	0
6	444	3476.018290969047	1
6	445	3479.018290969047	0
6	462	3752.89649724827	1
6	463	3755.89649724827	0
6	480	4134.119213842712	1
6	481	4137.119213842712	0
6	495	4307.197017143445	1
6	496	4310.197017143445	0
6	504	4390.947471258173	1
6	505	4393.947471258173	0
6	506	4398.625194923513	1
6	507	4401.625194923513	0
6	511	4479.018427563447	1
6	512	4482.018427563447	0
6	513	4484.056886865332	1
6	514	4485.279641675298	2
6	515	4486.045562956043	3
6	517	4487.056886865332	2
6	518	4493.056886865332	1
6	521	4499.056886865332	0
6	525	4550.477425664502	1
6	526	4553.477425664502	0
6	557	4801.788791541693	1
6	558	4804.788791541693	0
6	560	4836.83079137306	1
6	561	4839.83079137306	0
6	562	4854.141355432817	1
6	563	4857.141355432817	0
6	575	5148.710411250841	1
6	576	5151.710411250841	0
6	598	5434.856602095397	1
6	599	5437.856602095397	0
6	602	5471.046408154681	1
6	604	5474.046408154681	0
6	606	5507.010136326878	1
6	607	5510.010136326878	0
6	614	5598.489578647672	1
6	615	5601.489578647672	0
6	637	5842.975542122068	1
6	638	5845.975542122068	0
6	663	6128.401661717075	1
6	664	6131.401661717075	0
6	665	6184.451423817767	1
6	666	6187.451423817767	0
6	670	6222.131364594478	1
6	671	6225.131364594478	0
6	712	6815.06221262188	1
6	713	6818.06221262188	0
6	731	7045.827788517187	1
6	732	7048.827788517187	0
6	739	7118.192917281196	1
6	741	7121.192917281196	0
6	744	7154.778018697645	1
6	745	7157.778018697645	0
6	782	7762.476290625329	1
6	783	7765.476290625329	0
6	804	8042.986528757426	1
6	805	8045.986528757426	0
6	833	8492.609288309213	1
6	834	8495.609288309213	0
6	837	8549.875861000019	1
6	838	8552.875861000019	0
6	858	8741.226976440354	1
6	859	8744.226976440354	0
6	865	8815.345591365715	1
6	867	8818.345591365715	0
6	876	8916.009906823741	1
6	878	8919.009906823741	0
6	900	9259.313543200105	1
6	901	9262.313543200105	0
6	905	9346.27149086012	1
6	907	9349.27149086012	0
6	908	9351.652867674164	1
6	909	9354.652867674164	0
6	931	9605.870273366584	1
6	932	9608.870273366584	0
6	933	9611.783892441908	1
6	934	9614.783892441908	0
6	957	9986.701889712658	1
6	958	9989.701889712658	0
6	959	9999.444265766877	1
6	960	10002.444265766877	0
6	967	10026.754609651394	1
6	968	10029.754609651394	0
6	1016	10474.129062582739	1
6	1017	10477.129062582739	0
6	1028	10579.571775299501	1
6	1030	10582.571775299501	0
6	1051	10841.201304346997	1
6	1052	10844.201304346997	0
6	1053	10887.135602821382	1
6	1054	10890.135602821382	0
6	1080	11332.631563029353	1
6	1081	11335.631563029353	0
6	1082	11383.720794515483	1
6	1083	11386.720794515483	0
6	1096	11643.568782197241	1
6	1097	11646.568782197241	0
6	1136	12141.29638384938	1
6	1137	12144.29638384938	0
6	1141	12175.329952755766	1
6	1142	12178.329952755766	0
6	1143	12205.214783588478	1
6	1144	12208.214783588478	0
6	1148	12247.463700102056	1
6	1150	12250.463700102056	0
6	1165	12389.737082865744	1
6	1167	12392.737082865744	0
6	1174	12466.711105457182	1
6	1175	12469.711105457182	0
6	1177	12493.529583298393	1
6	1180	12496.529583298393	0
6	1183	12542.408960058743	1
6	1184	12545.408960058743	0
6	1211	12894.085407376146	1
6	1213	12897.085407376146	0
6	1223	13013.579666136858	1
6	1224	13016.579666136858	0
6	1233	13168.601452064047	1
6	1234	13171.601452064047	0
6	1236	13201.99599168584	1
6	1237	13204.99599168584	0
6	1244	13274.742819538822	1
6	1245	13277.742819538822	0
6	1263	13484.319687190795	1
6	1264	13487.319687190795	0
6	1279	13713.467127911303	1
6	1280	13716.467127911303	0
6	1307	13954.399154345019	1
6	1308	13957.399154345019	0
6	1314	14019.968051386996	1
6	1315	14022.968051386996	0
6	1320	14116.358628968936	1
6	1321	14119.358628968936	0
6	1324	14129.741768626372	1
6	1326	14132.741768626372	0
6	1348	14326.913476386257	1
6	1350	14329.913476386257	0
6	1366	14427.235596966186	1
6	1368	14430.235596966186	0
6	1383	14540.423505650551	1
6	1384	14543.423505650551	0
6	1394	14673.08692981738	1
6	1395	14676.08692981738	0
6	1408	14829.040018040235	1
6	1409	14832.040018040235	0
6	1410	14833.001693887413	1
6	1411	14836.001693887413	0
6	1431	14990.390354111705	1
6	1432	14993.390354111705	0
6	1446	15106.216475931267	1
6	1447	15109.216475931267	0
6	1462	15356.454933855536	1
6	1464	15359.454933855536	0
6	1468	15559.899522984035	1
6	1469	15562.899522984035	0
6	1473	15686.648273011223	1
6	1474	15689.648273011223	0
6	1499	16342.700970195059	1
6	1500	16345.700970195059	0
6	1515	16496.009206131579	1
6	1516	16499.009206131579	0
6	1519	16515.518034527576	1
6	1520	16518.518034527576	0
6	1533	16676.896279584888	1
6	1534	16679.896279584888	0
6	1558	17117.034840694661	1
6	1559	17120.034840694661	0
6	1572	17277.728603294967	1
6	1573	17280.728603294967	0
6	1577	17315.220674167603	1
6	1578	17318.220674167603	0
6	1579	17319.301703838579	1
6	1580	17322.301703838579	0
6	1587	17410.724576063114	1
6	1588	17413.724576063114	0
6	1593	17457.943524347977	1
6	1594	17460.943524347977	0
6	1630	18078.743330090143	1
6	1631	18081.743330090143	0
6	1632	18086.438905487186	1
6	1633	18089.438905487186	0
6	1635	18122.338636596304	1
6	1636	18125.338636596304	0
6	1651	18312.039034678	1
6	1652	18315.039034678	0
6	1666	18426.768449492883	1
6	1667	18429.768449492883	0
6	1668	18443.666379543232	1
6	1669	18446.666379543232	0
6	1683	18568.711637814724	1
6	1684	18571.711637814724	0
6	1688	18595.376726289621	1
6	1690	18598.376726289621	0
6	1702	18800.461161897761	1
6	1703	18800.47480796237	2
6	1704	18803.461161897761	1
6	1705	18809.461161897761	0
6	1718	19076.333053292089	1
6	1719	19079.333053292089	0
6	1730	19249.563030874706	1
6	1731	19252.563030874706	0
6	1762	19582.188650264892	1
6	1764	19585.188650264892	0
6	1769	19651.479027263809	1
6	1770	19654.479027263809	0
6	1778	19749.139612836905	1
6	1779	19752.139612836905	0
6	1781	19760.086044659025	1
6	1782	19763.086044659025	0
6	1784	19845.000879397519	1
6	1786	19848.000879397519	0
6	1791	19865.452876687448	1
6	1792	19868.452876687448	0
7	132	1121.59658124993	3
7	139	1176.963651401194	3
7	142	1189.290511761901	3
7	155	1274.053215658274	3
7	167	1330.350280346594	3
7	170	1341.797462014603	3
7	173	1356.708704914182	3
7	181	1399.576476957974	3
7	184	1426.270956668098	3
7	196	1473.927400637737	3
7	219	1615.168418170697	3
7	230	1672.328342739132	3
7	240	1741.077098396732	3
7	247	1773.271477664875	3
7	253	1806.429713644805	3
7	255	1811.633027111338	3
7	263	1872.718142157969	3
7	282	2001.339142054336	3
7	285	2006.708685889744	3
7	292	2080.115148022824	3
7	296	2105.125642613706	3
7	311	2208.601266803515	3
7	320	2247.598998366779	3
7	331	2334.827207631053	3
7	352	2523.123932250009	3
7	374	2743.810540089276	3
7	381	2815.560174737311	3
7	397	2925.518639765887	3
7	399	2935.066403502787	3
7	417	3113.517440902631	3
7	423	3156.431218026144	3
7	433	3294.19377792855	3
7	445	3479.018290969047	3
7	463	3755.89649724827	3
7	481	4137.119213842712	3
7	496	4310.197017143445	3
7	505	4393.947471258173	3
7	507	4401.625194923513	3
7	512	4482.018427563447	3
7	517	4487.056886865332	3
7	518	4493.056886865332	7.777245190034
7	521	4499.056886865332	13.011323909289
7	526	4553.477425664502	3
7	558	4804.788791541693	3
7	561	4839.83079137306	3
7	563	4857.141355432817	3
7	576	5151.710411250841	3
7	599	5437.856602095397	3
7	604	5474.046408154681	3
7	607	5510.010136326878	3
7	615	5601.489578647672	3
7	638	5845.975542122068	3
7	664	6131.401661717075	3
7	666	6187.451423817767	3
7	671	6225.131364594478	3
7	713	6818.06221262188	3
7	732	7048.827788517187	3
7	741	7121.192917281196	3
7	745	7157.778018697645	3
7	783	7765.476290625329	3
7	805	8045.986528757426	3
7	834	8495.609288309213	3
7	838	8552.875861000019	3
7	859	8744.226976440354	3
7	867	8818.345591365715	3
7	878	8919.009906823741	3
7	901	9262.313543200105	3
7	907	9349.27149086012	3
7	909	9354.652867674164	3
7	932	9608.870273366584	3
7	934	9614.783892441908	3
7	958	9989.701889712658	3
7	960	10002.444265766877	3
7	968	10029.754609651394	3
7	1017	10477.129062582739	3
7	1030	10582.571775299501	3
7	1052	10844.201304346997	3
7	1054	10890.135602821382	3
7	1081	11335.631563029353	3
7	1083	11386.720794515483	3
7	1097	11646.568782197241	3
7	1137	12144.29638384938	3
7	1142	12178.329952755766	3
7	1144	12208.214783588478	3
7	1150	12250.463700102056	3
7	1167	12392.737082865744	3
7	1175	12469.711105457182	3
7	1180	12496.529583298393	3
7	1184	12545.408960058743	3
7	1213	12897.085407376146	3
7	1224	13016.579666136858	3
7	1234	13171.601452064047	3
7	1237	13204.99599168584	3
7	1245	13277.742819538822	3
7	1264	13487.319687190795	3
7	1280	13716.467127911303	3
7	1308	13957.399154345019	3
7	1315	14022.968051386996	3
7	1321	14119.358628968936	3
7	1326	14132.741768626372	3
7	1350	14329.913476386257	3
7	1368	14430.235596966186	3
7	1384	14543.423505650551	3
7	1395	14676.08692981738	3
7	1409	14832.040018040235	3
7	1411	14836.001693887413	3
7	1432	14993.390354111705	3
7	1447	15109.216475931267	3
7	1464	15359.454933855536	3
7	1469	15562.899522984035	3
7	1474	15689.648273011223	3
7	1500	16345.700970195059	3
7	1516	16499.009206131579	3
7	1520	16518.518034527576	3
7	1534	16679.896279584888	3
7	1559	17120.034840694661	3
7	1573	17280.728603294967	3
7	1578	17318.220674167603	3
7	1580	17322.301703838579	3
7	1588	17413.724576063114	3
7	1594	17460.943524347977	3
7	1631	18081.743330090143	3
7	1633	18089.438905487186	3
7	1636	18125.338636596304	3
7	1652	18315.039034678	3
7	1667	18429.768449492883	3
7	1669	18446.666379543232	3
7	1684	18571.711637814724	3
7	1690	18598.376726289621	3
7	1704	18803.461161897761	3
7	1705	18809.461161897761	8.986353935391
7	1719	19079.333053292089	3
7	1731	19252.563030874706	3
7	1764	19585.188650264892	3
7	1770	19654.479027263809	3
7	1779	19752.139612836905	3
7	1782	19763.086044659025	3
7	1786	19848.000879397519	3
7	1792	19868.452876687448	3
8	132	1121.59658124993	10705
8	139	1176.963651401194	10706
8	142	1189.290511761901	10708
8	155	1274.053215658274	10711
8	167	1330.350280346594	10714
8	170	1341.797462014603	10709
8	173	1356.708704914182	10710
8	181	1399.576476957974	10712
8	184	1426.270956668098	10713
8	196	1473.927400637737	10717
8	219	1615.168418170697	10721
8	230	1672.328342739132	10723
8	240	1741.077098396732	10719
8	247	1773.271477664875	10722
8	253	1806.429713644805	10720
8	255	1811.633027111338	10725
8	263	1872.718142157969	10724
8	282	2001.339142054336	10729
8	285	2006.708685889744	10730
8	292	2080.115148022824	10732
8	296	2105.125642613706	10733
8	311	2208.601266803515	10734
8	320	2247.598998366779	10737
8	331	2334.827207631053	10735
8	352	2523.123932250009	10738
8	374	2743.810540089276	10742
8	381	2815.560174737311	10746
8	397	2925.518639765887	10743
8	399	2935.066403502787	10748
8	417	3113.517440902631	10749
8	423	3156.431218026144	10750
8	433	3294.19377792855	10751
8	445	3479.018290969047	10754
8	463	3755.89649724827	10756
8	481	4137.119213842712	10759
8	496	4310.197017143445	10761
8	505	4393.947471258173	10765
8	507	4401.625194923513	10762
8	512	4482.018427563447	10766
8	517	4487.056886865332	10767
8	518	4493.056886865332	10763
8	521	4499.056886865332	10764
8	526	4553.477425664502	10768
8	558	4804.788791541693	10771
8	561	4839.83079137306	10773
8	563	4857.141355432817	10770
8	576	5151.710411250841	10776
8	599	5437.856602095397	10780
8	604	5474.046408154681	10779
8	607	5510.010136326878	10782
8	615	5601.489578647672	10783
8	638	5845.975542122068	10785
8	664	6131.401661717075	10787
8	666	6187.451423817767	10789
8	671	6225.131364594478	10791
8	713	6818.06221262188	10798
8	732	7048.827788517187	10802
8	741	7121.192917281196	10799
8	745	7157.778018697645	10805
8	783	7765.476290625329	10811
8	805	8045.986528757426	10814
8	834	8495.609288309213	10819
8	838	8552.875861000019	10818
8	859	8744.226976440354	10821
8	867	8818.345591365715	10823
8	878	8919.009906823741	10826
8	901	9262.313543200105	10830
8	907	9349.27149086012	10832
8	909	9354.652867674164	10829
8	932	9608.870273366584	10834
8	934	9614.783892441908	10836
8	958	9989.701889712658	10838
8	960	10002.444265766877	10840
8	968	10029.754609651394	10839
8	1017	10477.129062582739	10850
8	1030	10582.571775299501	10852
8	1052	10844.201304346997	10854
8	1054	10890.135602821382	10855
8	1081	11335.631563029353	10860
8	1083	11386.720794515483	10858
8	1097	11646.568782197241	10861
8	1137	12144.29638384938	10868
8	1142	12178.329952755766	10870
8	1144	12208.214783588478	10871
8	1150	12250.463700102056	10869
8	1167	12392.737082865744	10874
8	1175	12469.711105457182	10877
8	1180	12496.529583298393	10875
8	1184	12545.408960058743	10873
8	1213	12897.085407376146	10881
8	1224	13016.579666136858	10884
8	1234	13171.601452064047	10885
8	1237	13204.99599168584	10883
8	1245	13277.742819538822	10887
8	1264	13487.319687190795	10888
8	1280	13716.467127911303	10891
8	1308	13957.399154345019	10896
8	1315	14022.968051386996	10897
8	1321	14119.358628968936	10898
8	1326	14132.741768626372	10899
8	1350	14329.913476386257	10902
8	1368	14430.235596966186	10908
8	1384	14543.423505650551	10910
8	1395	14676.08692981738	10909
8	1409	14832.040018040235	10911
8	1411	14836.001693887413	10914
8	1432	14993.390354111705	10916
8	1447	15109.216475931267	10917
8	1464	15359.454933855536	10921
8	1469	15562.899522984035	10922
8	1474	15689.648273011223	10923
8	1500	16345.700970195059	10928
8	1516	16499.009206131579	10930
8	1520	16518.518034527576	10927
8	1534	16679.896279584888	10933
8	1559	17120.034840694661	10936
8	1573	17280.728603294967	10938
8	1578	17318.220674167603	10937
8	1580	17322.301703838579	10941
8	1588	17413.724576063114	10942
8	1594	17460.943524347977	10943
8	1631	18081.743330090143	10949
8	1633	18089.438905487186	10948
8	1636	18125.338636596304	10950
8	1652	18315.039034678	10951
8	1667	18429.768449492883	10955
8	1669	18446.666379543232	10956
8	1684	18571.711637814724	10957
8	1690	18598.376726289621	10953
8	1704	18803.461161897761	10959
8	1705	18809.461161897761	10960
8	1719	19079.333053292089	10962
8	1731	19252.563030874706	10964
8	1764	19585.188650264892	10968
8	1770	19654.479027263809	10971
8	1779	19752.139612836905	10973
8	1782	19763.086044659025	10972
8	1786	19848.000879397519	10974
8	1792	19868.452876687448	10975
9	120	1015.59658124993	1
9	121	1018.59658124993	0
9	124	1070.963651401194	1
9	126	1073.963651401194	0
9	129	1099.210208578738	1
9	130	1102.210208578738	0
9	149	1235.797462014603	1
9	150	1238.797462014603	0
9	151	1250.708704914182	1
9	152	1253.708704914182	0
9	192	1457.397826718356	1
9	194	1460.397826718356	0
9	222	1635.077098396732	1
9	223	1638.077098396732	0
9	227	1667.271477664875	1
9	229	1670.271477664875	0
9	233	1700.429713644805	1
9	234	1703.429713644805	0
9	246	1772.328342739132	1
9	248	1775.328342739132	0
9	268	1895.339142054336	1
9	269	1898.339142054336	0
9	275	1964.457444384484	1
9	276	1967.457444384484	0
9	305	2180.115148022824	1
9	306	2183.115148022824	0
9	315	2228.827207631053	1
9	316	2231.827207631053	0
9	324	2308.601266803515	1
9	326	2311.601266803515	0
9	336	2356.600935253599	1
9	337	2359.600935253599	0
9	340	2417.123932250009	1
9	341	2420.123932250009	0
9	363	2637.810540089276	1
9	364	2640.810540089276	0
9	366	2682.320603547592	1
9	367	2685.320603547592	0
9	375	2761.403167474848	1
9	376	2764.403167474848	0
9	382	2819.518639765887	1
9	384	2822.518639765887	0
9	389	2890.270754819301	1
9	390	2893.270754819301	0
9	392	2915.560174737311	1
9	393	2918.560174737311	0
9	394	2920.101217087227	1
9	396	2923.101217087227	0
9	404	3007.517440902631	1
9	405	3010.517440902631	0
9	412	3050.431218026144	1
9	413	3053.431218026144	0
9	424	3188.19377792855	1
9	425	3191.19377792855	0
9	427	3236.871211562917	1
9	428	3239.871211562917	0
9	446	3485.849334144106	1
9	447	3488.849334144106	0
9	455	3649.89649724827	1
9	456	3652.89649724827	0
9	469	3888.286865816116	1
9	470	3891.286865816116	0
9	475	4031.119213842712	1
9	476	4034.119213842712	0
9	485	4204.197017143445	1
9	486	4207.197017143445	0
9	493	4295.625194923513	1
9	494	4298.625194923513	0
9	499	4382.279641675298	1
9	502	4385.279641675298	0
9	530	4587.056886865332	1
9	532	4590.056886865332	0
9	542	4653.477425664502	1
9	543	4656.477425664502	0
9	548	4698.788791541693	1
9	549	4701.788791541693	0
9	554	4751.141355432817	1
9	555	4754.141355432817	0
9	578	5189.569104433677	1
9	579	5192.569104433677	0
9	621	5664.92004737844	1
9	622	5667.92004737844	0
9	628	5739.975542122068	1
9	629	5742.975542122068	0
9	654	6025.401661717075	1
9	655	6028.401661717075	0
9	657	6081.451423817767	1
9	658	6084.451423817767	0
9	667	6206.102318042198	1
9	668	6209.102318042198	0
9	685	6525.686996079085	1
9	686	6528.686996079085	0
9	688	6531.237233289424	1
9	691	6534.237233289424	0
9	697	6632.468064196861	1
9	700	6635.468064196861	0
9	702	6645.432542206802	1
9	703	6648.432542206802	0
9	722	6954.967957012187	1
9	723	6957.967957012187	0
9	726	7015.192917281196	1
9	728	7018.192917281196	0
9	737	7093.556494461243	1
9	738	7096.556494461243	0
9	752	7257.778018697645	1
9	753	7260.778018697645	0
9	754	7274.144092200166	1
9	755	7277.144092200166	0
9	760	7386.51684446883	1
9	761	7389.51684446883	0
9	774	7696.506829108186	1
9	775	7699.506829108186	0
9	786	7829.215761346907	1
9	788	7832.215761346907	0
9	802	8033.87211776423	1
9	803	8036.87211776423	0
9	824	8319.745776658603	1
9	825	8322.745776658603	0
9	831	8446.875861000019	1
9	832	8449.875861000019	0
9	845	8638.226976440354	1
9	846	8641.226976440354	0
9	855	8727.061002438301	1
9	857	8730.061002438301	0
9	862	8806.099617589225	1
9	863	8809.099617589225	0
9	864	8813.009906823741	1
9	866	8816.009906823741	0
9	872	8865.547738672364	1
9	873	8868.547738672364	0
9	892	9156.313543200105	1
9	893	9159.313543200105	0
9	894	9172.572350423341	1
9	895	9175.572350423341	0
9	898	9248.652867674164	1
9	899	9251.652867674164	0
9	916	9449.27149086012	1
9	918	9452.27149086012	0
9	926	9549.484739215824	1
9	928	9552.484739215824	0
9	937	9680.614394237161	1
9	938	9683.614394237161	0
9	940	9714.783892441908	1
9	941	9717.783892441908	0
9	942	9736.392734182664	1
9	943	9739.392734182664	0
9	977	10120.776829975474	1
9	978	10123.776829975474	0
9	980	10147.766176314593	1
9	981	10150.766176314593	0
9	985	10209.317970278069	1
9	987	10212.317970278069	0
9	997	10303.357981665089	1
9	998	10306.357981665089	0
9	1014	10463.614426740086	1
9	1015	10466.614426740086	0
9	1045	10738.201304346997	1
9	1046	10741.201304346997	0
9	1057	10990.135602821382	1
9	1058	10993.135602821382	0
9	1075	11280.720794515483	1
9	1076	11283.720794515483	0
9	1077	11293.033817273707	1
9	1078	11296.033817273707	0
9	1085	11435.631563029353	1
9	1086	11438.631563029353	0
9	1091	11540.568782197241	1
9	1092	11543.568782197241	0
9	1119	11973.510684018177	1
9	1120	11976.510684018177	0
9	1126	12038.29638384938	1
9	1127	12041.29638384938	0
9	1134	12134.941817340227	1
9	1135	12137.941817340227	0
9	1138	12144.463700102056	1
9	1139	12147.463700102056	0
9	1152	12278.329952755766	1
9	1153	12281.329952755766	0
9	1156	12308.214783588478	1
9	1157	12311.214783588478	0
9	1166	12390.529583298393	1
9	1168	12393.529583298393	0
9	1172	12439.408960058743	1
9	1173	12442.408960058743	0
9	1176	12492.737082865744	1
9	1178	12495.737082865744	0
9	1203	12791.085407376146	1
9	1204	12794.085407376146	0
9	1227	13098.99599168584	1
9	1229	13101.99599168584	0
9	1248	13312.151436671827	1
9	1249	13315.151436671827	0
9	1255	13381.319687190795	1
9	1256	13384.319687190795	0
9	1272	13638.740501502794	1
9	1273	13641.740501502794	0
9	1285	13760.453212925338	1
9	1286	13763.453212925338	0
9	1291	13816.467127911303	1
9	1293	13819.467127911303	0
9	1294	13851.399154345019	1
9	1295	13854.399154345019	0
9	1336	14232.741768626372	1
9	1338	14235.741768626372	0
9	1351	14333.514427797591	1
9	1353	14336.514427797591	0
9	1358	14377.215155236714	1
9	1359	14380.215155236714	0
9	1364	14417.188221455207	1
9	1365	14420.188221455207	0
9	1381	14530.235596966186	1
9	1382	14533.235596966186	0
9	1385	14570.08692981738	1
9	1386	14573.08692981738	0
9	1397	14726.040018040235	1
9	1398	14729.040018040235	0
9	1400	14765.454518767679	1
9	1401	14768.454518767679	0
9	1417	14887.390354111705	1
9	1418	14890.390354111705	0
9	1434	15003.216475931267	1
9	1435	15006.216475931267	0
9	1444	15102.274104957286	1
9	1445	15105.274104957286	0
9	1452	15187.073281463455	1
9	1453	15190.073281463455	0
9	1457	15253.454933855536	1
9	1458	15256.454933855536	0
9	1465	15456.899522984035	1
9	1467	15459.899522984035	0
9	1491	16286.389500625388	1
9	1492	16289.389500625388	0
9	1508	16412.518034527576	1
9	1509	16415.518034527576	0
9	1523	16573.896279584888	1
9	1524	16576.896279584888	0
9	1535	16712.110031652611	1
9	1536	16715.110031652611	0
9	1542	16827.387444143288	1
9	1543	16830.387444143288	0
9	1547	16941.769791955395	1
9	1548	16944.769791955395	0
9	1562	17174.728603294967	1
9	1563	17177.728603294967	0
9	1566	17212.220674167603	1
9	1567	17215.220674167603	0
9	1574	17299.483210835258	1
9	1575	17302.483210835258	0
9	1590	17422.301703838579	1
9	1591	17425.301703838579	0
9	1604	17560.943524347977	1
9	1605	17563.943524347977	0
9	1610	17630.03569688947	1
9	1611	17633.03569688947	0
9	1614	17693.828236495781	1
9	1615	17696.828236495781	0
9	1626	17983.438905487186	1
9	1627	17986.438905487186	0
9	1641	18209.039034678	1
9	1642	18212.039034678	0
9	1643	18225.338636596304	1
9	1644	18228.338636596304	0
9	1660	18391.669921929716	1
9	1662	18394.669921929716	0
9	1670	18465.711637814724	1
9	1671	18468.711637814724	0
9	1674	18492.376726289621	1
9	1677	18495.376726289621	0
9	1696	18697.461161897761	1
9	1698	18700.461161897761	0
9	1716	19055.880470459863	1
9	1717	19058.880470459863	0
9	1739	19352.563030874706	1
9	1740	19355.563030874706	0
9	1753	19479.188650264892	1
9	1755	19482.188650264892	0
9	1771	19657.086044659025	1
9	1772	19660.086044659025	0
9	1785	19845.844908403232	1
9	1787	19848.844908403232	0
9	1795	19948.000879397519	1
9	1797	19951.000879397519	0
9	1799	19968.452876687448	1
9	1800	19971.452876687448	0
10	121	1018.59658124993	3
10	126	1073.963651401194	3
10	130	1102.210208578738	3
10	150	1238.797462014603	3
10	152	1253.708704914182	3
10	194	1460.397826718356	3
10	223	1638.077098396732	3
10	229	1670.271477664875	3
10	234	1703.429713644805	3
10	248	1775.328342739132	3
10	269	1898.339142054336	3
10	276	1967.457444384484	3
10	306	2183.115148022824	3
10	316	2231.827207631053	3
10	326	2311.601266803515	3
10	337	2359.600935253599	3
10	341	2420.123932250009	3
10	364	2640.810540089276	3
10	367	2685.320603547592	3
10	376	2764.403167474848	3
10	384	2822.518639765887	3
10	390	2893.270754819301	3
10	393	2918.560174737311	3
10	396	2923.101217087227	3
10	405	3010.517440902631	3
10	413	3053.431218026144	3
10	425	3191.19377792855	3
10	428	3239.871211562917	3
10	447	3488.849334144106	3
10	456	3652.89649724827	3
10	470	3891.286865816116	3
10	476	4034.119213842712	3
10	486	4207.197017143445	3
10	494	4298.625194923513	3
10	502	4385.279641675298	3
10	532	4590.056886865332	3
10	543	4656.477425664502	3
10	549	4701.788791541693	3
10	555	4754.141355432817	3
10	579	5192.569104433677	3
10	622	5667.92004737844	3
10	629	5742.975542122068	3
10	655	6028.401661717075	3
10	658	6084.451423817767	3
10	668	6209.102318042198	3
10	686	6528.686996079085	3
10	691	6534.237233289424	3
10	700	6635.468064196861	3
10	703	6648.432542206802	3
10	723	6957.967957012187	3
10	728	7018.192917281196	3
10	738	7096.556494461243	3
10	753	7260.778018697645	3
10	755	7277.144092200166	3
10	761	7389.51684446883	3
10	775	7699.506829108186	3
10	788	7832.215761346907	3
10	803	8036.87211776423	3
10	825	8322.745776658603	3
10	832	8449.875861000019	3
10	846	8641.226976440354	3
10	857	8730.061002438301	3
10	863	8809.099617589225	3
10	866	8816.009906823741	3
10	873	8868.547738672364	3
10	893	9159.313543200105	3
10	895	9175.572350423341	3
10	899	9251.652867674164	3
10	918	9452.27149086012	3
10	928	9552.484739215824	3
10	938	9683.614394237161	3
10	941	9717.783892441908	3
10	943	9739.392734182664	3
10	978	10123.776829975474	3
10	981	10150.766176314593	3
10	987	10212.317970278069	3
10	998	10306.357981665089	3
10	1015	10466.614426740086	3
10	1046	10741.201304346997	3
10	1058	10993.135602821382	3
10	1076	11283.720794515483	3
10	1078	11296.033817273707	3
10	1086	11438.631563029353	3
10	1092	11543.568782197241	3
10	1120	11976.510684018177	3
10	1127	12041.29638384938	3
10	1135	12137.941817340227	3
10	1139	12147.463700102056	3
10	1153	12281.329952755766	3
10	1157	12311.214783588478	3
10	1168	12393.529583298393	3
10	1173	12442.408960058743	3
10	1178	12495.737082865744	3
10	1204	12794.085407376146	3
10	1229	13101.99599168584	3
10	1249	13315.151436671827	3
10	1256	13384.319687190795	3
10	1273	13641.740501502794	3
10	1286	13763.453212925338	3
10	1293	13819.467127911303	3
10	1295	13854.399154345019	3
10	1338	14235.741768626372	3
10	1353	14336.514427797591	3
10	1359	14380.215155236714	3
10	1365	14420.188221455207	3
10	1382	14533.235596966186	3
10	1386	14573.08692981738	3
10	1398	14729.040018040235	3
10	1401	14768.454518767679	3
10	1418	14890.390354111705	3
10	1435	15006.216475931267	3
10	1445	15105.274104957286	3
10	1453	15190.073281463455	3
10	1458	15256.454933855536	3
10	1467	15459.899522984035	3
10	1492	16289.389500625388	3
10	1509	16415.518034527576	3
10	1524	16576.896279584888	3
10	1536	16715.110031652611	3
10	1543	16830.387444143288	3
10	1548	16944.769791955395	3
10	1563	17177.728603294967	3
10	1567	17215.220674167603	3
10	1575	17302.483210835258	3
10	1591	17425.301703838579	3
10	1605	17563.943524347977	3
10	1611	17633.03569688947	3
10	1615	17696.828236495781	3
10	1627	17986.438905487186	3
10	1642	18212.039034678	3
10	1644	18228.338636596304	3
10	1662	18394.669921929716	3
10	1671	18468.711637814724	3
10	1677	18495.376726289621	3
10	1698	18700.461161897761	3
10	1717	19058.880470459863	3
10	1740	19355.563030874706	3
10	1755	19482.188650264892	3
10	1772	19660.086044659025	3
10	1787	19848.844908403232	3
10	1797	19951.000879397519	3
10	1800	19971.452876687448	3
11	121	1018.59658124993	10705
11	126	1073.963651401194	10706
11	130	1102.210208578738	10704
11	150	1238.797462014603	10709
11	152	1253.708704914182	10710
11	194	1460.397826718356	10715
11	223	1638.077098396732	10719
11	229	1670.271477664875	10722
11	234	1703.429713644805	10720
11	248	1775.328342739132	10723
11	269	1898.339142054336	10729
11	276	1967.457444384484	10727
11	306	2183.115148022824	10732
11	316	2231.827207631053	10735
11	326	2311.601266803515	10734
11	337	2359.600935253599	10739
11	341	2420.123932250009	10738
11	364	2640.810540089276	10742
11	367	2685.320603547592	10740
11	376	2764.403167474848	10744
11	384	2822.518639765887	10743
11	390	2893.270754819301	10745
11	393	2918.560174737311	10746
11	396	2923.101217087227	10747
11	405	3010.517440902631	10749
11	413	3053.431218026144	10750
11	425	3191.19377792855	10751
11	428	3239.871211562917	10752
11	447	3488.849334144106	10755
11	456	3652.89649724827	10756
11	470	3891.286865816116	10758
11	476	4034.119213842712	10759
11	486	4207.197017143445	10761
11	494	4298.625194923513	10762
11	502	4385.279641675298	10763
11	532	4590.056886865332	10767
11	543	4656.477425664502	10768
11	549	4701.788791541693	10771
11	555	4754.141355432817	10770
11	579	5192.569104433677	10775
11	622	5667.92004737844	10784
11	629	5742.975542122068	10785
11	655	6028.401661717075	10787
11	658	6084.451423817767	10789
11	668	6209.102318042198	10790
11	686	6528.686996079085	10792
11	691	6534.237233289424	10794
11	700	6635.468064196861	10793
11	703	6648.432542206802	10797
11	723	6957.967957012187	10800
11	728	7018.192917281196	10799
11	738	7096.556494461243	10804
11	753	7260.778018697645	10805
11	755	7277.144092200166	10803
11	761	7389.51684446883	10806
11	775	7699.506829108186	10807
11	788	7832.215761346907	10809
11	803	8036.87211776423	10812
11	825	8322.745776658603	10817
11	832	8449.875861000019	10818
11	846	8641.226976440354	10821
11	857	8730.061002438301	10820
11	863	8809.099617589225	10822
11	866	8816.009906823741	10826
11	873	8868.547738672364	10825
11	893	9159.313543200105	10830
11	895	9175.572350423341	10828
11	899	9251.652867674164	10829
11	918	9452.27149086012	10832
11	928	9552.484739215824	10833
11	938	9683.614394237161	10835
11	941	9717.783892441908	10836
11	943	9739.392734182664	10837
11	978	10123.776829975474	10843
11	981	10150.766176314593	10844
11	987	10212.317970278069	10841
11	998	10306.357981665089	10848
11	1015	10466.614426740086	10846
11	1046	10741.201304346997	10854
11	1058	10993.135602821382	10855
11	1076	11283.720794515483	10858
11	1078	11296.033817273707	10859
11	1086	11438.631563029353	10860
11	1092	11543.568782197241	10861
11	1120	11976.510684018177	10865
11	1127	12041.29638384938	10868
11	1135	12137.941817340227	10866
11	1139	12147.463700102056	10869
11	1153	12281.329952755766	10870
11	1157	12311.214783588478	10871
11	1168	12393.529583298393	10875
11	1173	12442.408960058743	10873
11	1178	12495.737082865744	10874
11	1204	12794.085407376146	10881
11	1229	13101.99599168584	10883
11	1249	13315.151436671827	10886
11	1256	13384.319687190795	10888
11	1273	13641.740501502794	10890
11	1286	13763.453212925338	10893
11	1293	13819.467127911303	10891
11	1295	13854.399154345019	10896
11	1338	14235.741768626372	10899
11	1353	14336.514427797591	10903
11	1359	14380.215155236714	10906
11	1365	14420.188221455207	10901
11	1382	14533.235596966186	10908
11	1386	14573.08692981738	10909
11	1398	14729.040018040235	10911
11	1401	14768.454518767679	10912
11	1418	14890.390354111705	10916
11	1435	15006.216475931267	10917
11	1445	15105.274104957286	10920
11	1453	15190.073281463455	10918
11	1458	15256.454933855536	10921
11	1467	15459.899522984035	10922
11	1492	16289.389500625388	10926
11	1509	16415.518034527576	10927
11	1524	16576.896279584888	10933
11	1536	16715.110031652611	10931
11	1543	16830.387444143288	10934
11	1548	16944.769791955395	10935
11	1563	17177.728603294967	10938
11	1567	17215.220674167603	10937
11	1575	17302.483210835258	10939
11	1591	17425.301703838579	10941
11	1605	17563.943524347977	10943
11	1611	17633.03569688947	10946
11	1615	17696.828236495781	10945
11	1627	17986.438905487186	10948
11	1642	18212.039034678	10951
11	1644	18228.338636596304	10950
11	1662	18394.669921929716	10952
11	1671	18468.711637814724	10957
11	1677	18495.376726289621	10953
11	1698	18700.461161897761	10959
11	1717	19058.880470459863	10961
11	1740	19355.563030874706	10964
11	1755	19482.188650264892	10968
11	1772	19660.086044659025	10972
11	1787	19848.844908403232	10970
11	1797	19951.000879397519	10974
11	1800	19971.452876687448	10975
12	178	1380.555451658686	306
12	225	1644.077098396732	311.04560084233
12	274	1956.351308253185	203
12	327	2312.708685889744	409
12	338	2411.125642613706	409
12	344	2442.684596276995	306
12	355	2553.598998366779	409
12	418	3126.101217087227	306
12	459	3691.849334144106	306
12	640	5870.92004737844	306
12	751	7223.225856395578	306
12	757	7299.556494461243	306
12	785	7817.187357309085	306
12	828	8367.72098245072	306
12	879	8930.400239575152	306
12	1044	10713.278861639416	306
12	1073	11223.952436571694	203
12	1079	11299.033817273707	311.66912820016
12	1215	12907.361067205158	306
12	1250	13322.579666136858	409
12	1267	13540.152063146835	203
12	1309	13960.255229669374	306
12	1311	14010.81073653269	306
12	1388	14583.215155236714	306
12	1428	14974.963559475707	203
12	1436	15020.927258319943	306
12	1620	17836.03569688947	306
12	1746	19385.333053292089	409
12	1757	19526.005038687174	306
12	1774	19687.982578218534	306
13	178	1380.555451658686	6
13	225	1644.077098396732	11.045600842331
13	274	1956.351308253185	3
13	327	2312.708685889744	9
13	338	2411.125642613706	9
13	344	2442.684596276995	6
13	355	2553.598998366779	9
13	418	3126.101217087227	6
13	459	3691.849334144106	6
13	640	5870.92004737844	6
13	751	7223.225856395578	6
13	757	7299.556494461243	6
13	785	7817.187357309085	6
13	828	8367.72098245072	6
13	879	8930.400239575152	6
13	1044	10713.278861639416	6
13	1073	11223.952436571694	3
13	1079	11299.033817273707	11.669128200155
13	1215	12907.361067205158	6
13	1250	13322.579666136858	9
13	1267	13540.152063146835	3
13	1309	13960.255229669374	6
13	1311	14010.81073653269	6
13	1388	14583.215155236714	6
13	1428	14974.963559475707	3
13	1436	15020.927258319943	6
13	1620	17836.03569688947	6
13	1746	19385.333053292089	9
13	1757	19526.005038687174	6
13	1774	19687.982578218534	6
14	178	1380.555451658686	2
14	225	1644.077098396732	2
14	274	1956.351308253185	1
14	327	2312.708685889744	3
14	338	2411.125642613706	3
14	344	2442.684596276995	2
14	355	2553.598998366779	3
14	418	3126.101217087227	2
14	459	3691.849334144106	2
14	640	5870.92004737844	2
14	751	7223.225856395578	2
14	757	7299.556494461243	2
14	785	7817.187357309085	2
14	828	8367.72098245072	2
14	879	8930.400239575152	2
14	1044	10713.278861639416	2
14	1073	11223.952436571694	1
14	1079	11299.033817273707	2
14	1215	12907.361067205158	2
14	1250	13322.579666136858	3
14	1267	13540.152063146835	1
14	1309	13960.255229669374	2
14	1311	14010.81073653269	2
14	1388	14583.215155236714	2
14	1428	14974.963559475707	1
14	1436	15020.927258319943	2
14	1620	17836.03569688947	2
14	1746	19385.333053292089	3
14	1757	19526.005038687174	2
14	1774	19687.982578218534	2
15	136	1172.743011960929	409
15	197	1477.053215658274	306
15	210	1559.708704914182	409
15	238	1727.778912118936	306
15	307	2204.339142054336	409
15	354	2537.827207631053	409
15	400	2946.810540089276	409
15	457	3682.018290969047	306
15	471	3925.880272927497	306
15	497	4340.119213842712	409
15	523	4513.197017143445	409
15	535	4596.947471258173	306
15	545	4690.027006233443	203
15	577	5173.996519987021	203
15	656	6066.807213509122	203
15	704	6710.539686959393	203
15	714	6837.674842657366	306
15	730	7021.06221262188	306
15	789	7841.222423084811	203
15	806	8056.065877275475	203
15	920	9465.313543200105	409
15	922	9482.327782583434	306
15	1019	10495.703979659991	306
15	1048	10785.571775299501	306
15	1105	11780.879959842812	203
15	1121	11989.199153559022	306
15	1193	12629.46639017417	306
15	1252	13374.601452064047	306
15	1300	13867.466605901393	203
15	1437	15039.001693887413	306
15	1475	15765.899522984035	409
15	1478	15892.648273011223	306
15	1691	18616.939300986851	306
15	1695	18680.170621497388	306
15	1714	19012.461161897761	311.98635393539
15	1761	19560.216422743487	203
15	1798	19955.139612836905	306
16	136	1172.743011960929	9
16	197	1477.053215658274	6
16	210	1559.708704914182	9
16	238	1727.778912118936	6
16	307	2204.339142054336	9
16	354	2537.827207631053	9
16	400	2946.810540089276	9
16	457	3682.018290969047	6
16	471	3925.880272927497	6
16	497	4340.119213842712	9
16	523	4513.197017143445	9
16	535	4596.947471258173	6
16	545	4690.027006233443	3
16	577	5173.996519987021	3
16	656	6066.807213509122	3
16	704	6710.539686959393	3
16	714	6837.674842657366	6
16	730	7021.06221262188	6
16	789	7841.222423084811	3
16	806	8056.065877275475	3
16	920	9465.313543200105	9
16	922	9482.327782583434	6
16	1019	10495.703979659991	6
16	1048	10785.571775299501	6
16	1105	11780.879959842812	3
16	1121	11989.199153559022	6
16	1193	12629.46639017417	6
16	1252	13374.601452064047	6
16	1300	13867.466605901393	3
16	1437	15039.001693887413	6
16	1475	15765.899522984035	9
16	1478	15892.648273011223	6
16	1691	18616.939300986851	6
16	1695	18680.170621497388	6
16	1714	19012.461161897761	11.986353935391
16	1761	19560.216422743487	3
16	1798	19955.139612836905	6
17	136	1172.743011960929	3
17	197	1477.053215658274	2
17	210	1559.708704914182	3
17	238	1727.778912118936	2
17	307	2204.339142054336	3
17	354	2537.827207631053	3
17	400	2946.810540089276	3
17	457	3682.018290969047	2
17	471	3925.880272927497	2
17	497	4340.119213842712	3
17	523	4513.197017143445	3
17	535	4596.947471258173	2
17	545	4690.027006233443	1
17	577	5173.996519987021	1
17	656	6066.807213509122	1
17	704	6710.539686959393	1
17	714	6837.674842657366	2
17	730	7021.06221262188	2
17	789	7841.222423084811	1
17	806	8056.065877275475	1
17	920	9465.313543200105	3
17	922	9482.327782583434	2
17	1019	10495.703979659991	2
17	1048	10785.571775299501	2
17	1105	11780.879959842812	1
17	1121	11989.199153559022	2
17	1193	12629.46639017417	2
17	1252	13374.601452064047	2
17	1300	13867.466605901393	1
17	1437	15039.001693887413	2
17	1475	15765.899522984035	3
17	1478	15892.648273011223	2
17	1691	18616.939300986851	2
17	1695	18680.170621497388	2
17	1714	19012.461161897761	2
17	1761	19560.216422743487	1
17	1798	19955.139612836905	2
18	165	1324.59658124993	409
18	179	1392.290511761901	306
18	256	1818.168418170697	306
18	280	1993.939832339871	203
18	437	3359.431218026144	409
18	449	3558.505993661253	203
18	489	4276.429394980207	306
18	544	4685.018427563447	306
18	547	4696.056886865332	413.77724519003
18	559	4816.995911749828	203
18	627	5713.010136326878	306
18	635	5804.489578647672	306
18	823	8296.39129770129	306
18	889	9081.498350160555	203
18	989	10216.875511014116	306
18	1011	10417.110487235116	306
18	1037	10665.918611191063	306
18	1195	12672.711105457182	306
18	1214	12906.283159284349	306
18	1225	13062.86701348471	306
18	1228	13100.085407376146	409
18	1277	13690.319687190795	409
18	1354	14365.020498402556	306
18	1387	14578.03221416647	306
18	1389	14602.042104725194	306
18	1459	15271.999122992663	306
18	1525	16590.699560628428	306
18	1596	17483.728603294967	409
18	1629	18077.4315349868	203
18	1738	19326.493388804311	306
19	165	1324.59658124993	9
19	179	1392.290511761901	6
19	256	1818.168418170697	6
19	280	1993.939832339871	3
19	437	3359.431218026144	9
19	449	3558.505993661253	3
19	489	4276.429394980207	6
19	544	4685.018427563447	6
19	547	4696.056886865332	13.777245190034
19	559	4816.995911749828	3
19	627	5713.010136326878	6
19	635	5804.489578647672	6
19	823	8296.39129770129	6
19	889	9081.498350160555	3
19	989	10216.875511014116	6
19	1011	10417.110487235116	6
19	1037	10665.918611191063	6
19	1195	12672.711105457182	6
19	1214	12906.283159284349	6
19	1225	13062.86701348471	6
19	1228	13100.085407376146	9
19	1277	13690.319687190795	9
19	1354	14365.020498402556	6
19	1387	14578.03221416647	6
19	1389	14602.042104725194	6
19	1459	15271.999122992663	6
19	1525	16590.699560628428	6
19	1596	17483.728603294967	9
19	1629	18077.4315349868	3
19	1738	19326.493388804311	6
20	165	1324.59658124993	3
20	179	1392.290511761901	2
20	256	1818.168418170697	2
20	280	1993.939832339871	1
20	437	3359.431218026144	3
20	449	3558.505993661253	1
20	489	4276.429394980207	2
20	544	4685.018427563447	2
20	547	4696.056886865332	3
20	559	4816.995911749828	1
20	627	5713.010136326878	2
20	635	5804.489578647672	2
20	823	8296.39129770129	2
20	889	9081.498350160555	1
20	989	10216.875511014116	2
20	1011	10417.110487235116	2
20	1037	10665.918611191063	2
20	1195	12672.711105457182	2
20	1214	12906.283159284349	2
20	1225	13062.86701348471	2
20	1228	13100.085407376146	3
20	1277	13690.319687190795	3
20	1354	14365.020498402556	2
20	1387	14578.03221416647	2
20	1389	14602.042104725194	2
20	1459	15271.999122992663	2
20	1525	16590.699560628428	2
20	1596	17483.728603294967	3
20	1629	18077.4315349868	1
20	1738	19326.493388804311	2
21	156	1276.963651401194	306
21	199	1499.576476957974	306
21	203	1526.270956668098	306
21	257	1841.077098396732	409
21	522	4501.625194923513	306
21	537	4599.056886865332	316.01132390929
21	564	4904.788791541693	306
21	566	4957.141355432817	409
21	612	5574.046408154681	306
21	677	6325.131364594478	306
21	743	7148.827788517187	203
21	839	8595.609288309213	203
21	919	9454.652867674164	409
21	971	10102.444265766877	203
21	979	10129.754609651394	306
21	1103	11746.568782197241	306
21	1317	14057.399154345019	306
21	1322	14122.968051386996	306
21	1367	14429.913476386257	306
21	1443	15093.390354111705	306
21	1456	15209.216475931267	409
21	1466	15459.454933855536	409
21	1510	16445.700970195059	203
21	1526	16599.009206131579	306
21	1589	17418.220674167603	409
21	1680	18529.768449492883	203
21	1697	18698.376726289621	409
21	1708	18903.461161897761	409
21	1773	19685.188650264892	306
22	156	1276.963651401194	6
22	199	1499.576476957974	6
22	203	1526.270956668098	6
22	257	1841.077098396732	9
22	522	4501.625194923513	6
22	537	4599.056886865332	16.011323909289
22	564	4904.788791541693	6
22	566	4957.141355432817	9
22	612	5574.046408154681	6
22	677	6325.131364594478	6
22	743	7148.827788517187	3
22	839	8595.609288309213	3
22	919	9454.652867674164	9
22	971	10102.444265766877	3
22	979	10129.754609651394	6
22	1103	11746.568782197241	6
22	1317	14057.399154345019	6
22	1322	14122.968051386996	6
22	1367	14429.913476386257	6
22	1443	15093.390354111705	6
22	1456	15209.216475931267	9
22	1466	15459.454933855536	9
22	1510	16445.700970195059	3
22	1526	16599.009206131579	6
22	1589	17418.220674167603	9
22	1680	18529.768449492883	3
22	1697	18698.376726289621	9
22	1708	18903.461161897761	9
22	1773	19685.188650264892	6
23	156	1276.963651401194	2
23	199	1499.576476957974	2
23	203	1526.270956668098	2
23	257	1841.077098396732	3
23	522	4501.625194923513	2
23	537	4599.056886865332	2
23	564	4904.788791541693	2
23	566	4957.141355432817	3
23	612	5574.046408154681	2
23	677	6325.131364594478	2
23	743	7148.827788517187	1
23	839	8595.609288309213	1
23	919	9454.652867674164	3
23	971	10102.444265766877	1
23	979	10129.754609651394	2
23	1103	11746.568782197241	2
23	1317	14057.399154345019	2
23	1322	14122.968051386996	2
23	1367	14429.913476386257	2
23	1443	15093.390354111705	2
23	1456	15209.216475931267	3
23	1466	15459.454933855536	3
23	1510	16445.700970195059	1
23	1526	16599.009206131579	2
23	1589	17418.220674167603	3
23	1680	18529.768449492883	1
23	1697	18698.376726289621	3
23	1708	18903.461161897761	3
23	1773	19685.188650264892	2
24	122	1039.007795872593	306
24	190	1441.797462014603	306
24	264	1873.271477664875	306
24	271	1906.429713644805	409
24	278	1972.718142157969	306
24	362	2623.123932250009	409
24	408	3025.518639765887	409
24	426	3213.517440902631	306
24	440	3394.19377792855	409
24	468	3855.89649724827	306
24	565	4939.83079137306	306
24	646	5945.975542122068	306
24	672	6231.401661717075	409
24	673	6287.451423817767	409
24	750	7221.192917281196	409
24	847	8652.875861000019	306
24	871	8844.226976440354	306
24	877	8918.345591365715	306
24	884	9019.009906823741	306
24	939	9708.870273366584	306
24	970	10089.701889712658	306
24	1055	10944.201304346997	409
24	1088	11486.720794515483	409
24	1147	12244.29638384938	306
24	1161	12350.463700102056	409
24	1189	12596.529583298393	306
24	1194	12645.408960058743	409
24	1247	13304.99599168584	409
24	1332	14219.358628968936	306
24	1392	14643.423505650551	203
24	1403	14776.08692981738	409
24	1423	14932.040018040235	306
24	1529	16618.518034527576	409
24	1540	16779.896279584888	306
24	1569	17220.034840694661	306
24	1640	18189.438905487186	306
24	1665	18415.039034678	306
24	1694	18671.711637814724	306
24	1780	19754.479027263809	203
24	1790	19863.086044659025	306
25	122	1039.007795872593	6
25	190	1441.797462014603	6
25	264	1873.271477664875	6
25	271	1906.429713644805	9
25	278	1972.718142157969	6
25	362	2623.123932250009	9
25	408	3025.518639765887	9
25	426	3213.517440902631	6
25	440	3394.19377792855	9
25	468	3855.89649724827	6
25	565	4939.83079137306	6
25	646	5945.975542122068	6
25	672	6231.401661717075	9
25	673	6287.451423817767	9
25	750	7221.192917281196	9
25	847	8652.875861000019	6
25	871	8844.226976440354	6
25	877	8918.345591365715	6
25	884	9019.009906823741	6
25	939	9708.870273366584	6
25	970	10089.701889712658	6
25	1055	10944.201304346997	9
25	1088	11486.720794515483	9
25	1147	12244.29638384938	6
25	1161	12350.463700102056	9
25	1189	12596.529583298393	6
25	1194	12645.408960058743	9
25	1247	13304.99599168584	9
25	1332	14219.358628968936	6
25	1392	14643.423505650551	3
25	1403	14776.08692981738	9
25	1423	14932.040018040235	6
25	1529	16618.518034527576	9
25	1540	16779.896279584888	6
25	1569	17220.034840694661	6
25	1640	18189.438905487186	6
25	1665	18415.039034678	6
25	1694	18671.711637814724	6
25	1780	19754.479027263809	3
25	1790	19863.086044659025	6
26	122	1039.007795872593	2
26	190	1441.797462014603	2
26	264	1873.271477664875	2
26	271	1906.429713644805	3
26	278	1972.718142157969	2
26	362	2623.123932250009	3
26	408	3025.518639765887	3
26	426	3213.517440902631	2
26	440	3394.19377792855	3
26	468	3855.89649724827	2
26	565	4939.83079137306	2
26	646	5945.975542122068	2
26	672	6231.401661717075	3
26	673	6287.451423817767	3
26	750	7221.192917281196	3
26	847	8652.875861000019	2
26	871	8844.226976440354	2
26	877	8918.345591365715	2
26	884	9019.009906823741	2
26	939	9708.870273366584	2
26	970	10089.701889712658	2
26	1055	10944.201304346997	3
26	1088	11486.720794515483	3
26	1147	12244.29638384938	2
26	1161	12350.463700102056	3
26	1189	12596.529583298393	2
26	1194	12645.408960058743	3
26	1247	13304.99599168584	3
26	1332	14219.358628968936	2
26	1392	14643.423505650551	1
26	1403	14776.08692981738	3
26	1423	14932.040018040235	2
26	1529	16618.518034527576	3
26	1540	16779.896279584888	2
26	1569	17220.034840694661	2
26	1640	18189.438905487186	2
26	1665	18415.039034678	2
26	1694	18671.711637814724	2
26	1780	19754.479027263809	1
26	1790	19863.086044659025	2
27	211	1560.397826718356	306
27	265	1875.328342739132	306
27	339	2411.601266803515	306
27	377	2785.320603547592	306
27	474	3991.286865816116	306
27	707	6735.468064196861	409
27	710	6748.432542206802	203
27	784	7799.506829108186	409
27	869	8830.061002438301	306
27	927	9552.27149086012	306
27	936	9652.484739215824	306
27	948	9839.392734182664	203
27	990	10223.776829975474	306
27	1009	10406.357981665089	203
27	1090	11538.631563029353	306
27	1257	13415.151436671827	306
27	1460	15290.073281463455	409
27	1541	16815.110031652611	409
27	1546	16930.387444143288	306
27	1600	17525.301703838579	306
27	1619	17796.828236495781	306
27	1676	18494.669921929716	306
27	1724	19158.880470459863	409
27	1796	19948.844908403232	409
28	211	1560.397826718356	6
28	265	1875.328342739132	6
28	339	2411.601266803515	6
28	377	2785.320603547592	6
28	474	3991.286865816116	6
28	707	6735.468064196861	9
28	710	6748.432542206802	3
28	784	7799.506829108186	9
28	869	8830.061002438301	6
28	927	9552.27149086012	6
28	936	9652.484739215824	6
28	948	9839.392734182664	3
28	990	10223.776829975474	6
28	1009	10406.357981665089	3
28	1090	11538.631563029353	6
28	1257	13415.151436671827	6
28	1460	15290.073281463455	9
28	1541	16815.110031652611	9
28	1546	16930.387444143288	6
28	1600	17525.301703838579	6
28	1619	17796.828236495781	6
28	1676	18494.669921929716	6
28	1724	19158.880470459863	9
28	1796	19948.844908403232	9
29	211	1560.397826718356	2
29	265	1875.328342739132	2
29	339	2411.601266803515	2
29	377	2785.320603547592	2
29	474	3991.286865816116	2
29	707	6735.468064196861	3
29	710	6748.432542206802	1
29	784	7799.506829108186	3
29	869	8830.061002438301	2
29	927	9552.27149086012	2
29	936	9652.484739215824	2
29	948	9839.392734182664	1
29	990	10223.776829975474	2
29	1009	10406.357981665089	1
29	1090	11538.631563029353	2
29	1257	13415.151436671827	2
29	1460	15290.073281463455	3
29	1541	16815.110031652611	3
29	1546	16930.387444143288	2
29	1600	17525.301703838579	2
29	1619	17796.828236495781	2
29	1676	18494.669921929716	2
29	1724	19158.880470459863	3
29	1796	19948.844908403232	3
30	144	1202.210208578738	306
30	288	2067.457444384484	306
30	322	2283.115148022824	306
30	388	2864.403167474848	203
30	403	2993.270754819301	306
30	406	3018.560174737311	306
30	546	4690.056886865332	306
30	556	4756.477425664502	306
30	586	5292.569104433677	306
30	674	6309.102318042198	306
30	695	6628.686996079085	409
30	734	7057.967957012187	203
30	758	7360.778018697645	306
30	759	7377.144092200166	409
30	763	7489.51684446883	203
30	794	7932.215761346907	306
30	811	8136.87211776423	306
30	830	8422.745776658603	203
30	875	8909.099617589225	306
30	880	8968.547738672364	306
30	902	9275.572350423341	306
30	944	9783.614394237161	306
30	946	9817.783892441908	306
30	999	10312.317970278069	409
30	1026	10566.614426740086	409
30	1064	11093.135602821382	306
30	1084	11396.033817273707	306
30	1131	12076.510684018177	306
30	1146	12237.941817340227	409
30	1164	12381.329952755766	306
30	1169	12411.214783588478	306
30	1187	12595.737082865744	306
30	1281	13741.740501502794	306
30	1305	13919.467127911303	306
30	1352	14335.741768626372	306
30	1369	14436.514427797591	306
30	1380	14520.188221455207	409
30	1391	14633.235596966186	306
30	1503	16389.389500625388	203
30	1586	17402.483210835258	306
30	1613	17663.943524347977	306
30	1654	18328.338636596304	306
30	1749	19455.563030874706	306
31	144	1202.210208578738	6
31	288	2067.457444384484	6
31	322	2283.115148022824	6
31	388	2864.403167474848	3
31	403	2993.270754819301	6
31	406	3018.560174737311	6
31	546	4690.056886865332	6
31	556	4756.477425664502	6
31	586	5292.569104433677	6
31	674	6309.102318042198	6
31	695	6628.686996079085	9
31	734	7057.967957012187	3
31	758	7360.778018697645	6
31	759	7377.144092200166	9
31	763	7489.51684446883	3
31	794	7932.215761346907	6
31	811	8136.87211776423	6
31	830	8422.745776658603	3
31	875	8909.099617589225	6
31	880	8968.547738672364	6
31	902	9275.572350423341	6
31	944	9783.614394237161	6
31	946	9817.783892441908	6
31	999	10312.317970278069	9
31	1026	10566.614426740086	9
31	1064	11093.135602821382	6
31	1084	11396.033817273707	6
31	1131	12076.510684018177	6
31	1146	12237.941817340227	9
31	1164	12381.329952755766	6
31	1169	12411.214783588478	6
31	1187	12595.737082865744	6
31	1281	13741.740501502794	6
31	1305	13919.467127911303	6
31	1352	14335.741768626372	6
31	1369	14436.514427797591	6
31	1380	14520.188221455207	9
31	1391	14633.235596966186	6
31	1503	16389.389500625388	3
31	1586	17402.483210835258	6
31	1613	17663.943524347977	6
31	1654	18328.338636596304	6
31	1749	19455.563030874706	6
32	144	1202.210208578738	2
32	288	2067.457444384484	2
32	322	2283.115148022824	2
32	388	2864.403167474848	1
32	403	2993.270754819301	2
32	406	3018.560174737311	2
32	546	4690.056886865332	2
32	556	4756.477425664502	2
32	586	5292.569104433677	2
32	674	6309.102318042198	2
32	695	6628.686996079085	3
32	734	7057.967957012187	1
32	758	7360.778018697645	2
32	759	7377.144092200166	3
32	763	7489.51684446883	1
32	794	7932.215761346907	2
32	811	8136.87211776423	2
32	830	8422.745776658603	1
32	875	8909.099617589225	2
32	880	8968.547738672364	2
32	902	9275.572350423341	2
32	944	9783.614394237161	2
32	946	9817.783892441908	2
32	999	10312.317970278069	3
32	1026	10566.614426740086	3
32	1064	11093.135602821382	2
32	1084	11396.033817273707	2
32	1131	12076.510684018177	2
32	1146	12237.941817340227	3
32	1164	12381.329952755766	2
32	1169	12411.214783588478	2
32	1187	12595.737082865744	2
32	1281	13741.740501502794	2
32	1305	13919.467127911303	2
32	1352	14335.741768626372	2
32	1369	14436.514427797591	2
32	1380	14520.188221455207	3
32	1391	14633.235596966186	2
32	1503	16389.389500625388	1
32	1586	17402.483210835258	2
32	1613	17663.943524347977	2
32	1654	18328.338636596304	2
32	1749	19455.563030874706	2
33	224	1641.077098396732	413.72681805014
33	249	1779.927400637737	409
33	300	2117.633027111338	409
33	304	2170.674626008565	203
33	356	2562.600935253599	306
33	370	2714.502737101351	203
33	429	3241.066403502787	409
33	441	3442.871211562917	306
33	587	5301.033590164284	203
33	597	5410.823757444066	203
33	600	5457.710411250841	409
33	623	5674.207849392443	306
33	630	5743.856602095397	409
33	651	5999.887628748052	306
33	709	6740.674842657366	309.43760936794
33	808	8071.476290625329	409
33	827	8351.986528757426	409
33	1002	10353.766176314593	306
33	1047	10783.129062582739	409
33	1050	10805.039539366144	306
33	1108	11807.616719437069	306
33	1133	12108.753617701684	203
33	1162	12350.944744992913	203
33	1197	12699.36349296862	203
33	1268	13583.742819538822	409
33	1310	13966.453212925338	306
33	1379	14514.303715557237	306
33	1427	14971.454518767679	306
33	1461	15308.274104957286	306
33	1496	16306.864596479095	306
33	1505	16393.215006810223	306
33	1539	16759.72135384589	306
33	1560	17147.769791955395	306
33	1595	17468.092304628188	306
33	1612	17640.881336100832	203
33	1616	17719.724576063114	409
33	1658	18387.743330090143	409
33	1701	18752.666379543232	409
33	1752	19461.015822712027	306
34	224	1641.077098396732	13.726818050138
34	249	1779.927400637737	9
34	300	2117.633027111338	9
34	304	2170.674626008565	3
34	356	2562.600935253599	6
34	370	2714.502737101351	3
34	429	3241.066403502787	9
34	441	3442.871211562917	6
34	587	5301.033590164284	3
34	597	5410.823757444066	3
34	600	5457.710411250841	9
34	623	5674.207849392443	6
34	630	5743.856602095397	9
34	651	5999.887628748052	6
34	709	6740.674842657366	9.437609367942
34	808	8071.476290625329	9
34	827	8351.986528757426	9
34	1002	10353.766176314593	6
34	1047	10783.129062582739	9
34	1050	10805.039539366144	6
34	1108	11807.616719437069	6
34	1133	12108.753617701684	3
34	1162	12350.944744992913	3
34	1197	12699.36349296862	3
34	1268	13583.742819538822	9
34	1310	13966.453212925338	6
34	1379	14514.303715557237	6
34	1427	14971.454518767679	6
34	1461	15308.274104957286	6
34	1496	16306.864596479095	6
34	1505	16393.215006810223	6
34	1539	16759.72135384589	6
34	1560	17147.769791955395	6
34	1595	17468.092304628188	6
34	1612	17640.881336100832	3
34	1616	17719.724576063114	9
34	1658	18387.743330090143	9
34	1701	18752.666379543232	9
34	1752	19461.015822712027	6
35	224	1641.077098396732	3
35	249	1779.927400637737	3
35	300	2117.633027111338	3
35	304	2170.674626008565	1
35	356	2562.600935253599	2
35	370	2714.502737101351	1
35	429	3241.066403502787	3
35	441	3442.871211562917	2
35	587	5301.033590164284	1
35	597	5410.823757444066	1
35	600	5457.710411250841	3
35	623	5674.207849392443	2
35	630	5743.856602095397	3
35	651	5999.887628748052	2
35	709	6740.674842657366	2
35	808	8071.476290625329	3
35	827	8351.986528757426	3
35	1002	10353.766176314593	2
35	1047	10783.129062582739	3
35	1050	10805.039539366144	2
35	1108	11807.616719437069	2
35	1133	12108.753617701684	1
35	1162	12350.944744992913	1
35	1197	12699.36349296862	1
35	1268	13583.742819538822	3
35	1310	13966.453212925338	2
35	1379	14514.303715557237	2
35	1427	14971.454518767679	2
35	1461	15308.274104957286	2
35	1496	16306.864596479095	2
35	1505	16393.215006810223	2
35	1539	16759.72135384589	2
35	1560	17147.769791955395	2
35	1595	17468.092304628188	2
35	1612	17640.881336100832	1
35	1616	17719.724576063114	3
35	1658	18387.743330090143	3
35	1701	18752.666379543232	3
35	1752	19461.015822712027	2

