version 3
run HighLoad_Circle-49-20260125-17:47:08-1407
attr configname HighLoad_Circle
attr datetime 20260125-17:47:08
attr datetimef 20260125-174708
attr experiment HighLoad_Circle
attr inifile simulations/nwsim_project/omnetpp.ini
attr iterationvars ""
attr iterationvarsd ""
attr iterationvarsf ""
attr measurement ""
attr network CrossTraffic
attr processid 1407
attr repetition 49
attr replication #49
attr resultdir results
attr runnumber 49
attr seedset 49
config description "High Load - Circle Mode (100% more traffic)"
config *.Junc*.junctionMode "\"circle\""
config *.EndNW.spawnInterval exponential(400s)
config *.EndNE.spawnInterval exponential(600s)
config *.EndEN.spawnInterval exponential(500s)
config *.EndES.spawnInterval exponential(750s)
config *.EndSE.spawnInterval exponential(450s)
config *.EndSW.spawnInterval exponential(550s)
config *.EndWS.spawnInterval exponential(650s)
config *.EndWN.spawnInterval exponential(700s)
config network CrossTraffic
config sim-time-limit 20000s
config warmup-period 1000s
config repeat 50
config **.scalar-recording true
config **.vector-recording true
config *.Junc*.junctionMode "\"queue\""
config *.EndNW.spawnInterval exponential(800s)
config *.EndNE.spawnInterval exponential(1200s)
config *.EndEN.spawnInterval exponential(1000s)
config *.EndES.spawnInterval exponential(1500s)
config *.EndSE.spawnInterval exponential(900s)
config *.EndSW.spawnInterval exponential(1100s)
config *.EndWS.spawnInterval exponential(1300s)
config *.EndWN.spawnInterval exponential(1400s)

vector 0 CrossTraffic.JuncNW queueLength:vector ETV
attr interpolationmode sample-hold
attr recordingmode vector
attr source queueLength
attr title "Queue Length"
vector 1 CrossTraffic.JuncNW junctionProcessingTime:vector ETV
attr recordingmode vector
attr source junctionProcessingTime
attr title "Junction Processing Time"
vector 2 CrossTraffic.JuncNW vehicleCount:vector ETV
attr recordingmode vector
attr source vehicleCount
attr title "Vehicle Count"
vector 3 CrossTraffic.JuncNE queueLength:vector ETV
attr interpolationmode sample-hold
attr recordingmode vector
attr source queueLength
attr title "Queue Length"
vector 4 CrossTraffic.JuncNE junctionProcessingTime:vector ETV
attr recordingmode vector
attr source junctionProcessingTime
attr title "Junction Processing Time"
vector 5 CrossTraffic.JuncNE vehicleCount:vector ETV
attr recordingmode vector
attr source vehicleCount
attr title "Vehicle Count"
vector 6 CrossTraffic.JuncSE queueLength:vector ETV
attr interpolationmode sample-hold
attr recordingmode vector
attr source queueLength
attr title "Queue Length"
vector 7 CrossTraffic.JuncSE junctionProcessingTime:vector ETV
attr recordingmode vector
attr source junctionProcessingTime
attr title "Junction Processing Time"
vector 8 CrossTraffic.JuncSE vehicleCount:vector ETV
attr recordingmode vector
attr source vehicleCount
attr title "Vehicle Count"
vector 9 CrossTraffic.JuncSW queueLength:vector ETV
attr interpolationmode sample-hold
attr recordingmode vector
attr source queueLength
attr title "Queue Length"
vector 10 CrossTraffic.JuncSW junctionProcessingTime:vector ETV
attr recordingmode vector
attr source junctionProcessingTime
attr title "Junction Processing Time"
vector 11 CrossTraffic.JuncSW vehicleCount:vector ETV
attr recordingmode vector
attr source vehicleCount
attr title "Vehicle Count"
vector 12 CrossTraffic.EndNW travelTime:vector ETV
attr recordingmode vector
attr source travelTime
attr title "Vehicle Travel Time"
vector 13 CrossTraffic.EndNW junctionTime:vector ETV
attr recordingmode vector
attr source junctionTime
attr title "Total Junction Time per Vehicle"
vector 14 CrossTraffic.EndNW junctionCount:vector ETV
attr recordingmode vector
attr source junctionCount
attr title "Junctions Visited per Vehicle"
vector 15 CrossTraffic.EndNE travelTime:vector ETV
attr recordingmode vector
attr source travelTime
attr title "Vehicle Travel Time"
vector 16 CrossTraffic.EndNE junctionTime:vector ETV
attr recordingmode vector
attr source junctionTime
attr title "Total Junction Time per Vehicle"
vector 17 CrossTraffic.EndNE junctionCount:vector ETV
attr recordingmode vector
attr source junctionCount
attr title "Junctions Visited per Vehicle"
vector 18 CrossTraffic.EndEN travelTime:vector ETV
attr recordingmode vector
attr source travelTime
attr title "Vehicle Travel Time"
vector 19 CrossTraffic.EndEN junctionTime:vector ETV
attr recordingmode vector
attr source junctionTime
attr title "Total Junction Time per Vehicle"
vector 20 CrossTraffic.EndEN junctionCount:vector ETV
attr recordingmode vector
attr source junctionCount
attr title "Junctions Visited per Vehicle"
vector 21 CrossTraffic.EndES travelTime:vector ETV
attr recordingmode vector
attr source travelTime
attr title "Vehicle Travel Time"
vector 22 CrossTraffic.EndES junctionTime:vector ETV
attr recordingmode vector
attr source junctionTime
attr title "Total Junction Time per Vehicle"
vector 23 CrossTraffic.EndES junctionCount:vector ETV
attr recordingmode vector
attr source junctionCount
attr title "Junctions Visited per Vehicle"
vector 24 CrossTraffic.EndSE travelTime:vector ETV
attr recordingmode vector
attr source travelTime
attr title "Vehicle Travel Time"
vector 25 CrossTraffic.EndSE junctionTime:vector ETV
attr recordingmode vector
attr source junctionTime
attr title "Total Junction Time per Vehicle"
vector 26 CrossTraffic.EndSE junctionCount:vector ETV
attr recordingmode vector
attr source junctionCount
attr title "Junctions Visited per Vehicle"
vector 27 CrossTraffic.EndSW travelTime:vector ETV
attr recordingmode vector
attr source travelTime
attr title "Vehicle Travel Time"
vector 28 CrossTraffic.EndSW junctionTime:vector ETV
attr recordingmode vector
attr source junctionTime
attr title "Total Junction Time per Vehicle"
vector 29 CrossTraffic.EndSW junctionCount:vector ETV
attr recordingmode vector
attr source junctionCount
attr title "Junctions Visited per Vehicle"
vector 30 CrossTraffic.EndWS travelTime:vector ETV
attr recordingmode vector
attr source travelTime
attr title "Vehicle Travel Time"
vector 31 CrossTraffic.EndWS junctionTime:vector ETV
attr recordingmode vector
attr source junctionTime
attr title "Total Junction Time per Vehicle"
vector 32 CrossTraffic.EndWS junctionCount:vector ETV
attr recordingmode vector
attr source junctionCount
attr title "Junctions Visited per Vehicle"
vector 33 CrossTraffic.EndWN travelTime:vector ETV
attr recordingmode vector
attr source travelTime
attr title "Vehicle Travel Time"
vector 34 CrossTraffic.EndWN junctionTime:vector ETV
attr recordingmode vector
attr source junctionTime
attr title "Total Junction Time per Vehicle"
vector 35 CrossTraffic.EndWN junctionCount:vector ETV
attr recordingmode vector
attr source junctionCount
attr title "Junctions Visited per Vehicle"
0	96	1012.132182726712	0
0	99	1053.52305043605	0
0	114	1250.465034753699	0
0	115	1256.703226999172	0
0	127	1369.979688146139	0
0	129	1405.572324757686	0
0	137	1485.021261664191	0
0	149	1960.047920088134	0
0	150	1963.030272559945	0
0	162	2260.611059212498	0
0	176	2555.634131057581	0
0	186	2683.209492506091	0
0	193	2768.424065976453	0
0	199	2842.638784214418	0
0	215	3115.087615808492	0
0	216	3130.401377593858	0
0	219	3182.746725912294	0
0	223	3261.014918698145	0
0	232	3466.78162052026	0
0	240	3587.754822948191	0
0	241	3653.258525376061	0
0	242	3666.522861748821	0
0	250	3782.380357270774	0
0	251	3793.141649730048	0
0	256	3881.614203771308	0
0	271	4089.033407215345	0
0	274	4141.132836190737	0
0	280	4237.306732389747	0
0	287	4294.629984885333	0
0	292	4377.798714717622	0
0	301	4472.561277532113	0
0	307	4552.579340720836	0
0	309	4558.350467803026	0
0	330	4870.64688908362	0
0	340	5018.389700073259	0
0	345	5093.168694770068	0
0	358	5314.881561519711	0
0	361	5382.675559920256	0
0	368	5552.901939857373	0
0	383	5831.007711382504	0
0	384	5838.388489302713	0
0	392	5950.477153236918	0
0	395	5998.433645613721	0
0	396	6004.585845126562	0
0	400	6061.48637608356	0
0	402	6090.97358489881	0
0	417	6305.748982582545	0
0	428	6528.491197659794	0
0	429	6540.19166763403	0
0	436	6644.014880306465	0
0	444	6761.321149124805	0
0	445	6766.437508581651	0
0	450	6860.4520089904	0
0	454	6916.69365319126	0
0	469	7123.163463686241	0
0	478	7226.445496047233	0
0	487	7387.796744694046	0
0	489	7414.603393359546	0
0	516	7734.19948635903	0
0	519	7761.302237511619	0
0	522	7788.27461444667	0
0	528	7872.084938777329	0
0	532	7930.028179169044	0
0	537	7995.914242397694	0
0	544	8094.071974614063	0
0	547	8140.337897094489	0
0	549	8167.439864232259	0
0	558	8328.053360163402	0
0	562	8381.352458750084	0
0	568	8487.698269099075	0
0	589	8737.186757541528	0
0	594	8811.744686940898	0
0	596	8826.39775104453	0
0	600	8856.445215517988	0
0	607	8933.39568849932	0
0	614	9007.884651323664	0
0	619	9041.444434871467	0
0	624	9086.729895857098	0
0	632	9163.192692364546	0
0	639	9261.939456538665	0
0	654	9376.310251968018	0
0	658	9405.18115491016	0
0	659	9405.246740798259	0
0	664	9464.312013052036	0
0	668	9494.769579094521	0
0	679	9597.291576448718	0
0	682	9600.298358686411	0
0	695	9733.093140643026	0
0	701	9800.97826277078	0
0	706	9847.470926869944	0
0	714	9930.938058043724	0
0	718	9962.541565247257	0
0	723	10019.292355293314	0
0	730	10104.94516952649	0
0	737	10200.30679601298	0
0	757	10432.013871277332	0
0	759	10454.094716425854	0
0	763	10508.652259544378	0
0	767	10585.85742203459	0
0	771	10617.812988172752	0
0	792	11100.844549156174	0
0	804	11333.660079784703	0
0	810	11436.255726733169	0
0	812	11445.253703274665	0
0	815	11534.226722390665	0
0	816	11535.228798501309	0
0	827	11678.385116569208	0
0	835	11781.234652722359	0
0	838	11831.785447991172	0
0	839	11832.637032622444	0
0	861	12143.412465726149	0
0	863	12159.592428818269	0
0	868	12217.090609095037	0
0	875	12291.714516078218	0
0	876	12303.448642340425	0
0	883	12393.923094247551	0
0	900	12530.980498675131	0
0	905	12559.618478336214	0
0	924	12838.904869841273	0
0	926	12841.775167340522	0
0	937	12992.316839685689	0
0	941	13089.915185764251	0
0	944	13146.166575192344	0
0	945	13152.865191676845	0
0	969	13430.692334964918	0
0	970	13432.547499257658	0
0	973	13465.510113952975	0
0	975	13488.004033052929	0
0	978	13527.763933227923	0
0	981	13537.64711283486	0
0	984	13589.386321615113	0
0	999	13713.558512147284	0
0	1003	13748.040238180111	0
0	1018	13898.681402789259	0
0	1023	13983.211027345752	0
0	1030	14067.622047969308	0
0	1040	14125.931515306878	0
0	1046	14202.886758461876	0
0	1047	14204.142623143456	0
0	1069	14417.518083720896	0
0	1070	14433.288779191129	0
0	1073	14440.177915943765	0
0	1075	14487.862121039943	0
0	1089	14667.591949201663	0
0	1093	14714.965168707472	0
0	1106	15011.799717641401	0
0	1108	15111.64794712534	0
0	1114	15227.8645979249	0
0	1129	15472.281441521786	0
0	1132	15528.69399632589	0
0	1135	15551.72526172767	0
0	1156	15847.403373411196	0
0	1161	16030.385536540479	0
0	1177	16438.561434546291	0
0	1179	16469.73090511983	0
0	1181	16499.584620514329	0
0	1197	16677.500719765636	0
0	1198	16698.191546544417	0
0	1200	16725.932493167492	0
0	1212	16860.243149412308	0
0	1213	16878.740068621332	0
0	1223	16996.836143290963	0
0	1226	17058.598524986879	0
0	1240	17248.210744919699	0
0	1243	17301.487577441369	0
0	1260	17499.996844580131	0
0	1266	17538.408026122088	0
0	1267	17540.585629771038	0
0	1282	17826.042630215005	0
0	1290	18042.031012732466	0
0	1292	18131.157882821843	0
0	1295	18174.917611744304	0
0	1304	18363.209750756042	0
0	1310	18463.948574559726	0
0	1321	18744.193004823095	0
0	1325	18893.788715738738	0
0	1336	19121.494433805209	0
0	1337	19136.079305201084	0
0	1345	19268.657325126703	0
0	1356	19427.788721481222	0
0	1375	19615.521204113762	0
0	1381	19666.874770164544	0
0	1385	19693.495268021065	0
0	1389	19740.959324165774	0
0	1399	19834.12232438364	0
0	1404	19874.404919422274	0
0	1407	19894.443423974917	0
0	1414	19962.700675029412	0
1	96	1012.132182726712	3
1	99	1053.52305043605	3
1	114	1250.465034753699	3
1	115	1256.703226999172	3
1	127	1369.979688146139	3
1	129	1405.572324757686	3
1	137	1485.021261664191	3
1	149	1960.047920088134	3
1	150	1963.030272559945	3
1	162	2260.611059212498	3
1	176	2555.634131057581	3
1	186	2683.209492506091	3
1	193	2768.424065976453	3
1	199	2842.638784214418	3
1	215	3115.087615808492	3
1	216	3130.401377593858	3
1	219	3182.746725912294	3
1	223	3261.014918698145	3
1	232	3466.78162052026	3
1	240	3587.754822948191	3
1	241	3653.258525376061	3
1	242	3666.522861748821	3
1	250	3782.380357270774	3
1	251	3793.141649730048	3
1	256	3881.614203771308	3
1	271	4089.033407215345	3
1	274	4141.132836190737	3
1	280	4237.306732389747	3
1	287	4294.629984885333	3
1	292	4377.798714717622	3
1	301	4472.561277532113	3
1	307	4552.579340720836	3
1	309	4558.350467803026	3
1	330	4870.64688908362	3
1	340	5018.389700073259	3
1	345	5093.168694770068	3
1	358	5314.881561519711	3
1	361	5382.675559920256	3
1	368	5552.901939857373	3
1	383	5831.007711382504	3
1	384	5838.388489302713	3
1	392	5950.477153236918	3
1	395	5998.433645613721	3
1	396	6004.585845126562	3
1	400	6061.48637608356	3
1	402	6090.97358489881	3
1	417	6305.748982582545	3
1	428	6528.491197659794	3
1	429	6540.19166763403	3
1	436	6644.014880306465	3
1	444	6761.321149124805	3
1	445	6766.437508581651	3
1	450	6860.4520089904	3
1	454	6916.69365319126	3
1	469	7123.163463686241	3
1	478	7226.445496047233	3
1	487	7387.796744694046	3
1	489	7414.603393359546	3
1	516	7734.19948635903	3
1	519	7761.302237511619	3
1	522	7788.27461444667	3
1	528	7872.084938777329	3
1	532	7930.028179169044	3
1	537	7995.914242397694	3
1	544	8094.071974614063	3
1	547	8140.337897094489	3
1	549	8167.439864232259	3
1	558	8328.053360163402	3
1	562	8381.352458750084	3
1	568	8487.698269099075	3
1	589	8737.186757541528	3
1	594	8811.744686940898	3
1	596	8826.39775104453	3
1	600	8856.445215517988	3
1	607	8933.39568849932	3
1	614	9007.884651323664	3
1	619	9041.444434871467	3
1	624	9086.729895857098	3
1	632	9163.192692364546	3
1	639	9261.939456538665	3
1	654	9376.310251968018	3
1	658	9405.18115491016	3
1	659	9405.246740798259	3
1	664	9464.312013052036	3
1	668	9494.769579094521	3
1	679	9597.291576448718	3
1	682	9600.298358686411	3
1	695	9733.093140643026	3
1	701	9800.97826277078	3
1	706	9847.470926869944	3
1	714	9930.938058043724	3
1	718	9962.541565247257	3
1	723	10019.292355293314	3
1	730	10104.94516952649	3
1	737	10200.30679601298	3
1	757	10432.013871277332	3
1	759	10454.094716425854	3
1	763	10508.652259544378	3
1	767	10585.85742203459	3
1	771	10617.812988172752	3
1	792	11100.844549156174	3
1	804	11333.660079784703	3
1	810	11436.255726733169	3
1	812	11445.253703274665	3
1	815	11534.226722390665	3
1	816	11535.228798501309	3
1	827	11678.385116569208	3
1	835	11781.234652722359	3
1	838	11831.785447991172	3
1	839	11832.637032622444	3
1	861	12143.412465726149	3
1	863	12159.592428818269	3
1	868	12217.090609095037	3
1	875	12291.714516078218	3
1	876	12303.448642340425	3
1	883	12393.923094247551	3
1	900	12530.980498675131	3
1	905	12559.618478336214	3
1	924	12838.904869841273	3
1	926	12841.775167340522	3
1	937	12992.316839685689	3
1	941	13089.915185764251	3
1	944	13146.166575192344	3
1	945	13152.865191676845	3
1	969	13430.692334964918	3
1	970	13432.547499257658	3
1	973	13465.510113952975	3
1	975	13488.004033052929	3
1	978	13527.763933227923	3
1	981	13537.64711283486	3
1	984	13589.386321615113	3
1	999	13713.558512147284	3
1	1003	13748.040238180111	3
1	1018	13898.681402789259	3
1	1023	13983.211027345752	3
1	1030	14067.622047969308	3
1	1040	14125.931515306878	3
1	1046	14202.886758461876	3
1	1047	14204.142623143456	3
1	1069	14417.518083720896	3
1	1070	14433.288779191129	3
1	1073	14440.177915943765	3
1	1075	14487.862121039943	3
1	1089	14667.591949201663	3
1	1093	14714.965168707472	3
1	1106	15011.799717641401	3
1	1108	15111.64794712534	3
1	1114	15227.8645979249	3
1	1129	15472.281441521786	3
1	1132	15528.69399632589	3
1	1135	15551.72526172767	3
1	1156	15847.403373411196	3
1	1161	16030.385536540479	3
1	1177	16438.561434546291	3
1	1179	16469.73090511983	3
1	1181	16499.584620514329	3
1	1197	16677.500719765636	3
1	1198	16698.191546544417	3
1	1200	16725.932493167492	3
1	1212	16860.243149412308	3
1	1213	16878.740068621332	3
1	1223	16996.836143290963	3
1	1226	17058.598524986879	3
1	1240	17248.210744919699	3
1	1243	17301.487577441369	3
1	1260	17499.996844580131	3
1	1266	17538.408026122088	3
1	1267	17540.585629771038	3
1	1282	17826.042630215005	3
1	1290	18042.031012732466	3
1	1292	18131.157882821843	3
1	1295	18174.917611744304	3
1	1304	18363.209750756042	3
1	1310	18463.948574559726	3
1	1321	18744.193004823095	3
1	1325	18893.788715738738	3
1	1336	19121.494433805209	3
1	1337	19136.079305201084	3
1	1345	19268.657325126703	3
1	1356	19427.788721481222	3
1	1375	19615.521204113762	3
1	1381	19666.874770164544	3
1	1385	19693.495268021065	3
1	1389	19740.959324165774	3
1	1399	19834.12232438364	3
1	1404	19874.404919422274	3
1	1407	19894.443423974917	3
1	1414	19962.700675029412	3
2	96	1012.132182726712	14601
2	99	1053.52305043605	14602
2	114	1250.465034753699	14603
2	115	1256.703226999172	14607
2	127	1369.979688146139	14604
2	129	1405.572324757686	14605
2	137	1485.021261664191	14609
2	149	1960.047920088134	14612
2	150	1963.030272559945	14613
2	162	2260.611059212498	14615
2	176	2555.634131057581	14618
2	186	2683.209492506091	14622
2	193	2768.424065976453	14619
2	199	2842.638784214418	14623
2	215	3115.087615808492	14626
2	216	3130.401377593858	14627
2	219	3182.746725912294	14628
2	223	3261.014918698145	14630
2	232	3466.78162052026	14632
2	240	3587.754822948191	14631
2	241	3653.258525376061	14633
2	242	3666.522861748821	14635
2	250	3782.380357270774	14634
2	251	3793.141649730048	14637
2	256	3881.614203771308	14636
2	271	4089.033407215345	14641
2	274	4141.132836190737	14639
2	280	4237.306732389747	14644
2	287	4294.629984885333	14640
2	292	4377.798714717622	14645
2	301	4472.561277532113	14642
2	307	4552.579340720836	14648
2	309	4558.350467803026	14649
2	330	4870.64688908362	14653
2	340	5018.389700073259	14652
2	345	5093.168694770068	14658
2	358	5314.881561519711	14659
2	361	5382.675559920256	14661
2	368	5552.901939857373	14662
2	383	5831.007711382504	14664
2	384	5838.388489302713	14663
2	392	5950.477153236918	14669
2	395	5998.433645613721	14667
2	396	6004.585845126562	14668
2	400	6061.48637608356	14666
2	402	6090.97358489881	14665
2	417	6305.748982582545	14672
2	428	6528.491197659794	14675
2	429	6540.19166763403	14673
2	436	6644.014880306465	14677
2	444	6761.321149124805	14676
2	445	6766.437508581651	14674
2	450	6860.4520089904	14678
2	454	6916.69365319126	14679
2	469	7123.163463686241	14683
2	478	7226.445496047233	14682
2	487	7387.796744694046	14684
2	489	7414.603393359546	14685
2	516	7734.19948635903	14688
2	519	7761.302237511619	14694
2	522	7788.27461444667	14691
2	528	7872.084938777329	14695
2	532	7930.028179169044	14693
2	537	7995.914242397694	14698
2	544	8094.071974614063	14699
2	547	8140.337897094489	14700
2	549	8167.439864232259	14701
2	558	8328.053360163402	14703
2	562	8381.352458750084	14702
2	568	8487.698269099075	14704
2	589	8737.186757541528	14711
2	594	8811.744686940898	14708
2	596	8826.39775104453	14709
2	600	8856.445215517988	14706
2	607	8933.39568849932	14710
2	614	9007.884651323664	14714
2	619	9041.444434871467	14716
2	624	9086.729895857098	14713
2	632	9163.192692364546	14717
2	639	9261.939456538665	14720
2	654	9376.310251968018	14722
2	658	9405.18115491016	14719
2	659	9405.246740798259	14724
2	664	9464.312013052036	14726
2	668	9494.769579094521	14718
2	679	9597.291576448718	14727
2	682	9600.298358686411	14723
2	695	9733.093140643026	14731
2	701	9800.97826277078	14730
2	706	9847.470926869944	14728
2	714	9930.938058043724	14735
2	718	9962.541565247257	14736
2	723	10019.292355293314	14733
2	730	10104.94516952649	14732
2	737	10200.30679601298	14734
2	757	10432.013871277332	14744
2	759	10454.094716425854	14741
2	763	10508.652259544378	14746
2	767	10585.85742203459	14742
2	771	10617.812988172752	14740
2	792	11100.844549156174	14747
2	804	11333.660079784703	14752
2	810	11436.255726733169	14753
2	812	11445.253703274665	14754
2	815	11534.226722390665	14755
2	816	11535.228798501309	14751
2	827	11678.385116569208	14757
2	835	11781.234652722359	14759
2	838	11831.785447991172	14758
2	839	11832.637032622444	14761
2	861	12143.412465726149	14763
2	863	12159.592428818269	14764
2	868	12217.090609095037	14766
2	875	12291.714516078218	14768
2	876	12303.448642340425	14769
2	883	12393.923094247551	14765
2	900	12530.980498675131	14770
2	905	12559.618478336214	14771
2	924	12838.904869841273	14773
2	926	12841.775167340522	14774
2	937	12992.316839685689	14781
2	941	13089.915185764251	14778
2	944	13146.166575192344	14779
2	945	13152.865191676845	14780
2	969	13430.692334964918	14782
2	970	13432.547499257658	14784
2	973	13465.510113952975	14788
2	975	13488.004033052929	14789
2	978	13527.763933227923	14787
2	981	13537.64711283486	14791
2	984	13589.386321615113	14786
2	999	13713.558512147284	14792
2	1003	13748.040238180111	14793
2	1018	13898.681402789259	14795
2	1023	13983.211027345752	14796
2	1030	14067.622047969308	14797
2	1040	14125.931515306878	14803
2	1046	14202.886758461876	14800
2	1047	14204.142623143456	14804
2	1069	14417.518083720896	14801
2	1070	14433.288779191129	14809
2	1073	14440.177915943765	14807
2	1075	14487.862121039943	14810
2	1089	14667.591949201663	14812
2	1093	14714.965168707472	14813
2	1106	15011.799717641401	14815
2	1108	15111.64794712534	14814
2	1114	15227.8645979249	14816
2	1129	15472.281441521786	14817
2	1132	15528.69399632589	14820
2	1135	15551.72526172767	14818
2	1156	15847.403373411196	14821
2	1161	16030.385536540479	14825
2	1177	16438.561434546291	14830
2	1179	16469.73090511983	14827
2	1181	16499.584620514329	14829
2	1197	16677.500719765636	14835
2	1198	16698.191546544417	14836
2	1200	16725.932493167492	14837
2	1212	16860.243149412308	14833
2	1213	16878.740068621332	14834
2	1223	16996.836143290963	14840
2	1226	17058.598524986879	14838
2	1240	17248.210744919699	14843
2	1243	17301.487577441369	14842
2	1260	17499.996844580131	14841
2	1266	17538.408026122088	14849
2	1267	17540.585629771038	14850
2	1282	17826.042630215005	14852
2	1290	18042.031012732466	14854
2	1292	18131.157882821843	14853
2	1295	18174.917611744304	14855
2	1304	18363.209750756042	14857
2	1310	18463.948574559726	14858
2	1321	18744.193004823095	14860
2	1325	18893.788715738738	14861
2	1336	19121.494433805209	14865
2	1337	19136.079305201084	14863
2	1345	19268.657325126703	14864
2	1356	19427.788721481222	14866
2	1375	19615.521204113762	14872
2	1381	19666.874770164544	14870
2	1385	19693.495268021065	14868
2	1389	19740.959324165774	14876
2	1399	19834.12232438364	14879
2	1404	19874.404919422274	14874
2	1407	19894.443423974917	14871
2	1414	19962.700675029412	14877
3	103	1115.132182726712	0
3	107	1156.52305043605	0
3	113	1239.225376745639	0
3	123	1353.465034753699	0
3	124	1359.703226999172	0
3	136	1472.979688146139	0
3	138	1508.572324757686	0
3	147	1942.331152786315	0
3	154	2063.047920088134	0
3	155	2066.030272559945	0
3	167	2363.611059212498	0
3	169	2446.741725404237	0
3	180	2626.112394826585	0
3	183	2658.634131057581	0
3	185	2671.009850146473	0
3	196	2786.209492506091	0
3	207	2945.638784214418	0
3	214	3096.041830889441	0
3	225	3285.746725912294	0
3	227	3364.014918698145	0
3	247	3756.258525376061	0
3	248	3769.522861748821	0
3	257	3885.380357270774	0
3	259	3898.123317902757	0
3	261	3984.614203771308	0
3	275	4163.561277532113	0
3	279	4192.033407215345	0
3	289	4340.306732389747	0
3	290	4349.688547146357	0
3	293	4390.208603657795	0
3	302	4480.798714717622	0
3	310	4560.856760817353	0
3	313	4593.749557086781	0
3	317	4655.579340720836	0
3	318	4661.350467803026	0
3	322	4709.389700073259	0
3	336	4973.64688908362	0
3	339	4994.472935875839	0
3	341	5037.545066772521	0
3	342	5060.406260039234	0
3	344	5086.198881461349	0
3	351	5196.168694770068	0
3	362	5417.881561519711	0
3	365	5485.675559920256	0
3	373	5655.901939857373	0
3	380	5781.97358489881	0
3	390	5934.007711382504	0
3	399	6053.477153236918	0
3	403	6101.433645613721	0
3	404	6107.585845126562	0
3	405	6118.785113864145	0
3	409	6167.638601088234	0
3	422	6408.748982582545	0
3	426	6457.437508581651	0
3	434	6631.491197659794	0
3	442	6747.014880306465	0
3	456	6949.525902977353	0
3	460	7019.69365319126	0
3	475	7216.015556696445	0
3	477	7226.163463686241	0
3	491	7425.19948635903	0
3	496	7490.796744694046	0
3	501	7541.520875901214	0
3	523	7793.815081554713	0
3	526	7858.429864433451	0
3	527	7864.302237511619	0
3	539	8033.028179169044	0
3	551	8197.071974614063	0
3	553	8243.337897094489	0
3	554	8270.439864232259	0
3	564	8431.053360163402	0
3	566	8457.369666373947	0
3	567	8484.352458750084	0
3	571	8547.445215517988	0
3	578	8631.328573110483	0
3	595	8821.19188018054	0
3	599	8840.186757541528	0
3	604	8914.744686940898	0
3	606	8929.39775104453	0
3	612	8965.110774515981	0
3	618	9036.39568849932	0
3	629	9144.444434871467	0
3	634	9185.769579094521	0
3	635	9189.729895857098	0
3	640	9266.192692364546	0
3	666	9479.310251968018	0
3	671	9508.246740798259	0
3	672	9538.470926869944	0
3	676	9567.312013052036	0
3	686	9659.571983592091	0
3	691	9700.291576448718	0
3	700	9795.94516952649	0
3	705	9836.093140643026	0
3	709	9891.30679601298	0
3	720	9994.301544938362	0
3	725	10033.938058043724	0
3	726	10059.969036656217	0
3	727	10065.541565247257	0
3	731	10122.292355293314	0
3	732	10132.703854826275	0
3	748	10308.812988172752	0
3	761	10495.290998278643	0
3	765	10535.013871277332	0
3	766	10557.094716425854	0
3	770	10611.652259544378	0
3	774	10688.85742203459	0
3	796	11154.935207772639	0
3	797	11203.844549156174	0
3	798	11226.228798501309	0
3	817	11539.255726733169	0
3	818	11548.253703274665	0
3	819	11569.321951625579	0
3	822	11637.226722390665	0
3	836	11781.385116569208	0
3	837	11792.635778504537	0
3	844	11884.234652722359	0
3	847	11934.785447991172	0
3	848	11935.637032622444	0
3	870	12244.926258183654	0
3	871	12246.412465726149	0
3	873	12262.592428818269	0
3	884	12394.714516078218	0
3	885	12406.448642340425	0
3	899	12529.904869841273	0
3	901	12532.775167340522	0
3	902	12548.015925369732	0
3	910	12633.980498675131	0
3	922	12763.433448091491	0
3	923	12780.915185764251	0
3	942	13095.316839685689	0
3	952	13249.166575192344	0
3	953	13255.865191676845	0
3	956	13302.697513868715	0
3	960	13345.377447964118	0
3	977	13525.517834683834	0
3	979	13533.692334964918	0
3	980	13535.547499257658	0
3	983	13568.510113952975	0
3	985	13591.004033052929	0
3	988	13630.763933227923	0
3	991	13640.64711283486	0
3	996	13692.386321615113	0
3	1006	13783.600215307078	0
3	1021	13978.856916858905	0
3	1026	14001.681402789259	0
3	1033	14086.211027345752	0
3	1038	14108.518083720896	0
3	1043	14170.622047969308	0
3	1051	14228.931515306878	0
3	1068	14396.402610409694	0
3	1079	14536.288779191129	0
3	1081	14543.177915943765	0
3	1083	14590.862121039943	0
3	1099	14817.965168707472	0
3	1109	15114.799717641401	0
3	1119	15330.8645979249	0
3	1122	15414.975637265581	0
3	1134	15538.403373411196	0
3	1136	15561.169238928402	0
3	1137	15575.281441521786	0
3	1139	15606.788512915777	0
3	1141	15631.69399632589	0
3	1144	15654.72526172767	0
3	1162	16060.704422840309	0
3	1163	16133.385536540479	0
3	1174	16384.994730491758	0
3	1178	16457.31270552797	0
3	1182	16532.060301530983	0
3	1183	16541.561434546291	0
3	1190	16602.584620514329	0
3	1203	16749.598524986879	0
3	1206	16780.500719765636	0
3	1207	16801.191546544417	0
3	1209	16828.932493167492	0
3	1216	16903.077555017914	0
3	1220	16963.243149412308	0
3	1221	16981.740068621332	0
3	1231	17099.836143290963	0
3	1236	17190.996844580131	0
3	1244	17302.456684542554	0
3	1248	17351.210744919699	0
3	1251	17400.450169951849	0
3	1252	17404.487577441369	0
3	1254	17425.139847355378	0
3	1259	17456.448485208263	0
3	1274	17641.408026122088	0
3	1286	17929.042630215005	0
3	1294	18145.031012732466	0
3	1297	18234.157882821843	0
3	1301	18277.917611744304	0
3	1311	18466.209750756042	0
3	1314	18526.792311789655	0
3	1316	18566.948574559726	0
3	1323	18847.193004823095	0
3	1330	18996.788715738738	0
3	1341	19224.494433805209	0
3	1344	19239.079305201084	0
3	1353	19371.657325126703	0
3	1354	19384.495268021065	0
3	1355	19425.699431385595	0
3	1372	19585.443423974917	0
3	1386	19718.521204113762	0
3	1391	19762.905070091276	0
3	1392	19769.874770164544	0
3	1400	19843.959324165774	0
3	1411	19937.12232438364	0
3	1416	19977.404919422274	0
4	103	1115.132182726712	3
4	107	1156.52305043605	3
4	113	1239.225376745639	3
4	123	1353.465034753699	3
4	124	1359.703226999172	3
4	136	1472.979688146139	3
4	138	1508.572324757686	3
4	147	1942.331152786315	3
4	154	2063.047920088134	3
4	155	2066.030272559945	3
4	167	2363.611059212498	3
4	169	2446.741725404237	3
4	180	2626.112394826585	3
4	183	2658.634131057581	3
4	185	2671.009850146473	3
4	196	2786.209492506091	3
4	207	2945.638784214418	3
4	214	3096.041830889441	3
4	225	3285.746725912294	3
4	227	3364.014918698145	3
4	247	3756.258525376061	3
4	248	3769.522861748821	3
4	257	3885.380357270774	3
4	259	3898.123317902757	3
4	261	3984.614203771308	3
4	275	4163.561277532113	3
4	279	4192.033407215345	3
4	289	4340.306732389747	3
4	290	4349.688547146357	3
4	293	4390.208603657795	3
4	302	4480.798714717622	3
4	310	4560.856760817353	3
4	313	4593.749557086781	3
4	317	4655.579340720836	3
4	318	4661.350467803026	3
4	322	4709.389700073259	3
4	336	4973.64688908362	3
4	339	4994.472935875839	3
4	341	5037.545066772521	3
4	342	5060.406260039234	3
4	344	5086.198881461349	3
4	351	5196.168694770068	3
4	362	5417.881561519711	3
4	365	5485.675559920256	3
4	373	5655.901939857373	3
4	380	5781.97358489881	3
4	390	5934.007711382504	3
4	399	6053.477153236918	3
4	403	6101.433645613721	3
4	404	6107.585845126562	3
4	405	6118.785113864145	3
4	409	6167.638601088234	3
4	422	6408.748982582545	3
4	426	6457.437508581651	3
4	434	6631.491197659794	3
4	442	6747.014880306465	3
4	456	6949.525902977353	3
4	460	7019.69365319126	3
4	475	7216.015556696445	3
4	477	7226.163463686241	3
4	491	7425.19948635903	3
4	496	7490.796744694046	3
4	501	7541.520875901214	3
4	523	7793.815081554713	3
4	526	7858.429864433451	3
4	527	7864.302237511619	3
4	539	8033.028179169044	3
4	551	8197.071974614063	3
4	553	8243.337897094489	3
4	554	8270.439864232259	3
4	564	8431.053360163402	3
4	566	8457.369666373947	3
4	567	8484.352458750084	3
4	571	8547.445215517988	3
4	578	8631.328573110483	3
4	595	8821.19188018054	3
4	599	8840.186757541528	3
4	604	8914.744686940898	3
4	606	8929.39775104453	3
4	612	8965.110774515981	3
4	618	9036.39568849932	3
4	629	9144.444434871467	3
4	634	9185.769579094521	3
4	635	9189.729895857098	3
4	640	9266.192692364546	3
4	666	9479.310251968018	3
4	671	9508.246740798259	3
4	672	9538.470926869944	3
4	676	9567.312013052036	3
4	686	9659.571983592091	3
4	691	9700.291576448718	3
4	700	9795.94516952649	3
4	705	9836.093140643026	3
4	709	9891.30679601298	3
4	720	9994.301544938362	3
4	725	10033.938058043724	3
4	726	10059.969036656217	3
4	727	10065.541565247257	3
4	731	10122.292355293314	3
4	732	10132.703854826275	3
4	748	10308.812988172752	3
4	761	10495.290998278643	3
4	765	10535.013871277332	3
4	766	10557.094716425854	3
4	770	10611.652259544378	3
4	774	10688.85742203459	3
4	796	11154.935207772639	3
4	797	11203.844549156174	3
4	798	11226.228798501309	3
4	817	11539.255726733169	3
4	818	11548.253703274665	3
4	819	11569.321951625579	3
4	822	11637.226722390665	3
4	836	11781.385116569208	3
4	837	11792.635778504537	3
4	844	11884.234652722359	3
4	847	11934.785447991172	3
4	848	11935.637032622444	3
4	870	12244.926258183654	3
4	871	12246.412465726149	3
4	873	12262.592428818269	3
4	884	12394.714516078218	3
4	885	12406.448642340425	3
4	899	12529.904869841273	3
4	901	12532.775167340522	3
4	902	12548.015925369732	3
4	910	12633.980498675131	3
4	922	12763.433448091491	3
4	923	12780.915185764251	3
4	942	13095.316839685689	3
4	952	13249.166575192344	3
4	953	13255.865191676845	3
4	956	13302.697513868715	3
4	960	13345.377447964118	3
4	977	13525.517834683834	3
4	979	13533.692334964918	3
4	980	13535.547499257658	3
4	983	13568.510113952975	3
4	985	13591.004033052929	3
4	988	13630.763933227923	3
4	991	13640.64711283486	3
4	996	13692.386321615113	3
4	1006	13783.600215307078	3
4	1021	13978.856916858905	3
4	1026	14001.681402789259	3
4	1033	14086.211027345752	3
4	1038	14108.518083720896	3
4	1043	14170.622047969308	3
4	1051	14228.931515306878	3
4	1068	14396.402610409694	3
4	1079	14536.288779191129	3
4	1081	14543.177915943765	3
4	1083	14590.862121039943	3
4	1099	14817.965168707472	3
4	1109	15114.799717641401	3
4	1119	15330.8645979249	3
4	1122	15414.975637265581	3
4	1134	15538.403373411196	3
4	1136	15561.169238928402	3
4	1137	15575.281441521786	3
4	1139	15606.788512915777	3
4	1141	15631.69399632589	3
4	1144	15654.72526172767	3
4	1162	16060.704422840309	3
4	1163	16133.385536540479	3
4	1174	16384.994730491758	3
4	1178	16457.31270552797	3
4	1182	16532.060301530983	3
4	1183	16541.561434546291	3
4	1190	16602.584620514329	3
4	1203	16749.598524986879	3
4	1206	16780.500719765636	3
4	1207	16801.191546544417	3
4	1209	16828.932493167492	3
4	1216	16903.077555017914	3
4	1220	16963.243149412308	3
4	1221	16981.740068621332	3
4	1231	17099.836143290963	3
4	1236	17190.996844580131	3
4	1244	17302.456684542554	3
4	1248	17351.210744919699	3
4	1251	17400.450169951849	3
4	1252	17404.487577441369	3
4	1254	17425.139847355378	3
4	1259	17456.448485208263	3
4	1274	17641.408026122088	3
4	1286	17929.042630215005	3
4	1294	18145.031012732466	3
4	1297	18234.157882821843	3
4	1301	18277.917611744304	3
4	1311	18466.209750756042	3
4	1314	18526.792311789655	3
4	1316	18566.948574559726	3
4	1323	18847.193004823095	3
4	1330	18996.788715738738	3
4	1341	19224.494433805209	3
4	1344	19239.079305201084	3
4	1353	19371.657325126703	3
4	1354	19384.495268021065	3
4	1355	19425.699431385595	3
4	1372	19585.443423974917	3
4	1386	19718.521204113762	3
4	1391	19762.905070091276	3
4	1392	19769.874770164544	3
4	1400	19843.959324165774	3
4	1411	19937.12232438364	3
4	1416	19977.404919422274	3
5	103	1115.132182726712	14601
5	107	1156.52305043605	14602
5	113	1239.225376745639	14606
5	123	1353.465034753699	14603
5	124	1359.703226999172	14607
5	136	1472.979688146139	14604
5	138	1508.572324757686	14605
5	147	1942.331152786315	14611
5	154	2063.047920088134	14612
5	155	2066.030272559945	14613
5	167	2363.611059212498	14615
5	169	2446.741725404237	14617
5	180	2626.112394826585	14620
5	183	2658.634131057581	14618
5	185	2671.009850146473	14621
5	196	2786.209492506091	14622
5	207	2945.638784214418	14623
5	214	3096.041830889441	14629
5	225	3285.746725912294	14628
5	227	3364.014918698145	14630
5	247	3756.258525376061	14633
5	248	3769.522861748821	14635
5	257	3885.380357270774	14634
5	259	3898.123317902757	14638
5	261	3984.614203771308	14636
5	275	4163.561277532113	14642
5	279	4192.033407215345	14641
5	289	4340.306732389747	14644
5	290	4349.688547146357	14646
5	293	4390.208603657795	14647
5	302	4480.798714717622	14645
5	310	4560.856760817353	14650
5	313	4593.749557086781	14651
5	317	4655.579340720836	14648
5	318	4661.350467803026	14649
5	322	4709.389700073259	14652
5	336	4973.64688908362	14653
5	339	4994.472935875839	14654
5	341	5037.545066772521	14655
5	342	5060.406260039234	14656
5	344	5086.198881461349	14657
5	351	5196.168694770068	14658
5	362	5417.881561519711	14659
5	365	5485.675559920256	14661
5	373	5655.901939857373	14662
5	380	5781.97358489881	14665
5	390	5934.007711382504	14664
5	399	6053.477153236918	14669
5	403	6101.433645613721	14667
5	404	6107.585845126562	14668
5	405	6118.785113864145	14670
5	409	6167.638601088234	14671
5	422	6408.748982582545	14672
5	426	6457.437508581651	14674
5	434	6631.491197659794	14675
5	442	6747.014880306465	14677
5	456	6949.525902977353	14681
5	460	7019.69365319126	14679
5	475	7216.015556696445	14686
5	477	7226.163463686241	14683
5	491	7425.19948635903	14688
5	496	7490.796744694046	14684
5	501	7541.520875901214	14689
5	523	7793.815081554713	14696
5	526	7858.429864433451	14697
5	527	7864.302237511619	14694
5	539	8033.028179169044	14693
5	551	8197.071974614063	14699
5	553	8243.337897094489	14700
5	554	8270.439864232259	14701
5	564	8431.053360163402	14703
5	566	8457.369666373947	14705
5	567	8484.352458750084	14702
5	571	8547.445215517988	14706
5	578	8631.328573110483	14707
5	595	8821.19188018054	14712
5	599	8840.186757541528	14711
5	604	8914.744686940898	14708
5	606	8929.39775104453	14709
5	612	8965.110774515981	14715
5	618	9036.39568849932	14710
5	629	9144.444434871467	14716
5	634	9185.769579094521	14718
5	635	9189.729895857098	14713
5	640	9266.192692364546	14717
5	666	9479.310251968018	14722
5	671	9508.246740798259	14724
5	672	9538.470926869944	14728
5	676	9567.312013052036	14726
5	686	9659.571983592091	14729
5	691	9700.291576448718	14727
5	700	9795.94516952649	14732
5	705	9836.093140643026	14731
5	709	9891.30679601298	14734
5	720	9994.301544938362	14737
5	725	10033.938058043724	14735
5	726	10059.969036656217	14738
5	727	10065.541565247257	14736
5	731	10122.292355293314	14733
5	732	10132.703854826275	14739
5	748	10308.812988172752	14740
5	761	10495.290998278643	14745
5	765	10535.013871277332	14744
5	766	10557.094716425854	14741
5	770	10611.652259544378	14746
5	774	10688.85742203459	14742
5	796	11154.935207772639	14750
5	797	11203.844549156174	14747
5	798	11226.228798501309	14751
5	817	11539.255726733169	14753
5	818	11548.253703274665	14754
5	819	11569.321951625579	14756
5	822	11637.226722390665	14755
5	836	11781.385116569208	14757
5	837	11792.635778504537	14760
5	844	11884.234652722359	14759
5	847	11934.785447991172	14758
5	848	11935.637032622444	14761
5	870	12244.926258183654	14767
5	871	12246.412465726149	14763
5	873	12262.592428818269	14764
5	884	12394.714516078218	14768
5	885	12406.448642340425	14769
5	899	12529.904869841273	14773
5	901	12532.775167340522	14774
5	902	12548.015925369732	14775
5	910	12633.980498675131	14770
5	922	12763.433448091491	14777
5	923	12780.915185764251	14778
5	942	13095.316839685689	14781
5	952	13249.166575192344	14779
5	953	13255.865191676845	14780
5	956	13302.697513868715	14783
5	960	13345.377447964118	14785
5	977	13525.517834683834	14790
5	979	13533.692334964918	14782
5	980	13535.547499257658	14784
5	983	13568.510113952975	14788
5	985	13591.004033052929	14789
5	988	13630.763933227923	14787
5	991	13640.64711283486	14791
5	996	13692.386321615113	14786
5	1006	13783.600215307078	14794
5	1021	13978.856916858905	14798
5	1026	14001.681402789259	14795
5	1033	14086.211027345752	14796
5	1038	14108.518083720896	14801
5	1043	14170.622047969308	14797
5	1051	14228.931515306878	14803
5	1068	14396.402610409694	14808
5	1079	14536.288779191129	14809
5	1081	14543.177915943765	14807
5	1083	14590.862121039943	14810
5	1099	14817.965168707472	14813
5	1109	15114.799717641401	14815
5	1119	15330.8645979249	14816
5	1122	15414.975637265581	14819
5	1134	15538.403373411196	14821
5	1136	15561.169238928402	14822
5	1137	15575.281441521786	14817
5	1139	15606.788512915777	14823
5	1141	15631.69399632589	14820
5	1144	15654.72526172767	14818
5	1162	16060.704422840309	14826
5	1163	16133.385536540479	14825
5	1174	16384.994730491758	14828
5	1178	16457.31270552797	14831
5	1182	16532.060301530983	14832
5	1183	16541.561434546291	14830
5	1190	16602.584620514329	14829
5	1203	16749.598524986879	14838
5	1206	16780.500719765636	14835
5	1207	16801.191546544417	14836
5	1209	16828.932493167492	14837
5	1216	16903.077555017914	14839
5	1220	16963.243149412308	14833
5	1221	16981.740068621332	14834
5	1231	17099.836143290963	14840
5	1236	17190.996844580131	14841
5	1244	17302.456684542554	14844
5	1248	17351.210744919699	14843
5	1251	17400.450169951849	14845
5	1252	17404.487577441369	14842
5	1254	17425.139847355378	14846
5	1259	17456.448485208263	14848
5	1274	17641.408026122088	14849
5	1286	17929.042630215005	14852
5	1294	18145.031012732466	14854
5	1297	18234.157882821843	14853
5	1301	18277.917611744304	14855
5	1311	18466.209750756042	14857
5	1314	18526.792311789655	14859
5	1316	18566.948574559726	14858
5	1323	18847.193004823095	14860
5	1330	18996.788715738738	14861
5	1341	19224.494433805209	14865
5	1344	19239.079305201084	14863
5	1353	19371.657325126703	14864
5	1354	19384.495268021065	14868
5	1355	19425.699431385595	14869
5	1372	19585.443423974917	14871
5	1386	19718.521204113762	14872
5	1391	19762.905070091276	14878
5	1392	19769.874770164544	14870
5	1400	19843.959324165774	14876
5	1411	19937.12232438364	14879
5	1416	19977.404919422274	14874
6	109	1163.979688146139	0
6	110	1199.572324757686	0
6	111	1218.132182726712	0
6	116	1259.52305043605	0
6	121	1329.925974497434	0
6	122	1342.225376745639	0
6	152	2045.331152786315	0
6	153	2054.611059212498	0
6	159	2166.047920088134	0
6	161	2169.030272559945	0
6	163	2267.852623527295	0
6	175	2549.741725404237	0
6	177	2562.424065976453	0
6	189	2729.112394826585	0
6	194	2774.009850146473	0
6	195	2783.392708030922	0
6	212	3048.638784214418	0
6	220	3199.041830889441	0
6	229	3381.754822948191	0
6	239	3576.380357270774	0
6	260	3935.132836190737	0
6	265	4001.123317902757	0
6	270	4088.629984885333	0
6	283	4266.561277532113	0
6	288	4295.033407215345	0
6	296	4443.306732389747	0
6	298	4452.688547146357	0
6	303	4493.208603657795	0
6	319	4663.856760817353	0
6	320	4696.749557086781	0
6	324	4764.350467803026	0
6	328	4812.389700073259	0
6	348	5140.545066772521	0
6	349	5163.406260039234	0
6	359	5321.804848348346	0
6	366	5520.881561519711	0
6	369	5588.675559920256	0
6	372	5632.388489302713	0
6	386	5855.48637608356	0
6	387	5884.97358489881	0
6	398	6037.007711382504	0
6	407	6156.477153236918	0
6	414	6221.785113864145	0
6	416	6270.638601088234	0
6	432	6555.321149124805	0
6	433	6560.437508581651	0
6	437	6654.4520089904	0
6	449	6850.014880306465	0
6	453	6874.61372626983	0
6	461	7020.445496047233	0
6	463	7052.525902977353	0
6	468	7122.69365319126	0
6	472	7181.796744694046	0
6	474	7208.603393359546	0
6	481	7287.835485286288	0
6	483	7319.015556696445	0
6	485	7329.163463686241	0
6	499	7528.19948635903	0
6	502	7573.842088667074	0
6	504	7582.27461444667	0
6	508	7644.520875901214	0
6	511	7676.040682660317	0
6	515	7724.028179169044	0
6	531	7896.815081554713	0
6	533	7961.429864433451	0
6	534	7967.302237511619	0
6	570	8534.053360163402	0
6	572	8560.369666373947	0
6	573	8587.352458750084	0
6	581	8650.445215517988	0
6	587	8727.39568849932	0
6	588	8734.328573110483	0
6	602	8880.729895857098	0
6	605	8924.19188018054	0
6	610	8943.186757541528	0
6	622	9068.110774515981	0
6	636	9199.18115491016	0
6	638	9247.444434871467	0
6	643	9288.769579094521	0
6	648	9334.109326363944	0
6	653	9369.192692364546	0
6	657	9394.298358686411	0
6	678	9582.310251968018	0
6	683	9611.246740798259	0
6	685	9641.470926869944	0
6	697	9762.571983592091	0
6	703	9813.292355293314	0
6	711	9898.94516952649	0
6	721	9994.30679601298	0
6	728	10097.301544938362	0
6	733	10136.938058043724	0
6	735	10168.541565247257	0
6	741	10235.703854826275	0
6	752	10379.85742203459	0
6	753	10392.734579541845	0
6	756	10411.812988172752	0
6	768	10598.290998278643	0
6	772	10638.013871277332	0
6	773	10660.094716425854	0
6	776	10714.652259544378	0
6	785	10894.844549156174	0
6	786	10896.65576334528	0
6	790	11039.426221358473	0
6	801	11257.935207772639	0
6	803	11329.228798501309	0
6	825	11651.253703274665	0
6	826	11672.321951625579	0
6	832	11740.226722390665	0
6	846	11895.635778504537	0
6	850	11957.470971625631	0
6	865	12187.923094247551	0
6	878	12324.980498675131	0
6	879	12347.926258183654	0
6	880	12349.412465726149	0
6	881	12353.618478336214	0
6	896	12497.714516078218	0
6	897	12509.448642340425	0
6	898	12512.65573180172	0
6	904	12554.90721182062	0
6	909	12632.904869841273	0
6	911	12635.775167340522	0
6	912	12651.015925369732	0
6	928	12866.433448091491	0
6	929	12883.915185764251	0
6	931	12940.166575192344	0
6	934	12946.865191676845	0
6	947	13198.316839685689	0
6	949	13224.692334964918	0
6	964	13383.386321615113	0
6	966	13405.697513868715	0
6	972	13448.377447964118	0
6	987	13628.517834683834	0
6	994	13671.510113952975	0
6	997	13694.004033052929	0
6	1001	13733.763933227923	0
6	1002	13743.64711283486	0
6	1017	13886.600215307078	0
6	1031	14081.097111819063	0
6	1037	14104.681402789259	0
6	1039	14124.09284969183	0
6	1045	14189.211027345752	0
6	1049	14211.518083720896	0
6	1052	14232.140142879295	0
6	1054	14239.15171631113	0
6	1062	14331.931515306878	0
6	1077	14499.402610409694	0
6	1084	14594.994410590498	0
6	1087	14639.288779191129	0
6	1090	14693.862121039943	0
6	1102	14905.64794712534	0
6	1104	14920.965168707472	0
6	1113	15217.799717641401	0
6	1116	15266.281441521786	0
6	1120	15345.72526172767	0
6	1125	15433.8645979249	0
6	1131	15517.975637265581	0
6	1143	15641.403373411196	0
6	1148	15709.788512915777	0
6	1149	15734.69399632589	0
6	1164	16163.704422840309	0
6	1192	16635.060301530983	0
6	1193	16644.561434546291	0
6	1195	16654.243149412308	0
6	1196	16672.740068621332	0
6	1211	16852.598524986879	0
6	1214	16883.500719765636	0
6	1218	16931.932493167492	0
6	1224	17006.077555017914	0
6	1239	17202.836143290963	0
6	1241	17293.996844580131	0
6	1253	17405.456684542554	0
6	1258	17454.210744919699	0
6	1261	17503.450169951849	0
6	1264	17528.139847355378	0
6	1270	17559.448485208263	0
6	1275	17641.696698202098	0
6	1280	17744.408026122088	0
6	1289	18032.042630215005	0
6	1302	18299.207973204503	0
6	1306	18380.917611744304	0
6	1315	18538.193004823095	0
6	1329	18979.722411746053	0
6	1333	19062.657325126703	0
6	1335	19099.788715738738	0
6	1349	19327.494433805209	0
6	1350	19335.45309355293	0
6	1351	19342.079305201084	0
6	1360	19460.874770164544	0
6	1363	19487.495268021065	0
6	1366	19528.699431385595	0
6	1382	19668.404919422274	0
6	1383	19687.200096277065	0
6	1384	19688.443423974917	0
6	1390	19756.700675029412	0
6	1402	19865.905070091276	0
6	1412	19946.959324165774	0
7	109	1163.979688146139	3
7	110	1199.572324757686	3
7	111	1218.132182726712	3
7	116	1259.52305043605	3
7	121	1329.925974497434	3
7	122	1342.225376745639	3
7	152	2045.331152786315	3
7	153	2054.611059212498	3
7	159	2166.047920088134	3
7	161	2169.030272559945	3
7	163	2267.852623527295	3
7	175	2549.741725404237	3
7	177	2562.424065976453	3
7	189	2729.112394826585	3
7	194	2774.009850146473	3
7	195	2783.392708030922	3
7	212	3048.638784214418	3
7	220	3199.041830889441	3
7	229	3381.754822948191	3
7	239	3576.380357270774	3
7	260	3935.132836190737	3
7	265	4001.123317902757	3
7	270	4088.629984885333	3
7	283	4266.561277532113	3
7	288	4295.033407215345	3
7	296	4443.306732389747	3
7	298	4452.688547146357	3
7	303	4493.208603657795	3
7	319	4663.856760817353	3
7	320	4696.749557086781	3
7	324	4764.350467803026	3
7	328	4812.389700073259	3
7	348	5140.545066772521	3
7	349	5163.406260039234	3
7	359	5321.804848348346	3
7	366	5520.881561519711	3
7	369	5588.675559920256	3
7	372	5632.388489302713	3
7	386	5855.48637608356	3
7	387	5884.97358489881	3
7	398	6037.007711382504	3
7	407	6156.477153236918	3
7	414	6221.785113864145	3
7	416	6270.638601088234	3
7	432	6555.321149124805	3
7	433	6560.437508581651	3
7	437	6654.4520089904	3
7	449	6850.014880306465	3
7	453	6874.61372626983	3
7	461	7020.445496047233	3
7	463	7052.525902977353	3
7	468	7122.69365319126	3
7	472	7181.796744694046	3
7	474	7208.603393359546	3
7	481	7287.835485286288	3
7	483	7319.015556696445	3
7	485	7329.163463686241	3
7	499	7528.19948635903	3
7	502	7573.842088667074	3
7	504	7582.27461444667	3
7	508	7644.520875901214	3
7	511	7676.040682660317	3
7	515	7724.028179169044	3
7	531	7896.815081554713	3
7	533	7961.429864433451	3
7	534	7967.302237511619	3
7	570	8534.053360163402	3
7	572	8560.369666373947	3
7	573	8587.352458750084	3
7	581	8650.445215517988	3
7	587	8727.39568849932	3
7	588	8734.328573110483	3
7	602	8880.729895857098	3
7	605	8924.19188018054	3
7	610	8943.186757541528	3
7	622	9068.110774515981	3
7	636	9199.18115491016	3
7	638	9247.444434871467	3
7	643	9288.769579094521	3
7	648	9334.109326363944	3
7	653	9369.192692364546	3
7	657	9394.298358686411	3
7	678	9582.310251968018	3
7	683	9611.246740798259	3
7	685	9641.470926869944	3
7	697	9762.571983592091	3
7	703	9813.292355293314	3
7	711	9898.94516952649	3
7	721	9994.30679601298	3
7	728	10097.301544938362	3
7	733	10136.938058043724	3
7	735	10168.541565247257	3
7	741	10235.703854826275	3
7	752	10379.85742203459	3
7	753	10392.734579541845	3
7	756	10411.812988172752	3
7	768	10598.290998278643	3
7	772	10638.013871277332	3
7	773	10660.094716425854	3
7	776	10714.652259544378	3
7	785	10894.844549156174	3
7	786	10896.65576334528	3
7	790	11039.426221358473	3
7	801	11257.935207772639	3
7	803	11329.228798501309	3
7	825	11651.253703274665	3
7	826	11672.321951625579	3
7	832	11740.226722390665	3
7	846	11895.635778504537	3
7	850	11957.470971625631	3
7	865	12187.923094247551	3
7	878	12324.980498675131	3
7	879	12347.926258183654	3
7	880	12349.412465726149	3
7	881	12353.618478336214	3
7	896	12497.714516078218	3
7	897	12509.448642340425	3
7	898	12512.65573180172	3
7	904	12554.90721182062	3
7	909	12632.904869841273	3
7	911	12635.775167340522	3
7	912	12651.015925369732	3
7	928	12866.433448091491	3
7	929	12883.915185764251	3
7	931	12940.166575192344	3
7	934	12946.865191676845	3
7	947	13198.316839685689	3
7	949	13224.692334964918	3
7	964	13383.386321615113	3
7	966	13405.697513868715	3
7	972	13448.377447964118	3
7	987	13628.517834683834	3
7	994	13671.510113952975	3
7	997	13694.004033052929	3
7	1001	13733.763933227923	3
7	1002	13743.64711283486	3
7	1017	13886.600215307078	3
7	1031	14081.097111819063	3
7	1037	14104.681402789259	3
7	1039	14124.09284969183	3
7	1045	14189.211027345752	3
7	1049	14211.518083720896	3
7	1052	14232.140142879295	3
7	1054	14239.15171631113	3
7	1062	14331.931515306878	3
7	1077	14499.402610409694	3
7	1084	14594.994410590498	3
7	1087	14639.288779191129	3
7	1090	14693.862121039943	3
7	1102	14905.64794712534	3
7	1104	14920.965168707472	3
7	1113	15217.799717641401	3
7	1116	15266.281441521786	3
7	1120	15345.72526172767	3
7	1125	15433.8645979249	3
7	1131	15517.975637265581	3
7	1143	15641.403373411196	3
7	1148	15709.788512915777	3
7	1149	15734.69399632589	3
7	1164	16163.704422840309	3
7	1192	16635.060301530983	3
7	1193	16644.561434546291	3
7	1195	16654.243149412308	3
7	1196	16672.740068621332	3
7	1211	16852.598524986879	3
7	1214	16883.500719765636	3
7	1218	16931.932493167492	3
7	1224	17006.077555017914	3
7	1239	17202.836143290963	3
7	1241	17293.996844580131	3
7	1253	17405.456684542554	3
7	1258	17454.210744919699	3
7	1261	17503.450169951849	3
7	1264	17528.139847355378	3
7	1270	17559.448485208263	3
7	1275	17641.696698202098	3
7	1280	17744.408026122088	3
7	1289	18032.042630215005	3
7	1302	18299.207973204503	3
7	1306	18380.917611744304	3
7	1315	18538.193004823095	3
7	1329	18979.722411746053	3
7	1333	19062.657325126703	3
7	1335	19099.788715738738	3
7	1349	19327.494433805209	3
7	1350	19335.45309355293	3
7	1351	19342.079305201084	3
7	1360	19460.874770164544	3
7	1363	19487.495268021065	3
7	1366	19528.699431385595	3
7	1382	19668.404919422274	3
7	1383	19687.200096277065	3
7	1384	19688.443423974917	3
7	1390	19756.700675029412	3
7	1402	19865.905070091276	3
7	1412	19946.959324165774	3
8	109	1163.979688146139	14604
8	110	1199.572324757686	14605
8	111	1218.132182726712	14601
8	116	1259.52305043605	14602
8	121	1329.925974497434	14608
8	122	1342.225376745639	14606
8	152	2045.331152786315	14611
8	153	2054.611059212498	14615
8	159	2166.047920088134	14612
8	161	2169.030272559945	14613
8	163	2267.852623527295	14616
8	175	2549.741725404237	14617
8	177	2562.424065976453	14619
8	189	2729.112394826585	14620
8	194	2774.009850146473	14621
8	195	2783.392708030922	14624
8	212	3048.638784214418	14623
8	220	3199.041830889441	14629
8	229	3381.754822948191	14631
8	239	3576.380357270774	14634
8	260	3935.132836190737	14639
8	265	4001.123317902757	14638
8	270	4088.629984885333	14640
8	283	4266.561277532113	14642
8	288	4295.033407215345	14641
8	296	4443.306732389747	14644
8	298	4452.688547146357	14646
8	303	4493.208603657795	14647
8	319	4663.856760817353	14650
8	320	4696.749557086781	14651
8	324	4764.350467803026	14649
8	328	4812.389700073259	14652
8	348	5140.545066772521	14655
8	349	5163.406260039234	14656
8	359	5321.804848348346	14660
8	366	5520.881561519711	14659
8	369	5588.675559920256	14661
8	372	5632.388489302713	14663
8	386	5855.48637608356	14666
8	387	5884.97358489881	14665
8	398	6037.007711382504	14664
8	407	6156.477153236918	14669
8	414	6221.785113864145	14670
8	416	6270.638601088234	14671
8	432	6555.321149124805	14676
8	433	6560.437508581651	14674
8	437	6654.4520089904	14678
8	449	6850.014880306465	14677
8	453	6874.61372626983	14680
8	461	7020.445496047233	14682
8	463	7052.525902977353	14681
8	468	7122.69365319126	14679
8	472	7181.796744694046	14684
8	474	7208.603393359546	14685
8	481	7287.835485286288	14687
8	483	7319.015556696445	14686
8	485	7329.163463686241	14683
8	499	7528.19948635903	14688
8	502	7573.842088667074	14690
8	504	7582.27461444667	14691
8	508	7644.520875901214	14689
8	511	7676.040682660317	14692
8	515	7724.028179169044	14693
8	531	7896.815081554713	14696
8	533	7961.429864433451	14697
8	534	7967.302237511619	14694
8	570	8534.053360163402	14703
8	572	8560.369666373947	14705
8	573	8587.352458750084	14702
8	581	8650.445215517988	14706
8	587	8727.39568849932	14710
8	588	8734.328573110483	14707
8	602	8880.729895857098	14713
8	605	8924.19188018054	14712
8	610	8943.186757541528	14711
8	622	9068.110774515981	14715
8	636	9199.18115491016	14719
8	638	9247.444434871467	14716
8	643	9288.769579094521	14718
8	648	9334.109326363944	14721
8	653	9369.192692364546	14717
8	657	9394.298358686411	14723
8	678	9582.310251968018	14722
8	683	9611.246740798259	14724
8	685	9641.470926869944	14728
8	697	9762.571983592091	14729
8	703	9813.292355293314	14733
8	711	9898.94516952649	14732
8	721	9994.30679601298	14734
8	728	10097.301544938362	14737
8	733	10136.938058043724	14735
8	735	10168.541565247257	14736
8	741	10235.703854826275	14739
8	752	10379.85742203459	14742
8	753	10392.734579541845	14743
8	756	10411.812988172752	14740
8	768	10598.290998278643	14745
8	772	10638.013871277332	14744
8	773	10660.094716425854	14741
8	776	10714.652259544378	14746
8	785	10894.844549156174	14747
8	786	10896.65576334528	14748
8	790	11039.426221358473	14749
8	801	11257.935207772639	14750
8	803	11329.228798501309	14751
8	825	11651.253703274665	14754
8	826	11672.321951625579	14756
8	832	11740.226722390665	14755
8	846	11895.635778504537	14760
8	850	11957.470971625631	14762
8	865	12187.923094247551	14765
8	878	12324.980498675131	14770
8	879	12347.926258183654	14767
8	880	12349.412465726149	14763
8	881	12353.618478336214	14771
8	896	12497.714516078218	14768
8	897	12509.448642340425	14769
8	898	12512.65573180172	14772
8	904	12554.90721182062	14776
8	909	12632.904869841273	14773
8	911	12635.775167340522	14774
8	912	12651.015925369732	14775
8	928	12866.433448091491	14777
8	929	12883.915185764251	14778
8	931	12940.166575192344	14779
8	934	12946.865191676845	14780
8	947	13198.316839685689	14781
8	949	13224.692334964918	14782
8	964	13383.386321615113	14786
8	966	13405.697513868715	14783
8	972	13448.377447964118	14785
8	987	13628.517834683834	14790
8	994	13671.510113952975	14788
8	997	13694.004033052929	14789
8	1001	13733.763933227923	14787
8	1002	13743.64711283486	14791
8	1017	13886.600215307078	14794
8	1031	14081.097111819063	14799
8	1037	14104.681402789259	14795
8	1039	14124.09284969183	14802
8	1045	14189.211027345752	14796
8	1049	14211.518083720896	14801
8	1052	14232.140142879295	14805
8	1054	14239.15171631113	14806
8	1062	14331.931515306878	14803
8	1077	14499.402610409694	14808
8	1084	14594.994410590498	14811
8	1087	14639.288779191129	14809
8	1090	14693.862121039943	14810
8	1102	14905.64794712534	14814
8	1104	14920.965168707472	14813
8	1113	15217.799717641401	14815
8	1116	15266.281441521786	14817
8	1120	15345.72526172767	14818
8	1125	15433.8645979249	14816
8	1131	15517.975637265581	14819
8	1143	15641.403373411196	14821
8	1148	15709.788512915777	14823
8	1149	15734.69399632589	14820
8	1164	16163.704422840309	14826
8	1192	16635.060301530983	14832
8	1193	16644.561434546291	14830
8	1195	16654.243149412308	14833
8	1196	16672.740068621332	14834
8	1211	16852.598524986879	14838
8	1214	16883.500719765636	14835
8	1218	16931.932493167492	14837
8	1224	17006.077555017914	14839
8	1239	17202.836143290963	14840
8	1241	17293.996844580131	14841
8	1253	17405.456684542554	14844
8	1258	17454.210744919699	14843
8	1261	17503.450169951849	14845
8	1264	17528.139847355378	14846
8	1270	17559.448485208263	14848
8	1275	17641.696698202098	14851
8	1280	17744.408026122088	14849
8	1289	18032.042630215005	14852
8	1302	18299.207973204503	14856
8	1306	18380.917611744304	14855
8	1315	18538.193004823095	14860
8	1329	18979.722411746053	14862
8	1333	19062.657325126703	14864
8	1335	19099.788715738738	14861
8	1349	19327.494433805209	14865
8	1350	19335.45309355293	14867
8	1351	19342.079305201084	14863
8	1360	19460.874770164544	14870
8	1363	19487.495268021065	14868
8	1366	19528.699431385595	14869
8	1382	19668.404919422274	14874
8	1383	19687.200096277065	14875
8	1384	19688.443423974917	14871
8	1390	19756.700675029412	14877
8	1402	19865.905070091276	14878
8	1412	19946.959324165774	14876
9	97	1021.231934627456	0
9	106	1147.465034753699	0
9	117	1266.979688146139	0
9	119	1302.572324757686	0
9	120	1321.132182726712	0
9	128	1382.021261664191	0
9	134	1460.065703783362	0
9	151	1969.32746458329	0
9	158	2157.611059212498	0
9	168	2370.852623527295	0
9	182	2652.741725404237	0
9	184	2665.424065976453	0
9	190	2739.638784214418	0
9	197	2800.078553301623	0
9	210	3012.087615808492	0
9	211	3027.401377593858	0
9	213	3079.746725912294	0
9	235	3484.754822948191	0
9	236	3550.258525376061	0
9	244	3679.380357270774	0
9	249	3778.614203771308	0
9	266	4038.132836190737	0
9	277	4182.209797737874	0
9	278	4191.629984885333	0
9	284	4274.798714717622	0
9	291	4369.561277532113	0
9	295	4398.033407215345	0
9	306	4546.306732389747	0
9	314	4596.208603657795	0
9	327	4799.749557086781	0
9	333	4915.389700073259	0
9	364	5449.901939857373	0
9	376	5728.007711382504	0
9	377	5735.388489302713	0
9	388	5895.433645613721	0
9	389	5901.585845126562	0
9	393	5958.48637608356	0
9	394	5987.97358489881	0
9	424	6437.19166763403	0
9	438	6658.321149124805	0
9	439	6663.437508581651	0
9	443	6757.4520089904	0
9	447	6813.69365319126	0
9	459	6977.61372626983	0
9	470	7123.445496047233	0
9	471	7155.525902977353	0
9	480	7284.796744694046	0
9	482	7311.603393359546	0
9	488	7390.835485286288	0
9	492	7432.163463686241	0
9	507	7631.19948635903	0
9	513	7685.27461444667	0
9	520	7769.084938777329	0
9	524	7827.028179169044	0
9	541	8064.429864433451	0
9	555	8278.352458750084	0
9	563	8384.698269099075	0
9	579	8637.053360163402	0
9	584	8708.744686940898	0
9	586	8723.39775104453	0
9	591	8753.445215517988	0
9	597	8830.39568849932	0
9	598	8837.328573110483	0
9	603	8904.884651323664	0
9	613	8983.729895857098	0
9	616	9027.19188018054	0
9	620	9046.186757541528	0
9	633	9171.110774515981	0
9	646	9302.18115491016	0
9	649	9350.444434871467	0
9	655	9391.769579094521	0
9	660	9437.109326363944	0
9	662	9451.385137785923	0
9	665	9472.192692364546	0
9	667	9494.291576448718	0
9	669	9497.298358686411	0
9	688	9685.310251968018	0
9	690	9697.97826277078	0
9	696	9744.470926869944	0
9	708	9865.571983592091	0
9	713	9916.292355293314	0
9	722	10001.94516952649	0
9	729	10097.30679601298	0
9	750	10338.703854826275	0
9	751	10351.094716425854	0
9	760	10482.85742203459	0
9	762	10495.734579541845	0
9	764	10514.812988172752	0
9	775	10701.290998278643	0
9	788	10997.844549156174	0
9	795	11142.426221358473	0
9	799	11230.660079784703	0
9	808	11432.228798501309	0
9	820	11575.385116569208	0
9	830	11728.785447991172	0
9	833	11754.253703274665	0
9	834	11775.321951625579	0
9	852	11998.635778504537	0
9	855	12040.412465726149	0
9	857	12060.470971625631	0
9	874	12290.923094247551	0
9	887	12427.980498675131	0
9	891	12450.926258183654	0
9	894	12456.618478336214	0
9	913	12657.90721182062	0
9	917	12735.904869841273	0
9	919	12738.775167340522	0
9	935	12969.433448091491	0
9	936	12986.915185764251	0
9	938	13043.166575192344	0
9	939	13049.865191676845	0
9	958	13327.692334964918	0
9	959	13329.547499257658	0
9	967	13424.763933227923	0
9	974	13486.386321615113	0
9	982	13551.377447964118	0
9	1008	13795.681402789259	0
9	1009	13797.004033052929	0
9	1016	13880.211027345752	0
9	1020	13964.622047969308	0
9	1024	13989.600215307078	0
9	1035	14099.886758461876	0
9	1050	14227.09284969183	0
9	1060	14314.518083720896	0
9	1064	14335.140142879295	0
9	1065	14337.177915943765	0
9	1066	14342.15171631113	0
9	1071	14434.931515306878	0
9	1085	14602.402610409694	0
9	1091	14697.994410590498	0
9	1094	14742.288779191129	0
9	1096	14796.862121039943	0
9	1105	15008.64794712534	0
9	1118	15320.799717641401	0
9	1121	15369.281441521786	0
9	1127	15448.72526172767	0
9	1133	15536.8645979249	0
9	1147	15685.835903411293	0
9	1150	15744.403373411196	0
9	1155	15837.69399632589	0
9	1157	15927.385536540479	0
9	1166	16266.704422840309	0
9	1172	16366.73090511983	0
9	1175	16396.584620514329	0
9	1202	16747.561434546291	0
9	1204	16757.243149412308	0
9	1205	16775.740068621332	0
9	1219	16955.598524986879	0
9	1225	17034.932493167492	0
9	1237	17198.487577441369	0
9	1250	17396.996844580131	0
9	1255	17425.221592858419	0
9	1269	17557.210744919699	0
9	1281	17744.696698202098	0
9	1288	18028.157882821843	0
9	1293	18135.042630215005	0
9	1307	18402.207973204503	0
9	1319	18641.193004823095	0
9	1332	19033.079305201084	0
9	1334	19082.722411746053	0
9	1338	19165.657325126703	0
9	1347	19324.788721481222	0
9	1357	19430.494433805209	0
9	1358	19438.45309355293	0
9	1370	19563.874770164544	0
9	1374	19590.495268021065	0
9	1376	19626.69361306272	0
9	1393	19771.404919422274	0
9	1394	19790.200096277065	0
9	1395	19791.443423974917	0
9	1401	19859.700675029412	0
9	1409	19911.964419153251	0
9	1415	19968.905070091276	0
9	1418	19988.206020315296	0
10	97	1021.231934627456	3
10	106	1147.465034753699	3
10	117	1266.979688146139	3
10	119	1302.572324757686	3
10	120	1321.132182726712	3
10	128	1382.021261664191	3
10	134	1460.065703783362	3
10	151	1969.32746458329	3
10	158	2157.611059212498	3
10	168	2370.852623527295	3
10	182	2652.741725404237	3
10	184	2665.424065976453	3
10	190	2739.638784214418	3
10	197	2800.078553301623	3
10	210	3012.087615808492	3
10	211	3027.401377593858	3
10	213	3079.746725912294	3
10	235	3484.754822948191	3
10	236	3550.258525376061	3
10	244	3679.380357270774	3
10	249	3778.614203771308	3
10	266	4038.132836190737	3
10	277	4182.209797737874	3
10	278	4191.629984885333	3
10	284	4274.798714717622	3
10	291	4369.561277532113	3
10	295	4398.033407215345	3
10	306	4546.306732389747	3
10	314	4596.208603657795	3
10	327	4799.749557086781	3
10	333	4915.389700073259	3
10	364	5449.901939857373	3
10	376	5728.007711382504	3
10	377	5735.388489302713	3
10	388	5895.433645613721	3
10	389	5901.585845126562	3
10	393	5958.48637608356	3
10	394	5987.97358489881	3
10	424	6437.19166763403	3
10	438	6658.321149124805	3
10	439	6663.437508581651	3
10	443	6757.4520089904	3
10	447	6813.69365319126	3
10	459	6977.61372626983	3
10	470	7123.445496047233	3
10	471	7155.525902977353	3
10	480	7284.796744694046	3
10	482	7311.603393359546	3
10	488	7390.835485286288	3
10	492	7432.163463686241	3
10	507	7631.19948635903	3
10	513	7685.27461444667	3
10	520	7769.084938777329	3
10	524	7827.028179169044	3
10	541	8064.429864433451	3
10	555	8278.352458750084	3
10	563	8384.698269099075	3
10	579	8637.053360163402	3
10	584	8708.744686940898	3
10	586	8723.39775104453	3
10	591	8753.445215517988	3
10	597	8830.39568849932	3
10	598	8837.328573110483	3
10	603	8904.884651323664	3
10	613	8983.729895857098	3
10	616	9027.19188018054	3
10	620	9046.186757541528	3
10	633	9171.110774515981	3
10	646	9302.18115491016	3
10	649	9350.444434871467	3
10	655	9391.769579094521	3
10	660	9437.109326363944	3
10	662	9451.385137785923	3
10	665	9472.192692364546	3
10	667	9494.291576448718	3
10	669	9497.298358686411	3
10	688	9685.310251968018	3
10	690	9697.97826277078	3
10	696	9744.470926869944	3
10	708	9865.571983592091	3
10	713	9916.292355293314	3
10	722	10001.94516952649	3
10	729	10097.30679601298	3
10	750	10338.703854826275	3
10	751	10351.094716425854	3
10	760	10482.85742203459	3
10	762	10495.734579541845	3
10	764	10514.812988172752	3
10	775	10701.290998278643	3
10	788	10997.844549156174	3
10	795	11142.426221358473	3
10	799	11230.660079784703	3
10	808	11432.228798501309	3
10	820	11575.385116569208	3
10	830	11728.785447991172	3
10	833	11754.253703274665	3
10	834	11775.321951625579	3
10	852	11998.635778504537	3
10	855	12040.412465726149	3
10	857	12060.470971625631	3
10	874	12290.923094247551	3
10	887	12427.980498675131	3
10	891	12450.926258183654	3
10	894	12456.618478336214	3
10	913	12657.90721182062	3
10	917	12735.904869841273	3
10	919	12738.775167340522	3
10	935	12969.433448091491	3
10	936	12986.915185764251	3
10	938	13043.166575192344	3
10	939	13049.865191676845	3
10	958	13327.692334964918	3
10	959	13329.547499257658	3
10	967	13424.763933227923	3
10	974	13486.386321615113	3
10	982	13551.377447964118	3
10	1008	13795.681402789259	3
10	1009	13797.004033052929	3
10	1016	13880.211027345752	3
10	1020	13964.622047969308	3
10	1024	13989.600215307078	3
10	1035	14099.886758461876	3
10	1050	14227.09284969183	3
10	1060	14314.518083720896	3
10	1064	14335.140142879295	3
10	1065	14337.177915943765	3
10	1066	14342.15171631113	3
10	1071	14434.931515306878	3
10	1085	14602.402610409694	3
10	1091	14697.994410590498	3
10	1094	14742.288779191129	3
10	1096	14796.862121039943	3
10	1105	15008.64794712534	3
10	1118	15320.799717641401	3
10	1121	15369.281441521786	3
10	1127	15448.72526172767	3
10	1133	15536.8645979249	3
10	1147	15685.835903411293	3
10	1150	15744.403373411196	3
10	1155	15837.69399632589	3
10	1157	15927.385536540479	3
10	1166	16266.704422840309	3
10	1172	16366.73090511983	3
10	1175	16396.584620514329	3
10	1202	16747.561434546291	3
10	1204	16757.243149412308	3
10	1205	16775.740068621332	3
10	1219	16955.598524986879	3
10	1225	17034.932493167492	3
10	1237	17198.487577441369	3
10	1250	17396.996844580131	3
10	1255	17425.221592858419	3
10	1269	17557.210744919699	3
10	1281	17744.696698202098	3
10	1288	18028.157882821843	3
10	1293	18135.042630215005	3
10	1307	18402.207973204503	3
10	1319	18641.193004823095	3
10	1332	19033.079305201084	3
10	1334	19082.722411746053	3
10	1338	19165.657325126703	3
10	1347	19324.788721481222	3
10	1357	19430.494433805209	3
10	1358	19438.45309355293	3
10	1370	19563.874770164544	3
10	1374	19590.495268021065	3
10	1376	19626.69361306272	3
10	1393	19771.404919422274	3
10	1394	19790.200096277065	3
10	1395	19791.443423974917	3
10	1401	19859.700675029412	3
10	1409	19911.964419153251	3
10	1415	19968.905070091276	3
10	1418	19988.206020315296	3
11	97	1021.231934627456	14600
11	106	1147.465034753699	14603
11	117	1266.979688146139	14604
11	119	1302.572324757686	14605
11	120	1321.132182726712	14601
11	128	1382.021261664191	14609
11	134	1460.065703783362	14610
11	151	1969.32746458329	14614
11	158	2157.611059212498	14615
11	168	2370.852623527295	14616
11	182	2652.741725404237	14617
11	184	2665.424065976453	14619
11	190	2739.638784214418	14623
11	197	2800.078553301623	14625
11	210	3012.087615808492	14626
11	211	3027.401377593858	14627
11	213	3079.746725912294	14628
11	235	3484.754822948191	14631
11	236	3550.258525376061	14633
11	244	3679.380357270774	14634
11	249	3778.614203771308	14636
11	266	4038.132836190737	14639
11	277	4182.209797737874	14643
11	278	4191.629984885333	14640
11	284	4274.798714717622	14645
11	291	4369.561277532113	14642
11	295	4398.033407215345	14641
11	306	4546.306732389747	14644
11	314	4596.208603657795	14647
11	327	4799.749557086781	14651
11	333	4915.389700073259	14652
11	364	5449.901939857373	14662
11	376	5728.007711382504	14664
11	377	5735.388489302713	14663
11	388	5895.433645613721	14667
11	389	5901.585845126562	14668
11	393	5958.48637608356	14666
11	394	5987.97358489881	14665
11	424	6437.19166763403	14673
11	438	6658.321149124805	14676
11	439	6663.437508581651	14674
11	443	6757.4520089904	14678
11	447	6813.69365319126	14679
11	459	6977.61372626983	14680
11	470	7123.445496047233	14682
11	471	7155.525902977353	14681
11	480	7284.796744694046	14684
11	482	7311.603393359546	14685
11	488	7390.835485286288	14687
11	492	7432.163463686241	14683
11	507	7631.19948635903	14688
11	513	7685.27461444667	14691
11	520	7769.084938777329	14695
11	524	7827.028179169044	14693
11	541	8064.429864433451	14697
11	555	8278.352458750084	14702
11	563	8384.698269099075	14704
11	579	8637.053360163402	14703
11	584	8708.744686940898	14708
11	586	8723.39775104453	14709
11	591	8753.445215517988	14706
11	597	8830.39568849932	14710
11	598	8837.328573110483	14707
11	603	8904.884651323664	14714
11	613	8983.729895857098	14713
11	616	9027.19188018054	14712
11	620	9046.186757541528	14711
11	633	9171.110774515981	14715
11	646	9302.18115491016	14719
11	649	9350.444434871467	14716
11	655	9391.769579094521	14718
11	660	9437.109326363944	14721
11	662	9451.385137785923	14725
11	665	9472.192692364546	14717
11	667	9494.291576448718	14727
11	669	9497.298358686411	14723
11	688	9685.310251968018	14722
11	690	9697.97826277078	14730
11	696	9744.470926869944	14728
11	708	9865.571983592091	14729
11	713	9916.292355293314	14733
11	722	10001.94516952649	14732
11	729	10097.30679601298	14734
11	750	10338.703854826275	14739
11	751	10351.094716425854	14741
11	760	10482.85742203459	14742
11	762	10495.734579541845	14743
11	764	10514.812988172752	14740
11	775	10701.290998278643	14745
11	788	10997.844549156174	14747
11	795	11142.426221358473	14749
11	799	11230.660079784703	14752
11	808	11432.228798501309	14751
11	820	11575.385116569208	14757
11	830	11728.785447991172	14758
11	833	11754.253703274665	14754
11	834	11775.321951625579	14756
11	852	11998.635778504537	14760
11	855	12040.412465726149	14763
11	857	12060.470971625631	14762
11	874	12290.923094247551	14765
11	887	12427.980498675131	14770
11	891	12450.926258183654	14767
11	894	12456.618478336214	14771
11	913	12657.90721182062	14776
11	917	12735.904869841273	14773
11	919	12738.775167340522	14774
11	935	12969.433448091491	14777
11	936	12986.915185764251	14778
11	938	13043.166575192344	14779
11	939	13049.865191676845	14780
11	958	13327.692334964918	14782
11	959	13329.547499257658	14784
11	967	13424.763933227923	14787
11	974	13486.386321615113	14786
11	982	13551.377447964118	14785
11	1008	13795.681402789259	14795
11	1009	13797.004033052929	14789
11	1016	13880.211027345752	14796
11	1020	13964.622047969308	14797
11	1024	13989.600215307078	14794
11	1035	14099.886758461876	14800
11	1050	14227.09284969183	14802
11	1060	14314.518083720896	14801
11	1064	14335.140142879295	14805
11	1065	14337.177915943765	14807
11	1066	14342.15171631113	14806
11	1071	14434.931515306878	14803
11	1085	14602.402610409694	14808
11	1091	14697.994410590498	14811
11	1094	14742.288779191129	14809
11	1096	14796.862121039943	14810
11	1105	15008.64794712534	14814
11	1118	15320.799717641401	14815
11	1121	15369.281441521786	14817
11	1127	15448.72526172767	14818
11	1133	15536.8645979249	14816
11	1147	15685.835903411293	14824
11	1150	15744.403373411196	14821
11	1155	15837.69399632589	14820
11	1157	15927.385536540479	14825
11	1166	16266.704422840309	14826
11	1172	16366.73090511983	14827
11	1175	16396.584620514329	14829
11	1202	16747.561434546291	14830
11	1204	16757.243149412308	14833
11	1205	16775.740068621332	14834
11	1219	16955.598524986879	14838
11	1225	17034.932493167492	14837
11	1237	17198.487577441369	14842
11	1250	17396.996844580131	14841
11	1255	17425.221592858419	14847
11	1269	17557.210744919699	14843
11	1281	17744.696698202098	14851
11	1288	18028.157882821843	14853
11	1293	18135.042630215005	14852
11	1307	18402.207973204503	14856
11	1319	18641.193004823095	14860
11	1332	19033.079305201084	14863
11	1334	19082.722411746053	14862
11	1338	19165.657325126703	14864
11	1347	19324.788721481222	14866
11	1357	19430.494433805209	14865
11	1358	19438.45309355293	14867
11	1370	19563.874770164544	14870
11	1374	19590.495268021065	14868
11	1376	19626.69361306272	14873
11	1393	19771.404919422274	14874
11	1394	19790.200096277065	14875
11	1395	19791.443423974917	14871
11	1401	19859.700675029412	14877
11	1409	19911.964419153251	14880
11	1415	19968.905070091276	14878
11	1418	19988.206020315296	14881
12	141	1588.021261664191	306
12	222	3233.401377593858	306
12	238	3569.78162052026	203
12	294	4397.629984885333	409
12	347	5121.389700073259	512
12	391	5941.388489302713	409
12	408	6164.48637608356	409
12	410	6193.97358489881	512
12	435	6643.19166763403	306
12	458	6963.4520089904	409
12	525	7837.19948635903	512
12	529	7891.27461444667	409
12	535	7975.084938777329	306
12	545	8098.914242397694	203
12	611	8959.445215517988	512
12	626	9110.884651323664	306
12	747	10303.30679601298	512
12	777	10720.812988172752	512
12	895	12496.923094247551	409
12	933	12944.775167340522	512
12	946	13192.915185764251	512
12	1058	14305.886758461876	306
12	1059	14307.142623143456	203
12	1095	14770.591949201663	203
12	1112	15214.64794712534	409
12	1367	19530.788721481222	306
13	141	1588.021261664191	6
13	222	3233.401377593858	6
13	238	3569.78162052026	3
13	294	4397.629984885333	9
13	347	5121.389700073259	12
13	391	5941.388489302713	9
13	408	6164.48637608356	9
13	410	6193.97358489881	12
13	435	6643.19166763403	6
13	458	6963.4520089904	9
13	525	7837.19948635903	12
13	529	7891.27461444667	9
13	535	7975.084938777329	6
13	545	8098.914242397694	3
13	611	8959.445215517988	12
13	626	9110.884651323664	6
13	747	10303.30679601298	12
13	777	10720.812988172752	12
13	895	12496.923094247551	9
13	933	12944.775167340522	12
13	946	13192.915185764251	12
13	1058	14305.886758461876	6
13	1059	14307.142623143456	3
13	1095	14770.591949201663	3
13	1112	15214.64794712534	9
13	1367	19530.788721481222	6
14	141	1588.021261664191	2
14	222	3233.401377593858	2
14	238	3569.78162052026	1
14	294	4397.629984885333	3
14	347	5121.389700073259	4
14	391	5941.388489302713	3
14	408	6164.48637608356	3
14	410	6193.97358489881	4
14	435	6643.19166763403	2
14	458	6963.4520089904	3
14	525	7837.19948635903	4
14	529	7891.27461444667	3
14	535	7975.084938777329	2
14	545	8098.914242397694	1
14	611	8959.445215517988	4
14	626	9110.884651323664	2
14	747	10303.30679601298	4
14	777	10720.812988172752	4
14	895	12496.923094247551	3
14	933	12944.775167340522	4
14	946	13192.915185764251	4
14	1058	14305.886758461876	2
14	1059	14307.142623143456	1
14	1095	14770.591949201663	1
14	1112	15214.64794712534	3
14	1367	19530.788721481222	2
15	135	1462.703226999172	306
15	142	1611.572324757686	512
15	172	2466.611059212498	512
15	203	2889.209492506091	306
15	230	3388.746725912294	409
15	255	3872.522861748821	306
15	262	3988.380357270774	512
15	269	4087.614203771308	409
15	312	4583.798714717622	409
15	323	4758.579340720836	306
15	346	5097.472935875839	203
15	379	5758.901939857373	409
15	411	6204.433645613721	409
15	427	6511.748982582545	306
15	441	6734.491197659794	306
15	505	7593.796744694046	512
15	617	9032.39775104453	409
15	644	9292.729895857098	512
15	734	10162.969036656217	203
15	740	10225.292355293314	512
15	824	11642.255726733169	306
15	851	11987.234652722359	306
15	854	12038.637032622444	306
15	961	13352.166575192344	512
15	962	13358.865191676845	512
15	989	13636.692334964918	512
15	1145	15664.169238928402	203
15	1146	15678.281441521786	512
15	1165	16236.385536540479	409
15	1180	16487.994730491758	203
15	1217	16904.191546544417	306
15	1228	17084.740068621332	512
15	1299	18248.031012732466	306
15	1317	18569.209750756042	306
15	1318	18629.792311789655	203
15	1327	18950.193004823095	512
15	1398	19821.521204113762	306
15	1403	19872.874770164544	512
16	135	1462.703226999172	6
16	142	1611.572324757686	12
16	172	2466.611059212498	12
16	203	2889.209492506091	6
16	230	3388.746725912294	9
16	255	3872.522861748821	6
16	262	3988.380357270774	12
16	269	4087.614203771308	9
16	312	4583.798714717622	9
16	323	4758.579340720836	6
16	346	5097.472935875839	3
16	379	5758.901939857373	9
16	411	6204.433645613721	9
16	427	6511.748982582545	6
16	441	6734.491197659794	6
16	505	7593.796744694046	12
16	617	9032.39775104453	9
16	644	9292.729895857098	12
16	734	10162.969036656217	3
16	740	10225.292355293314	12
16	824	11642.255726733169	6
16	851	11987.234652722359	6
16	854	12038.637032622444	6
16	961	13352.166575192344	12
16	962	13358.865191676845	12
16	989	13636.692334964918	12
16	1145	15664.169238928402	3
16	1146	15678.281441521786	12
16	1165	16236.385536540479	9
16	1180	16487.994730491758	3
16	1217	16904.191546544417	6
16	1228	17084.740068621332	12
16	1299	18248.031012732466	6
16	1317	18569.209750756042	6
16	1318	18629.792311789655	3
16	1327	18950.193004823095	12
16	1398	19821.521204113762	6
16	1403	19872.874770164544	12
17	135	1462.703226999172	2
17	142	1611.572324757686	4
17	172	2466.611059212498	4
17	203	2889.209492506091	2
17	230	3388.746725912294	3
17	255	3872.522861748821	2
17	262	3988.380357270774	4
17	269	4087.614203771308	3
17	312	4583.798714717622	3
17	323	4758.579340720836	2
17	346	5097.472935875839	1
17	379	5758.901939857373	3
17	411	6204.433645613721	3
17	427	6511.748982582545	2
17	441	6734.491197659794	2
17	505	7593.796744694046	4
17	617	9032.39775104453	3
17	644	9292.729895857098	4
17	734	10162.969036656217	1
17	740	10225.292355293314	4
17	824	11642.255726733169	2
17	851	11987.234652722359	2
17	854	12038.637032622444	2
17	961	13352.166575192344	4
17	962	13358.865191676845	4
17	989	13636.692334964918	4
17	1145	15664.169238928402	1
17	1146	15678.281441521786	4
17	1165	16236.385536540479	3
17	1180	16487.994730491758	1
17	1217	16904.191546544417	2
17	1228	17084.740068621332	4
17	1299	18248.031012732466	2
17	1317	18569.209750756042	2
17	1318	18629.792311789655	1
17	1327	18950.193004823095	4
17	1398	19821.521204113762	2
17	1403	19872.874770164544	4
18	133	1456.465034753699	409
18	140	1575.979688146139	512
18	192	2761.634131057581	306
18	233	3467.014918698145	306
18	254	3859.258525376061	409
18	343	5076.64688908362	306
18	350	5189.198881461349	203
18	357	5299.168694770068	306
18	413	6210.585845126562	409
18	546	8136.028179169044	512
18	557	8300.071974614063	306
18	559	8346.337897094489	306
18	561	8373.439864232259	306
18	615	9017.744686940898	409
18	628	9139.39568849932	512
18	687	9670.312013052036	306
18	702	9803.291576448718	409
18	715	9939.093140643026	306
18	780	10791.85742203459	512
18	802	11306.844549156174	512
18	845	11884.385116569208	409
18	853	12037.785447991172	409
18	882	12365.592428818269	306
18	918	12736.980498675131	512
18	990	13638.547499257658	409
18	1007	13795.386321615113	512
18	1032	14081.856916858905	203
18	1055	14273.622047969308	409
18	1088	14646.177915943765	409
18	1151	15757.72526172767	512
18	1185	16560.31270552797	203
18	1199	16705.584620514329	409
18	1227	17066.243149412308	512
18	1262	17507.487577441369	409
18	1303	18337.157882821843	409
18	1320	18669.948574559726	306
18	1361	19474.657325126703	512
19	133	1456.465034753699	9
19	140	1575.979688146139	12
19	192	2761.634131057581	6
19	233	3467.014918698145	6
19	254	3859.258525376061	9
19	343	5076.64688908362	6
19	350	5189.198881461349	3
19	357	5299.168694770068	6
19	413	6210.585845126562	9
19	546	8136.028179169044	12
19	557	8300.071974614063	6
19	559	8346.337897094489	6
19	561	8373.439864232259	6
19	615	9017.744686940898	9
19	628	9139.39568849932	12
19	687	9670.312013052036	6
19	702	9803.291576448718	9
19	715	9939.093140643026	6
19	780	10791.85742203459	12
19	802	11306.844549156174	12
19	845	11884.385116569208	9
19	853	12037.785447991172	9
19	882	12365.592428818269	6
19	918	12736.980498675131	12
19	990	13638.547499257658	9
19	1007	13795.386321615113	12
19	1032	14081.856916858905	3
19	1055	14273.622047969308	9
19	1088	14646.177915943765	9
19	1151	15757.72526172767	12
19	1185	16560.31270552797	3
19	1199	16705.584620514329	9
19	1227	17066.243149412308	12
19	1262	17507.487577441369	9
19	1303	18337.157882821843	9
19	1320	18669.948574559726	6
19	1361	19474.657325126703	12
20	133	1456.465034753699	3
20	140	1575.979688146139	4
20	192	2761.634131057581	2
20	233	3467.014918698145	2
20	254	3859.258525376061	3
20	343	5076.64688908362	2
20	350	5189.198881461349	1
20	357	5299.168694770068	2
20	413	6210.585845126562	3
20	546	8136.028179169044	4
20	557	8300.071974614063	2
20	559	8346.337897094489	2
20	561	8373.439864232259	2
20	615	9017.744686940898	3
20	628	9139.39568849932	4
20	687	9670.312013052036	2
20	702	9803.291576448718	3
20	715	9939.093140643026	2
20	780	10791.85742203459	4
20	802	11306.844549156174	4
20	845	11884.385116569208	3
20	853	12037.785447991172	3
20	882	12365.592428818269	2
20	918	12736.980498675131	4
20	990	13638.547499257658	3
20	1007	13795.386321615113	4
20	1032	14081.856916858905	1
20	1055	14273.622047969308	3
20	1088	14646.177915943765	3
20	1151	15757.72526172767	4
20	1185	16560.31270552797	1
20	1199	16705.584620514329	3
20	1227	17066.243149412308	4
20	1262	17507.487577441369	3
20	1303	18337.157882821843	3
20	1320	18669.948574559726	2
20	1361	19474.657325126703	4
21	131	1432.925974497434	203
21	132	1445.225376745639	306
21	157	2148.331152786315	306
21	164	2269.047920088134	409
21	165	2272.030272559945	409
21	198	2832.112394826585	306
21	201	2877.009850146473	306
21	217	3151.638784214418	512
21	226	3302.041830889441	306
21	308	4555.688547146357	306
21	354	5243.545066772521	306
21	355	5266.406260039234	306
21	375	5691.675559920256	409
21	406	6140.007711382504	512
21	415	6259.477153236918	409
21	421	6373.638601088234	306
21	476	7225.69365319126	512
21	490	7422.015556696445	306
21	521	7779.040682660317	203
21	538	7999.815081554713	306
21	583	8690.352458750084	512
21	694	9714.246740798259	409
21	778	10741.013871277332	409
21	779	10763.094716425854	512
21	789	10999.65576334528	203
21	840	11843.226722390665	409
21	892	12452.412465726149	512
21	907	12612.448642340425	409
21	908	12615.65573180172	203
21	1000	13731.517834683834	306
21	1011	13836.763933227923	512
21	1012	13846.64711283486	409
21	1044	14184.097111819063	203
21	1048	14207.681402789259	512
21	1056	14292.211027345752	512
21	1107	15023.965168707472	409
21	1140	15620.975637265581	306
21	1201	16738.060301530983	306
21	1272	17606.450169951849	306
21	1283	17847.408026122088	409
21	1340	19202.788715738738	409
22	131	1432.925974497434	3
22	132	1445.225376745639	6
22	157	2148.331152786315	6
22	164	2269.047920088134	9
22	165	2272.030272559945	9
22	198	2832.112394826585	6
22	201	2877.009850146473	6
22	217	3151.638784214418	12
22	226	3302.041830889441	6
22	308	4555.688547146357	6
22	354	5243.545066772521	6
22	355	5266.406260039234	6
22	375	5691.675559920256	9
22	406	6140.007711382504	12
22	415	6259.477153236918	9
22	421	6373.638601088234	6
22	476	7225.69365319126	12
22	490	7422.015556696445	6
22	521	7779.040682660317	3
22	538	7999.815081554713	6
22	583	8690.352458750084	12
22	694	9714.246740798259	9
22	778	10741.013871277332	9
22	779	10763.094716425854	12
22	789	10999.65576334528	3
22	840	11843.226722390665	9
22	892	12452.412465726149	12
22	907	12612.448642340425	9
22	908	12615.65573180172	3
22	1000	13731.517834683834	6
22	1011	13836.763933227923	12
22	1012	13846.64711283486	9
22	1044	14184.097111819063	3
22	1048	14207.681402789259	12
22	1056	14292.211027345752	12
22	1107	15023.965168707472	9
22	1140	15620.975637265581	6
22	1201	16738.060301530983	6
22	1272	17606.450169951849	6
22	1283	17847.408026122088	9
22	1340	19202.788715738738	9
23	131	1432.925974497434	1
23	132	1445.225376745639	2
23	157	2148.331152786315	2
23	164	2269.047920088134	3
23	165	2272.030272559945	3
23	198	2832.112394826585	2
23	201	2877.009850146473	2
23	217	3151.638784214418	4
23	226	3302.041830889441	2
23	308	4555.688547146357	2
23	354	5243.545066772521	2
23	355	5266.406260039234	2
23	375	5691.675559920256	3
23	406	6140.007711382504	4
23	415	6259.477153236918	3
23	421	6373.638601088234	2
23	476	7225.69365319126	4
23	490	7422.015556696445	2
23	521	7779.040682660317	1
23	538	7999.815081554713	2
23	583	8690.352458750084	4
23	694	9714.246740798259	3
23	778	10741.013871277332	3
23	779	10763.094716425854	4
23	789	10999.65576334528	1
23	840	11843.226722390665	3
23	892	12452.412465726149	4
23	907	12612.448642340425	3
23	908	12615.65573180172	1
23	1000	13731.517834683834	2
23	1011	13836.763933227923	4
23	1012	13846.64711283486	3
23	1044	14184.097111819063	1
23	1048	14207.681402789259	4
23	1056	14292.211027345752	4
23	1107	15023.965168707472	3
23	1140	15620.975637265581	2
23	1201	16738.060301530983	2
23	1272	17606.450169951849	2
23	1283	17847.408026122088	3
23	1340	19202.788715738738	3
24	126	1362.52305043605	409
24	202	2886.392708030922	203
24	272	4104.123317902757	306
24	325	4766.856760817353	306
24	329	4867.350467803026	409
24	363	5424.804848348346	203
24	370	5623.881561519711	409
24	418	6324.785113864145	306
24	457	6953.014880306465	409
24	512	7676.842088667074	203
24	517	7747.520875901214	306
24	543	8070.302237511619	409
24	582	8663.369666373947	306
24	736	10200.301544938362	306
24	742	10239.938058043724	409
24	744	10271.541565247257	409
24	784	10817.652259544378	409
24	807	11360.935207772639	306
24	906	12600.714516078218	409
24	920	12754.015925369732	306
24	955	13301.316839685689	409
24	976	13508.697513868715	306
24	1004	13774.510113952975	409
24	1153	15812.788512915777	306
24	1222	16986.500719765636	409
24	1232	17109.077555017914	306
24	1245	17305.836143290963	409
24	1263	17508.456684542554	306
24	1273	17631.139847355378	306
24	1278	17662.448485208263	306
24	1312	18483.917611744304	409
24	1359	19445.079305201084	512
24	1377	19631.699431385595	306
25	126	1362.52305043605	9
25	202	2886.392708030922	3
25	272	4104.123317902757	6
25	325	4766.856760817353	6
25	329	4867.350467803026	9
25	363	5424.804848348346	3
25	370	5623.881561519711	9
25	418	6324.785113864145	6
25	457	6953.014880306465	9
25	512	7676.842088667074	3
25	517	7747.520875901214	6
25	543	8070.302237511619	9
25	582	8663.369666373947	6
25	736	10200.301544938362	6
25	742	10239.938058043724	9
25	744	10271.541565247257	9
25	784	10817.652259544378	9
25	807	11360.935207772639	6
25	906	12600.714516078218	9
25	920	12754.015925369732	6
25	955	13301.316839685689	9
25	976	13508.697513868715	6
25	1004	13774.510113952975	9
25	1153	15812.788512915777	6
25	1222	16986.500719765636	9
25	1232	17109.077555017914	6
25	1245	17305.836143290963	9
25	1263	17508.456684542554	6
25	1273	17631.139847355378	6
25	1278	17662.448485208263	6
25	1312	18483.917611744304	9
25	1359	19445.079305201084	12
25	1377	19631.699431385595	6
26	126	1362.52305043605	3
26	202	2886.392708030922	1
26	272	4104.123317902757	2
26	325	4766.856760817353	2
26	329	4867.350467803026	3
26	363	5424.804848348346	1
26	370	5623.881561519711	3
26	418	6324.785113864145	2
26	457	6953.014880306465	3
26	512	7676.842088667074	1
26	517	7747.520875901214	2
26	543	8070.302237511619	3
26	582	8663.369666373947	2
26	736	10200.301544938362	2
26	742	10239.938058043724	3
26	744	10271.541565247257	3
26	784	10817.652259544378	3
26	807	11360.935207772639	2
26	906	12600.714516078218	3
26	920	12754.015925369732	2
26	955	13301.316839685689	3
26	976	13508.697513868715	2
26	1004	13774.510113952975	3
26	1153	15812.788512915777	2
26	1222	16986.500719765636	3
26	1232	17109.077555017914	2
26	1245	17305.836143290963	3
26	1263	17508.456684542554	2
26	1273	17631.139847355378	2
26	1278	17662.448485208263	2
26	1312	18483.917611744304	3
26	1359	19445.079305201084	4
26	1377	19631.699431385595	2
27	104	1124.231934627456	306
27	173	2473.852623527295	306
27	285	4285.209797737874	203
27	305	4501.033407215345	512
27	332	4902.749557086781	409
27	464	7080.61372626983	306
27	479	7258.525902977353	409
27	497	7493.835485286288	306
27	500	7535.163463686241	512
27	548	8167.429864433451	409
27	590	8740.053360163402	512
27	627	9130.19188018054	409
27	630	9149.186757541528	512
27	674	9554.385137785923	203
27	677	9575.192692364546	512
27	698	9788.310251968018	512
27	758	10441.703854826275	409
27	769	10598.734579541845	306
27	800	11245.426221358473	306
27	841	11857.253703274665	512
27	843	11878.321951625579	409
27	859	12101.635778504537	409
27	903	12553.926258183654	409
27	921	12760.90721182062	306
27	940	13072.433448091491	409
27	1019	13900.004033052929	512
27	1034	14092.600215307078	409
27	1072	14438.140142879295	306
27	1074	14445.15171631113	306
27	1080	14537.931515306878	512
27	1092	14705.402610409694	409
27	1097	14800.994410590498	306
27	1101	14899.862121039943	512
27	1123	15423.799717641401	512
27	1142	15639.8645979249	512
27	1158	15940.69399632589	512
27	1173	16369.704422840309	409
27	1265	17528.221592858419	203
27	1313	18505.207973204503	306
27	1369	19541.45309355293	306
28	104	1124.231934627456	6
28	173	2473.852623527295	6
28	285	4285.209797737874	3
28	305	4501.033407215345	12
28	332	4902.749557086781	9
28	464	7080.61372626983	6
28	479	7258.525902977353	9
28	497	7493.835485286288	6
28	500	7535.163463686241	12
28	548	8167.429864433451	9
28	590	8740.053360163402	12
28	627	9130.19188018054	9
28	630	9149.186757541528	12
28	674	9554.385137785923	3
28	677	9575.192692364546	12
28	698	9788.310251968018	12
28	758	10441.703854826275	9
28	769	10598.734579541845	6
28	800	11245.426221358473	6
28	841	11857.253703274665	12
28	843	11878.321951625579	9
28	859	12101.635778504537	9
28	903	12553.926258183654	9
28	921	12760.90721182062	6
28	940	13072.433448091491	9
28	1019	13900.004033052929	12
28	1034	14092.600215307078	9
28	1072	14438.140142879295	6
28	1074	14445.15171631113	6
28	1080	14537.931515306878	12
28	1092	14705.402610409694	9
28	1097	14800.994410590498	6
28	1101	14899.862121039943	12
28	1123	15423.799717641401	12
28	1142	15639.8645979249	12
28	1158	15940.69399632589	12
28	1173	16369.704422840309	9
28	1265	17528.221592858419	3
28	1313	18505.207973204503	6
28	1369	19541.45309355293	6
29	104	1124.231934627456	2
29	173	2473.852623527295	2
29	285	4285.209797737874	1
29	305	4501.033407215345	4
29	332	4902.749557086781	3
29	464	7080.61372626983	2
29	479	7258.525902977353	3
29	497	7493.835485286288	2
29	500	7535.163463686241	4
29	548	8167.429864433451	3
29	590	8740.053360163402	4
29	627	9130.19188018054	3
29	630	9149.186757541528	4
29	674	9554.385137785923	1
29	677	9575.192692364546	4
29	698	9788.310251968018	4
29	758	10441.703854826275	3
29	769	10598.734579541845	2
29	800	11245.426221358473	2
29	841	11857.253703274665	4
29	843	11878.321951625579	3
29	859	12101.635778504537	3
29	903	12553.926258183654	3
29	921	12760.90721182062	2
29	940	13072.433448091491	3
29	1019	13900.004033052929	4
29	1034	14092.600215307078	3
29	1072	14438.140142879295	2
29	1074	14445.15171631113	2
29	1080	14537.931515306878	4
29	1092	14705.402610409694	3
29	1097	14800.994410590498	2
29	1101	14899.862121039943	4
29	1123	15423.799717641401	4
29	1142	15639.8645979249	4
29	1158	15940.69399632589	4
29	1173	16369.704422840309	3
29	1265	17528.221592858419	1
29	1313	18505.207973204503	2
29	1369	19541.45309355293	2
30	130	1424.132182726712	512
30	139	1563.065703783362	203
30	156	2072.32746458329	203
30	191	2755.741725404237	409
30	204	2903.078553301623	203
30	316	4649.306732389747	512
30	321	4699.208603657795	409
30	608	8940.328573110483	409
30	641	9274.110774515981	409
30	663	9453.444434871467	512
30	673	9540.109326363944	306
30	719	9968.571983592091	409
30	783	10804.290998278643	409
30	864	12163.470971625631	306
30	993	13654.377447964118	409
30	1061	14330.09284969183	306
30	1100	14845.288779191129	512
30	1152	15788.835903411293	203
30	1210	16850.561434546291	512
30	1233	17137.932493167492	512
30	1277	17660.210744919699	512
30	1284	17847.696698202098	306
30	1298	18238.042630215005	512
30	1339	19185.722411746053	306
30	1368	19533.494433805209	512
30	1387	19729.69361306272	203
30	1406	19893.200096277065	306
31	130	1424.132182726712	12
31	139	1563.065703783362	3
31	156	2072.32746458329	3
31	191	2755.741725404237	9
31	204	2903.078553301623	3
31	316	4649.306732389747	12
31	321	4699.208603657795	9
31	608	8940.328573110483	9
31	641	9274.110774515981	9
31	663	9453.444434871467	12
31	673	9540.109326363944	6
31	719	9968.571983592091	9
31	783	10804.290998278643	9
31	864	12163.470971625631	6
31	993	13654.377447964118	9
31	1061	14330.09284969183	6
31	1100	14845.288779191129	12
31	1152	15788.835903411293	3
31	1210	16850.561434546291	12
31	1233	17137.932493167492	12
31	1277	17660.210744919699	12
31	1284	17847.696698202098	6
31	1298	18238.042630215005	12
31	1339	19185.722411746053	6
31	1368	19533.494433805209	12
31	1387	19729.69361306272	3
31	1406	19893.200096277065	6
32	130	1424.132182726712	4
32	139	1563.065703783362	1
32	156	2072.32746458329	1
32	191	2755.741725404237	3
32	204	2903.078553301623	1
32	316	4649.306732389747	4
32	321	4699.208603657795	3
32	608	8940.328573110483	3
32	641	9274.110774515981	3
32	663	9453.444434871467	4
32	673	9540.109326363944	2
32	719	9968.571983592091	3
32	783	10804.290998278643	3
32	864	12163.470971625631	2
32	993	13654.377447964118	3
32	1061	14330.09284969183	2
32	1100	14845.288779191129	4
32	1152	15788.835903411293	1
32	1210	16850.561434546291	4
32	1233	17137.932493167492	4
32	1277	17660.210744919699	4
32	1284	17847.696698202098	2
32	1298	18238.042630215005	4
32	1339	19185.722411746053	2
32	1368	19533.494433805209	4
32	1387	19729.69361306272	1
32	1406	19893.200096277065	2
33	101	1068.207720359789	306
33	200	2871.424065976453	409
33	221	3218.087615808492	306
33	245	3690.754822948191	409
33	258	3896.141649730048	203
33	281	4244.132836190737	409
33	311	4575.561277532113	512
33	451	6864.321149124805	409
33	452	6869.437508581651	512
33	486	7329.445496047233	409
33	498	7517.603393359546	409
33	574	8590.698269099075	306
33	652	9364.939456538665	203
33	670	9508.18115491016	409
33	680	9597.769579094521	512
33	692	9703.298358686411	409
33	712	9903.97826277078	306
33	716	9950.470926869944	512
33	738	10207.94516952649	512
33	811	11436.660079784703	306
33	823	11638.228798501309	512
33	877	12320.090609095037	203
33	914	12662.618478336214	409
33	932	12941.904869841273	512
33	1010	13816.558512147284	203
33	1013	13851.040238180111	203
33	1078	14520.518083720896	512
33	1159	15950.403373411196	512
33	1186	16572.73090511983	306
33	1235	17161.598524986879	512
33	1271	17602.996844580131	512
33	1276	17643.585629771038	203
33	1396	19796.495268021065	512
33	1419	19997.443423974917	512
34	101	1068.207720359789	6
34	200	2871.424065976453	9
34	221	3218.087615808492	6
34	245	3690.754822948191	9
34	258	3896.141649730048	3
34	281	4244.132836190737	9
34	311	4575.561277532113	12
34	451	6864.321149124805	9
34	452	6869.437508581651	12
34	486	7329.445496047233	9
34	498	7517.603393359546	9
34	574	8590.698269099075	6
34	652	9364.939456538665	3
34	670	9508.18115491016	9
34	680	9597.769579094521	12
34	692	9703.298358686411	9
34	712	9903.97826277078	6
34	716	9950.470926869944	12
34	738	10207.94516952649	12
34	811	11436.660079784703	6
34	823	11638.228798501309	12
34	877	12320.090609095037	3
34	914	12662.618478336214	9
34	932	12941.904869841273	12
34	1010	13816.558512147284	3
34	1013	13851.040238180111	3
34	1078	14520.518083720896	12
34	1159	15950.403373411196	12
34	1186	16572.73090511983	6
34	1235	17161.598524986879	12
34	1271	17602.996844580131	12
34	1276	17643.585629771038	3
34	1396	19796.495268021065	12
34	1419	19997.443423974917	12
35	101	1068.207720359789	2
35	200	2871.424065976453	3
35	221	3218.087615808492	2
35	245	3690.754822948191	3
35	258	3896.141649730048	1
35	281	4244.132836190737	3
35	311	4575.561277532113	4
35	451	6864.321149124805	3
35	452	6869.437508581651	4
35	486	7329.445496047233	3
35	498	7517.603393359546	3
35	574	8590.698269099075	2
35	652	9364.939456538665	1
35	670	9508.18115491016	3
35	680	9597.769579094521	4
35	692	9703.298358686411	3
35	712	9903.97826277078	2
35	716	9950.470926869944	4
35	738	10207.94516952649	4
35	811	11436.660079784703	2
35	823	11638.228798501309	4
35	877	12320.090609095037	1
35	914	12662.618478336214	3
35	932	12941.904869841273	4
35	1010	13816.558512147284	1
35	1013	13851.040238180111	1
35	1078	14520.518083720896	4
35	1159	15950.403373411196	4
35	1186	16572.73090511983	2
35	1235	17161.598524986879	4
35	1271	17602.996844580131	4
35	1276	17643.585629771038	1
35	1396	19796.495268021065	4
35	1419	19997.443423974917	4

