version 3
run HighLoad_Queue-14-20260125-17:46:58-1406
attr configname HighLoad_Queue
attr datetime 20260125-17:46:58
attr datetimef 20260125-174658
attr experiment HighLoad_Queue
attr inifile simulations/nwsim_project/omnetpp.ini
attr iterationvars ""
attr iterationvarsd ""
attr iterationvarsf ""
attr measurement ""
attr network CrossTraffic
attr processid 1406
attr repetition 14
attr replication #14
attr resultdir results
attr runnumber 14
attr seedset 14
config description "High Load - Queue Mode (100% more traffic)"
config *.Junc*.junctionMode "\"queue\""
config *.EndNW.spawnInterval exponential(400s)
config *.EndNE.spawnInterval exponential(600s)
config *.EndEN.spawnInterval exponential(500s)
config *.EndES.spawnInterval exponential(750s)
config *.EndSE.spawnInterval exponential(450s)
config *.EndSW.spawnInterval exponential(550s)
config *.EndWS.spawnInterval exponential(650s)
config *.EndWN.spawnInterval exponential(700s)
config network CrossTraffic
config sim-time-limit 20000s
config warmup-period 1000s
config repeat 50
config **.scalar-recording true
config **.vector-recording true
config *.Junc*.junctionMode "\"queue\""
config *.EndNW.spawnInterval exponential(800s)
config *.EndNE.spawnInterval exponential(1200s)
config *.EndEN.spawnInterval exponential(1000s)
config *.EndES.spawnInterval exponential(1500s)
config *.EndSE.spawnInterval exponential(900s)
config *.EndSW.spawnInterval exponential(1100s)
config *.EndWS.spawnInterval exponential(1300s)
config *.EndWN.spawnInterval exponential(1400s)

vector 0 CrossTraffic.JuncNW queueLength:vector ETV
attr interpolationmode sample-hold
attr recordingmode vector
attr source queueLength
attr title "Queue Length"
vector 1 CrossTraffic.JuncNW junctionProcessingTime:vector ETV
attr recordingmode vector
attr source junctionProcessingTime
attr title "Junction Processing Time"
vector 2 CrossTraffic.JuncNW vehicleCount:vector ETV
attr recordingmode vector
attr source vehicleCount
attr title "Vehicle Count"
vector 3 CrossTraffic.JuncNE queueLength:vector ETV
attr interpolationmode sample-hold
attr recordingmode vector
attr source queueLength
attr title "Queue Length"
vector 4 CrossTraffic.JuncNE junctionProcessingTime:vector ETV
attr recordingmode vector
attr source junctionProcessingTime
attr title "Junction Processing Time"
vector 5 CrossTraffic.JuncNE vehicleCount:vector ETV
attr recordingmode vector
attr source vehicleCount
attr title "Vehicle Count"
vector 6 CrossTraffic.JuncSE queueLength:vector ETV
attr interpolationmode sample-hold
attr recordingmode vector
attr source queueLength
attr title "Queue Length"
vector 7 CrossTraffic.JuncSE junctionProcessingTime:vector ETV
attr recordingmode vector
attr source junctionProcessingTime
attr title "Junction Processing Time"
vector 8 CrossTraffic.JuncSE vehicleCount:vector ETV
attr recordingmode vector
attr source vehicleCount
attr title "Vehicle Count"
vector 9 CrossTraffic.JuncSW queueLength:vector ETV
attr interpolationmode sample-hold
attr recordingmode vector
attr source queueLength
attr title "Queue Length"
vector 10 CrossTraffic.JuncSW junctionProcessingTime:vector ETV
attr recordingmode vector
attr source junctionProcessingTime
attr title "Junction Processing Time"
vector 11 CrossTraffic.JuncSW vehicleCount:vector ETV
attr recordingmode vector
attr source vehicleCount
attr title "Vehicle Count"
vector 12 CrossTraffic.EndNW travelTime:vector ETV
attr recordingmode vector
attr source travelTime
attr title "Vehicle Travel Time"
vector 13 CrossTraffic.EndNW junctionTime:vector ETV
attr recordingmode vector
attr source junctionTime
attr title "Total Junction Time per Vehicle"
vector 14 CrossTraffic.EndNW junctionCount:vector ETV
attr recordingmode vector
attr source junctionCount
attr title "Junctions Visited per Vehicle"
vector 15 CrossTraffic.EndNE travelTime:vector ETV
attr recordingmode vector
attr source travelTime
attr title "Vehicle Travel Time"
vector 16 CrossTraffic.EndNE junctionTime:vector ETV
attr recordingmode vector
attr source junctionTime
attr title "Total Junction Time per Vehicle"
vector 17 CrossTraffic.EndNE junctionCount:vector ETV
attr recordingmode vector
attr source junctionCount
attr title "Junctions Visited per Vehicle"
vector 18 CrossTraffic.EndEN travelTime:vector ETV
attr recordingmode vector
attr source travelTime
attr title "Vehicle Travel Time"
vector 19 CrossTraffic.EndEN junctionTime:vector ETV
attr recordingmode vector
attr source junctionTime
attr title "Total Junction Time per Vehicle"
vector 20 CrossTraffic.EndEN junctionCount:vector ETV
attr recordingmode vector
attr source junctionCount
attr title "Junctions Visited per Vehicle"
vector 21 CrossTraffic.EndES travelTime:vector ETV
attr recordingmode vector
attr source travelTime
attr title "Vehicle Travel Time"
vector 22 CrossTraffic.EndES junctionTime:vector ETV
attr recordingmode vector
attr source junctionTime
attr title "Total Junction Time per Vehicle"
vector 23 CrossTraffic.EndES junctionCount:vector ETV
attr recordingmode vector
attr source junctionCount
attr title "Junctions Visited per Vehicle"
vector 24 CrossTraffic.EndSE travelTime:vector ETV
attr recordingmode vector
attr source travelTime
attr title "Vehicle Travel Time"
vector 25 CrossTraffic.EndSE junctionTime:vector ETV
attr recordingmode vector
attr source junctionTime
attr title "Total Junction Time per Vehicle"
vector 26 CrossTraffic.EndSE junctionCount:vector ETV
attr recordingmode vector
attr source junctionCount
attr title "Junctions Visited per Vehicle"
vector 27 CrossTraffic.EndSW travelTime:vector ETV
attr recordingmode vector
attr source travelTime
attr title "Vehicle Travel Time"
vector 28 CrossTraffic.EndSW junctionTime:vector ETV
attr recordingmode vector
attr source junctionTime
attr title "Total Junction Time per Vehicle"
vector 29 CrossTraffic.EndSW junctionCount:vector ETV
attr recordingmode vector
attr source junctionCount
attr title "Junctions Visited per Vehicle"
vector 30 CrossTraffic.EndWS travelTime:vector ETV
attr recordingmode vector
attr source travelTime
attr title "Vehicle Travel Time"
vector 31 CrossTraffic.EndWS junctionTime:vector ETV
attr recordingmode vector
attr source junctionTime
attr title "Total Junction Time per Vehicle"
vector 32 CrossTraffic.EndWS junctionCount:vector ETV
attr recordingmode vector
attr source junctionCount
attr title "Junctions Visited per Vehicle"
vector 33 CrossTraffic.EndWN travelTime:vector ETV
attr recordingmode vector
attr source travelTime
attr title "Vehicle Travel Time"
vector 34 CrossTraffic.EndWN junctionTime:vector ETV
attr recordingmode vector
attr source junctionTime
attr title "Total Junction Time per Vehicle"
vector 35 CrossTraffic.EndWN junctionCount:vector ETV
attr recordingmode vector
attr source junctionCount
attr title "Junctions Visited per Vehicle"
0	145	1015.468006823062	1
0	146	1018.468006823062	0
0	154	1106.309790213928	1
0	156	1109.309790213928	0
0	163	1209.057649968402	1
0	165	1212.057649968402	0
0	176	1380.360046797887	1
0	177	1383.360046797887	0
0	180	1424.202432459825	1
0	181	1427.202432459825	0
0	200	1791.076945969729	1
0	201	1794.076945969729	0
0	212	1923.071910428997	1
0	213	1926.071910428997	0
0	234	2097.811490564567	1
0	235	2100.811490564567	0
0	237	2122.219957626024	1
0	238	2125.219957626024	0
0	265	2599.097458088259	1
0	266	2602.097458088259	0
0	276	2706.030308628582	1
0	278	2709.030308628582	0
0	295	2932.485344719546	1
0	296	2935.485344719546	0
0	311	3071.815505996214	1
0	313	3074.815505996214	0
0	319	3123.5218870238	1
0	321	3126.5218870238	0
0	340	3328.050356041445	1
0	341	3331.050356041445	0
0	359	3511.683637359984	1
0	360	3514.683637359984	0
0	367	3599.019931468276	1
0	368	3602.019931468276	0
0	382	3750.94832199465	1
0	383	3753.94832199465	0
0	406	3983.682422902664	1
0	407	3986.682422902664	0
0	414	4055.602950786194	1
0	415	4058.602950786194	0
0	418	4127.448355828561	1
0	419	4130.448355828561	0
0	424	4223.78082906958	1
0	425	4226.78082906958	0
0	447	4440.004590443647	1
0	448	4443.004590443647	0
0	451	4468.587056681469	1
0	452	4471.587056681469	0
0	478	4618.272047917297	1
0	480	4621.272047917297	0
0	485	4660.285373284001	1
0	486	4663.285373284001	0
0	505	4804.250589425165	1
0	506	4807.250589425165	0
0	509	4818.93567452374	1
0	510	4821.93567452374	0
0	526	4917.497085068847	1
0	527	4920.497085068847	0
0	532	4937.868281909169	1
0	533	4940.868281909169	0
0	536	4964.421121029452	1
0	537	4967.421121029452	0
0	547	5118.777505470287	1
0	548	5121.777505470287	0
0	554	5347.476099810998	1
0	555	5350.476099810998	0
0	564	5456.932249683789	1
0	565	5459.932249683789	0
0	581	5655.655101444577	1
0	583	5658.655101444577	0
0	597	5913.805291198047	1
0	598	5916.805291198047	0
0	602	5974.203240243666	1
0	603	5977.203240243666	0
0	618	6213.450033869	1
0	619	6216.450033869	0
0	633	6338.11482976549	1
0	634	6341.11482976549	0
0	663	6729.568579995544	1
0	665	6732.568579995544	0
0	675	6841.669021885706	1
0	676	6844.669021885706	0
0	681	6936.455484112903	1
0	682	6939.455484112903	0
0	696	7145.994022852393	1
0	697	7148.994022852393	0
0	699	7185.648835552457	1
0	700	7188.648835552457	0
0	708	7301.160009080841	1
0	709	7304.160009080841	0
0	717	7481.536917451695	1
0	718	7484.536917451695	0
0	727	7684.131967982226	1
0	728	7687.131967982226	0
0	729	7698.855758827852	1
0	730	7701.855758827852	0
0	731	7702.671250705879	1
0	733	7705.671250705879	0
0	750	7858.021384113547	1
0	751	7861.021384113547	0
0	760	7916.43834439471	1
0	761	7919.43834439471	0
0	776	8053.24232173502	1
0	777	8056.24232173502	0
0	801	8264.09526296441	1
0	802	8267.09526296441	0
0	819	8439.12044266725	1
0	820	8442.12044266725	0
0	824	8499.440678726256	1
0	825	8502.440678726256	0
0	826	8505.558798523465	1
0	827	8508.558798523465	0
0	829	8569.783047874465	1
0	830	8572.783047874465	0
0	846	8797.235921481319	1
0	847	8800.235921481319	0
0	849	8840.447950557931	1
0	850	8843.447950557931	0
0	851	8858.881001720115	1
0	852	8861.881001720115	0
0	864	9026.132876357362	1
0	865	9029.132876357362	0
0	870	9082.748418290872	1
0	871	9085.748418290872	0
0	878	9136.362748031139	1
0	879	9139.362748031139	0
0	896	9269.292040629555	1
0	897	9272.292040629555	0
0	924	9611.023225286257	1
0	925	9614.023225286257	0
0	934	9729.549909035941	1
0	936	9732.549909035941	0
0	952	9933.029933700819	1
0	953	9936.029933700819	0
0	974	10148.328040858537	1
0	975	10151.328040858537	0
0	979	10197.178645462464	1
0	980	10200.178645462464	0
0	981	10205.085786160576	1
0	982	10208.085786160576	0
0	985	10217.273220565538	1
0	986	10220.273220565538	0
0	990	10265.712974867109	1
0	991	10268.712974867109	0
0	993	10289.716126261454	1
0	994	10292.716126261454	0
0	1005	10386.417740557456	1
0	1006	10389.417740557456	0
0	1021	10505.790396497384	1
0	1022	10508.790396497384	0
0	1024	10535.41085461267	1
0	1026	10538.41085461267	0
0	1047	10748.417986747065	1
0	1048	10751.417986747065	0
0	1063	10861.279231595376	1
0	1064	10864.279231595376	0
0	1078	10980.113903093225	1
0	1079	10983.113903093225	0
0	1086	11058.887201444112	1
0	1087	11061.887201444112	0
0	1091	11092.217568489207	1
0	1093	11095.217568489207	0
0	1096	11111.627003538228	1
0	1097	11114.627003538228	0
0	1099	11195.204479931641	1
0	1101	11198.204479931641	0
0	1127	11525.629073703421	1
0	1128	11528.629073703421	0
0	1147	11672.616573028758	1
0	1148	11675.616573028758	0
0	1150	11708.218649574278	1
0	1152	11711.218649574278	0
0	1153	11714.016254726655	1
0	1154	11717.016254726655	0
0	1164	11809.612437228635	1
0	1166	11812.612437228635	0
0	1170	11838.353954805385	1
0	1172	11841.353954805385	0
0	1189	11981.03723847324	1
0	1190	11984.03723847324	0
0	1197	12048.494752116897	1
0	1199	12051.494752116897	0
0	1202	12087.354656317875	1
0	1203	12090.354656317875	0
0	1214	12267.182810208887	1
0	1215	12270.182810208887	0
0	1238	12521.508162813985	1
0	1239	12524.508162813985	0
0	1246	12599.512750781564	1
0	1247	12602.512750781564	0
0	1248	12603.36428755922	1
0	1249	12606.36428755922	0
0	1254	12636.555843815007	1
0	1256	12639.555843815007	0
0	1260	12689.485775417172	1
0	1261	12692.485775417172	0
0	1293	12930.528219398653	1
0	1294	12933.528219398653	0
0	1305	13077.136916924879	1
0	1306	13080.136916924879	0
0	1318	13268.138218913001	1
0	1319	13271.138218913001	0
0	1322	13300.8869904655	1
0	1323	13303.8869904655	0
0	1331	13503.435378260763	1
0	1332	13506.435378260763	0
0	1337	13531.795181726961	1
0	1338	13534.795181726961	0
0	1344	13621.640956460856	1
0	1345	13624.640956460856	0
0	1349	13644.241868741994	1
0	1350	13647.241868741994	0
0	1362	13756.923478799345	1
0	1364	13759.923478799345	0
0	1369	13818.437881815399	1
0	1370	13821.437881815399	0
0	1403	14028.202158816452	1
0	1405	14031.202158816452	0
0	1409	14065.067677180848	1
0	1410	14068.067677180848	0
0	1415	14103.847342104177	1
0	1416	14106.847342104177	0
0	1419	14134.025744676221	1
0	1421	14137.025744676221	0
0	1446	14414.473442238458	1
0	1447	14417.473442238458	0
0	1448	14425.840309376077	1
0	1450	14428.840309376077	0
0	1451	14429.056399567175	1
0	1452	14432.056399567175	0
0	1460	14526.878275677177	1
0	1462	14529.878275677177	0
0	1465	14550.277796321105	1
0	1466	14553.277796321105	0
0	1477	14682.33710384579	1
0	1478	14685.33710384579	0
0	1479	14687.573523393379	1
0	1480	14690.573523393379	0
0	1495	14953.463329606788	1
0	1496	14956.463329606788	0
0	1508	15098.83539138756	1
0	1509	15101.83539138756	0
0	1514	15180.58118184607	1
0	1515	15183.58118184607	0
0	1520	15261.477183962008	1
0	1521	15264.477183962008	0
0	1532	15451.495694269579	1
0	1533	15454.495694269579	0
0	1538	15501.374854828166	1
0	1539	15504.374854828166	0
0	1550	15609.568022369235	1
0	1551	15612.568022369235	0
0	1556	15696.500296281563	1
0	1557	15699.500296281563	0
0	1575	15972.730665955809	1
0	1576	15975.730665955809	0
0	1582	16030.71427158483	1
0	1583	16033.71427158483	0
0	1586	16082.880875003957	1
0	1587	16085.880875003957	0
0	1618	16394.939946952066	1
0	1619	16397.939946952066	0
0	1628	16577.238093715541	1
0	1629	16580.238093715541	0
0	1639	16771.880018009045	1
0	1641	16774.880018009045	0
0	1656	16954.640939278814	1
0	1657	16957.640939278814	0
0	1663	17028.252482484916	1
0	1664	17031.252482484916	0
0	1696	17440.007538037913	1
0	1697	17443.007538037913	0
0	1720	17737.952018499457	1
0	1721	17740.952018499457	0
0	1731	18037.654217893824	1
0	1732	18040.654217893824	0
0	1735	18117.072926949011	1
0	1736	18120.072926949011	0
0	1741	18206.889325039794	1
0	1742	18209.889325039794	0
0	1776	18781.451644961407	1
0	1777	18784.451644961407	0
0	1792	19080.012347031851	1
0	1793	19083.012347031851	0
0	1802	19254.827035206663	1
0	1803	19257.827035206663	0
0	1818	19414.432633635331	1
0	1819	19417.432633635331	0
0	1822	19477.346433662058	1
0	1823	19480.346433662058	0
0	1825	19484.141461513655	1
0	1827	19487.141461513655	0
0	1839	19622.212284332041	1
0	1840	19625.212284332041	0
0	1855	19780.371901172491	1
0	1856	19783.371901172491	0
1	146	1018.468006823062	3
1	156	1109.309790213928	3
1	165	1212.057649968402	3
1	177	1383.360046797887	3
1	181	1427.202432459825	3
1	201	1794.076945969729	3
1	213	1926.071910428997	3
1	235	2100.811490564567	3
1	238	2125.219957626024	3
1	266	2602.097458088259	3
1	278	2709.030308628582	3
1	296	2935.485344719546	3
1	313	3074.815505996214	3
1	321	3126.5218870238	3
1	341	3331.050356041445	3
1	360	3514.683637359984	3
1	368	3602.019931468276	3
1	383	3753.94832199465	3
1	407	3986.682422902664	3
1	415	4058.602950786194	3
1	419	4130.448355828561	3
1	425	4226.78082906958	3
1	448	4443.004590443647	3
1	452	4471.587056681469	3
1	480	4621.272047917297	3
1	486	4663.285373284001	3
1	506	4807.250589425165	3
1	510	4821.93567452374	3
1	527	4920.497085068847	3
1	533	4940.868281909169	3
1	537	4967.421121029452	3
1	548	5121.777505470287	3
1	555	5350.476099810998	3
1	565	5459.932249683789	3
1	583	5658.655101444577	3
1	598	5916.805291198047	3
1	603	5977.203240243666	3
1	619	6216.450033869	3
1	634	6341.11482976549	3
1	665	6732.568579995544	3
1	676	6844.669021885706	3
1	682	6939.455484112903	3
1	697	7148.994022852393	3
1	700	7188.648835552457	3
1	709	7304.160009080841	3
1	718	7484.536917451695	3
1	728	7687.131967982226	3
1	730	7701.855758827852	3
1	733	7705.671250705879	3
1	751	7861.021384113547	3
1	761	7919.43834439471	3
1	777	8056.24232173502	3
1	802	8267.09526296441	3
1	820	8442.12044266725	3
1	825	8502.440678726256	3
1	827	8508.558798523465	3
1	830	8572.783047874465	3
1	847	8800.235921481319	3
1	850	8843.447950557931	3
1	852	8861.881001720115	3
1	865	9029.132876357362	3
1	871	9085.748418290872	3
1	879	9139.362748031139	3
1	897	9272.292040629555	3
1	925	9614.023225286257	3
1	936	9732.549909035941	3
1	953	9936.029933700819	3
1	975	10151.328040858537	3
1	980	10200.178645462464	3
1	982	10208.085786160576	3
1	986	10220.273220565538	3
1	991	10268.712974867109	3
1	994	10292.716126261454	3
1	1006	10389.417740557456	3
1	1022	10508.790396497384	3
1	1026	10538.41085461267	3
1	1048	10751.417986747065	3
1	1064	10864.279231595376	3
1	1079	10983.113903093225	3
1	1087	11061.887201444112	3
1	1093	11095.217568489207	3
1	1097	11114.627003538228	3
1	1101	11198.204479931641	3
1	1128	11528.629073703421	3
1	1148	11675.616573028758	3
1	1152	11711.218649574278	3
1	1154	11717.016254726655	3
1	1166	11812.612437228635	3
1	1172	11841.353954805385	3
1	1190	11984.03723847324	3
1	1199	12051.494752116897	3
1	1203	12090.354656317875	3
1	1215	12270.182810208887	3
1	1239	12524.508162813985	3
1	1247	12602.512750781564	3
1	1249	12606.36428755922	3
1	1256	12639.555843815007	3
1	1261	12692.485775417172	3
1	1294	12933.528219398653	3
1	1306	13080.136916924879	3
1	1319	13271.138218913001	3
1	1323	13303.8869904655	3
1	1332	13506.435378260763	3
1	1338	13534.795181726961	3
1	1345	13624.640956460856	3
1	1350	13647.241868741994	3
1	1364	13759.923478799345	3
1	1370	13821.437881815399	3
1	1405	14031.202158816452	3
1	1410	14068.067677180848	3
1	1416	14106.847342104177	3
1	1421	14137.025744676221	3
1	1447	14417.473442238458	3
1	1450	14428.840309376077	3
1	1452	14432.056399567175	3
1	1462	14529.878275677177	3
1	1466	14553.277796321105	3
1	1478	14685.33710384579	3
1	1480	14690.573523393379	3
1	1496	14956.463329606788	3
1	1509	15101.83539138756	3
1	1515	15183.58118184607	3
1	1521	15264.477183962008	3
1	1533	15454.495694269579	3
1	1539	15504.374854828166	3
1	1551	15612.568022369235	3
1	1557	15699.500296281563	3
1	1576	15975.730665955809	3
1	1583	16033.71427158483	3
1	1587	16085.880875003957	3
1	1619	16397.939946952066	3
1	1629	16580.238093715541	3
1	1641	16774.880018009045	3
1	1657	16957.640939278814	3
1	1664	17031.252482484916	3
1	1697	17443.007538037913	3
1	1721	17740.952018499457	3
1	1732	18040.654217893824	3
1	1736	18120.072926949011	3
1	1742	18209.889325039794	3
1	1777	18784.451644961407	3
1	1793	19083.012347031851	3
1	1803	19257.827035206663	3
1	1819	19417.432633635331	3
1	1823	19480.346433662058	3
1	1827	19487.141461513655	3
1	1840	19625.212284332041	3
1	1856	19783.371901172491	3
2	146	1018.468006823062	4256
2	156	1109.309790213928	4258
2	165	1212.057649968402	4260
2	177	1383.360046797887	4263
2	181	1427.202432459825	4264
2	201	1794.076945969729	4266
2	213	1926.071910428997	4269
2	235	2100.811490564567	4271
2	238	2125.219957626024	4272
2	266	2602.097458088259	4277
2	278	2709.030308628582	4278
2	296	2935.485344719546	4281
2	313	3074.815505996214	4282
2	321	3126.5218870238	4288
2	341	3331.050356041445	4287
2	360	3514.683637359984	4293
2	368	3602.019931468276	4291
2	383	3753.94832199465	4295
2	407	3986.682422902664	4296
2	415	4058.602950786194	4298
2	419	4130.448355828561	4301
2	425	4226.78082906958	4302
2	448	4443.004590443647	4306
2	452	4471.587056681469	4308
2	480	4621.272047917297	4311
2	486	4663.285373284001	4312
2	506	4807.250589425165	4314
2	510	4821.93567452374	4310
2	527	4920.497085068847	4319
2	533	4940.868281909169	4316
2	537	4967.421121029452	4313
2	548	5121.777505470287	4318
2	555	5350.476099810998	4320
2	565	5459.932249683789	4321
2	583	5658.655101444577	4324
2	598	5916.805291198047	4326
2	603	5977.203240243666	4328
2	619	6216.450033869	4330
2	634	6341.11482976549	4334
2	665	6732.568579995544	4337
2	676	6844.669021885706	4341
2	682	6939.455484112903	4338
2	697	7148.994022852393	4343
2	700	7188.648835552457	4344
2	709	7304.160009080841	4345
2	718	7484.536917451695	4346
2	728	7687.131967982226	4349
2	730	7701.855758827852	4350
2	733	7705.671250705879	4351
2	751	7861.021384113547	4348
2	761	7919.43834439471	4355
2	777	8056.24232173502	4356
2	802	8267.09526296441	4358
2	820	8442.12044266725	4362
2	825	8502.440678726256	4364
2	827	8508.558798523465	4361
2	830	8572.783047874465	4363
2	847	8800.235921481319	4366
2	850	8843.447950557931	4367
2	852	8861.881001720115	4368
2	865	9029.132876357362	4370
2	871	9085.748418290872	4372
2	879	9139.362748031139	4373
2	897	9272.292040629555	4377
2	925	9614.023225286257	4379
2	936	9732.549909035941	4382
2	953	9936.029933700819	4381
2	975	10151.328040858537	4388
2	980	10200.178645462464	4389
2	982	10208.085786160576	4390
2	986	10220.273220565538	4385
2	991	10268.712974867109	4387
2	994	10292.716126261454	4392
2	1006	10389.417740557456	4393
2	1022	10508.790396497384	4396
2	1026	10538.41085461267	4397
2	1048	10751.417986747065	4399
2	1064	10864.279231595376	4401
2	1079	10983.113903093225	4402
2	1087	11061.887201444112	4404
2	1093	11095.217568489207	4406
2	1097	11114.627003538228	4408
2	1101	11198.204479931641	4405
2	1128	11528.629073703421	4410
2	1148	11675.616573028758	4414
2	1152	11711.218649574278	4415
2	1154	11717.016254726655	4412
2	1166	11812.612437228635	4417
2	1172	11841.353954805385	4418
2	1190	11984.03723847324	4423
2	1199	12051.494752116897	4424
2	1203	12090.354656317875	4420
2	1215	12270.182810208887	4426
2	1239	12524.508162813985	4428
2	1247	12602.512750781564	4434
2	1249	12606.36428755922	4430
2	1256	12639.555843815007	4432
2	1261	12692.485775417172	4433
2	1294	12933.528219398653	4436
2	1306	13080.136916924879	4442
2	1319	13271.138218913001	4441
2	1323	13303.8869904655	4444
2	1332	13506.435378260763	4445
2	1338	13534.795181726961	4447
2	1345	13624.640956460856	4446
2	1350	13647.241868741994	4448
2	1364	13759.923478799345	4451
2	1370	13821.437881815399	4452
2	1405	14031.202158816452	4458
2	1410	14068.067677180848	4453
2	1416	14106.847342104177	4460
2	1421	14137.025744676221	4459
2	1447	14417.473442238458	4463
2	1450	14428.840309376077	4461
2	1452	14432.056399567175	4464
2	1462	14529.878275677177	4467
2	1466	14553.277796321105	4465
2	1478	14685.33710384579	4466
2	1480	14690.573523393379	4468
2	1496	14956.463329606788	4469
2	1509	15101.83539138756	4472
2	1515	15183.58118184607	4473
2	1521	15264.477183962008	4475
2	1533	15454.495694269579	4474
2	1539	15504.374854828166	4477
2	1551	15612.568022369235	4478
2	1557	15699.500296281563	4480
2	1576	15975.730665955809	4482
2	1583	16033.71427158483	4484
2	1587	16085.880875003957	4485
2	1619	16397.939946952066	4490
2	1629	16580.238093715541	4491
2	1641	16774.880018009045	4493
2	1657	16957.640939278814	4496
2	1664	17031.252482484916	4498
2	1697	17443.007538037913	4501
2	1721	17740.952018499457	4507
2	1732	18040.654217893824	4508
2	1736	18120.072926949011	4509
2	1742	18209.889325039794	4511
2	1777	18784.451644961407	4514
2	1793	19083.012347031851	4517
2	1803	19257.827035206663	4519
2	1819	19417.432633635331	4522
2	1823	19480.346433662058	4523
2	1827	19487.141461513655	4524
2	1840	19625.212284332041	4526
2	1856	19783.371901172491	4528
3	149	1049.82879765581	1
3	150	1052.82879765581	0
3	158	1140.234890078291	1
3	159	1143.234890078291	0
3	182	1447.480512512837	1
3	183	1450.480512512837	0
3	186	1483.360046797887	1
3	187	1486.360046797887	0
3	188	1514.492474172006	1
3	189	1517.492474172006	0
3	205	1868.501428938207	1
3	206	1871.501428938207	0
3	221	1994.811490564567	1
3	223	1997.811490564567	0
3	224	2019.219957626024	1
3	225	2022.219957626024	0
3	226	2026.071910428997	1
3	227	2029.071910428997	0
3	228	2033.040803714764	1
3	229	2036.040803714764	0
3	255	2413.270082475075	1
3	256	2416.270082475075	0
3	267	2603.030308628582	1
3	269	2606.030308628582	0
3	274	2704.556887956582	1
3	277	2707.556887956582	0
3	287	2829.485344719546	1
3	288	2832.485344719546	0
3	298	2968.815505996214	1
3	300	2971.815505996214	0
3	314	3096.264424724689	1
3	316	3099.264424724689	0
3	330	3225.050356041445	1
3	331	3226.5218870238	2
3	332	3228.050356041445	1
3	333	3234.050356041445	0
3	357	3496.019931468276	1
3	358	3499.019931468276	0
3	393	3853.94832199465	1
3	394	3856.94832199465	0
3	395	3880.682422902664	1
3	396	3883.682422902664	0
3	403	3952.602950786194	1
3	404	3955.602950786194	0
3	420	4137.003227127919	1
3	421	4140.003227127919	0
3	426	4230.448355828561	1
3	427	4233.448355828561	0
3	456	4495.794179914109	1
3	458	4498.794179914109	0
3	477	4618.269034377188	1
3	479	4621.269034377188	0
3	491	4715.93567452374	1
3	492	4718.93567452374	0
3	502	4763.285373284001	1
3	503	4766.285373284001	0
3	519	4861.421121029452	1
3	520	4864.421121029452	0
3	539	5015.777505470287	1
3	540	5018.777505470287	0
3	542	5031.309924161376	1
3	543	5034.309924161376	0
3	556	5353.932249683789	1
3	557	5356.932249683789	0
3	570	5552.655101444577	1
3	572	5555.655101444577	0
3	576	5568.203191821791	1
3	577	5571.203191821791	0
3	578	5588.573600431342	1
3	579	5591.573600431342	0
3	587	5735.46229196732	1
3	588	5738.46229196732	0
3	608	6077.203240243666	1
3	609	6080.203240243666	0
3	637	6372.543596174051	1
3	638	6375.543596174051	0
3	641	6390.436073099896	1
3	642	6393.436073099896	0
3	673	6833.455484112903	1
3	674	6836.455484112903	0
3	687	7006.036111539392	1
3	688	7009.036111539392	0
3	690	7042.994022852393	1
3	691	7045.994022852393	0
3	692	7082.648835552457	1
3	693	7085.648835552457	0
3	701	7198.160009080841	1
3	702	7201.160009080841	0
3	712	7378.536917451695	1
3	713	7381.536917451695	0
3	735	7755.021384113547	1
3	736	7758.021384113547	0
3	737	7787.131967982226	1
3	738	7790.131967982226	0
3	743	7805.671250705879	1
3	744	7808.671250705879	0
3	764	7950.24232173502	1
3	765	7953.24232173502	0
3	771	8013.855758827852	1
3	772	8016.855758827852	0
3	781	8101.388475185871	1
3	782	8104.388475185871	0
3	804	8294.21158924476	1
3	805	8297.21158924476	0
3	810	8336.12044266725	1
3	811	8339.12044266725	0
3	816	8402.558798523465	1
3	817	8405.558798523465	0
3	821	8466.783047874465	1
3	822	8469.783047874465	0
3	831	8574.017204998917	1
3	832	8577.017204998917	0
3	843	8737.447950557931	1
3	844	8740.447950557931	0
3	854	8902.916247175204	1
3	855	8905.916247175204	0
3	859	8961.881001720115	1
3	860	8964.881001720115	0
3	880	9145.240803353484	1
3	881	9148.240803353484	0
3	883	9185.748418290872	1
3	884	9188.748418290872	0
3	909	9397.757534820856	1
3	910	9400.757534820856	0
3	918	9508.023225286257	1
3	919	9511.023225286257	0
3	939	9740.090696635874	1
3	940	9743.090696635874	0
3	942	9830.029933700819	1
3	943	9832.549909035941	2
3	944	9833.029933700819	1
3	946	9839.029933700819	0
3	948	9878.904400017613	1
3	949	9881.904400017613	0
3	970	10114.273220565538	1
3	971	10117.273220565538	0
3	976	10162.712974867109	1
3	977	10165.712974867109	0
3	988	10251.328040858537	1
3	989	10254.328040858537	0
3	995	10300.178645462464	1
3	996	10303.178645462464	0
3	1007	10392.716126261454	1
3	1008	10395.716126261454	0
3	1029	10578.790500662324	1
3	1030	10581.790500662324	0
3	1033	10637.901923593128	1
3	1035	10640.901923593128	0
3	1065	10866.932170608148	1
3	1066	10869.932170608148	0
3	1067	10877.113903093225	1
3	1068	10880.113903093225	0
3	1071	10955.887201444112	1
3	1073	10958.887201444112	0
3	1074	10959.826689288546	1
3	1075	10962.826689288546	0
3	1090	11092.204479931641	1
3	1092	11095.204479931641	0
3	1107	11313.266384181004	1
3	1108	11316.266384181004	0
3	1111	11343.209313059874	1
3	1112	11346.209313059874	0
3	1115	11422.629073703421	1
3	1116	11425.629073703421	0
3	1134	11569.616573028758	1
3	1135	11572.616573028758	0
3	1136	11605.218649574278	1
3	1138	11608.218649574278	0
3	1139	11611.016254726655	1
3	1140	11614.016254726655	0
3	1141	11624.223058680259	1
3	1142	11627.223058680259	0
3	1157	11735.353954805385	1
3	1158	11738.353954805385	0
3	1179	11889.062353107912	1
3	1180	11892.062353107912	0
3	1183	11940.826385650835	1
3	1185	11943.826385650835	0
3	1191	11984.354656317875	1
3	1192	11987.354656317875	0
3	1200	12084.03723847324	1
3	1201	12087.03723847324	0
3	1225	12418.508162813985	1
3	1226	12421.508162813985	0
3	1240	12533.555843815007	1
3	1241	12536.555843815007	0
3	1244	12586.485775417172	1
3	1245	12589.485775417172	0
3	1255	12636.786491933546	1
3	1257	12639.786491933546	0
3	1265	12710.662723212549	1
3	1266	12713.662723212549	0
3	1282	12827.528219398653	1
3	1283	12830.528219398653	0
3	1307	13131.944725655	1
3	1308	13134.944725655	0
3	1311	13165.138218913001	1
3	1312	13168.138218913001	0
3	1335	13518.640956460856	1
3	1336	13521.640956460856	0
3	1341	13606.435378260763	1
3	1342	13609.435378260763	0
3	1347	13634.795181726961	1
3	1348	13637.795181726961	0
3	1365	13761.544275937543	1
3	1366	13764.544275937543	0
3	1376	13859.923478799345	1
3	1378	13862.923478799345	0
3	1381	13879.983712010812	1
3	1382	13882.983712010812	0
3	1383	13895.270996139195	1
3	1384	13898.270996139195	0
3	1385	13921.437881815399	1
3	1386	13924.437881815399	0
3	1392	13962.067677180848	1
3	1394	13965.067677180848	0
3	1404	14031.025744676221	1
3	1406	14034.025744676221	0
3	1436	14311.473442238458	1
3	1437	14314.473442238458	0
3	1438	14322.840309376077	1
3	1439	14325.840309376077	0
3	1440	14326.056399567175	1
3	1441	14329.056399567175	0
3	1453	14447.277796321105	1
3	1454	14450.277796321105	0
3	1467	14579.33710384579	1
3	1468	14582.33710384579	0
3	1488	14850.463329606788	1
3	1489	14853.463329606788	0
3	1490	14866.392228410946	1
3	1491	14869.392228410946	0
3	1500	14995.83539138756	1
3	1501	14998.83539138756	0
3	1506	15077.58118184607	1
3	1507	15080.58118184607	0
3	1510	15134.225665568949	1
3	1511	15137.225665568949	0
3	1524	15348.495694269579	1
3	1525	15351.495694269579	0
3	1540	15506.568022369235	1
3	1541	15509.568022369235	0
3	1548	15604.374854828166	1
3	1549	15607.374854828166	0
3	1553	15656.342094981035	1
3	1554	15659.342094981035	0
3	1580	16013.639008843031	1
3	1581	16016.639008843031	0
3	1606	16272.677082514082	1
3	1607	16275.677082514082	0
3	1608	16282.102929526391	1
3	1609	16285.102929526391	0
3	1621	16474.238093715541	1
3	1622	16477.238093715541	0
3	1626	16566.878001187402	1
3	1627	16569.878001187402	0
3	1647	16851.640939278814	1
3	1648	16854.640939278814	0
3	1661	17017.218456302123	1
3	1662	17020.218456302123	0
3	1672	17180.888949371792	1
3	1673	17183.888949371792	0
3	1707	17550.529296424311	1
3	1708	17553.529296424311	0
3	1722	17760.901974270067	1
3	1723	17763.901974270067	0
3	1725	17840.952018499457	1
3	1726	17843.952018499457	0
3	1737	18140.654217893824	1
3	1738	18143.654217893824	0
3	1749	18309.889325039794	1
3	1750	18312.889325039794	0
3	1755	18408.075655078179	1
3	1756	18411.075655078179	0
3	1764	18578.476248785961	1
3	1765	18581.476248785961	0
3	1769	18678.451644961407	1
3	1770	18681.451644961407	0
3	1786	18977.012347031851	1
3	1787	18980.012347031851	0
3	1794	19151.827035206663	1
3	1795	19154.827035206663	0
3	1809	19311.432633635331	1
3	1810	19314.432633635331	0
3	1824	19483.243943083383	1
3	1826	19486.243943083383	0
3	1845	19677.371901172491	1
3	1846	19680.371901172491	0
3	1869	19995.631351595113	1
3	1870	19998.631351595113	0
4	150	1052.82879765581	3
4	159	1143.234890078291	3
4	183	1450.480512512837	3
4	187	1486.360046797887	3
4	189	1517.492474172006	3
4	206	1871.501428938207	3
4	223	1997.811490564567	3
4	225	2022.219957626024	3
4	227	2029.071910428997	3
4	229	2036.040803714764	3
4	256	2416.270082475075	3
4	269	2606.030308628582	3
4	277	2707.556887956582	3
4	288	2832.485344719546	3
4	300	2971.815505996214	3
4	316	3099.264424724689	3
4	332	3228.050356041445	3
4	333	3234.050356041445	7.528469017645
4	358	3499.019931468276	3
4	394	3856.94832199465	3
4	396	3883.682422902664	3
4	404	3955.602950786194	3
4	421	4140.003227127919	3
4	427	4233.448355828561	3
4	458	4498.794179914109	3
4	479	4621.269034377188	3
4	492	4718.93567452374	3
4	503	4766.285373284001	3
4	520	4864.421121029452	3
4	540	5018.777505470287	3
4	543	5034.309924161376	3
4	557	5356.932249683789	3
4	572	5555.655101444577	3
4	577	5571.203191821791	3
4	579	5591.573600431342	3
4	588	5738.46229196732	3
4	609	6080.203240243666	3
4	638	6375.543596174051	3
4	642	6393.436073099896	3
4	674	6836.455484112903	3
4	688	7009.036111539392	3
4	691	7045.994022852393	3
4	693	7085.648835552457	3
4	702	7201.160009080841	3
4	713	7381.536917451695	3
4	736	7758.021384113547	3
4	738	7790.131967982226	3
4	744	7808.671250705879	3
4	765	7953.24232173502	3
4	772	8016.855758827852	3
4	782	8104.388475185871	3
4	805	8297.21158924476	3
4	811	8339.12044266725	3
4	817	8405.558798523465	3
4	822	8469.783047874465	3
4	832	8577.017204998917	3
4	844	8740.447950557931	3
4	855	8905.916247175204	3
4	860	8964.881001720115	3
4	881	9148.240803353484	3
4	884	9188.748418290872	3
4	910	9400.757534820856	3
4	919	9511.023225286257	3
4	940	9743.090696635874	3
4	944	9833.029933700819	3
4	946	9839.029933700819	6.480024664878
4	949	9881.904400017613	3
4	971	10117.273220565538	3
4	977	10165.712974867109	3
4	989	10254.328040858537	3
4	996	10303.178645462464	3
4	1008	10395.716126261454	3
4	1030	10581.790500662324	3
4	1035	10640.901923593128	3
4	1066	10869.932170608148	3
4	1068	10880.113903093225	3
4	1073	10958.887201444112	3
4	1075	10962.826689288546	3
4	1092	11095.204479931641	3
4	1108	11316.266384181004	3
4	1112	11346.209313059874	3
4	1116	11425.629073703421	3
4	1135	11572.616573028758	3
4	1138	11608.218649574278	3
4	1140	11614.016254726655	3
4	1142	11627.223058680259	3
4	1158	11738.353954805385	3
4	1180	11892.062353107912	3
4	1185	11943.826385650835	3
4	1192	11987.354656317875	3
4	1201	12087.03723847324	3
4	1226	12421.508162813985	3
4	1241	12536.555843815007	3
4	1245	12589.485775417172	3
4	1257	12639.786491933546	3
4	1266	12713.662723212549	3
4	1283	12830.528219398653	3
4	1308	13134.944725655	3
4	1312	13168.138218913001	3
4	1336	13521.640956460856	3
4	1342	13609.435378260763	3
4	1348	13637.795181726961	3
4	1366	13764.544275937543	3
4	1378	13862.923478799345	3
4	1382	13882.983712010812	3
4	1384	13898.270996139195	3
4	1386	13924.437881815399	3
4	1394	13965.067677180848	3
4	1406	14034.025744676221	3
4	1437	14314.473442238458	3
4	1439	14325.840309376077	3
4	1441	14329.056399567175	3
4	1454	14450.277796321105	3
4	1468	14582.33710384579	3
4	1489	14853.463329606788	3
4	1491	14869.392228410946	3
4	1501	14998.83539138756	3
4	1507	15080.58118184607	3
4	1511	15137.225665568949	3
4	1525	15351.495694269579	3
4	1541	15509.568022369235	3
4	1549	15607.374854828166	3
4	1554	15659.342094981035	3
4	1581	16016.639008843031	3
4	1607	16275.677082514082	3
4	1609	16285.102929526391	3
4	1622	16477.238093715541	3
4	1627	16569.878001187402	3
4	1648	16854.640939278814	3
4	1662	17020.218456302123	3
4	1673	17183.888949371792	3
4	1708	17553.529296424311	3
4	1723	17763.901974270067	3
4	1726	17843.952018499457	3
4	1738	18143.654217893824	3
4	1750	18312.889325039794	3
4	1756	18411.075655078179	3
4	1765	18581.476248785961	3
4	1770	18681.451644961407	3
4	1787	18980.012347031851	3
4	1795	19154.827035206663	3
4	1810	19314.432633635331	3
4	1826	19486.243943083383	3
4	1846	19680.371901172491	3
4	1870	19998.631351595113	3
5	150	1052.82879765581	4257
5	159	1143.234890078291	4259
5	183	1450.480512512837	4265
5	187	1486.360046797887	4263
5	189	1517.492474172006	4261
5	206	1871.501428938207	4268
5	223	1997.811490564567	4271
5	225	2022.219957626024	4272
5	227	2029.071910428997	4269
5	229	2036.040803714764	4273
5	256	2416.270082475075	4275
5	269	2606.030308628582	4278
5	277	2707.556887956582	4280
5	288	2832.485344719546	4281
5	300	2971.815505996214	4282
5	316	3099.264424724689	4283
5	332	3228.050356041445	4287
5	333	3234.050356041445	4288
5	358	3499.019931468276	4291
5	394	3856.94832199465	4295
5	396	3883.682422902664	4296
5	404	3955.602950786194	4298
5	421	4140.003227127919	4299
5	427	4233.448355828561	4301
5	458	4498.794179914109	4304
5	479	4621.269034377188	4305
5	492	4718.93567452374	4310
5	503	4766.285373284001	4312
5	520	4864.421121029452	4313
5	540	5018.777505470287	4318
5	543	5034.309924161376	4315
5	557	5356.932249683789	4321
5	572	5555.655101444577	4324
5	577	5571.203191821791	4322
5	579	5591.573600431342	4323
5	588	5738.46229196732	4325
5	609	6080.203240243666	4328
5	638	6375.543596174051	4332
5	642	6393.436073099896	4335
5	674	6836.455484112903	4338
5	688	7009.036111539392	4342
5	691	7045.994022852393	4343
5	693	7085.648835552457	4344
5	702	7201.160009080841	4345
5	713	7381.536917451695	4346
5	736	7758.021384113547	4348
5	738	7790.131967982226	4349
5	744	7808.671250705879	4351
5	765	7953.24232173502	4356
5	772	8016.855758827852	4352
5	782	8104.388475185871	4354
5	805	8297.21158924476	4360
5	811	8339.12044266725	4362
5	817	8405.558798523465	4361
5	822	8469.783047874465	4363
5	832	8577.017204998917	4365
5	844	8740.447950557931	4367
5	855	8905.916247175204	4369
5	860	8964.881001720115	4368
5	881	9148.240803353484	4371
5	884	9188.748418290872	4372
5	910	9400.757534820856	4374
5	919	9511.023225286257	4379
5	940	9743.090696635874	4380
5	944	9833.029933700819	4381
5	946	9839.029933700819	4382
5	949	9881.904400017613	4384
5	971	10117.273220565538	4385
5	977	10165.712974867109	4387
5	989	10254.328040858537	4388
5	996	10303.178645462464	4389
5	1008	10395.716126261454	4392
5	1030	10581.790500662324	4398
5	1035	10640.901923593128	4394
5	1066	10869.932170608148	4403
5	1068	10880.113903093225	4402
5	1073	10958.887201444112	4404
5	1075	10962.826689288546	4400
5	1092	11095.204479931641	4405
5	1108	11316.266384181004	4407
5	1112	11346.209313059874	4409
5	1116	11425.629073703421	4410
5	1135	11572.616573028758	4414
5	1138	11608.218649574278	4415
5	1140	11614.016254726655	4412
5	1142	11627.223058680259	4416
5	1158	11738.353954805385	4418
5	1180	11892.062353107912	4421
5	1185	11943.826385650835	4422
5	1192	11987.354656317875	4420
5	1201	12087.03723847324	4423
5	1226	12421.508162813985	4428
5	1241	12536.555843815007	4432
5	1245	12589.485775417172	4433
5	1257	12639.786491933546	4435
5	1266	12713.662723212549	4431
5	1283	12830.528219398653	4436
5	1308	13134.944725655	4440
5	1312	13168.138218913001	4441
5	1336	13521.640956460856	4446
5	1342	13609.435378260763	4445
5	1348	13637.795181726961	4447
5	1366	13764.544275937543	4449
5	1378	13862.923478799345	4451
5	1382	13882.983712010812	4454
5	1384	13898.270996139195	4455
5	1386	13924.437881815399	4452
5	1394	13965.067677180848	4453
5	1406	14034.025744676221	4459
5	1437	14314.473442238458	4463
5	1439	14325.840309376077	4461
5	1441	14329.056399567175	4464
5	1454	14450.277796321105	4465
5	1468	14582.33710384579	4466
5	1489	14853.463329606788	4469
5	1491	14869.392228410946	4470
5	1501	14998.83539138756	4472
5	1507	15080.58118184607	4473
5	1511	15137.225665568949	4471
5	1525	15351.495694269579	4474
5	1541	15509.568022369235	4478
5	1549	15607.374854828166	4477
5	1554	15659.342094981035	4479
5	1581	16016.639008843031	4483
5	1607	16275.677082514082	4488
5	1609	16285.102929526391	4489
5	1622	16477.238093715541	4491
5	1627	16569.878001187402	4492
5	1648	16854.640939278814	4496
5	1662	17020.218456302123	4494
5	1673	17183.888949371792	4499
5	1708	17553.529296424311	4502
5	1723	17763.901974270067	4506
5	1726	17843.952018499457	4507
5	1738	18143.654217893824	4508
5	1750	18312.889325039794	4511
5	1756	18411.075655078179	4510
5	1765	18581.476248785961	4513
5	1770	18681.451644961407	4514
5	1787	18980.012347031851	4517
5	1795	19154.827035206663	4519
5	1810	19314.432633635331	4522
5	1826	19486.243943083383	4521
5	1846	19680.371901172491	4528
5	1870	19998.631351595113	4530
6	147	1037.234890078291	1
6	148	1040.234890078291	0
6	151	1103.232876650341	1
6	153	1106.232876650341	0
6	178	1411.492474172006	1
6	179	1414.492474172006	0
6	184	1453.338554494882	1
6	185	1456.338554494882	0
6	215	1964.01209442724	1
6	216	1967.01209442724	0
6	217	1971.501428938207	1
6	218	1972.611468089112	2
6	219	1974.501428938207	1
6	220	1980.501428938207	0
6	240	2136.040803714764	1
6	241	2139.040803714764	0
6	252	2310.270082475075	1
6	253	2313.270082475075	0
6	262	2548.658359013281	1
6	263	2551.658359013281	0
6	282	2805.097458088259	1
6	284	2808.097458088259	0
6	289	2865.815505996214	1
6	290	2868.815505996214	0
6	301	2993.264424724689	1
6	303	2996.264424724689	0
6	308	3045.731518548534	1
6	309	3048.731518548534	0
6	315	3097.721454574109	1
6	317	3100.721454574109	0
6	318	3122.050356041445	1
6	320	3125.050356041445	0
6	324	3172.035863709913	1
6	326	3175.035863709913	0
6	338	3319.795009907922	1
6	339	3322.795009907922	0
6	346	3393.019931468276	1
6	347	3396.019931468276	0
6	353	3450.722551985447	1
6	354	3453.722551985447	0
6	355	3481.51061304102	1
6	356	3484.51061304102	0
6	361	3525.460673350532	1
6	363	3528.460673350532	0
6	378	3717.683637359984	1
6	379	3720.683637359984	0
6	384	3777.682422902664	1
6	385	3780.682422902664	0
6	391	3849.602950786194	1
6	392	3852.602950786194	0
6	397	3906.542264752225	1
6	398	3909.542264752225	0
6	401	3934.787852745279	1
6	402	3937.787852745279	0
6	410	4034.003227127919	1
6	411	4037.003227127919	0
6	438	4381.694745232263	1
6	439	4384.694745232263	0
6	440	4392.794179914109	1
6	442	4395.794179914109	0
6	445	4429.78082906958	1
6	446	4432.78082906958	0
6	460	4515.269034377188	1
6	461	4518.269034377188	0
6	466	4548.47663303928	1
6	467	4551.47663303928	0
6	472	4596.720696288388	1
6	474	4599.720696288388	0
6	475	4612.93567452374	1
6	476	4615.93567452374	0
6	481	4646.004590443647	1
6	482	4649.004590443647	0
6	487	4674.587056681469	1
6	488	4677.587056681469	0
6	500	4758.421121029452	1
6	501	4761.421121029452	0
6	511	4824.272047917297	1
6	513	4827.272047917297	0
6	517	4853.358702760442	1
6	518	4856.358702760442	0
6	524	4912.777505470287	1
6	525	4915.777505470287	0
6	530	4928.309924161376	1
6	531	4931.309924161376	0
6	566	5465.203191821791	1
6	567	5468.203191821791	0
6	568	5485.573600431342	1
6	569	5488.573600431342	0
6	571	5553.476099810998	1
6	573	5556.476099810998	0
6	592	5838.46229196732	1
6	593	5841.46229196732	0
6	600	5949.830466829744	1
6	601	5952.830466829744	0
6	611	6135.200316355927	1
6	612	6138.200316355927	0
6	625	6269.543596174051	1
6	626	6272.543596174051	0
6	627	6274.859280387198	1
6	628	6277.859280387198	0
6	643	6419.450033869	1
6	644	6422.450033869	0
6	651	6493.436073099896	1
6	652	6496.436073099896	0
6	664	6730.455484112903	1
6	666	6733.455484112903	0
6	669	6778.229292820731	1
6	671	6781.229292820731	0
6	705	7275.536917451695	1
6	706	7278.536917451695	0
6	710	7310.856119554092	1
6	711	7313.856119554092	0
6	725	7652.021384113547	1
6	726	7655.021384113547	0
6	755	7904.855758827852	1
6	756	7907.855758827852	0
6	758	7910.855758827852	1
6	759	7913.855758827852	0
6	762	7921.697164661461	1
6	763	7924.697164661461	0
6	768	7998.388475185871	1
6	769	8001.388475185871	0
6	784	8122.43834439471	1
6	786	8125.43834439471	0
6	791	8173.13743952718	1
6	792	8176.13743952718	0
6	806	8299.558798523465	1
6	807	8302.558798523465	0
6	808	8327.013856933422	1
6	809	8330.013856933422	0
6	862	9005.916247175204	1
6	863	9008.916247175204	0
6	867	9042.240803353484	1
6	868	9045.240803353484	0
6	889	9225.792871069871	1
6	890	9228.792871069871	0
6	891	9232.132876357362	1
6	892	9235.132876357362	0
6	899	9294.757534820856	1
6	900	9297.757534820856	0
6	901	9318.533718193139	1
6	902	9321.533718193139	0
6	922	9555.937365202855	1
6	923	9558.937365202855	0
6	929	9637.090696635874	1
6	930	9640.090696635874	0
6	933	9727.029933700819	1
6	935	9730.029933700819	0
6	937	9734.187898604003	1
6	938	9737.187898604003	0
6	956	9981.904400017613	1
6	957	9984.904400017613	0
6	958	10011.273220565538	1
6	959	10014.273220565538	0
6	960	10016.541078742009	1
6	961	10019.541078742009	0
6	964	10059.712974867109	1
6	965	10062.712974867109	0
6	983	10209.466230684196	1
6	984	10212.466230684196	0
6	1023	10534.901923593128	1
6	1025	10537.901923593128	0
6	1027	10553.853310336725	1
6	1028	10556.853310336725	0
6	1042	10681.790500662324	1
6	1043	10684.790500662324	0
6	1045	10741.41085461267	1
6	1046	10744.41085461267	0
6	1054	10774.113903093225	1
6	1055	10777.113903093225	0
6	1061	10856.826689288546	1
6	1062	10859.826689288546	0
6	1070	10954.417986747065	1
6	1072	10957.417986747065	0
6	1080	10989.204479931641	1
6	1081	10992.204479931641	0
6	1102	11210.266384181004	1
6	1103	11213.266384181004	0
6	1119	11446.209313059874	1
6	1120	11449.209313059874	0
6	1124	11508.016254726655	1
6	1125	11511.016254726655	0
6	1129	11532.389329088547	1
6	1130	11535.389329088547	0
6	1132	11561.190487668207	1
6	1133	11564.190487668207	0
6	1155	11727.223058680259	1
6	1156	11730.223058680259	0
6	1177	11881.354656317875	1
6	1178	11884.354656317875	0
6	1186	11947.87640193668	1
6	1188	11950.87640193668	0
6	1193	11992.062353107912	1
6	1194	11995.062353107912	0
6	1221	12397.934770034925	1
6	1223	12400.934770034925	0
6	1250	12607.662723212549	1
6	1251	12610.662723212549	0
6	1267	12724.528219398653	1
6	1268	12727.528219398653	0
6	1271	12739.786491933546	1
6	1273	12742.786491933546	0
6	1274	12768.395096139887	1
6	1275	12771.244340638289	2
6	1276	12771.395096139887	1
6	1277	12777.395096139887	0
6	1279	12805.512750781564	1
6	1280	12808.512750781564	0
6	1284	12834.007679215487	1
6	1285	12837.007679215487	0
6	1299	13028.944725655	1
6	1300	13031.944725655	0
6	1303	13062.138218913001	1
6	1304	13065.138218913001	0
6	1320	13283.136916924879	1
6	1321	13286.136916924879	0
6	1333	13506.8869904655	1
6	1334	13509.8869904655	0
6	1352	13658.544275937543	1
6	1353	13661.544275937543	0
6	1357	13726.406459266101	1
6	1358	13729.406459266101	0
6	1375	13859.067677180848	1
6	1377	13862.067677180848	0
6	1390	13955.364227789106	1
6	1391	13958.364227789106	0
6	1397	13982.983712010812	1
6	1398	13985.983712010812	0
6	1399	13998.270996139195	1
6	1400	14001.270996139195	0
6	1411	14074.780449927666	1
6	1412	14077.780449927666	0
6	1428	14219.840309376077	1
6	1429	14222.840309376077	0
6	1431	14234.202158816452	1
6	1433	14237.202158816452	0
6	1455	14476.33710384579	1
6	1456	14479.33710384579	0
6	1482	14747.463329606788	1
6	1483	14750.463329606788	0
6	1497	14969.392228410946	1
6	1498	14972.392228410946	0
6	1502	15031.225665568949	1
6	1503	15034.225665568949	0
6	1518	15245.495694269579	1
6	1519	15248.495694269579	0
6	1536	15467.477183962008	1
6	1537	15470.477183962008	0
6	1544	15563.661996811988	1
6	1545	15566.661996811988	0
6	1561	15732.609244009198	1
6	1562	15735.609244009198	0
6	1563	15759.342094981035	1
6	1564	15762.342094981035	0
6	1571	15902.500296281563	1
6	1572	15905.500296281563	0
6	1591	16116.639008843031	1
6	1592	16119.639008843031	0
6	1599	16190.86802142815	1
6	1600	16193.86802142815	0
6	1604	16236.71427158483	1
6	1605	16239.71427158483	0
6	1616	16385.102929526391	1
6	1617	16388.102929526391	0
6	1631	16669.878001187402	1
6	1633	16672.878001187402	0
6	1645	16826.628022937525	1
6	1646	16829.628022937525	0
6	1652	16914.218456302123	1
6	1653	16917.218456302123	0
6	1659	17007.14009847889	1
6	1660	17010.14009847889	0
6	1676	17234.252482484916	1
6	1678	17237.252482484916	0
6	1681	17283.888949371792	1
6	1682	17286.888949371792	0
6	1683	17310.259925663425	1
6	1684	17313.259925663425	0
6	1690	17357.670153161799	1
6	1691	17360.670153161799	0
6	1698	17447.529296424311	1
6	1699	17450.529296424311	0
6	1703	17510.307900495696	1
6	1704	17513.307900495696	0
6	1711	17599.28518567876	1
6	1712	17602.28518567876	0
6	1716	17657.901974270067	1
6	1717	17660.901974270067	0
6	1747	18305.075655078179	1
6	1748	18308.075655078179	0
6	1753	18377.68226114143	1
6	1754	18380.68226114143	0
6	1758	18475.476248785961	1
6	1759	18478.476248785961	0
6	1772	18682.183770714285	1
6	1773	18685.183770714285	0
6	1790	19066.028536570603	1
6	1791	19069.028536570603	0
6	1804	19265.18784517458	1
6	1805	19268.18784517458	0
6	1815	19380.243943083383	1
6	1816	19383.243943083383	0
6	1831	19545.883593425963	1
6	1832	19548.883593425963	0
6	1841	19625.589884362287	1
6	1842	19628.589884362287	0
6	1848	19690.141461513655	1
6	1849	19693.141461513655	0
6	1860	19873.243498175928	1
6	1861	19876.243498175928	0
6	1864	19892.631351595113	1
6	1865	19895.631351595113	0
7	148	1040.234890078291	3
7	153	1106.232876650341	3
7	179	1414.492474172006	3
7	185	1456.338554494882	3
7	216	1967.01209442724	3
7	219	1974.501428938207	3
7	220	1980.501428938207	7.889960849095
7	241	2139.040803714764	3
7	253	2313.270082475075	3
7	263	2551.658359013281	3
7	284	2808.097458088259	3
7	290	2868.815505996214	3
7	303	2996.264424724689	3
7	309	3048.731518548534	3
7	317	3100.721454574109	3
7	320	3125.050356041445	3
7	326	3175.035863709913	3
7	339	3322.795009907922	3
7	347	3396.019931468276	3
7	354	3453.722551985447	3
7	356	3484.51061304102	3
7	363	3528.460673350532	3
7	379	3720.683637359984	3
7	385	3780.682422902664	3
7	392	3852.602950786194	3
7	398	3909.542264752225	3
7	402	3937.787852745279	3
7	411	4037.003227127919	3
7	439	4384.694745232263	3
7	442	4395.794179914109	3
7	446	4432.78082906958	3
7	461	4518.269034377188	3
7	467	4551.47663303928	3
7	474	4599.720696288388	3
7	476	4615.93567452374	3
7	482	4649.004590443647	3
7	488	4677.587056681469	3
7	501	4761.421121029452	3
7	513	4827.272047917297	3
7	518	4856.358702760442	3
7	525	4915.777505470287	3
7	531	4931.309924161376	3
7	567	5468.203191821791	3
7	569	5488.573600431342	3
7	573	5556.476099810998	3
7	593	5841.46229196732	3
7	601	5952.830466829744	3
7	612	6138.200316355927	3
7	626	6272.543596174051	3
7	628	6277.859280387198	3
7	644	6422.450033869	3
7	652	6496.436073099896	3
7	666	6733.455484112903	3
7	671	6781.229292820731	3
7	706	7278.536917451695	3
7	711	7313.856119554092	3
7	726	7655.021384113547	3
7	756	7907.855758827852	3
7	759	7913.855758827852	3
7	763	7924.697164661461	3
7	769	8001.388475185871	3
7	786	8125.43834439471	3
7	792	8176.13743952718	3
7	807	8302.558798523465	3
7	809	8330.013856933422	3
7	863	9008.916247175204	3
7	868	9045.240803353484	3
7	890	9228.792871069871	3
7	892	9235.132876357362	3
7	900	9297.757534820856	3
7	902	9321.533718193139	3
7	923	9558.937365202855	3
7	930	9640.090696635874	3
7	935	9730.029933700819	3
7	938	9737.187898604003	3
7	957	9984.904400017613	3
7	959	10014.273220565538	3
7	961	10019.541078742009	3
7	965	10062.712974867109	3
7	984	10212.466230684196	3
7	1025	10537.901923593128	3
7	1028	10556.853310336725	3
7	1043	10684.790500662324	3
7	1046	10744.41085461267	3
7	1055	10777.113903093225	3
7	1062	10859.826689288546	3
7	1072	10957.417986747065	3
7	1081	10992.204479931641	3
7	1103	11213.266384181004	3
7	1120	11449.209313059874	3
7	1125	11511.016254726655	3
7	1130	11535.389329088547	3
7	1133	11564.190487668207	3
7	1156	11730.223058680259	3
7	1178	11884.354656317875	3
7	1188	11950.87640193668	3
7	1194	11995.062353107912	3
7	1223	12400.934770034925	3
7	1251	12610.662723212549	3
7	1268	12727.528219398653	3
7	1273	12742.786491933546	3
7	1276	12771.395096139887	3
7	1277	12777.395096139887	6.150755501598
7	1280	12808.512750781564	3
7	1285	12837.007679215487	3
7	1300	13031.944725655	3
7	1304	13065.138218913001	3
7	1321	13286.136916924879	3
7	1334	13509.8869904655	3
7	1353	13661.544275937543	3
7	1358	13729.406459266101	3
7	1377	13862.067677180848	3
7	1391	13958.364227789106	3
7	1398	13985.983712010812	3
7	1400	14001.270996139195	3
7	1412	14077.780449927666	3
7	1429	14222.840309376077	3
7	1433	14237.202158816452	3
7	1456	14479.33710384579	3
7	1483	14750.463329606788	3
7	1498	14972.392228410946	3
7	1503	15034.225665568949	3
7	1519	15248.495694269579	3
7	1537	15470.477183962008	3
7	1545	15566.661996811988	3
7	1562	15735.609244009198	3
7	1564	15762.342094981035	3
7	1572	15905.500296281563	3
7	1592	16119.639008843031	3
7	1600	16193.86802142815	3
7	1605	16239.71427158483	3
7	1617	16388.102929526391	3
7	1633	16672.878001187402	3
7	1646	16829.628022937525	3
7	1653	16917.218456302123	3
7	1660	17010.14009847889	3
7	1678	17237.252482484916	3
7	1682	17286.888949371792	3
7	1684	17313.259925663425	3
7	1691	17360.670153161799	3
7	1699	17450.529296424311	3
7	1704	17513.307900495696	3
7	1712	17602.28518567876	3
7	1717	17660.901974270067	3
7	1748	18308.075655078179	3
7	1754	18380.68226114143	3
7	1759	18478.476248785961	3
7	1773	18685.183770714285	3
7	1791	19069.028536570603	3
7	1805	19268.18784517458	3
7	1816	19383.243943083383	3
7	1832	19548.883593425963	3
7	1842	19628.589884362287	3
7	1849	19693.141461513655	3
7	1861	19876.243498175928	3
7	1865	19895.631351595113	3
8	148	1040.234890078291	4259
8	153	1106.232876650341	4255
8	179	1414.492474172006	4261
8	185	1456.338554494882	4262
8	216	1967.01209442724	4267
8	219	1974.501428938207	4268
8	220	1980.501428938207	4270
8	241	2139.040803714764	4273
8	253	2313.270082475075	4275
8	263	2551.658359013281	4276
8	284	2808.097458088259	4277
8	290	2868.815505996214	4282
8	303	2996.264424724689	4283
8	309	3048.731518548534	4285
8	317	3100.721454574109	4284
8	320	3125.050356041445	4287
8	326	3175.035863709913	4286
8	339	3322.795009907922	4289
8	347	3396.019931468276	4291
8	354	3453.722551985447	4292
8	356	3484.51061304102	4290
8	363	3528.460673350532	4294
8	379	3720.683637359984	4293
8	385	3780.682422902664	4296
8	392	3852.602950786194	4298
8	398	3909.542264752225	4297
8	402	3937.787852745279	4300
8	411	4037.003227127919	4299
8	439	4384.694745232263	4303
8	442	4395.794179914109	4304
8	446	4432.78082906958	4302
8	461	4518.269034377188	4305
8	467	4551.47663303928	4307
8	474	4599.720696288388	4309
8	476	4615.93567452374	4310
8	482	4649.004590443647	4306
8	488	4677.587056681469	4308
8	501	4761.421121029452	4313
8	513	4827.272047917297	4311
8	518	4856.358702760442	4317
8	525	4915.777505470287	4318
8	531	4931.309924161376	4315
8	567	5468.203191821791	4322
8	569	5488.573600431342	4323
8	573	5556.476099810998	4320
8	593	5841.46229196732	4325
8	601	5952.830466829744	4327
8	612	6138.200316355927	4329
8	626	6272.543596174051	4332
8	628	6277.859280387198	4333
8	644	6422.450033869	4330
8	652	6496.436073099896	4335
8	666	6733.455484112903	4338
8	671	6781.229292820731	4340
8	706	7278.536917451695	4346
8	711	7313.856119554092	4347
8	726	7655.021384113547	4348
8	756	7907.855758827852	4350
8	759	7913.855758827852	4352
8	763	7924.697164661461	4353
8	769	8001.388475185871	4354
8	786	8125.43834439471	4355
8	792	8176.13743952718	4357
8	807	8302.558798523465	4361
8	809	8330.013856933422	4359
8	863	9008.916247175204	4369
8	868	9045.240803353484	4371
8	890	9228.792871069871	4376
8	892	9235.132876357362	4370
8	900	9297.757534820856	4374
8	902	9321.533718193139	4375
8	923	9558.937365202855	4378
8	930	9640.090696635874	4380
8	935	9730.029933700819	4381
8	938	9737.187898604003	4383
8	957	9984.904400017613	4384
8	959	10014.273220565538	4385
8	961	10019.541078742009	4386
8	965	10062.712974867109	4387
8	984	10212.466230684196	4391
8	1025	10537.901923593128	4394
8	1028	10556.853310336725	4395
8	1043	10684.790500662324	4398
8	1046	10744.41085461267	4397
8	1055	10777.113903093225	4402
8	1062	10859.826689288546	4400
8	1072	10957.417986747065	4399
8	1081	10992.204479931641	4405
8	1103	11213.266384181004	4407
8	1120	11449.209313059874	4409
8	1125	11511.016254726655	4412
8	1130	11535.389329088547	4411
8	1133	11564.190487668207	4413
8	1156	11730.223058680259	4416
8	1178	11884.354656317875	4420
8	1188	11950.87640193668	4419
8	1194	11995.062353107912	4421
8	1223	12400.934770034925	4427
8	1251	12610.662723212549	4431
8	1268	12727.528219398653	4436
8	1273	12742.786491933546	4435
8	1276	12771.395096139887	4437
8	1277	12777.395096139887	4438
8	1280	12808.512750781564	4434
8	1285	12837.007679215487	4439
8	1300	13031.944725655	4440
8	1304	13065.138218913001	4441
8	1321	13286.136916924879	4442
8	1334	13509.8869904655	4444
8	1353	13661.544275937543	4449
8	1358	13729.406459266101	4450
8	1377	13862.067677180848	4453
8	1391	13958.364227789106	4456
8	1398	13985.983712010812	4454
8	1400	14001.270996139195	4455
8	1412	14077.780449927666	4457
8	1429	14222.840309376077	4461
8	1433	14237.202158816452	4458
8	1456	14479.33710384579	4466
8	1483	14750.463329606788	4469
8	1498	14972.392228410946	4470
8	1503	15034.225665568949	4471
8	1519	15248.495694269579	4474
8	1537	15470.477183962008	4475
8	1545	15566.661996811988	4476
8	1562	15735.609244009198	4481
8	1564	15762.342094981035	4479
8	1572	15905.500296281563	4480
8	1592	16119.639008843031	4483
8	1600	16193.86802142815	4486
8	1605	16239.71427158483	4484
8	1617	16388.102929526391	4489
8	1633	16672.878001187402	4492
8	1646	16829.628022937525	4495
8	1653	16917.218456302123	4494
8	1660	17010.14009847889	4497
8	1678	17237.252482484916	4498
8	1682	17286.888949371792	4499
8	1684	17313.259925663425	4500
8	1691	17360.670153161799	4503
8	1699	17450.529296424311	4502
8	1704	17513.307900495696	4504
8	1712	17602.28518567876	4505
8	1717	17660.901974270067	4506
8	1748	18308.075655078179	4510
8	1754	18380.68226114143	4512
8	1759	18478.476248785961	4513
8	1773	18685.183770714285	4515
8	1791	19069.028536570603	4518
8	1805	19268.18784517458	4520
8	1816	19383.243943083383	4521
8	1832	19548.883593425963	4525
8	1842	19628.589884362287	4527
8	1849	19693.141461513655	4524
8	1861	19876.243498175928	4529
8	1865	19895.631351595113	4530
9	140	1000.232876650341	1
9	141	1003.232876650341	0
9	142	1003.309790213928	1
9	144	1006.309790213928	0
9	152	1106.057649968402	1
9	155	1109.057649968402	0
9	169	1308.492474172006	1
9	170	1311.492474172006	0
9	174	1350.338554494882	1
9	175	1353.338554494882	0
9	190	1527.202432459825	1
9	191	1530.202432459825	0
9	203	1861.01209442724	1
9	204	1864.01209442724	0
9	208	1894.076945969729	1
9	210	1897.076945969729	0
9	232	2080.501428938207	1
9	233	2083.501428938207	0
9	243	2200.811490564567	1
9	244	2203.811490564567	0
9	245	2204.98069490409	1
9	246	2207.98069490409	0
9	257	2445.658359013281	1
9	258	2448.658359013281	0
9	271	2663.562519359682	1
9	272	2666.562519359682	0
9	273	2702.097458088259	1
9	275	2705.097458088259	0
9	285	2809.030308628582	1
9	286	2812.030308628582	0
9	302	2994.721454574109	1
9	304	2997.721454574109	0
9	310	3069.035863709913	1
9	312	3072.035863709913	0
9	322	3148.731518548534	1
9	323	3151.731518548534	0
9	344	3378.51061304102	1
9	345	3381.51061304102	0
9	349	3422.795009907922	1
9	351	3425.795009907922	0
9	364	3553.722551985447	1
9	365	3556.722551985447	0
9	369	3614.683637359984	1
9	370	3617.683637359984	0
9	371	3628.460673350532	1
9	372	3631.460673350532	0
9	386	3803.542264752225	1
9	387	3806.542264752225	0
9	399	3931.003227127919	1
9	400	3934.003227127919	0
9	412	4037.787852745279	1
9	413	4040.787852745279	0
9	432	4326.78082906958	1
9	433	4329.78082906958	0
9	443	4412.269034377188	1
9	444	4415.269034377188	0
9	449	4445.47663303928	1
9	450	4448.47663303928	0
9	453	4484.694745232263	1
9	454	4487.694745232263	0
9	455	4493.720696288388	1
9	457	4496.720696288388	0
9	464	4543.004590443647	1
9	465	4546.004590443647	0
9	469	4571.587056681469	1
9	470	4574.587056681469	0
9	494	4721.272047917297	1
9	495	4724.272047917297	0
9	512	4825.309924161376	1
9	514	4828.309924161376	0
9	515	4834.868281909169	1
9	516	4837.868281909169	0
9	522	4907.250589425165	1
9	523	4910.250589425165	0
9	534	4956.358702760442	1
9	535	4959.358702760442	0
9	558	5362.203191821791	1
9	559	5365.203191821791	0
9	561	5450.476099810998	1
9	563	5453.476099810998	0
9	574	5559.932249683789	1
9	575	5562.932249683789	0
9	589	5758.655101444577	1
9	590	5761.655101444577	0
9	606	6052.830466829744	1
9	607	6055.830466829744	0
9	621	6238.200316355927	1
9	622	6241.200316355927	0
9	623	6249.585563985696	1
9	624	6252.585563985696	0
9	630	6316.450033869	1
9	631	6319.450033869	0
9	639	6377.859280387198	1
9	640	6380.859280387198	0
9	645	6428.709485123245	1
9	646	6431.709485123245	0
9	647	6441.11482976549	1
9	648	6444.11482976549	0
9	658	6626.568579995544	1
9	659	6629.568579995544	0
9	668	6775.713663701657	1
9	670	6778.713663701657	0
9	678	6881.229292820731	1
9	679	6884.229292820731	0
9	715	7413.856119554092	1
9	716	7416.856119554092	0
9	740	7801.855758827852	1
9	741	7802.852474431979	2
9	742	7804.855758827852	1
9	745	7810.855758827852	0
9	747	7818.697164661461	1
9	748	7821.697164661461	0
9	753	7895.388475185871	1
9	754	7898.388475185871	0
9	773	8019.43834439471	1
9	774	8022.43834439471	0
9	779	8070.13743952718	1
9	780	8073.13743952718	0
9	787	8156.24232173502	1
9	788	8159.24232173502	0
9	789	8161.09526296441	1
9	790	8164.09526296441	0
9	796	8224.013856933422	1
9	798	8227.013856933422	0
9	834	8602.440678726256	1
9	835	8605.440678726256	0
9	840	8694.235921481319	1
9	841	8697.235921481319	0
9	876	9129.132876357362	1
9	877	9132.132876357362	0
9	885	9191.757534820856	1
9	886	9194.757534820856	0
9	887	9215.533718193139	1
9	888	9218.533718193139	0
9	893	9239.362748031139	1
9	894	9242.362748031139	0
9	903	9328.792871069871	1
9	904	9331.792871069871	0
9	915	9452.937365202855	1
9	916	9455.937365202855	0
9	920	9534.090696635874	1
9	921	9537.090696635874	0
9	972	10119.541078742009	1
9	973	10122.541078742009	0
9	997	10308.085786160576	1
9	998	10311.085786160576	0
9	1012	10431.901923593128	1
9	1013	10434.901923593128	0
9	1015	10450.853310336725	1
9	1016	10453.853310336725	0
9	1018	10489.417740557456	1
9	1019	10492.417740557456	0
9	1034	10638.41085461267	1
9	1036	10641.41085461267	0
9	1049	10753.826689288546	1
9	1050	10756.826689288546	0
9	1051	10758.279231595376	1
9	1052	10761.279231595376	0
9	1058	10851.417986747065	1
9	1059	10854.417986747065	0
9	1094	11107.266384181004	1
9	1095	11110.266384181004	0
9	1117	11429.389329088547	1
9	1118	11432.389329088547	0
9	1149	11706.612437228635	1
9	1151	11709.612437228635	0
9	1160	11775.616573028758	1
9	1161	11778.616573028758	0
9	1165	11811.218649574278	1
9	1167	11814.218649574278	0
9	1173	11844.87640193668	1
9	1174	11847.87640193668	0
9	1205	12112.467381785187	1
9	1206	12115.467381785187	0
9	1207	12151.494752116897	1
9	1208	12154.494752116897	0
9	1219	12370.182810208887	1
9	1220	12373.182810208887	0
9	1228	12439.317160575322	1
9	1229	12442.317160575322	0
9	1233	12500.36428755922	1
9	1235	12503.36428755922	0
9	1236	12504.662723212549	1
9	1237	12507.662723212549	0
9	1262	12702.512750781564	1
9	1263	12705.512750781564	0
9	1270	12739.555843815007	1
9	1272	12742.555843815007	0
9	1288	12871.395096139887	1
9	1289	12874.395096139887	0
9	1309	13147.360761062677	1
9	1310	13150.360761062677	0
9	1313	13180.136916924879	1
9	1314	13183.136916924879	0
9	1327	13403.8869904655	1
9	1328	13406.8869904655	0
9	1360	13747.241868741994	1
9	1361	13750.241868741994	0
9	1371	13829.406459266101	1
9	1372	13832.406459266101	0
9	1395	13971.780449927666	1
9	1396	13974.780449927666	0
9	1407	14058.364227789106	1
9	1408	14061.364227789106	0
9	1418	14131.202158816452	1
9	1420	14134.202158816452	0
9	1434	14270.602893322305	1
9	1435	14273.602893322305	0
9	1458	14517.473442238458	1
9	1459	14520.473442238458	0
9	1463	14532.056399567175	1
9	1464	14535.056399567175	0
9	1469	14584.573523393379	1
9	1470	14587.573523393379	0
9	1472	14629.878275677177	1
9	1473	14632.878275677177	0
9	1493	14928.225665568949	1
9	1494	14931.225665568949	0
9	1522	15283.58118184607	1
9	1523	15286.58118184607	0
9	1527	15364.477183962008	1
9	1528	15367.477183962008	0
9	1534	15460.661996811988	1
9	1535	15463.661996811988	0
9	1559	15712.568022369235	1
9	1560	15715.568022369235	0
9	1565	15799.500296281563	1
9	1566	15802.500296281563	0
9	1584	16075.730665955809	1
9	1585	16078.730665955809	0
9	1588	16087.86802142815	1
9	1589	16090.86802142815	0
9	1593	16133.71427158483	1
9	1594	16136.71427158483	0
9	1601	16205.55875999516	1
9	1602	16208.55875999516	0
9	1624	16497.939946952066	1
9	1625	16500.939946952066	0
9	1634	16680.238093715541	1
9	1635	16683.238093715541	0
9	1643	16811.218456302123	1
9	1644	16814.218456302123	0
9	1649	16874.880018009045	1
9	1650	16877.880018009045	0
9	1667	17110.14009847889	1
9	1668	17113.14009847889	0
9	1670	17131.252482484916	1
9	1671	17134.252482484916	0
9	1685	17337.007538037913	1
9	1687	17340.007538037913	0
9	1688	17344.529296424311	1
9	1689	17347.529296424311	0
9	1694	17413.259925663425	1
9	1695	17416.259925663425	0
9	1700	17460.670153161799	1
9	1701	17463.670153161799	0
9	1718	17702.28518567876	1
9	1719	17705.28518567876	0
9	1739	18202.075655078179	1
9	1740	18205.075655078179	0
9	1743	18220.072926949011	1
9	1744	18223.072926949011	0
9	1760	18480.68226114143	1
9	1761	18483.68226114143	0
9	1774	18757.477185777664	1
9	1775	18760.477185777664	0
9	1778	18785.183770714285	1
9	1779	18788.183770714285	0
9	1782	18884.451644961407	1
9	1783	18887.451644961407	0
9	1797	19169.028536570603	1
9	1798	19172.028536570603	0
9	1807	19277.243943083383	1
9	1808	19280.243943083383	0
9	1812	19368.18784517458	1
9	1813	19371.18784517458	0
9	1834	19580.346433662058	1
9	1835	19583.346433662058	0
9	1837	19587.141461513655	1
9	1838	19590.141461513655	0
9	1851	19728.589884362287	1
9	1852	19731.589884362287	0
9	1853	19770.243498175928	1
9	1854	19773.243498175928	0
9	1862	19883.371901172491	1
9	1863	19886.371901172491	0
10	141	1003.232876650341	3
10	144	1006.309790213928	3
10	155	1109.057649968402	3
10	170	1311.492474172006	3
10	175	1353.338554494882	3
10	191	1530.202432459825	3
10	204	1864.01209442724	3
10	210	1897.076945969729	3
10	233	2083.501428938207	3
10	244	2203.811490564567	3
10	246	2207.98069490409	3
10	258	2448.658359013281	3
10	272	2666.562519359682	3
10	275	2705.097458088259	3
10	286	2812.030308628582	3
10	304	2997.721454574109	3
10	312	3072.035863709913	3
10	323	3151.731518548534	3
10	345	3381.51061304102	3
10	351	3425.795009907922	3
10	365	3556.722551985447	3
10	370	3617.683637359984	3
10	372	3631.460673350532	3
10	387	3806.542264752225	3
10	400	3934.003227127919	3
10	413	4040.787852745279	3
10	433	4329.78082906958	3
10	444	4415.269034377188	3
10	450	4448.47663303928	3
10	454	4487.694745232263	3
10	457	4496.720696288388	3
10	465	4546.004590443647	3
10	470	4574.587056681469	3
10	495	4724.272047917297	3
10	514	4828.309924161376	3
10	516	4837.868281909169	3
10	523	4910.250589425165	3
10	535	4959.358702760442	3
10	559	5365.203191821791	3
10	563	5453.476099810998	3
10	575	5562.932249683789	3
10	590	5761.655101444577	3
10	607	6055.830466829744	3
10	622	6241.200316355927	3
10	624	6252.585563985696	3
10	631	6319.450033869	3
10	640	6380.859280387198	3
10	646	6431.709485123245	3
10	648	6444.11482976549	3
10	659	6629.568579995544	3
10	670	6778.713663701657	3
10	679	6884.229292820731	3
10	716	7416.856119554092	3
10	742	7804.855758827852	3
10	745	7810.855758827852	8.003284395873
10	748	7821.697164661461	3
10	754	7898.388475185871	3
10	774	8022.43834439471	3
10	780	8073.13743952718	3
10	788	8159.24232173502	3
10	790	8164.09526296441	3
10	798	8227.013856933422	3
10	835	8605.440678726256	3
10	841	8697.235921481319	3
10	877	9132.132876357362	3
10	886	9194.757534820856	3
10	888	9218.533718193139	3
10	894	9242.362748031139	3
10	904	9331.792871069871	3
10	916	9455.937365202855	3
10	921	9537.090696635874	3
10	973	10122.541078742009	3
10	998	10311.085786160576	3
10	1013	10434.901923593128	3
10	1016	10453.853310336725	3
10	1019	10492.417740557456	3
10	1036	10641.41085461267	3
10	1050	10756.826689288546	3
10	1052	10761.279231595376	3
10	1059	10854.417986747065	3
10	1095	11110.266384181004	3
10	1118	11432.389329088547	3
10	1151	11709.612437228635	3
10	1161	11778.616573028758	3
10	1167	11814.218649574278	3
10	1174	11847.87640193668	3
10	1206	12115.467381785187	3
10	1208	12154.494752116897	3
10	1220	12373.182810208887	3
10	1229	12442.317160575322	3
10	1235	12503.36428755922	3
10	1237	12507.662723212549	3
10	1263	12705.512750781564	3
10	1272	12742.555843815007	3
10	1289	12874.395096139887	3
10	1310	13150.360761062677	3
10	1314	13183.136916924879	3
10	1328	13406.8869904655	3
10	1361	13750.241868741994	3
10	1372	13832.406459266101	3
10	1396	13974.780449927666	3
10	1408	14061.364227789106	3
10	1420	14134.202158816452	3
10	1435	14273.602893322305	3
10	1459	14520.473442238458	3
10	1464	14535.056399567175	3
10	1470	14587.573523393379	3
10	1473	14632.878275677177	3
10	1494	14931.225665568949	3
10	1523	15286.58118184607	3
10	1528	15367.477183962008	3
10	1535	15463.661996811988	3
10	1560	15715.568022369235	3
10	1566	15802.500296281563	3
10	1585	16078.730665955809	3
10	1589	16090.86802142815	3
10	1594	16136.71427158483	3
10	1602	16208.55875999516	3
10	1625	16500.939946952066	3
10	1635	16683.238093715541	3
10	1644	16814.218456302123	3
10	1650	16877.880018009045	3
10	1668	17113.14009847889	3
10	1671	17134.252482484916	3
10	1687	17340.007538037913	3
10	1689	17347.529296424311	3
10	1695	17416.259925663425	3
10	1701	17463.670153161799	3
10	1719	17705.28518567876	3
10	1740	18205.075655078179	3
10	1744	18223.072926949011	3
10	1761	18483.68226114143	3
10	1775	18760.477185777664	3
10	1779	18788.183770714285	3
10	1783	18887.451644961407	3
10	1798	19172.028536570603	3
10	1808	19280.243943083383	3
10	1813	19371.18784517458	3
10	1835	19583.346433662058	3
10	1838	19590.141461513655	3
10	1852	19731.589884362287	3
10	1854	19773.243498175928	3
10	1863	19886.371901172491	3
11	141	1003.232876650341	4255
11	144	1006.309790213928	4258
11	155	1109.057649968402	4260
11	170	1311.492474172006	4261
11	175	1353.338554494882	4262
11	191	1530.202432459825	4264
11	204	1864.01209442724	4267
11	210	1897.076945969729	4266
11	233	2083.501428938207	4270
11	244	2203.811490564567	4271
11	246	2207.98069490409	4274
11	258	2448.658359013281	4276
11	272	2666.562519359682	4279
11	275	2705.097458088259	4277
11	286	2812.030308628582	4278
11	304	2997.721454574109	4284
11	312	3072.035863709913	4286
11	323	3151.731518548534	4285
11	345	3381.51061304102	4290
11	351	3425.795009907922	4289
11	365	3556.722551985447	4292
11	370	3617.683637359984	4293
11	372	3631.460673350532	4294
11	387	3806.542264752225	4297
11	400	3934.003227127919	4299
11	413	4040.787852745279	4300
11	433	4329.78082906958	4302
11	444	4415.269034377188	4305
11	450	4448.47663303928	4307
11	454	4487.694745232263	4303
11	457	4496.720696288388	4309
11	465	4546.004590443647	4306
11	470	4574.587056681469	4308
11	495	4724.272047917297	4311
11	514	4828.309924161376	4315
11	516	4837.868281909169	4316
11	523	4910.250589425165	4314
11	535	4959.358702760442	4317
11	559	5365.203191821791	4322
11	563	5453.476099810998	4320
11	575	5562.932249683789	4321
11	590	5761.655101444577	4324
11	607	6055.830466829744	4327
11	622	6241.200316355927	4329
11	624	6252.585563985696	4331
11	631	6319.450033869	4330
11	640	6380.859280387198	4333
11	646	6431.709485123245	4336
11	648	6444.11482976549	4334
11	659	6629.568579995544	4337
11	670	6778.713663701657	4339
11	679	6884.229292820731	4340
11	716	7416.856119554092	4347
11	742	7804.855758827852	4350
11	745	7810.855758827852	4352
11	748	7821.697164661461	4353
11	754	7898.388475185871	4354
11	774	8022.43834439471	4355
11	780	8073.13743952718	4357
11	788	8159.24232173502	4356
11	790	8164.09526296441	4358
11	798	8227.013856933422	4359
11	835	8605.440678726256	4364
11	841	8697.235921481319	4366
11	877	9132.132876357362	4370
11	886	9194.757534820856	4374
11	888	9218.533718193139	4375
11	894	9242.362748031139	4373
11	904	9331.792871069871	4376
11	916	9455.937365202855	4378
11	921	9537.090696635874	4380
11	973	10122.541078742009	4386
11	998	10311.085786160576	4390
11	1013	10434.901923593128	4394
11	1016	10453.853310336725	4395
11	1019	10492.417740557456	4393
11	1036	10641.41085461267	4397
11	1050	10756.826689288546	4400
11	1052	10761.279231595376	4401
11	1059	10854.417986747065	4399
11	1095	11110.266384181004	4407
11	1118	11432.389329088547	4411
11	1151	11709.612437228635	4417
11	1161	11778.616573028758	4414
11	1167	11814.218649574278	4415
11	1174	11847.87640193668	4419
11	1206	12115.467381785187	4425
11	1208	12154.494752116897	4424
11	1220	12373.182810208887	4426
11	1229	12442.317160575322	4429
11	1235	12503.36428755922	4430
11	1237	12507.662723212549	4431
11	1263	12705.512750781564	4434
11	1272	12742.555843815007	4432
11	1289	12874.395096139887	4437
11	1310	13150.360761062677	4443
11	1314	13183.136916924879	4442
11	1328	13406.8869904655	4444
11	1361	13750.241868741994	4448
11	1372	13832.406459266101	4450
11	1396	13974.780449927666	4457
11	1408	14061.364227789106	4456
11	1420	14134.202158816452	4458
11	1435	14273.602893322305	4462
11	1459	14520.473442238458	4463
11	1464	14535.056399567175	4464
11	1470	14587.573523393379	4468
11	1473	14632.878275677177	4467
11	1494	14931.225665568949	4471
11	1523	15286.58118184607	4473
11	1528	15367.477183962008	4475
11	1535	15463.661996811988	4476
11	1560	15715.568022369235	4478
11	1566	15802.500296281563	4480
11	1585	16078.730665955809	4482
11	1589	16090.86802142815	4486
11	1594	16136.71427158483	4484
11	1602	16208.55875999516	4487
11	1625	16500.939946952066	4490
11	1635	16683.238093715541	4491
11	1644	16814.218456302123	4494
11	1650	16877.880018009045	4493
11	1668	17113.14009847889	4497
11	1671	17134.252482484916	4498
11	1687	17340.007538037913	4501
11	1689	17347.529296424311	4502
11	1695	17416.259925663425	4500
11	1701	17463.670153161799	4503
11	1719	17705.28518567876	4505
11	1740	18205.075655078179	4510
11	1744	18223.072926949011	4509
11	1761	18483.68226114143	4512
11	1775	18760.477185777664	4516
11	1779	18788.183770714285	4515
11	1783	18887.451644961407	4514
11	1798	19172.028536570603	4518
11	1808	19280.243943083383	4521
11	1813	19371.18784517458	4520
11	1835	19583.346433662058	4523
11	1838	19590.141461513655	4524
11	1852	19731.589884362287	4527
11	1854	19773.243498175928	4529
11	1863	19886.371901172491	4528
12	164	1209.309790213928	306
12	307	3035.485344719546	306
12	325	3174.815505996214	409
12	416	4086.682422902664	409
12	423	4158.602950786194	409
12	604	6016.805291198047	203
12	689	7039.455484112903	409
12	704	7248.994022852393	306
12	813	8367.09526296441	306
12	828	8542.12044266725	306
12	858	8943.447950557931	306
12	908	9372.292040629555	203
12	962	10036.029933700819	409
12	1000	10320.273220565538	409
12	1004	10368.712974867109	409
12	1032	10608.790396497384	203
12	1076	10964.279231595376	306
12	1089	11083.113903093225	409
12	1100	11195.217568489207	203
12	1106	11298.204479931641	409
12	1143	11628.629073703421	306
12	1184	11941.353954805385	306
12	1252	12624.508162813985	306
12	1278	12792.485775417172	306
12	1324	13371.138218913001	409
12	1432	14237.025744676221	306
12	1461	14528.840309376077	409
12	1486	14790.573523393379	306
12	1516	15201.83539138756	306
12	1665	17057.640939278814	306
12	1706	17543.007538037913	306
12	1850	19725.212284332041	203
13	164	1209.309790213928	6
13	307	3035.485344719546	6
13	325	3174.815505996214	9
13	416	4086.682422902664	9
13	423	4158.602950786194	9
13	604	6016.805291198047	3
13	689	7039.455484112903	9
13	704	7248.994022852393	6
13	813	8367.09526296441	6
13	828	8542.12044266725	6
13	858	8943.447950557931	6
13	908	9372.292040629555	3
13	962	10036.029933700819	9
13	1000	10320.273220565538	9
13	1004	10368.712974867109	9
13	1032	10608.790396497384	3
13	1076	10964.279231595376	6
13	1089	11083.113903093225	9
13	1100	11195.217568489207	3
13	1106	11298.204479931641	9
13	1143	11628.629073703421	6
13	1184	11941.353954805385	6
13	1252	12624.508162813985	6
13	1278	12792.485775417172	6
13	1324	13371.138218913001	9
13	1432	14237.025744676221	6
13	1461	14528.840309376077	9
13	1486	14790.573523393379	6
13	1516	15201.83539138756	6
13	1665	17057.640939278814	6
13	1706	17543.007538037913	6
13	1850	19725.212284332041	3
14	164	1209.309790213928	2
14	307	3035.485344719546	2
14	325	3174.815505996214	3
14	416	4086.682422902664	3
14	423	4158.602950786194	3
14	604	6016.805291198047	1
14	689	7039.455484112903	3
14	704	7248.994022852393	2
14	813	8367.09526296441	2
14	828	8542.12044266725	2
14	858	8943.447950557931	2
14	908	9372.292040629555	1
14	962	10036.029933700819	3
14	1000	10320.273220565538	3
14	1004	10368.712974867109	3
14	1032	10608.790396497384	1
14	1076	10964.279231595376	2
14	1089	11083.113903093225	3
14	1100	11195.217568489207	1
14	1106	11298.204479931641	3
14	1143	11628.629073703421	2
14	1184	11941.353954805385	2
14	1252	12624.508162813985	2
14	1278	12792.485775417172	2
14	1324	13371.138218913001	3
14	1432	14237.025744676221	2
14	1461	14528.840309376077	3
14	1486	14790.573523393379	2
14	1516	15201.83539138756	2
14	1665	17057.640939278814	2
14	1706	17543.007538037913	2
14	1850	19725.212284332041	1
15	160	1152.82879765581	306
15	192	1550.480512512837	203
15	195	1617.492474172006	409
15	261	2516.270082475075	306
15	283	2807.556887956582	203
15	327	3199.264424724689	306
15	342	3334.050356041445	310.52846901764
15	434	4333.448355828561	306
15	617	6180.203240243666	306
15	649	6475.543596174051	306
15	695	7109.036111539392	203
15	783	8116.855758827852	414.00328439587
15	814	8397.21158924476	203
15	839	8677.017204998917	203
15	917	9500.757534820856	409
15	947	9843.090696635874	409
15	954	9939.029933700819	309.48002466488
15	1009	10403.178645462464	306
15	1020	10495.716126261454	306
15	1044	10740.901923593128	409
15	1077	10969.932170608148	203
15	1114	11416.266384181004	409
15	1196	12043.826385650835	203
15	1281	12813.662723212549	409
15	1316	13234.944725655	306
15	1354	13709.435378260763	306
15	1359	13737.795181726961	306
15	1393	13962.923478799345	306
15	1517	15237.225665568949	409
15	1727	17863.901974270067	306
15	1745	18243.654217893824	306
15	1771	18681.476248785961	306
16	160	1152.82879765581	6
16	192	1550.480512512837	3
16	195	1617.492474172006	9
16	261	2516.270082475075	6
16	283	2807.556887956582	3
16	327	3199.264424724689	6
16	342	3334.050356041445	10.528469017645
16	434	4333.448355828561	6
16	617	6180.203240243666	6
16	649	6475.543596174051	6
16	695	7109.036111539392	3
16	783	8116.855758827852	14.003284395873
16	814	8397.21158924476	3
16	839	8677.017204998917	3
16	917	9500.757534820856	9
16	947	9843.090696635874	9
16	954	9939.029933700819	9.480024664878
16	1009	10403.178645462464	6
16	1020	10495.716126261454	6
16	1044	10740.901923593128	9
16	1077	10969.932170608148	3
16	1114	11416.266384181004	9
16	1196	12043.826385650835	3
16	1281	12813.662723212549	9
16	1316	13234.944725655	6
16	1354	13709.435378260763	6
16	1359	13737.795181726961	6
16	1393	13962.923478799345	6
16	1517	15237.225665568949	9
16	1727	17863.901974270067	6
16	1745	18243.654217893824	6
16	1771	18681.476248785961	6
17	160	1152.82879765581	2
17	192	1550.480512512837	1
17	195	1617.492474172006	3
17	261	2516.270082475075	2
17	283	2807.556887956582	1
17	327	3199.264424724689	2
17	342	3334.050356041445	2
17	434	4333.448355828561	2
17	617	6180.203240243666	2
17	649	6475.543596174051	2
17	695	7109.036111539392	1
17	783	8116.855758827852	3
17	814	8397.21158924476	1
17	839	8677.017204998917	1
17	917	9500.757534820856	3
17	947	9843.090696635874	3
17	954	9939.029933700819	2
17	1009	10403.178645462464	2
17	1020	10495.716126261454	2
17	1044	10740.901923593128	3
17	1077	10969.932170608148	1
17	1114	11416.266384181004	3
17	1196	12043.826385650835	1
17	1281	12813.662723212549	3
17	1316	13234.944725655	2
17	1354	13709.435378260763	2
17	1359	13737.795181726961	2
17	1393	13962.923478799345	2
17	1517	15237.225665568949	3
17	1727	17863.901974270067	2
17	1745	18243.654217893824	2
17	1771	18681.476248785961	2
18	166	1243.234890078291	306
18	194	1586.360046797887	306
18	239	2129.071910428997	306
18	405	3956.94832199465	306
18	428	4240.003227127919	409
18	473	4598.794179914109	306
18	493	4721.269034377188	409
18	521	4866.285373284001	306
18	549	5134.309924161376	409
18	585	5671.203191821791	409
18	586	5691.573600431342	306
18	752	7890.131967982226	306
18	757	7908.671250705879	306
18	795	8204.388475185871	409
18	869	9064.881001720115	306
18	895	9248.240803353484	306
18	898	9288.748418290872	306
18	1003	10354.328040858537	306
18	1088	11062.826689288546	409
18	1210	12187.03723847324	306
18	1379	13864.544275937543	306
18	1402	14024.437881815399	306
18	1558	15707.374854828166	306
18	1615	16375.677082514082	203
18	1669	17120.218456302123	409
18	1715	17653.529296424311	409
18	1729	17943.952018499457	306
18	1757	18412.889325039794	306
18	1762	18511.075655078179	409
18	1836	19586.243943083383	409
19	166	1243.234890078291	6
19	194	1586.360046797887	6
19	239	2129.071910428997	6
19	405	3956.94832199465	6
19	428	4240.003227127919	9
19	473	4598.794179914109	6
19	493	4721.269034377188	9
19	521	4866.285373284001	6
19	549	5134.309924161376	9
19	585	5671.203191821791	9
19	586	5691.573600431342	6
19	752	7890.131967982226	6
19	757	7908.671250705879	6
19	795	8204.388475185871	9
19	869	9064.881001720115	6
19	895	9248.240803353484	6
19	898	9288.748418290872	6
19	1003	10354.328040858537	6
19	1088	11062.826689288546	9
19	1210	12187.03723847324	6
19	1379	13864.544275937543	6
19	1402	14024.437881815399	6
19	1558	15707.374854828166	6
19	1615	16375.677082514082	3
19	1669	17120.218456302123	9
19	1715	17653.529296424311	9
19	1729	17943.952018499457	6
19	1757	18412.889325039794	6
19	1762	18511.075655078179	9
19	1836	19586.243943083383	9
20	166	1243.234890078291	2
20	194	1586.360046797887	2
20	239	2129.071910428997	2
20	405	3956.94832199465	2
20	428	4240.003227127919	3
20	473	4598.794179914109	2
20	493	4721.269034377188	3
20	521	4866.285373284001	2
20	549	5134.309924161376	3
20	585	5671.203191821791	3
20	586	5691.573600431342	2
20	752	7890.131967982226	2
20	757	7908.671250705879	2
20	795	8204.388475185871	3
20	869	9064.881001720115	2
20	895	9248.240803353484	2
20	898	9288.748418290872	2
20	1003	10354.328040858537	2
20	1088	11062.826689288546	3
20	1210	12187.03723847324	2
20	1379	13864.544275937543	2
20	1402	14024.437881815399	2
20	1558	15707.374854828166	2
20	1615	16375.677082514082	1
20	1669	17120.218456302123	3
20	1715	17653.529296424311	3
20	1729	17943.952018499457	2
20	1757	18412.889325039794	2
20	1762	18511.075655078179	3
20	1836	19586.243943083383	3
21	161	1206.232876650341	409
21	193	1556.338554494882	306
21	230	2067.01209442724	306
21	231	2074.501428938207	306
21	249	2239.040803714764	306
21	335	3275.035863709913	306
21	366	3584.51061304102	306
21	483	4651.47663303928	306
21	489	4699.720696288388	306
21	529	4927.272047917297	409
21	653	6522.450033869	409
21	657	6596.436073099896	306
21	775	8024.697164661461	306
21	797	8225.43834439471	409
21	803	8276.13743952718	306
21	818	8430.013856933422	306
21	873	9108.916247175204	306
21	931	9658.937365202855	306
21	1056	10784.790500662324	306
21	1085	11057.417986747065	409
21	1131	11549.209313059874	306
21	1169	11830.223058680259	306
21	1234	12500.934770034925	203
21	1290	12877.395096139887	206.1507555016
21	1295	12937.007679215487	203
21	1425	14177.780449927666	306
21	1442	14337.202158816452	409
21	1505	15072.392228410946	306
21	1610	16293.86802142815	306
21	1613	16339.71427158483	409
21	1655	16929.628022937525	203
21	1843	19648.883593425963	203
21	1858	19793.141461513655	409
21	1867	19976.243498175928	306
22	161	1206.232876650341	9
22	193	1556.338554494882	6
22	230	2067.01209442724	6
22	231	2074.501428938207	6
22	249	2239.040803714764	6
22	335	3275.035863709913	6
22	366	3584.51061304102	6
22	483	4651.47663303928	6
22	489	4699.720696288388	6
22	529	4927.272047917297	9
22	653	6522.450033869	9
22	657	6596.436073099896	6
22	775	8024.697164661461	6
22	797	8225.43834439471	9
22	803	8276.13743952718	6
22	818	8430.013856933422	6
22	873	9108.916247175204	6
22	931	9658.937365202855	6
22	1056	10784.790500662324	6
22	1085	11057.417986747065	9
22	1131	11549.209313059874	6
22	1169	11830.223058680259	6
22	1234	12500.934770034925	3
22	1290	12877.395096139887	6.150755501598
22	1295	12937.007679215487	3
22	1425	14177.780449927666	6
22	1442	14337.202158816452	9
22	1505	15072.392228410946	6
22	1610	16293.86802142815	6
22	1613	16339.71427158483	9
22	1655	16929.628022937525	3
22	1843	19648.883593425963	3
22	1858	19793.141461513655	9
22	1867	19976.243498175928	6
23	161	1206.232876650341	3
23	193	1556.338554494882	2
23	230	2067.01209442724	2
23	231	2074.501428938207	2
23	249	2239.040803714764	2
23	335	3275.035863709913	2
23	366	3584.51061304102	2
23	483	4651.47663303928	2
23	489	4699.720696288388	2
23	529	4927.272047917297	3
23	653	6522.450033869	3
23	657	6596.436073099896	2
23	775	8024.697164661461	2
23	797	8225.43834439471	3
23	803	8276.13743952718	2
23	818	8430.013856933422	2
23	873	9108.916247175204	2
23	931	9658.937365202855	2
23	1056	10784.790500662324	2
23	1085	11057.417986747065	3
23	1131	11549.209313059874	2
23	1169	11830.223058680259	2
23	1234	12500.934770034925	1
23	1290	12877.395096139887	1
23	1295	12937.007679215487	1
23	1425	14177.780449927666	2
23	1442	14337.202158816452	3
23	1505	15072.392228410946	2
23	1610	16293.86802142815	2
23	1613	16339.71427158483	3
23	1655	16929.628022937525	1
23	1843	19648.883593425963	1
23	1858	19793.141461513655	3
23	1867	19976.243498175928	2
24	270	2651.658359013281	306
24	293	2908.097458088259	409
24	328	3200.721454574109	306
24	388	3820.683637359984	409
24	408	4009.542264752225	306
24	463	4532.78082906958	409
24	498	4749.004590443647	409
24	504	4777.587056681469	409
24	582	5656.476099810998	409
24	599	5941.46229196732	306
24	770	8007.855758827852	409
24	905	9335.132876357362	409
24	912	9421.533718193139	306
24	945	9837.187898604003	203
24	966	10084.904400017613	306
24	999	10312.466230684196	203
24	1039	10656.853310336725	306
24	1057	10844.41085461267	409
24	1145	11635.389329088547	306
24	1146	11664.190487668207	203
24	1198	12050.87640193668	306
24	1204	12095.062353107912	306
24	1287	12842.786491933546	306
24	1291	12908.512750781564	409
24	1325	13386.136916924879	409
24	1343	13609.8869904655	409
24	1413	14085.983712010812	306
24	1414	14101.270996139195	306
24	1546	15570.477183962008	409
24	1555	15666.661996811988	306
24	1568	15835.609244009198	203
24	1569	15862.342094981035	306
24	1579	16005.500296281563	409
24	1603	16219.639008843031	306
24	1623	16488.102929526391	306
24	1640	16772.878001187402	306
24	1686	17337.252482484916	409
24	1692	17386.888949371792	306
24	1713	17613.307900495696	203
25	270	2651.658359013281	6
25	293	2908.097458088259	9
25	328	3200.721454574109	6
25	388	3820.683637359984	9
25	408	4009.542264752225	6
25	463	4532.78082906958	9
25	498	4749.004590443647	9
25	504	4777.587056681469	9
25	582	5656.476099810998	9
25	599	5941.46229196732	6
25	770	8007.855758827852	9
25	905	9335.132876357362	9
25	912	9421.533718193139	6
25	945	9837.187898604003	3
25	966	10084.904400017613	6
25	999	10312.466230684196	3
25	1039	10656.853310336725	6
25	1057	10844.41085461267	9
25	1145	11635.389329088547	6
25	1146	11664.190487668207	3
25	1198	12050.87640193668	6
25	1204	12095.062353107912	6
25	1287	12842.786491933546	6
25	1291	12908.512750781564	9
25	1325	13386.136916924879	9
25	1343	13609.8869904655	9
25	1413	14085.983712010812	6
25	1414	14101.270996139195	6
25	1546	15570.477183962008	9
25	1555	15666.661996811988	6
25	1568	15835.609244009198	3
25	1569	15862.342094981035	6
25	1579	16005.500296281563	9
25	1603	16219.639008843031	6
25	1623	16488.102929526391	6
25	1640	16772.878001187402	6
25	1686	17337.252482484916	9
25	1692	17386.888949371792	6
25	1713	17613.307900495696	3
26	270	2651.658359013281	2
26	293	2908.097458088259	3
26	328	3200.721454574109	2
26	388	3820.683637359984	3
26	408	4009.542264752225	2
26	463	4532.78082906958	3
26	498	4749.004590443647	3
26	504	4777.587056681469	3
26	582	5656.476099810998	3
26	599	5941.46229196732	2
26	770	8007.855758827852	3
26	905	9335.132876357362	3
26	912	9421.533718193139	2
26	945	9837.187898604003	1
26	966	10084.904400017613	2
26	999	10312.466230684196	1
26	1039	10656.853310336725	2
26	1057	10844.41085461267	3
26	1145	11635.389329088547	2
26	1146	11664.190487668207	1
26	1198	12050.87640193668	2
26	1204	12095.062353107912	2
26	1287	12842.786491933546	2
26	1291	12908.512750781564	3
26	1325	13386.136916924879	3
26	1343	13609.8869904655	3
26	1413	14085.983712010812	2
26	1414	14101.270996139195	2
26	1546	15570.477183962008	3
26	1555	15666.661996811988	2
26	1568	15835.609244009198	1
26	1569	15862.342094981035	2
26	1579	16005.500296281563	3
26	1603	16219.639008843031	2
26	1623	16488.102929526391	2
26	1640	16772.878001187402	2
26	1686	17337.252482484916	3
26	1692	17386.888949371792	2
26	1713	17613.307900495696	1
27	196	1630.202432459825	306
27	222	1997.076945969729	306
27	242	2183.501428938207	310.8899608491
27	250	2303.811490564567	409
27	251	2307.98069490409	203
27	294	2912.030308628582	409
27	374	3656.722551985447	306
27	380	3731.460673350532	306
27	422	4140.787852745279	306
27	471	4587.694745232263	306
27	584	5662.932249683789	409
27	595	5861.655101444577	409
27	635	6341.200316355927	306
27	650	6480.859280387198	306
27	656	6544.11482976549	306
27	677	6878.713663701657	203
27	686	6984.229292820731	306
27	719	7516.856119554092	306
27	913	9431.792871069871	306
27	987	10222.541078742009	306
27	1011	10411.085786160576	306
27	1031	10592.417740557456	306
27	1182	11914.218649574278	409
27	1213	12254.494752116897	306
27	1286	12842.555843815007	409
27	1389	13932.406459266101	306
27	1444	14373.602893322305	203
27	1481	14732.878275677177	306
27	1612	16308.55875999516	203
27	1630	16600.939946952066	306
27	1642	16783.238093715541	409
27	1705	17516.259925663425	306
27	1710	17563.670153161799	306
27	1751	18323.072926949011	306
27	1767	18583.68226114143	306
27	1780	18860.477185777664	203
27	1806	19272.028536570603	306
27	1821	19471.18784517458	306
27	1868	19986.371901172491	409
28	196	1630.202432459825	6
28	222	1997.076945969729	6
28	242	2183.501428938207	10.889960849095
28	250	2303.811490564567	9
28	251	2307.98069490409	3
28	294	2912.030308628582	9
28	374	3656.722551985447	6
28	380	3731.460673350532	6
28	422	4140.787852745279	6
28	471	4587.694745232263	6
28	584	5662.932249683789	9
28	595	5861.655101444577	9
28	635	6341.200316355927	6
28	650	6480.859280387198	6
28	656	6544.11482976549	6
28	677	6878.713663701657	3
28	686	6984.229292820731	6
28	719	7516.856119554092	6
28	913	9431.792871069871	6
28	987	10222.541078742009	6
28	1011	10411.085786160576	6
28	1031	10592.417740557456	6
28	1182	11914.218649574278	9
28	1213	12254.494752116897	6
28	1286	12842.555843815007	9
28	1389	13932.406459266101	6
28	1444	14373.602893322305	3
28	1481	14732.878275677177	6
28	1612	16308.55875999516	3
28	1630	16600.939946952066	6
28	1642	16783.238093715541	9
28	1705	17516.259925663425	6
28	1710	17563.670153161799	6
28	1751	18323.072926949011	6
28	1767	18583.68226114143	6
28	1780	18860.477185777664	3
28	1806	19272.028536570603	6
28	1821	19471.18784517458	6
28	1868	19986.371901172491	9
29	196	1630.202432459825	2
29	222	1997.076945969729	2
29	242	2183.501428938207	2
29	250	2303.811490564567	3
29	251	2307.98069490409	1
29	294	2912.030308628582	3
29	374	3656.722551985447	2
29	380	3731.460673350532	2
29	422	4140.787852745279	2
29	471	4587.694745232263	2
29	584	5662.932249683789	3
29	595	5861.655101444577	3
29	635	6341.200316355927	2
29	650	6480.859280387198	2
29	656	6544.11482976549	2
29	677	6878.713663701657	1
29	686	6984.229292820731	2
29	719	7516.856119554092	2
29	913	9431.792871069871	2
29	987	10222.541078742009	2
29	1011	10411.085786160576	2
29	1031	10592.417740557456	2
29	1182	11914.218649574278	3
29	1213	12254.494752116897	2
29	1286	12842.555843815007	3
29	1389	13932.406459266101	2
29	1444	14373.602893322305	1
29	1481	14732.878275677177	2
29	1612	16308.55875999516	1
29	1630	16600.939946952066	2
29	1642	16783.238093715541	3
29	1705	17516.259925663425	2
29	1710	17563.670153161799	2
29	1751	18323.072926949011	2
29	1767	18583.68226114143	2
29	1780	18860.477185777664	1
29	1806	19272.028536570603	2
29	1821	19471.18784517458	2
29	1868	19986.371901172491	3
30	281	2766.562519359682	203
30	334	3251.731518548534	306
30	362	3525.795009907922	306
30	538	5010.250589425165	306
30	545	5059.358702760442	306
30	614	6155.830466829744	306
30	636	6352.585563985696	203
30	655	6531.709485123245	203
30	800	8259.24232173502	409
30	842	8705.440678726256	306
30	906	9342.362748031139	306
30	1175	11878.616573028758	409
30	1212	12215.467381785187	203
30	1230	12473.182810208887	306
30	1243	12542.317160575322	203
30	1297	12974.395096139887	306
30	1317	13250.360761062677	203
30	1373	13850.241868741994	306
30	1422	14161.364227789106	306
30	1471	14620.473442238458	409
30	1474	14635.056399567175	409
30	1529	15386.58118184607	409
30	1567	15815.568022369235	409
30	1596	16178.730665955809	306
30	1658	16977.880018009045	306
30	1675	17213.14009847889	306
30	1724	17805.28518567876	306
30	1784	18888.183770714285	306
30	1788	18987.451644961407	409
30	1847	19683.346433662058	306
30	1859	19831.589884362287	306
31	281	2766.562519359682	3
31	334	3251.731518548534	6
31	362	3525.795009907922	6
31	538	5010.250589425165	6
31	545	5059.358702760442	6
31	614	6155.830466829744	6
31	636	6352.585563985696	3
31	655	6531.709485123245	3
31	800	8259.24232173502	9
31	842	8705.440678726256	6
31	906	9342.362748031139	6
31	1175	11878.616573028758	9
31	1212	12215.467381785187	3
31	1230	12473.182810208887	6
31	1243	12542.317160575322	3
31	1297	12974.395096139887	6
31	1317	13250.360761062677	3
31	1373	13850.241868741994	6
31	1422	14161.364227789106	6
31	1471	14620.473442238458	9
31	1474	14635.056399567175	9
31	1529	15386.58118184607	9
31	1567	15815.568022369235	9
31	1596	16178.730665955809	6
31	1658	16977.880018009045	6
31	1675	17213.14009847889	6
31	1724	17805.28518567876	6
31	1784	18888.183770714285	6
31	1788	18987.451644961407	9
31	1847	19683.346433662058	6
31	1859	19831.589884362287	6
32	281	2766.562519359682	1
32	334	3251.731518548534	2
32	362	3525.795009907922	2
32	538	5010.250589425165	2
32	545	5059.358702760442	2
32	614	6155.830466829744	2
32	636	6352.585563985696	1
32	655	6531.709485123245	1
32	800	8259.24232173502	3
32	842	8705.440678726256	2
32	906	9342.362748031139	2
32	1175	11878.616573028758	3
32	1212	12215.467381785187	1
32	1230	12473.182810208887	2
32	1243	12542.317160575322	1
32	1297	12974.395096139887	2
32	1317	13250.360761062677	1
32	1373	13850.241868741994	2
32	1422	14161.364227789106	2
32	1471	14620.473442238458	3
32	1474	14635.056399567175	3
32	1529	15386.58118184607	3
32	1567	15815.568022369235	3
32	1596	16178.730665955809	2
32	1658	16977.880018009045	2
32	1675	17213.14009847889	2
32	1724	17805.28518567876	2
32	1784	18888.183770714285	2
32	1788	18987.451644961407	3
32	1847	19683.346433662058	2
32	1859	19831.589884362287	2
33	157	1118.468006823062	306
33	171	1312.057649968402	306
33	248	2225.219957626024	306
33	352	3431.050356041445	409
33	376	3702.019931468276	409
33	528	4921.93567452374	409
33	541	5020.497085068847	203
33	544	5040.868281909169	306
33	546	5067.421121029452	409
33	550	5221.777505470287	409
33	672	6832.568579995544	306
33	684	6944.669021885706	203
33	707	7288.648835552457	306
33	714	7404.160009080841	306
33	722	7584.536917451695	409
33	766	7961.021384113547	409
33	836	8608.558798523465	409
33	838	8672.783047874465	306
33	853	8900.235921481319	306
33	932	9714.023225286257	306
33	1098	11161.887201444112	306
33	1104	11214.627003538228	203
33	1168	11817.016254726655	409
33	1181	11912.612437228635	306
33	1211	12190.354656317875	409
33	1264	12706.36428755922	306
33	1301	13033.528219398653	409
33	1356	13724.640956460856	306
33	1423	14168.067677180848	409
33	1426	14206.847342104177	203
33	1476	14653.277796321105	306
33	1485	14785.33710384579	409
33	1504	15056.463329606788	409
33	1542	15554.495694269579	409
33	1598	16185.880875003957	203
33	1800	19183.012347031851	306
33	1811	19357.827035206663	306
33	1828	19517.432633635331	306
34	157	1118.468006823062	6
34	171	1312.057649968402	6
34	248	2225.219957626024	6
34	352	3431.050356041445	9
34	376	3702.019931468276	9
34	528	4921.93567452374	9
34	541	5020.497085068847	3
34	544	5040.868281909169	6
34	546	5067.421121029452	9
34	550	5221.777505470287	9
34	672	6832.568579995544	6
34	684	6944.669021885706	3
34	707	7288.648835552457	6
34	714	7404.160009080841	6
34	722	7584.536917451695	9
34	766	7961.021384113547	9
34	836	8608.558798523465	9
34	838	8672.783047874465	6
34	853	8900.235921481319	6
34	932	9714.023225286257	6
34	1098	11161.887201444112	6
34	1104	11214.627003538228	3
34	1168	11817.016254726655	9
34	1181	11912.612437228635	6
34	1211	12190.354656317875	9
34	1264	12706.36428755922	6
34	1301	13033.528219398653	9
34	1356	13724.640956460856	6
34	1423	14168.067677180848	9
34	1426	14206.847342104177	3
34	1476	14653.277796321105	6
34	1485	14785.33710384579	9
34	1504	15056.463329606788	9
34	1542	15554.495694269579	9
34	1598	16185.880875003957	3
34	1800	19183.012347031851	6
34	1811	19357.827035206663	6
34	1828	19517.432633635331	6
35	157	1118.468006823062	2
35	171	1312.057649968402	2
35	248	2225.219957626024	2
35	352	3431.050356041445	3
35	376	3702.019931468276	3
35	528	4921.93567452374	3
35	541	5020.497085068847	1
35	544	5040.868281909169	2
35	546	5067.421121029452	3
35	550	5221.777505470287	3
35	672	6832.568579995544	2
35	684	6944.669021885706	1
35	707	7288.648835552457	2
35	714	7404.160009080841	2
35	722	7584.536917451695	3
35	766	7961.021384113547	3
35	836	8608.558798523465	3
35	838	8672.783047874465	2
35	853	8900.235921481319	2
35	932	9714.023225286257	2
35	1098	11161.887201444112	2
35	1104	11214.627003538228	1
35	1168	11817.016254726655	3
35	1181	11912.612437228635	2
35	1211	12190.354656317875	3
35	1264	12706.36428755922	2
35	1301	13033.528219398653	3
35	1356	13724.640956460856	2
35	1423	14168.067677180848	3
35	1426	14206.847342104177	1
35	1476	14653.277796321105	2
35	1485	14785.33710384579	3
35	1504	15056.463329606788	3
35	1542	15554.495694269579	3
35	1598	16185.880875003957	1
35	1800	19183.012347031851	2
35	1811	19357.827035206663	2
35	1828	19517.432633635331	2

