version 3
run HighLoad_Queue-5-20260125-17:46:58-1406
attr configname HighLoad_Queue
attr datetime 20260125-17:46:58
attr datetimef 20260125-174658
attr experiment HighLoad_Queue
attr inifile simulations/nwsim_project/omnetpp.ini
attr iterationvars ""
attr iterationvarsd ""
attr iterationvarsf ""
attr measurement ""
attr network CrossTraffic
attr processid 1406
attr repetition 5
attr replication #5
attr resultdir results
attr runnumber 5
attr seedset 5
config description "High Load - Queue Mode (100% more traffic)"
config *.Junc*.junctionMode "\"queue\""
config *.EndNW.spawnInterval exponential(400s)
config *.EndNE.spawnInterval exponential(600s)
config *.EndEN.spawnInterval exponential(500s)
config *.EndES.spawnInterval exponential(750s)
config *.EndSE.spawnInterval exponential(450s)
config *.EndSW.spawnInterval exponential(550s)
config *.EndWS.spawnInterval exponential(650s)
config *.EndWN.spawnInterval exponential(700s)
config network CrossTraffic
config sim-time-limit 20000s
config warmup-period 1000s
config repeat 50
config **.scalar-recording true
config **.vector-recording true
config *.Junc*.junctionMode "\"queue\""
config *.EndNW.spawnInterval exponential(800s)
config *.EndNE.spawnInterval exponential(1200s)
config *.EndEN.spawnInterval exponential(1000s)
config *.EndES.spawnInterval exponential(1500s)
config *.EndSE.spawnInterval exponential(900s)
config *.EndSW.spawnInterval exponential(1100s)
config *.EndWS.spawnInterval exponential(1300s)
config *.EndWN.spawnInterval exponential(1400s)

vector 0 CrossTraffic.JuncNW queueLength:vector ETV
attr interpolationmode sample-hold
attr recordingmode vector
attr source queueLength
attr title "Queue Length"
vector 1 CrossTraffic.JuncNW junctionProcessingTime:vector ETV
attr recordingmode vector
attr source junctionProcessingTime
attr title "Junction Processing Time"
vector 2 CrossTraffic.JuncNW vehicleCount:vector ETV
attr recordingmode vector
attr source vehicleCount
attr title "Vehicle Count"
vector 3 CrossTraffic.JuncNE queueLength:vector ETV
attr interpolationmode sample-hold
attr recordingmode vector
attr source queueLength
attr title "Queue Length"
vector 4 CrossTraffic.JuncNE junctionProcessingTime:vector ETV
attr recordingmode vector
attr source junctionProcessingTime
attr title "Junction Processing Time"
vector 5 CrossTraffic.JuncNE vehicleCount:vector ETV
attr recordingmode vector
attr source vehicleCount
attr title "Vehicle Count"
vector 6 CrossTraffic.JuncSE queueLength:vector ETV
attr interpolationmode sample-hold
attr recordingmode vector
attr source queueLength
attr title "Queue Length"
vector 7 CrossTraffic.JuncSE junctionProcessingTime:vector ETV
attr recordingmode vector
attr source junctionProcessingTime
attr title "Junction Processing Time"
vector 8 CrossTraffic.JuncSE vehicleCount:vector ETV
attr recordingmode vector
attr source vehicleCount
attr title "Vehicle Count"
vector 9 CrossTraffic.JuncSW queueLength:vector ETV
attr interpolationmode sample-hold
attr recordingmode vector
attr source queueLength
attr title "Queue Length"
vector 10 CrossTraffic.JuncSW junctionProcessingTime:vector ETV
attr recordingmode vector
attr source junctionProcessingTime
attr title "Junction Processing Time"
vector 11 CrossTraffic.JuncSW vehicleCount:vector ETV
attr recordingmode vector
attr source vehicleCount
attr title "Vehicle Count"
vector 12 CrossTraffic.EndNW travelTime:vector ETV
attr recordingmode vector
attr source travelTime
attr title "Vehicle Travel Time"
vector 13 CrossTraffic.EndNW junctionTime:vector ETV
attr recordingmode vector
attr source junctionTime
attr title "Total Junction Time per Vehicle"
vector 14 CrossTraffic.EndNW junctionCount:vector ETV
attr recordingmode vector
attr source junctionCount
attr title "Junctions Visited per Vehicle"
vector 15 CrossTraffic.EndNE travelTime:vector ETV
attr recordingmode vector
attr source travelTime
attr title "Vehicle Travel Time"
vector 16 CrossTraffic.EndNE junctionTime:vector ETV
attr recordingmode vector
attr source junctionTime
attr title "Total Junction Time per Vehicle"
vector 17 CrossTraffic.EndNE junctionCount:vector ETV
attr recordingmode vector
attr source junctionCount
attr title "Junctions Visited per Vehicle"
vector 18 CrossTraffic.EndEN travelTime:vector ETV
attr recordingmode vector
attr source travelTime
attr title "Vehicle Travel Time"
vector 19 CrossTraffic.EndEN junctionTime:vector ETV
attr recordingmode vector
attr source junctionTime
attr title "Total Junction Time per Vehicle"
vector 20 CrossTraffic.EndEN junctionCount:vector ETV
attr recordingmode vector
attr source junctionCount
attr title "Junctions Visited per Vehicle"
vector 21 CrossTraffic.EndES travelTime:vector ETV
attr recordingmode vector
attr source travelTime
attr title "Vehicle Travel Time"
vector 22 CrossTraffic.EndES junctionTime:vector ETV
attr recordingmode vector
attr source junctionTime
attr title "Total Junction Time per Vehicle"
vector 23 CrossTraffic.EndES junctionCount:vector ETV
attr recordingmode vector
attr source junctionCount
attr title "Junctions Visited per Vehicle"
vector 24 CrossTraffic.EndSE travelTime:vector ETV
attr recordingmode vector
attr source travelTime
attr title "Vehicle Travel Time"
vector 25 CrossTraffic.EndSE junctionTime:vector ETV
attr recordingmode vector
attr source junctionTime
attr title "Total Junction Time per Vehicle"
vector 26 CrossTraffic.EndSE junctionCount:vector ETV
attr recordingmode vector
attr source junctionCount
attr title "Junctions Visited per Vehicle"
vector 27 CrossTraffic.EndSW travelTime:vector ETV
attr recordingmode vector
attr source travelTime
attr title "Vehicle Travel Time"
vector 28 CrossTraffic.EndSW junctionTime:vector ETV
attr recordingmode vector
attr source junctionTime
attr title "Total Junction Time per Vehicle"
vector 29 CrossTraffic.EndSW junctionCount:vector ETV
attr recordingmode vector
attr source junctionCount
attr title "Junctions Visited per Vehicle"
vector 30 CrossTraffic.EndWS travelTime:vector ETV
attr recordingmode vector
attr source travelTime
attr title "Vehicle Travel Time"
vector 31 CrossTraffic.EndWS junctionTime:vector ETV
attr recordingmode vector
attr source junctionTime
attr title "Total Junction Time per Vehicle"
vector 32 CrossTraffic.EndWS junctionCount:vector ETV
attr recordingmode vector
attr source junctionCount
attr title "Junctions Visited per Vehicle"
vector 33 CrossTraffic.EndWN travelTime:vector ETV
attr recordingmode vector
attr source travelTime
attr title "Vehicle Travel Time"
vector 34 CrossTraffic.EndWN junctionTime:vector ETV
attr recordingmode vector
attr source junctionTime
attr title "Total Junction Time per Vehicle"
vector 35 CrossTraffic.EndWN junctionCount:vector ETV
attr recordingmode vector
attr source junctionCount
attr title "Junctions Visited per Vehicle"
0	168	1220.421832500505	1
0	171	1223.421832500505	0
0	188	1423.734799812995	1
0	190	1426.734799812995	0
0	198	1607.621849350686	1
0	199	1609.922477154363	2
0	200	1610.621849350686	1
0	201	1613.621849350686	0
0	202	1619.197495263621	1
0	204	1622.197495263621	0
0	228	1835.145402601044	1
0	229	1838.145402601044	0
0	230	1881.822456854758	1
0	231	1884.822456854758	0
0	235	1921.554708802486	1
0	236	1924.554708802486	2
0	237	1924.554708802486	1
0	239	1927.554708802486	0
0	258	2119.908938040789	1
0	259	2122.908938040789	0
0	281	2320.958978572216	1
0	282	2323.958978572216	0
0	294	2385.290762235286	1
0	295	2388.290762235286	0
0	299	2428.043162823144	1
0	300	2431.043162823144	0
0	308	2463.370153978048	1
0	309	2466.370153978048	0
0	316	2544.449897778853	1
0	317	2547.449897778853	0
0	318	2549.850842583502	1
0	319	2550.449897778853	2
0	320	2552.850842583502	1
0	321	2558.850842583502	0
0	340	2719.250642967432	1
0	341	2722.250642967432	0
0	342	2758.826548649656	1
0	343	2761.826548649656	0
0	359	2937.997187287561	1
0	360	2940.997187287561	0
0	371	3058.222393921321	1
0	372	3061.222393921321	0
0	384	3181.248659310569	1
0	385	3184.248659310569	0
0	391	3279.738139827252	1
0	392	3282.738139827252	0
0	398	3376.969083223978	1
0	399	3379.969083223978	0
0	412	3574.131252764243	1
0	413	3577.131252764243	0
0	459	4105.228242151987	1
0	460	4108.228242151987	0
0	481	4363.502980603731	1
0	483	4366.502980603731	0
0	488	4445.950821282862	1
0	490	4448.950821282862	0
0	491	4456.907037598524	1
0	492	4459.907037598524	0
0	512	4670.395569307145	1
0	513	4673.395569307145	0
0	515	4723.82100313093	1
0	516	4726.82100313093	0
0	519	4753.520691493929	1
0	520	4756.520691493929	0
0	537	4924.115222548425	1
0	538	4927.115222548425	0
0	546	4995.824164646709	1
0	547	4998.824164646709	0
0	562	5204.294866121096	1
0	563	5207.294866121096	0
0	579	5368.550141933884	1
0	580	5371.550141933884	0
0	583	5446.52365906648	1
0	585	5449.52365906648	0
0	593	5547.054481360955	1
0	595	5550.054481360955	0
0	614	5756.541652258556	1
0	615	5759.541652258556	0
0	616	5773.841627806252	1
0	617	5776.841627806252	0
0	623	5834.295551047867	1
0	624	5837.295551047867	0
0	629	5916.883905103917	1
0	630	5919.883905103917	0
0	655	6591.20292160227	1
0	656	6594.20292160227	0
0	672	6810.795777926182	1
0	674	6813.795777926182	0
0	682	6910.949878406775	1
0	685	6913.949878406775	0
0	700	7046.673677372896	1
0	701	7049.673677372896	0
0	709	7114.194023135634	1
0	711	7117.194023135634	0
0	732	7307.283556322117	1
0	734	7310.283556322117	0
0	738	7351.989924384887	1
0	739	7354.989924384887	0
0	747	7442.550404158032	1
0	748	7445.550404158032	0
0	778	7816.614923061658	1
0	779	7819.614923061658	0
0	789	7925.23448710452	1
0	790	7928.23448710452	0
0	798	8002.601440599808	1
0	799	8005.601440599808	0
0	802	8043.592557321844	1
0	803	8046.592557321844	0
0	805	8069.545588427335	1
0	806	8072.545588427335	0
0	807	8083.297175926389	1
0	809	8086.297175926389	0
0	823	8235.07574737527	1
0	824	8238.07574737527	0
0	828	8290.123150436161	1
0	829	8293.123150436161	0
0	840	8487.27085731146	1
0	841	8490.27085731146	0
0	855	8755.022871450798	1
0	856	8758.022871450798	0
0	857	8772.658414793115	1
0	858	8775.658414793115	0
0	881	9241.238929052228	1
0	882	9244.238929052228	0
0	885	9336.370070987745	1
0	886	9339.370070987745	0
0	896	9456.512659351011	1
0	897	9459.512659351011	0
0	914	9967.264545030596	1
0	915	9970.264545030596	0
0	925	10176.655141851809	1
0	926	10179.655141851809	0
0	934	10339.695674614149	1
0	935	10342.084202059054	2
0	936	10342.695674614149	1
0	937	10348.695674614149	0
0	955	10534.687977753292	1
0	956	10537.687977753292	0
0	962	10565.300416589306	1
0	963	10568.300416589306	0
0	971	10643.58284520228	1
0	972	10646.58284520228	0
0	978	10711.145505335232	1
0	979	10714.145505335232	0
0	992	10820.287635005233	1
0	993	10823.287635005233	0
0	1008	10993.133226250944	1
0	1009	10996.133226250944	0
0	1012	11030.606283946704	1
0	1013	11033.606283946704	0
0	1025	11179.23463432794	1
0	1026	11182.23463432794	0
0	1032	11245.407654034962	1
0	1034	11248.407654034962	0
0	1038	11291.984502596318	1
0	1039	11294.984502596318	0
0	1054	11450.053302904097	1
0	1057	11453.053302904097	0
0	1064	11552.880717404257	1
0	1066	11555.880717404257	0
0	1087	11777.07872791898	1
0	1088	11780.07872791898	0
0	1096	11935.531628424934	1
0	1097	11938.531628424934	0
0	1111	12095.488138029322	1
0	1113	12098.488138029322	0
0	1120	12156.542063826749	1
0	1121	12159.542063826749	0
0	1142	12275.709738478026	1
0	1143	12278.709738478026	0
0	1144	12282.175399747528	1
0	1145	12285.175399747528	0
0	1150	12306.677931192718	1
0	1151	12309.677931192718	0
0	1176	12439.246329487416	1
0	1178	12442.246329487416	0
0	1179	12457.279048980827	1
0	1180	12460.279048980827	0
0	1185	12501.479262067615	1
0	1186	12504.479262067615	0
0	1224	12903.363227572035	1
0	1225	12906.363227572035	0
0	1226	12914.605003329201	1
0	1227	12917.605003329201	0
0	1233	12981.876099998295	1
0	1234	12984.876099998295	0
0	1240	13045.383875502349	1
0	1241	13048.383875502349	0
0	1253	13176.153176231127	1
0	1254	13179.153176231127	0
0	1269	13357.314247305199	1
0	1270	13360.314247305199	0
0	1287	13531.524496900262	1
0	1288	13534.524496900262	0
0	1297	13616.319338061884	1
0	1298	13619.319338061884	0
0	1309	13765.777617766755	1
0	1310	13768.777617766755	0
0	1323	13974.499394736974	1
0	1325	13977.499394736974	0
0	1330	14000.437408842204	1
0	1331	14003.437408842204	0
0	1341	14091.461558658402	1
0	1342	14094.461558658402	0
0	1344	14128.018862875033	1
0	1345	14131.018862875033	0
0	1346	14177.830052808545	1
0	1348	14180.830052808545	0
0	1361	14324.281476277072	1
0	1362	14327.281476277072	0
0	1364	14357.847739986954	1
0	1365	14360.847739986954	0
0	1374	14464.437105723009	1
0	1375	14467.437105723009	0
0	1390	14599.155748304771	1
0	1391	14602.155748304771	0
0	1395	14642.969318799748	1
0	1396	14645.969318799748	0
0	1397	14646.948726194278	1
0	1399	14649.948726194278	0
0	1403	14668.819159500447	1
0	1405	14671.819159500447	0
0	1417	14755.848089005127	1
0	1418	14758.848089005127	0
0	1425	14854.91206434923	1
0	1426	14857.91206434923	0
0	1451	15305.041698519139	1
0	1452	15308.041698519139	0
0	1463	15613.798080942202	1
0	1464	15616.798080942202	0
0	1474	15756.145262303844	1
0	1475	15759.145262303844	0
0	1479	15801.763778852438	1
0	1481	15804.763778852438	0
0	1488	15900.027692140669	1
0	1489	15903.027692140669	0
0	1490	15903.468572791936	1
0	1492	15906.468572791936	0
0	1504	16053.736818267987	1
0	1505	16056.736818267987	0
0	1516	16194.426278435871	1
0	1517	16197.426278435871	0
0	1534	16439.763834722033	1
0	1535	16442.763834722033	0
0	1547	16597.611911049516	1
0	1548	16600.611911049516	0
0	1561	16942.564172947349	1
0	1562	16945.564172947349	0
0	1570	17131.392249460519	1
0	1571	17134.392249460519	0
0	1572	17142.387571023852	1
0	1573	17145.387571023852	0
0	1583	17268.184710557732	1
0	1584	17271.184710557732	0
0	1595	17372.0822232247	1
0	1598	17375.0822232247	0
0	1615	17491.114141611752	1
0	1616	17494.114141611752	0
0	1647	17892.669874217199	1
0	1648	17895.669874217199	0
0	1649	17897.691072333409	1
0	1650	17900.691072333409	0
0	1653	17976.477269279257	1
0	1654	17979.477269279257	0
0	1670	18150.942755500292	1
0	1671	18153.942755500292	0
0	1684	18287.244944576484	1
0	1686	18290.244944576484	0
0	1699	18389.283444772547	1
0	1701	18392.283444772547	0
0	1724	18548.271532085485	1
0	1725	18551.271532085485	0
0	1733	18583.802484823269	1
0	1735	18586.802484823269	0
0	1755	18715.156989945405	1
0	1756	18718.156989945405	0
0	1757	18738.062086455618	1
0	1759	18741.062086455618	0
0	1761	18746.631687332052	1
0	1762	18749.631687332052	0
0	1774	18843.149014994823	1
0	1776	18846.149014994823	0
0	1781	18870.037381377279	1
0	1782	18873.037381377279	0
0	1787	18913.649665761316	1
0	1788	18916.649665761316	0
0	1803	19047.505455586174	1
0	1804	19050.505455586174	0
0	1816	19185.078484835061	1
0	1817	19188.078484835061	0
0	1853	19530.745585874211	1
0	1854	19533.745585874211	0
0	1857	19550.142579847175	1
0	1858	19553.142579847175	0
0	1860	19566.996391214728	1
0	1862	19569.996391214728	0
0	1866	19608.468295616864	1
0	1867	19611.468295616864	0
0	1873	19641.560656442629	1
0	1874	19644.560656442629	0
0	1877	19670.345466902772	1
0	1879	19673.345466902772	0
0	1880	19691.264614516026	1
0	1881	19694.264614516026	0
1	171	1223.421832500505	3
1	190	1426.734799812995	3
1	200	1610.621849350686	3
1	201	1613.621849350686	3.699372196323
1	204	1622.197495263621	3
1	229	1838.145402601044	3
1	231	1884.822456854758	3
1	237	1924.554708802486	3
1	239	1927.554708802486	3
1	259	2122.908938040789	3
1	282	2323.958978572216	3
1	295	2388.290762235286	3
1	300	2431.043162823144	3
1	309	2466.370153978048	3
1	317	2547.449897778853	3
1	320	2552.850842583502	3
1	321	2558.850842583502	8.400944804649
1	341	2722.250642967432	3
1	343	2761.826548649656	3
1	360	2940.997187287561	3
1	372	3061.222393921321	3
1	385	3184.248659310569	3
1	392	3282.738139827252	3
1	399	3379.969083223978	3
1	413	3577.131252764243	3
1	460	4108.228242151987	3
1	483	4366.502980603731	3
1	490	4448.950821282862	3
1	492	4459.907037598524	3
1	513	4673.395569307145	3
1	516	4726.82100313093	3
1	520	4756.520691493929	3
1	538	4927.115222548425	3
1	547	4998.824164646709	3
1	563	5207.294866121096	3
1	580	5371.550141933884	3
1	585	5449.52365906648	3
1	595	5550.054481360955	3
1	615	5759.541652258556	3
1	617	5776.841627806252	3
1	624	5837.295551047867	3
1	630	5919.883905103917	3
1	656	6594.20292160227	3
1	674	6813.795777926182	3
1	685	6913.949878406775	3
1	701	7049.673677372896	3
1	711	7117.194023135634	3
1	734	7310.283556322117	3
1	739	7354.989924384887	3
1	748	7445.550404158032	3
1	779	7819.614923061658	3
1	790	7928.23448710452	3
1	799	8005.601440599808	3
1	803	8046.592557321844	3
1	806	8072.545588427335	3
1	809	8086.297175926389	3
1	824	8238.07574737527	3
1	829	8293.123150436161	3
1	841	8490.27085731146	3
1	856	8758.022871450798	3
1	858	8775.658414793115	3
1	882	9244.238929052228	3
1	886	9339.370070987745	3
1	897	9459.512659351011	3
1	915	9970.264545030596	3
1	926	10179.655141851809	3
1	936	10342.695674614149	3
1	937	10348.695674614149	6.611472555095
1	956	10537.687977753292	3
1	963	10568.300416589306	3
1	972	10646.58284520228	3
1	979	10714.145505335232	3
1	993	10823.287635005233	3
1	1009	10996.133226250944	3
1	1013	11033.606283946704	3
1	1026	11182.23463432794	3
1	1034	11248.407654034962	3
1	1039	11294.984502596318	3
1	1057	11453.053302904097	3
1	1066	11555.880717404257	3
1	1088	11780.07872791898	3
1	1097	11938.531628424934	3
1	1113	12098.488138029322	3
1	1121	12159.542063826749	3
1	1143	12278.709738478026	3
1	1145	12285.175399747528	3
1	1151	12309.677931192718	3
1	1178	12442.246329487416	3
1	1180	12460.279048980827	3
1	1186	12504.479262067615	3
1	1225	12906.363227572035	3
1	1227	12917.605003329201	3
1	1234	12984.876099998295	3
1	1241	13048.383875502349	3
1	1254	13179.153176231127	3
1	1270	13360.314247305199	3
1	1288	13534.524496900262	3
1	1298	13619.319338061884	3
1	1310	13768.777617766755	3
1	1325	13977.499394736974	3
1	1331	14003.437408842204	3
1	1342	14094.461558658402	3
1	1345	14131.018862875033	3
1	1348	14180.830052808545	3
1	1362	14327.281476277072	3
1	1365	14360.847739986954	3
1	1375	14467.437105723009	3
1	1391	14602.155748304771	3
1	1396	14645.969318799748	3
1	1399	14649.948726194278	3
1	1405	14671.819159500447	3
1	1418	14758.848089005127	3
1	1426	14857.91206434923	3
1	1452	15308.041698519139	3
1	1464	15616.798080942202	3
1	1475	15759.145262303844	3
1	1481	15804.763778852438	3
1	1489	15903.027692140669	3
1	1492	15906.468572791936	3
1	1505	16056.736818267987	3
1	1517	16197.426278435871	3
1	1535	16442.763834722033	3
1	1548	16600.611911049516	3
1	1562	16945.564172947349	3
1	1571	17134.392249460519	3
1	1573	17145.387571023852	3
1	1584	17271.184710557732	3
1	1598	17375.0822232247	3
1	1616	17494.114141611752	3
1	1648	17895.669874217199	3
1	1650	17900.691072333409	3
1	1654	17979.477269279257	3
1	1671	18153.942755500292	3
1	1686	18290.244944576484	3
1	1701	18392.283444772547	3
1	1725	18551.271532085485	3
1	1735	18586.802484823269	3
1	1756	18718.156989945405	3
1	1759	18741.062086455618	3
1	1762	18749.631687332052	3
1	1776	18846.149014994823	3
1	1782	18873.037381377279	3
1	1788	18916.649665761316	3
1	1804	19050.505455586174	3
1	1817	19188.078484835061	3
1	1854	19533.745585874211	3
1	1858	19553.142579847175	3
1	1862	19569.996391214728	3
1	1867	19611.468295616864	3
1	1874	19644.560656442629	3
1	1879	19673.345466902772	3
1	1881	19694.264614516026	3
2	171	1223.421832500505	1553
2	190	1426.734799812995	1559
2	200	1610.621849350686	1562
2	201	1613.621849350686	1563
2	204	1622.197495263621	1561
2	229	1838.145402601044	1568
2	231	1884.822456854758	1569
2	237	1924.554708802486	1566
2	239	1927.554708802486	1567
2	259	2122.908938040789	1572
2	282	2323.958978572216	1574
2	295	2388.290762235286	1579
2	300	2431.043162823144	1576
2	309	2466.370153978048	1578
2	317	2547.449897778853	1580
2	320	2552.850842583502	1581
2	321	2558.850842583502	1577
2	341	2722.250642967432	1585
2	343	2761.826548649656	1586
2	360	2940.997187287561	1589
2	372	3061.222393921321	1591
2	385	3184.248659310569	1592
2	392	3282.738139827252	1593
2	399	3379.969083223978	1595
2	413	3577.131252764243	1598
2	460	4108.228242151987	1604
2	483	4366.502980603731	1608
2	490	4448.950821282862	1610
2	492	4459.907037598524	1607
2	513	4673.395569307145	1612
2	516	4726.82100313093	1613
2	520	4756.520691493929	1611
2	538	4927.115222548425	1614
2	547	4998.824164646709	1618
2	563	5207.294866121096	1619
2	580	5371.550141933884	1624
2	585	5449.52365906648	1622
2	595	5550.054481360955	1626
2	615	5759.541652258556	1628
2	617	5776.841627806252	1629
2	624	5837.295551047867	1631
2	630	5919.883905103917	1632
2	656	6594.20292160227	1635
2	674	6813.795777926182	1639
2	685	6913.949878406775	1638
2	701	7049.673677372896	1643
2	711	7117.194023135634	1642
2	734	7310.283556322117	1646
2	739	7354.989924384887	1647
2	748	7445.550404158032	1649
2	779	7819.614923061658	1653
2	790	7928.23448710452	1654
2	799	8005.601440599808	1658
2	803	8046.592557321844	1655
2	806	8072.545588427335	1656
2	809	8086.297175926389	1657
2	824	8238.07574737527	1661
2	829	8293.123150436161	1659
2	841	8490.27085731146	1663
2	856	8758.022871450798	1664
2	858	8775.658414793115	1665
2	882	9244.238929052228	1669
2	886	9339.370070987745	1668
2	897	9459.512659351011	1670
2	915	9970.264545030596	1673
2	926	10179.655141851809	1676
2	936	10342.695674614149	1678
2	937	10348.695674614149	1679
2	956	10537.687977753292	1680
2	963	10568.300416589306	1684
2	972	10646.58284520228	1682
2	979	10714.145505335232	1685
2	993	10823.287635005233	1687
2	1009	10996.133226250944	1689
2	1013	11033.606283946704	1688
2	1026	11182.23463432794	1693
2	1034	11248.407654034962	1694
2	1039	11294.984502596318	1695
2	1057	11453.053302904097	1697
2	1066	11555.880717404257	1700
2	1088	11780.07872791898	1702
2	1097	11938.531628424934	1705
2	1113	12098.488138029322	1706
2	1121	12159.542063826749	1708
2	1143	12278.709738478026	1710
2	1145	12285.175399747528	1711
2	1151	12309.677931192718	1716
2	1178	12442.246329487416	1720
2	1180	12460.279048980827	1717
2	1186	12504.479262067615	1718
2	1225	12906.363227572035	1726
2	1227	12917.605003329201	1727
2	1234	12984.876099998295	1724
2	1241	13048.383875502349	1728
2	1254	13179.153176231127	1729
2	1270	13360.314247305199	1732
2	1288	13534.524496900262	1733
2	1298	13619.319338061884	1736
2	1310	13768.777617766755	1738
2	1325	13977.499394736974	1741
2	1331	14003.437408842204	1740
2	1342	14094.461558658402	1743
2	1345	14131.018862875033	1744
2	1348	14180.830052808545	1745
2	1362	14327.281476277072	1746
2	1365	14360.847739986954	1747
2	1375	14467.437105723009	1748
2	1391	14602.155748304771	1751
2	1396	14645.969318799748	1753
2	1399	14649.948726194278	1754
2	1405	14671.819159500447	1756
2	1418	14758.848089005127	1758
2	1426	14857.91206434923	1757
2	1452	15308.041698519139	1760
2	1464	15616.798080942202	1763
2	1475	15759.145262303844	1764
2	1481	15804.763778852438	1765
2	1489	15903.027692140669	1768
2	1492	15906.468572791936	1769
2	1505	16056.736818267987	1770
2	1517	16197.426278435871	1772
2	1535	16442.763834722033	1776
2	1548	16600.611911049516	1778
2	1562	16945.564172947349	1779
2	1571	17134.392249460519	1782
2	1573	17145.387571023852	1780
2	1584	17271.184710557732	1783
2	1598	17375.0822232247	1786
2	1616	17494.114141611752	1789
2	1648	17895.669874217199	1794
2	1650	17900.691072333409	1795
2	1654	17979.477269279257	1793
2	1671	18153.942755500292	1797
2	1686	18290.244944576484	1799
2	1701	18392.283444772547	1802
2	1725	18551.271532085485	1804
2	1735	18586.802484823269	1808
2	1756	18718.156989945405	1809
2	1759	18741.062086455618	1810
2	1762	18749.631687332052	1813
2	1776	18846.149014994823	1812
2	1782	18873.037381377279	1816
2	1788	18916.649665761316	1817
2	1804	19050.505455586174	1818
2	1817	19188.078484835061	1819
2	1854	19533.745585874211	1829
2	1858	19553.142579847175	1824
2	1862	19569.996391214728	1831
2	1867	19611.468295616864	1833
2	1874	19644.560656442629	1830
2	1879	19673.345466902772	1832
2	1881	19694.264614516026	1826
3	153	1096.48372110893	1
3	154	1099.48372110893	0
3	157	1117.421832500505	1
3	158	1120.421832500505	0
3	194	1516.197495263621	1
3	195	1519.197495263621	0
3	221	1818.554708802486	1
3	222	1819.88471094009	2
3	223	1821.554708802486	1
3	225	1824.554708802486	0
3	242	1938.145402601044	1
3	243	1941.145402601044	0
3	245	1994.066459898276	1
3	246	1997.066459898276	0
3	249	2026.738713080453	1
3	251	2029.738713080453	0
3	262	2138.919186934777	1
3	263	2141.919186934777	0
3	265	2200.232753961774	1
3	266	2203.232753961774	0
3	267	2217.958978572216	1
3	268	2220.958978572216	0
3	301	2441.449897778853	1
3	302	2441.460447105599	2
3	303	2444.449897778853	1
3	306	2450.449897778853	0
3	344	2763.436874233998	1
3	345	2766.436874233998	0
3	347	2781.514280860755	1
3	348	2784.514280860755	0
3	349	2822.250642967432	1
3	350	2825.250642967432	0
3	367	3040.997187287561	1
3	368	3043.997187287561	0
3	369	3046.750477638087	1
3	370	3049.750477638087	0
3	374	3078.248659310569	1
3	375	3081.248659310569	0
3	382	3176.738139827252	1
3	383	3179.738139827252	0
3	386	3246.307894552533	1
3	387	3249.307894552533	0
3	389	3273.969083223978	1
3	390	3276.969083223978	0
3	405	3476.707323769189	1
3	406	3479.707323769189	0
3	427	3738.867121502346	1
3	428	3741.867121502346	0
3	447	3989.420402292773	1
3	448	3992.420402292773	0
3	451	4002.228242151987	1
3	452	4005.228242151987	0
3	461	4144.389452035963	1
3	462	4147.389452035963	0
3	474	4307.938630809333	1
3	475	4310.938630809333	0
3	486	4430.67277455852	1
3	487	4433.67277455852	0
3	500	4548.950821282862	1
3	502	4551.950821282862	0
3	509	4650.520691493929	1
3	511	4653.520691493929	0
3	524	4821.115222548425	1
3	525	4824.115222548425	0
3	526	4826.82100313093	1
3	527	4829.82100313093	0
3	528	4833.476514891496	1
3	529	4836.304559502304	2
3	530	4836.476514891496	1
3	531	4842.476514891496	0
3	556	5101.294866121096	1
3	557	5104.294866121096	0
3	558	5129.031188578481	1
3	560	5132.031188578481	0
3	565	5234.686712904562	1
3	567	5237.686712904562	0
3	575	5343.52365906648	1
3	576	5346.52365906648	0
3	588	5471.550141933884	1
3	589	5474.550141933884	0
3	591	5535.809011958551	1
3	592	5538.809011958551	0
3	597	5560.037690159987	1
3	598	5563.037690159987	0
3	603	5650.054481360955	1
3	605	5653.054481360955	0
3	621	5822.338161359061	1
3	622	5825.338161359061	0
3	632	5937.295551047867	1
3	633	5940.295551047867	0
3	637	6019.883905103917	1
3	638	6022.883905103917	0
3	641	6071.820531039669	1
3	642	6074.820531039669	0
3	650	6399.31740961517	1
3	651	6402.31740961517	0
3	664	6743.068959473195	1
3	665	6746.068959473195	0
3	671	6807.949878406775	1
3	673	6810.949878406775	0
3	688	6953.450503939975	1
3	689	6956.450503939975	0
3	694	7011.194023135634	1
3	696	7014.194023135634	0
3	719	7204.283556322117	1
3	721	7207.283556322117	0
3	729	7278.55859452029	1
3	730	7281.55859452029	0
3	733	7309.796697159214	1
3	735	7312.796697159214	0
3	750	7494.374593958334	1
3	751	7497.374593958334	0
3	766	7649.071485179226	1
3	768	7652.071485179226	0
3	769	7713.614923061658	1
3	770	7716.614923061658	0
3	780	7822.23448710452	1
3	781	7825.23448710452	0
3	791	7940.592557321844	1
3	792	7943.592557321844	0
3	793	7966.545588427335	1
3	794	7969.545588427335	0
3	811	8105.601440599808	1
3	812	8108.601440599808	0
3	820	8187.123150436161	1
3	821	8190.123150436161	0
3	830	8338.07574737527	1
3	831	8341.07574737527	0
3	848	8652.022871450798	1
3	849	8655.022871450798	0
3	860	8818.21377478099	1
3	861	8821.21377478099	0
3	874	9108.33854909315	1
3	875	9111.33854909315	0
3	879	9233.370070987745	1
3	880	9236.370070987745	0
3	887	9344.238929052228	1
3	888	9347.238929052228	0
3	942	10431.687977753292	1
3	943	10434.687977753292	0
3	945	10442.695674614149	1
3	946	10445.695674614149	0
3	957	10540.58284520228	1
3	958	10543.58284520228	0
3	966	10608.145505335232	1
3	967	10609.94722212567	2
3	968	10611.145505335232	1
3	969	10617.145505335232	0
3	975	10668.300416589306	1
3	976	10671.300416589306	0
3	1001	10923.287635005233	1
3	1002	10926.287635005233	0
3	1003	10927.606283946704	1
3	1004	10930.606283946704	0
3	1017	11091.4043532257	1
3	1018	11094.4043532257	0
3	1041	11336.7862359469	1
3	1042	11339.7862359469	0
3	1044	11348.407654034962	1
3	1046	11351.407654034962	0
3	1058	11473.967251044292	1
3	1060	11476.967251044292	0
3	1071	11587.799707570615	1
3	1072	11590.799707570615	0
3	1102	12031.772917151187	1
3	1103	12034.772917151187	0
3	1106	12053.542063826749	1
3	1107	12056.542063826749	0
3	1112	12097.901801989422	1
3	1114	12100.901801989422	0
3	1123	12172.709738478026	1
3	1124	12175.709738478026	0
3	1125	12179.175399747528	1
3	1126	12182.175399747528	0
3	1140	12269.721652585911	1
3	1141	12272.721652585911	0
3	1158	12354.279048980827	1
3	1159	12357.279048980827	0
3	1164	12390.962968968333	1
3	1165	12393.962968968333	0
3	1169	12409.677931192718	1
3	1171	12412.677931192718	0
3	1175	12438.955294955257	1
3	1177	12441.955294955257	0
3	1190	12538.789372590673	1
3	1191	12541.789372590673	0
3	1207	12700.164754333553	1
3	1208	12703.164754333553	0
3	1209	12717.013565367342	1
3	1211	12720.013565367342	0
3	1222	12878.876099998295	1
3	1223	12881.876099998295	0
3	1228	12942.383875502349	1
3	1229	12945.383875502349	0
3	1242	13073.153176231127	1
3	1243	13076.153176231127	0
3	1264	13326.180999307242	1
3	1266	13329.180999307242	0
3	1271	13387.977699858327	1
3	1272	13390.977699858327	0
3	1277	13438.673994362579	1
3	1278	13441.673994362579	0
3	1302	13659.777617766755	1
3	1303	13662.777617766755	2
3	1304	13662.777617766755	1
3	1305	13665.777617766755	0
3	1333	14025.018862875033	1
3	1334	14028.018862875033	0
3	1335	14074.830052808545	1
3	1337	14077.830052808545	0
3	1366	14361.437105723009	1
3	1367	14364.437105723009	0
3	1371	14427.281476277072	1
3	1372	14430.281476277072	0
3	1378	14500.404385455222	1
3	1379	14503.404385455222	0
3	1412	14749.948726194278	1
3	1415	14752.948726194278	0
3	1442	15176.062976199739	1
3	1443	15179.062976199739	0
3	1444	15190.273007701252	1
3	1445	15193.273007701252	0
3	1446	15202.041698519139	1
3	1447	15205.041698519139	0
3	1465	15653.145262303844	1
3	1466	15656.145262303844	0
3	1468	15698.763778852438	1
3	1469	15701.763778852438	0
3	1476	15784.158566097655	1
3	1477	15787.158566097655	0
3	1495	15955.302389219483	1
3	1496	15958.302389219483	0
3	1501	16006.468572791936	1
3	1503	16009.468572791936	0
3	1509	16091.426278435871	1
3	1510	16094.426278435871	0
3	1539	16494.611911049516	1
3	1540	16497.611911049516	0
3	1541	16517.838258000954	1
3	1542	16520.838258000954	0
3	1552	16653.521185014484	1
3	1553	16656.521185014484	0
3	1558	16839.564172947349	1
3	1559	16842.564172947349	0
3	1565	17039.387571023852	1
3	1566	17042.387571023852	0
3	1577	17234.392249460519	1
3	1578	17237.392249460519	0
3	1589	17341.618852089841	1
3	1590	17344.618852089841	0
3	1599	17377.604516162147	1
3	1600	17380.604516162147	0
3	1620	17562.302908762391	1
3	1621	17565.302908762391	0
3	1624	17578.369249080547	1
3	1625	17581.369249080547	0
3	1645	17873.477269279257	1
3	1646	17876.477269279257	0
3	1655	17995.669874217199	1
3	1656	17998.669874217199	0
3	1668	18121.688716575416	1
3	1669	18124.688716575416	0
3	1679	18253.942755500292	1
3	1680	18256.942755500292	0
3	1696	18366.569417030899	1
3	1697	18369.569417030899	0
3	1704	18445.271532085485	1
3	1705	18446.935494397496	2
3	1706	18448.271532085485	1
3	1707	18454.271532085485	0
3	1718	18492.283444772547	1
3	1719	18495.283444772547	0
3	1741	18635.062086455618	1
3	1742	18638.062086455618	0
3	1746	18662.147443766512	1
3	1747	18665.147443766512	0
3	1752	18686.802484823269	1
3	1754	18689.802484823269	0
3	1758	18740.149014994823	1
3	1760	18743.149014994823	0
3	1785	18885.513519923775	1
3	1786	18888.513519923775	0
3	1795	18977.794418581073	1
3	1796	18980.794418581073	0
3	1806	19082.078484835061	1
3	1807	19085.078484835061	0
3	1808	19086.822675751615	1
3	1809	19089.822675751615	0
3	1813	19150.505455586174	1
3	1814	19153.505455586174	0
3	1820	19242.028394234123	1
3	1821	19245.028394234123	0
3	1849	19521.155833588615	1
3	1851	19524.155833588615	0
3	1855	19538.560656442629	1
3	1856	19541.560656442629	0
3	1861	19567.345466902772	1
3	1863	19570.345466902772	0
3	1864	19588.264614516026	1
3	1865	19591.264614516026	0
3	1871	19633.745585874211	1
3	1872	19636.745585874211	0
3	1876	19669.996391214728	1
3	1878	19672.996391214728	0
4	154	1099.48372110893	3
4	158	1120.421832500505	3
4	195	1519.197495263621	3
4	223	1821.554708802486	3
4	225	1824.554708802486	4.669997862396
4	243	1941.145402601044	3
4	246	1997.066459898276	3
4	251	2029.738713080453	3
4	263	2141.919186934777	3
4	266	2203.232753961774	3
4	268	2220.958978572216	3
4	303	2444.449897778853	3
4	306	2450.449897778853	8.989450673254
4	345	2766.436874233998	3
4	348	2784.514280860755	3
4	350	2825.250642967432	3
4	368	3043.997187287561	3
4	370	3049.750477638087	3
4	375	3081.248659310569	3
4	383	3179.738139827252	3
4	387	3249.307894552533	3
4	390	3276.969083223978	3
4	406	3479.707323769189	3
4	428	3741.867121502346	3
4	448	3992.420402292773	3
4	452	4005.228242151987	3
4	462	4147.389452035963	3
4	475	4310.938630809333	3
4	487	4433.67277455852	3
4	502	4551.950821282862	3
4	511	4653.520691493929	3
4	525	4824.115222548425	3
4	527	4829.82100313093	3
4	530	4836.476514891496	3
4	531	4842.476514891496	6.171955389192
4	557	5104.294866121096	3
4	560	5132.031188578481	3
4	567	5237.686712904562	3
4	576	5346.52365906648	3
4	589	5474.550141933884	3
4	592	5538.809011958551	3
4	598	5563.037690159987	3
4	605	5653.054481360955	3
4	622	5825.338161359061	3
4	633	5940.295551047867	3
4	638	6022.883905103917	3
4	642	6074.820531039669	3
4	651	6402.31740961517	3
4	665	6746.068959473195	3
4	673	6810.949878406775	3
4	689	6956.450503939975	3
4	696	7014.194023135634	3
4	721	7207.283556322117	3
4	730	7281.55859452029	3
4	735	7312.796697159214	3
4	751	7497.374593958334	3
4	768	7652.071485179226	3
4	770	7716.614923061658	3
4	781	7825.23448710452	3
4	792	7943.592557321844	3
4	794	7969.545588427335	3
4	812	8108.601440599808	3
4	821	8190.123150436161	3
4	831	8341.07574737527	3
4	849	8655.022871450798	3
4	861	8821.21377478099	3
4	875	9111.33854909315	3
4	880	9236.370070987745	3
4	888	9347.238929052228	3
4	943	10434.687977753292	3
4	946	10445.695674614149	3
4	958	10543.58284520228	3
4	968	10611.145505335232	3
4	969	10617.145505335232	7.198283209562
4	976	10671.300416589306	3
4	1002	10926.287635005233	3
4	1004	10930.606283946704	3
4	1018	11094.4043532257	3
4	1042	11339.7862359469	3
4	1046	11351.407654034962	3
4	1060	11476.967251044292	3
4	1072	11590.799707570615	3
4	1103	12034.772917151187	3
4	1107	12056.542063826749	3
4	1114	12100.901801989422	3
4	1124	12175.709738478026	3
4	1126	12182.175399747528	3
4	1141	12272.721652585911	3
4	1159	12357.279048980827	3
4	1165	12393.962968968333	3
4	1171	12412.677931192718	3
4	1177	12441.955294955257	3
4	1191	12541.789372590673	3
4	1208	12703.164754333553	3
4	1211	12720.013565367342	3
4	1223	12881.876099998295	3
4	1229	12945.383875502349	3
4	1243	13076.153176231127	3
4	1266	13329.180999307242	3
4	1272	13390.977699858327	3
4	1278	13441.673994362579	3
4	1304	13662.777617766755	3
4	1305	13665.777617766755	3
4	1334	14028.018862875033	3
4	1337	14077.830052808545	3
4	1367	14364.437105723009	3
4	1372	14430.281476277072	3
4	1379	14503.404385455222	3
4	1415	14752.948726194278	3
4	1443	15179.062976199739	3
4	1445	15193.273007701252	3
4	1447	15205.041698519139	3
4	1466	15656.145262303844	3
4	1469	15701.763778852438	3
4	1477	15787.158566097655	3
4	1496	15958.302389219483	3
4	1503	16009.468572791936	3
4	1510	16094.426278435871	3
4	1540	16497.611911049516	3
4	1542	16520.838258000954	3
4	1553	16656.521185014484	3
4	1559	16842.564172947349	3
4	1566	17042.387571023852	3
4	1578	17237.392249460519	3
4	1590	17344.618852089841	3
4	1600	17380.604516162147	3
4	1621	17565.302908762391	3
4	1625	17581.369249080547	3
4	1646	17876.477269279257	3
4	1656	17998.669874217199	3
4	1669	18124.688716575416	3
4	1680	18256.942755500292	3
4	1697	18369.569417030899	3
4	1706	18448.271532085485	3
4	1707	18454.271532085485	7.336037687989
4	1719	18495.283444772547	3
4	1742	18638.062086455618	3
4	1747	18665.147443766512	3
4	1754	18689.802484823269	3
4	1760	18743.149014994823	3
4	1786	18888.513519923775	3
4	1796	18980.794418581073	3
4	1807	19085.078484835061	3
4	1809	19089.822675751615	3
4	1814	19153.505455586174	3
4	1821	19245.028394234123	3
4	1851	19524.155833588615	3
4	1856	19541.560656442629	3
4	1863	19570.345466902772	3
4	1865	19591.264614516026	3
4	1872	19636.745585874211	3
4	1878	19672.996391214728	3
5	154	1099.48372110893	1555
5	158	1120.421832500505	1553
5	195	1519.197495263621	1561
5	223	1821.554708802486	1566
5	225	1824.554708802486	1567
5	243	1941.145402601044	1568
5	246	1997.066459898276	1565
5	251	2029.738713080453	1571
5	263	2141.919186934777	1570
5	266	2203.232753961774	1573
5	268	2220.958978572216	1574
5	303	2444.449897778853	1580
5	306	2450.449897778853	1577
5	345	2766.436874233998	1587
5	348	2784.514280860755	1588
5	350	2825.250642967432	1585
5	368	3043.997187287561	1589
5	370	3049.750477638087	1590
5	375	3081.248659310569	1592
5	383	3179.738139827252	1593
5	387	3249.307894552533	1594
5	390	3276.969083223978	1595
5	406	3479.707323769189	1596
5	428	3741.867121502346	1597
5	448	3992.420402292773	1601
5	452	4005.228242151987	1604
5	462	4147.389452035963	1602
5	475	4310.938630809333	1605
5	487	4433.67277455852	1609
5	502	4551.950821282862	1610
5	511	4653.520691493929	1611
5	525	4824.115222548425	1614
5	527	4829.82100313093	1613
5	530	4836.476514891496	1615
5	531	4842.476514891496	1616
5	557	5104.294866121096	1619
5	560	5132.031188578481	1620
5	567	5237.686712904562	1621
5	576	5346.52365906648	1622
5	589	5474.550141933884	1624
5	592	5538.809011958551	1625
5	598	5563.037690159987	1623
5	605	5653.054481360955	1626
5	622	5825.338161359061	1627
5	633	5940.295551047867	1631
5	638	6022.883905103917	1632
5	642	6074.820531039669	1633
5	651	6402.31740961517	1634
5	665	6746.068959473195	1636
5	673	6810.949878406775	1638
5	689	6956.450503939975	1641
5	696	7014.194023135634	1642
5	721	7207.283556322117	1646
5	730	7281.55859452029	1645
5	735	7312.796697159214	1644
5	751	7497.374593958334	1648
5	768	7652.071485179226	1652
5	770	7716.614923061658	1653
5	781	7825.23448710452	1654
5	792	7943.592557321844	1655
5	794	7969.545588427335	1656
5	812	8108.601440599808	1658
5	821	8190.123150436161	1659
5	831	8341.07574737527	1661
5	849	8655.022871450798	1664
5	861	8821.21377478099	1666
5	875	9111.33854909315	1667
5	880	9236.370070987745	1668
5	888	9347.238929052228	1669
5	943	10434.687977753292	1680
5	946	10445.695674614149	1678
5	958	10543.58284520228	1682
5	968	10611.145505335232	1685
5	969	10617.145505335232	1686
5	976	10671.300416589306	1684
5	1002	10926.287635005233	1687
5	1004	10930.606283946704	1688
5	1018	11094.4043532257	1690
5	1042	11339.7862359469	1696
5	1046	11351.407654034962	1694
5	1060	11476.967251044292	1698
5	1072	11590.799707570615	1701
5	1103	12034.772917151187	1707
5	1107	12056.542063826749	1708
5	1114	12100.901801989422	1709
5	1124	12175.709738478026	1710
5	1126	12182.175399747528	1711
5	1141	12272.721652585911	1715
5	1159	12357.279048980827	1717
5	1165	12393.962968968333	1712
5	1171	12412.677931192718	1716
5	1177	12441.955294955257	1714
5	1191	12541.789372590673	1719
5	1208	12703.164754333553	1721
5	1211	12720.013565367342	1723
5	1223	12881.876099998295	1724
5	1229	12945.383875502349	1728
5	1243	13076.153176231127	1729
5	1266	13329.180999307242	1730
5	1272	13390.977699858327	1731
5	1278	13441.673994362579	1734
5	1304	13662.777617766755	1737
5	1305	13665.777617766755	1738
5	1334	14028.018862875033	1744
5	1337	14077.830052808545	1745
5	1367	14364.437105723009	1748
5	1372	14430.281476277072	1746
5	1379	14503.404385455222	1749
5	1415	14752.948726194278	1754
5	1443	15179.062976199739	1761
5	1445	15193.273007701252	1759
5	1447	15205.041698519139	1760
5	1466	15656.145262303844	1764
5	1469	15701.763778852438	1765
5	1477	15787.158566097655	1766
5	1496	15958.302389219483	1767
5	1503	16009.468572791936	1769
5	1510	16094.426278435871	1772
5	1540	16497.611911049516	1778
5	1542	16520.838258000954	1774
5	1553	16656.521185014484	1777
5	1559	16842.564172947349	1779
5	1566	17042.387571023852	1780
5	1578	17237.392249460519	1782
5	1590	17344.618852089841	1784
5	1600	17380.604516162147	1787
5	1621	17565.302908762391	1785
5	1625	17581.369249080547	1791
5	1646	17876.477269279257	1793
5	1656	17998.669874217199	1794
5	1669	18124.688716575416	1796
5	1680	18256.942755500292	1797
5	1697	18369.569417030899	1798
5	1706	18448.271532085485	1804
5	1707	18454.271532085485	1800
5	1719	18495.283444772547	1802
5	1742	18638.062086455618	1810
5	1747	18665.147443766512	1805
5	1754	18689.802484823269	1808
5	1760	18743.149014994823	1812
5	1786	18888.513519923775	1811
5	1796	18980.794418581073	1814
5	1807	19085.078484835061	1819
5	1809	19089.822675751615	1820
5	1814	19153.505455586174	1818
5	1821	19245.028394234123	1821
5	1851	19524.155833588615	1827
5	1856	19541.560656442629	1830
5	1863	19570.345466902772	1832
5	1865	19591.264614516026	1826
5	1872	19636.745585874211	1829
5	1878	19672.996391214728	1831
6	145	1014.421832500505	1
6	146	1017.421832500505	0
6	147	1032.876962831368	1
6	148	1035.876962831368	0
6	151	1074.224288595053	1
6	152	1077.224288595053	0
6	162	1199.48372110893	1
6	163	1202.48372110893	0
6	164	1204.517656731171	1
6	165	1207.517656731171	0
6	177	1315.717968807673	1
6	178	1318.717968807673	0
6	189	1426.734799812995	1
6	191	1429.734799812995	0
6	219	1813.621849350686	1
6	220	1816.621849350686	0
6	232	1891.066459898276	1
6	233	1894.066459898276	0
6	252	2035.919186934777	1
6	253	2038.919186934777	0
6	260	2129.738713080453	1
6	261	2132.738713080453	0
6	276	2273.171133604351	1
6	277	2276.171133604351	0
6	279	2303.232753961774	1
6	280	2306.232753961774	0
6	286	2338.460447105599	1
6	288	2341.460447105599	0
6	322	2562.546373378363	1
6	323	2565.546373378363	0
6	325	2580.004207834463	1
6	326	2583.004207834463	0
6	327	2604.262771492157	1
6	328	2607.262771492157	0
6	354	2866.436874233998	1
6	355	2869.436874233998	0
6	356	2884.514280860755	1
6	357	2887.514280860755	0
6	395	3349.307894552533	1
6	396	3352.307894552533	0
6	414	3579.707323769189	1
6	415	3582.707323769189	0
6	418	3635.867121502346	1
6	419	3638.867121502346	0
6	420	3659.451199935733	1
6	421	3662.451199935733	0
6	425	3712.747951750146	1
6	426	3715.747951750146	0
6	431	3780.131252764243	1
6	432	3783.131252764243	0
6	440	3886.420402292773	1
6	441	3889.420402292773	0
6	453	4041.389452035963	1
6	454	4044.389452035963	0
6	456	4099.843524279791	1
6	457	4102.843524279791	0
6	465	4204.938630809333	1
6	466	4207.938630809333	0
6	482	4365.795728043818	1
6	484	4368.795728043818	0
6	497	4533.67277455852	1
6	498	4536.67277455852	0
6	499	4547.520691493929	1
6	501	4550.520691493929	0
6	533	4872.900507010225	1
6	534	4875.900507010225	0
6	540	4936.476514891496	1
6	541	4939.476514891496	0
6	542	4942.476514891496	1
6	543	4945.476514891496	0
6	564	5232.031188578481	1
6	566	5235.031188578481	0
6	573	5337.686712904562	1
6	574	5340.686712904562	0
6	586	5457.037690159987	1
6	587	5460.037690159987	0
6	610	5719.338161359061	1
6	611	5722.338161359061	0
6	634	5962.541652258556	1
6	635	5965.541652258556	0
6	648	6296.31740961517	1
6	649	6299.31740961517	0
6	657	6640.068959473195	1
6	658	6643.068959473195	0
6	666	6766.890436976507	1
6	668	6769.890436976507	0
6	669	6797.20292160227	1
6	670	6800.20292160227	0
6	677	6866.948695268478	1
6	679	6869.948695268478	0
6	697	7016.795777926182	1
6	699	7019.795777926182	0
6	702	7056.450503939975	1
6	703	7059.450503939975	0
6	717	7175.55859452029	1
6	718	7178.55859452029	0
6	720	7206.796697159214	1
6	722	7209.796697159214	0
6	727	7252.673677372896	1
6	728	7255.673677372896	0
6	742	7391.374593958334	1
6	743	7394.374593958334	0
6	752	7539.988942137837	1
6	753	7542.988942137837	0
6	762	7643.519429698009	1
6	764	7646.519429698009	0
6	765	7648.550404158032	1
6	767	7651.550404158032	0
6	771	7719.23448710452	1
6	772	7722.23448710452	0
6	776	7752.071485179226	1
6	777	7755.071485179226	0
6	808	8084.123150436161	1
6	810	8087.123150436161	0
6	816	8168.21460650022	1
6	817	8171.21460650022	0
6	842	8549.022871450798	1
6	843	8552.022871450798	0
6	844	8556.963547516733	1
6	845	8559.963547516733	0
6	852	8693.27085731146	1
6	853	8696.27085731146	0
6	866	8921.21377478099	1
6	867	8924.21377478099	0
6	868	8978.658414793115	1
6	869	8981.658414793115	0
6	870	9005.33854909315	1
6	871	9008.33854909315	0
6	898	9517.819482659395	1
6	899	9520.819482659395	0
6	911	9924.033554091776	1
6	913	9927.033554091776	0
6	916	10024.042714476103	1
6	918	10027.042714476103	0
6	939	10382.655141851809	1
6	940	10385.655141851809	0
6	951	10486.350552107768	1
6	952	10489.350552107768	0
6	973	10659.587437550817	1
6	974	10662.587437550817	0
6	980	10717.145505335232	1
6	981	10720.145505335232	0
6	994	10824.606283946704	1
6	995	10827.606283946704	0
6	1006	10988.4043532257	1
6	1007	10991.4043532257	0
6	1014	11048.42303976047	1
6	1015	11051.42303976047	0
6	1020	11126.7175270111	1
6	1021	11129.7175270111	0
6	1047	11370.967251044292	1
6	1048	11373.967251044292	0
6	1050	11385.23463432794	1
6	1051	11388.23463432794	0
6	1059	11475.816763229089	1
6	1061	11478.816763229089	0
6	1080	11690.799707570615	1
6	1081	11693.799707570615	0
6	1085	11759.755284725776	1
6	1086	11762.755284725776	0
6	1117	12134.772917151187	1
6	1118	12137.772917151187	0
6	1130	12200.901801989422	1
6	1131	12203.901801989422	0
6	1146	12287.962968968333	1
6	1147	12290.962968968333	0
6	1152	12322.208884077128	1
6	1153	12325.208884077128	0
6	1155	12335.955294955257	1
6	1156	12338.955294955257	0
6	1160	12372.721652585911	1
6	1161	12375.721652585911	0
6	1173	12435.789372590673	1
6	1174	12438.789372590673	0
6	1197	12597.164754333553	1
6	1198	12600.164754333553	0
6	1200	12614.298316215657	1
6	1202	12617.298316215657	0
6	1213	12775.876099998295	1
6	1214	12778.876099998295	0
6	1231	12975.945984733356	1
6	1232	12978.945984733356	0
6	1249	13120.605003329201	1
6	1251	13123.605003329201	0
6	1257	13223.180999307242	1
6	1259	13226.180999307242	0
6	1262	13284.977699858327	1
6	1263	13287.977699858327	0
6	1279	13444.725175981083	1
6	1280	13447.725175981083	0
6	1289	13541.673994362579	1
6	1290	13544.673994362579	0
6	1293	13556.777617766755	1
6	1294	13556.949955555686	2
6	1295	13559.777617766755	1
6	1296	13562.777617766755	0
6	1320	13903.801060231547	1
6	1321	13906.801060231547	0
6	1326	13984.167727859878	1
6	1327	13987.167727859878	0
6	1347	14180.499394736974	1
6	1349	14183.499394736974	0
6	1369	14397.404385455222	1
6	1370	14400.404385455222	0
6	1406	14687.03942967794	1
6	1407	14690.03942967794	0
6	1422	14848.969318799748	1
6	1423	14851.969318799748	0
6	1429	14874.819159500447	1
6	1430	14877.819159500447	0
6	1438	15087.273007701252	1
6	1439	15090.273007701252	0
6	1440	15099.041698519139	1
6	1441	15102.041698519139	0
6	1448	15279.062976199739	1
6	1449	15282.062976199739	0
6	1456	15503.40395592407	1
6	1457	15506.40395592407	0
6	1483	15852.302389219483	1
6	1484	15855.302389219483	0
6	1486	15887.158566097655	1
6	1487	15890.158566097655	0
6	1507	16066.633105715548	1
6	1508	16069.633105715548	0
6	1532	16414.838258000954	1
6	1533	16417.838258000954	0
6	1545	16550.521185014484	1
6	1546	16553.521185014484	0
6	1550	16645.763834722033	1
6	1551	16648.763834722033	0
6	1568	17076.32382163152	1
6	1569	17079.32382163152	0
6	1603	17444.618852089841	1
6	1604	17447.618852089841	0
6	1605	17459.302908762391	1
6	1606	17462.302908762391	0
6	1608	17474.184710557732	1
6	1611	17477.184710557732	0
6	1629	17631.508397358858	1
6	1630	17634.508397358858	0
6	1633	17681.369249080547	1
6	1634	17684.369249080547	0
6	1637	17751.857484935938	1
6	1638	17754.857484935938	0
6	1659	18018.688716575416	1
6	1660	18021.688716575416	0
6	1682	18263.569417030899	1
6	1683	18266.569417030899	0
6	1688	18343.935494397496	1
6	1690	18346.935494397496	0
6	1693	18357.669754620631	1
6	1695	18360.669754620631	0
6	1702	18427.53396793172	1
6	1703	18430.53396793172	0
6	1715	18482.823995229157	1
6	1717	18485.823995229157	0
6	1727	18559.147443766512	1
6	1728	18562.147443766512	0
6	1729	18562.793964556913	1
6	1730	18565.793964556913	0
6	1768	18782.513519923775	1
6	1769	18785.513519923775	0
6	1779	18855.610932205007	1
6	1780	18858.610932205007	0
6	1783	18874.794418581073	1
6	1784	18877.794418581073	0
6	1811	19139.028394234123	1
6	1812	19142.028394234123	0
6	1818	19189.822675751615	1
6	1819	19192.822675751615	0
6	1842	19459.666516180542	1
6	1843	19462.666516180542	0
6	1846	19485.264614516026	1
6	1847	19488.264614516026	0
6	1850	19523.936083005361	1
6	1852	19526.936083005361	0
7	146	1017.421832500505	3
7	148	1035.876962831368	3
7	152	1077.224288595053	3
7	163	1202.48372110893	3
7	165	1207.517656731171	3
7	178	1318.717968807673	3
7	191	1429.734799812995	3
7	220	1816.621849350686	3
7	233	1894.066459898276	3
7	253	2038.919186934777	3
7	261	2132.738713080453	3
7	277	2276.171133604351	3
7	280	2306.232753961774	3
7	288	2341.460447105599	3
7	323	2565.546373378363	3
7	326	2583.004207834463	3
7	328	2607.262771492157	3
7	355	2869.436874233998	3
7	357	2887.514280860755	3
7	396	3352.307894552533	3
7	415	3582.707323769189	3
7	419	3638.867121502346	3
7	421	3662.451199935733	3
7	426	3715.747951750146	3
7	432	3783.131252764243	3
7	441	3889.420402292773	3
7	454	4044.389452035963	3
7	457	4102.843524279791	3
7	466	4207.938630809333	3
7	484	4368.795728043818	3
7	498	4536.67277455852	3
7	501	4550.520691493929	3
7	534	4875.900507010225	3
7	541	4939.476514891496	3
7	543	4945.476514891496	3
7	566	5235.031188578481	3
7	574	5340.686712904562	3
7	587	5460.037690159987	3
7	611	5722.338161359061	3
7	635	5965.541652258556	3
7	649	6299.31740961517	3
7	658	6643.068959473195	3
7	668	6769.890436976507	3
7	670	6800.20292160227	3
7	679	6869.948695268478	3
7	699	7019.795777926182	3
7	703	7059.450503939975	3
7	718	7178.55859452029	3
7	722	7209.796697159214	3
7	728	7255.673677372896	3
7	743	7394.374593958334	3
7	753	7542.988942137837	3
7	764	7646.519429698009	3
7	767	7651.550404158032	3
7	772	7722.23448710452	3
7	777	7755.071485179226	3
7	810	8087.123150436161	3
7	817	8171.21460650022	3
7	843	8552.022871450798	3
7	845	8559.963547516733	3
7	853	8696.27085731146	3
7	867	8924.21377478099	3
7	869	8981.658414793115	3
7	871	9008.33854909315	3
7	899	9520.819482659395	3
7	913	9927.033554091776	3
7	918	10027.042714476103	3
7	940	10385.655141851809	3
7	952	10489.350552107768	3
7	974	10662.587437550817	3
7	981	10720.145505335232	3
7	995	10827.606283946704	3
7	1007	10991.4043532257	3
7	1015	11051.42303976047	3
7	1021	11129.7175270111	3
7	1048	11373.967251044292	3
7	1051	11388.23463432794	3
7	1061	11478.816763229089	3
7	1081	11693.799707570615	3
7	1086	11762.755284725776	3
7	1118	12137.772917151187	3
7	1131	12203.901801989422	3
7	1147	12290.962968968333	3
7	1153	12325.208884077128	3
7	1156	12338.955294955257	3
7	1161	12375.721652585911	3
7	1174	12438.789372590673	3
7	1198	12600.164754333553	3
7	1202	12617.298316215657	3
7	1214	12778.876099998295	3
7	1232	12978.945984733356	3
7	1251	13123.605003329201	3
7	1259	13226.180999307242	3
7	1263	13287.977699858327	3
7	1280	13447.725175981083	3
7	1290	13544.673994362579	3
7	1295	13559.777617766755	3
7	1296	13562.777617766755	5.827662211069
7	1321	13906.801060231547	3
7	1327	13987.167727859878	3
7	1349	14183.499394736974	3
7	1370	14400.404385455222	3
7	1407	14690.03942967794	3
7	1423	14851.969318799748	3
7	1430	14877.819159500447	3
7	1439	15090.273007701252	3
7	1441	15102.041698519139	3
7	1449	15282.062976199739	3
7	1457	15506.40395592407	3
7	1484	15855.302389219483	3
7	1487	15890.158566097655	3
7	1508	16069.633105715548	3
7	1533	16417.838258000954	3
7	1546	16553.521185014484	3
7	1551	16648.763834722033	3
7	1569	17079.32382163152	3
7	1604	17447.618852089841	3
7	1606	17462.302908762391	3
7	1611	17477.184710557732	3
7	1630	17634.508397358858	3
7	1634	17684.369249080547	3
7	1638	17754.857484935938	3
7	1660	18021.688716575416	3
7	1683	18266.569417030899	3
7	1690	18346.935494397496	3
7	1695	18360.669754620631	3
7	1703	18430.53396793172	3
7	1717	18485.823995229157	3
7	1728	18562.147443766512	3
7	1730	18565.793964556913	3
7	1769	18785.513519923775	3
7	1780	18858.610932205007	3
7	1784	18877.794418581073	3
7	1812	19142.028394234123	3
7	1819	19192.822675751615	3
7	1843	19462.666516180542	3
7	1847	19488.264614516026	3
7	1852	19526.936083005361	3
8	146	1017.421832500505	1553
8	148	1035.876962831368	1554
8	152	1077.224288595053	1552
8	163	1202.48372110893	1555
8	165	1207.517656731171	1556
8	178	1318.717968807673	1557
8	191	1429.734799812995	1560
8	220	1816.621849350686	1562
8	233	1894.066459898276	1565
8	253	2038.919186934777	1570
8	261	2132.738713080453	1571
8	277	2276.171133604351	1575
8	280	2306.232753961774	1573
8	288	2341.460447105599	1577
8	323	2565.546373378363	1583
8	326	2583.004207834463	1584
8	328	2607.262771492157	1582
8	355	2869.436874233998	1587
8	357	2887.514280860755	1588
8	396	3352.307894552533	1594
8	415	3582.707323769189	1596
8	419	3638.867121502346	1597
8	421	3662.451199935733	1599
8	426	3715.747951750146	1600
8	432	3783.131252764243	1598
8	441	3889.420402292773	1601
8	454	4044.389452035963	1602
8	457	4102.843524279791	1603
8	466	4207.938630809333	1605
8	484	4368.795728043818	1606
8	498	4536.67277455852	1609
8	501	4550.520691493929	1611
8	534	4875.900507010225	1617
8	541	4939.476514891496	1615
8	543	4945.476514891496	1616
8	566	5235.031188578481	1620
8	574	5340.686712904562	1621
8	587	5460.037690159987	1623
8	611	5722.338161359061	1627
8	635	5965.541652258556	1628
8	649	6299.31740961517	1634
8	658	6643.068959473195	1636
8	668	6769.890436976507	1637
8	670	6800.20292160227	1635
8	679	6869.948695268478	1640
8	699	7019.795777926182	1639
8	703	7059.450503939975	1641
8	718	7178.55859452029	1645
8	722	7209.796697159214	1644
8	728	7255.673677372896	1643
8	743	7394.374593958334	1648
8	753	7542.988942137837	1650
8	764	7646.519429698009	1651
8	767	7651.550404158032	1649
8	772	7722.23448710452	1654
8	777	7755.071485179226	1652
8	810	8087.123150436161	1659
8	817	8171.21460650022	1660
8	843	8552.022871450798	1664
8	845	8559.963547516733	1662
8	853	8696.27085731146	1663
8	867	8924.21377478099	1666
8	869	8981.658414793115	1665
8	871	9008.33854909315	1667
8	899	9520.819482659395	1671
8	913	9927.033554091776	1674
8	918	10027.042714476103	1675
8	940	10385.655141851809	1676
8	952	10489.350552107768	1681
8	974	10662.587437550817	1683
8	981	10720.145505335232	1686
8	995	10827.606283946704	1688
8	1007	10991.4043532257	1690
8	1015	11051.42303976047	1691
8	1021	11129.7175270111	1692
8	1048	11373.967251044292	1698
8	1051	11388.23463432794	1693
8	1061	11478.816763229089	1699
8	1081	11693.799707570615	1701
8	1086	11762.755284725776	1704
8	1118	12137.772917151187	1707
8	1131	12203.901801989422	1709
8	1147	12290.962968968333	1712
8	1153	12325.208884077128	1713
8	1156	12338.955294955257	1714
8	1161	12375.721652585911	1715
8	1174	12438.789372590673	1719
8	1198	12600.164754333553	1721
8	1202	12617.298316215657	1722
8	1214	12778.876099998295	1724
8	1232	12978.945984733356	1725
8	1251	13123.605003329201	1727
8	1259	13226.180999307242	1730
8	1263	13287.977699858327	1731
8	1280	13447.725175981083	1735
8	1290	13544.673994362579	1734
8	1295	13559.777617766755	1737
8	1296	13562.777617766755	1738
8	1321	13906.801060231547	1739
8	1327	13987.167727859878	1742
8	1349	14183.499394736974	1741
8	1370	14400.404385455222	1749
8	1407	14690.03942967794	1750
8	1423	14851.969318799748	1753
8	1430	14877.819159500447	1756
8	1439	15090.273007701252	1759
8	1441	15102.041698519139	1760
8	1449	15282.062976199739	1761
8	1457	15506.40395592407	1762
8	1484	15855.302389219483	1767
8	1487	15890.158566097655	1766
8	1508	16069.633105715548	1771
8	1533	16417.838258000954	1774
8	1546	16553.521185014484	1777
8	1551	16648.763834722033	1776
8	1569	17079.32382163152	1781
8	1604	17447.618852089841	1784
8	1606	17462.302908762391	1785
8	1611	17477.184710557732	1783
8	1630	17634.508397358858	1790
8	1634	17684.369249080547	1791
8	1638	17754.857484935938	1792
8	1660	18021.688716575416	1796
8	1683	18266.569417030899	1798
8	1690	18346.935494397496	1800
8	1695	18360.669754620631	1801
8	1703	18430.53396793172	1803
8	1717	18485.823995229157	1807
8	1728	18562.147443766512	1805
8	1730	18565.793964556913	1806
8	1769	18785.513519923775	1811
8	1780	18858.610932205007	1815
8	1784	18877.794418581073	1814
8	1812	19142.028394234123	1821
8	1819	19192.822675751615	1820
8	1843	19462.666516180542	1825
8	1847	19488.264614516026	1826
8	1852	19526.936083005361	1828
9	166	1212.717968807673	1
9	167	1215.717968807673	0
9	172	1227.798063179237	1
9	173	1230.798063179237	0
9	175	1307.517656731171	1
9	176	1310.517656731171	0
9	179	1320.734799812995	1
9	180	1321.638735795775	2
9	182	1323.734799812995	1
9	183	1326.734799812995	0
9	206	1710.621849350686	1
9	208	1713.621849350686	0
9	211	1720.15845605671	1
9	212	1722.197495263621	2
9	213	1723.15845605671	1
9	214	1729.15845605671	0
9	217	1788.066459898276	1
9	218	1791.066459898276	0
9	240	1932.919186934777	1
9	241	1935.919186934777	0
9	269	2222.908938040789	1
9	271	2225.908938040789	0
9	283	2325.043162823144	1
9	285	2328.043162823144	0
9	290	2360.370153978048	1
9	291	2363.370153978048	0
9	292	2376.171133604351	1
9	293	2379.171133604351	0
9	304	2446.850842583502	1
9	305	2449.850842583502	0
9	313	2501.262771492157	1
9	314	2504.262771492157	0
9	335	2665.546373378363	1
9	336	2668.546373378363	0
9	352	2861.826548649656	1
9	353	2864.826548649656	0
9	379	3161.222393921321	1
9	380	3164.222393921321	0
9	393	3284.248659310569	1
9	394	3287.248659310569	0
9	407	3479.969083223978	1
9	408	3482.969083223978	0
9	409	3532.867121502346	1
9	410	3535.867121502346	0
9	422	3677.131252764243	1
9	423	3680.131252764243	0
9	429	3762.451199935733	1
9	430	3765.451199935733	0
9	434	3815.747951750146	1
9	435	3818.747951750146	0
9	445	3938.389452035963	1
9	446	3941.389452035963	0
9	449	3996.843524279791	1
9	450	3999.843524279791	0
9	467	4208.228242151987	1
9	468	4211.228242151987	0
9	471	4262.795728043818	1
9	473	4265.795728043818	0
9	479	4353.907037598524	1
9	480	4356.907037598524	0
9	493	4466.502980603731	1
9	496	4469.502980603731	0
9	504	4567.395569307145	1
9	506	4570.395569307145	0
9	535	4892.824164646709	1
9	536	4895.824164646709	0
9	544	4975.900507010225	1
9	545	4978.900507010225	0
9	549	5027.115222548425	1
9	551	5030.115222548425	0
9	577	5354.037690159987	1
9	578	5357.037690159987	0
9	594	5549.52365906648	1
9	596	5552.52365906648	0
9	600	5616.338161359061	1
9	601	5619.338161359061	0
9	618	5781.882789740126	1
9	619	5784.882789740126	0
9	625	5859.541652258556	1
9	626	5862.541652258556	0
9	646	6193.31740961517	1
9	647	6196.31740961517	0
9	660	6694.20292160227	1
9	661	6697.20292160227	0
9	678	6869.890436976507	1
9	680	6872.890436976507	0
9	684	6913.795777926182	1
9	686	6916.795777926182	0
9	690	6969.948695268478	1
9	692	6972.948695268478	0
9	695	7013.949878406775	1
9	698	7016.949878406775	0
9	706	7103.796697159214	1
9	708	7106.796697159214	0
9	714	7149.673677372896	1
9	715	7152.673677372896	0
9	723	7217.194023135634	1
9	724	7220.194023135634	0
9	725	7248.989924384887	1
9	726	7251.989924384887	0
9	755	7545.550404158032	1
9	756	7548.550404158032	0
9	761	7642.988942137837	1
9	763	7645.988942137837	0
9	787	7919.614923061658	1
9	788	7922.614923061658	0
9	795	7980.297175926389	1
9	796	7983.297175926389	0
9	814	8146.592557321844	1
9	815	8149.592557321844	0
9	826	8271.21460650022	1
9	827	8274.21460650022	0
9	838	8453.963547516733	1
9	839	8456.963547516733	0
9	846	8590.27085731146	1
9	847	8593.27085731146	0
9	863	8875.658414793115	1
9	864	8878.658414793115	0
9	889	9353.512659351011	1
9	890	9356.512659351011	0
9	891	9414.819482659395	1
9	892	9417.819482659395	0
9	893	9439.370070987745	1
9	894	9442.370070987745	0
9	904	9664.340168654824	1
9	905	9667.340168654824	0
9	909	9864.264545030596	1
9	910	9867.264545030596	0
9	917	10027.033554091776	1
9	919	10030.033554091776	0
9	929	10263.998309259882	1
9	930	10266.998309259882	0
9	931	10279.655141851809	1
9	932	10282.655141851809	0
9	960	10556.587437550817	1
9	961	10559.587437550817	0
9	964	10589.350552107768	1
9	965	10592.350552107768	0
9	984	10746.58284520228	1
9	985	10749.58284520228	0
9	989	10814.145505335232	1
9	990	10817.145505335232	0
9	998	10890.133226250944	1
9	999	10893.133226250944	0
9	1029	11229.7175270111	1
9	1030	11232.7175270111	0
9	1036	11282.23463432794	1
9	1037	11285.23463432794	0
9	1043	11347.053302904097	1
9	1045	11350.053302904097	0
9	1069	11578.816763229089	1
9	1070	11581.816763229089	0
9	1074	11655.880717404257	1
9	1075	11658.880717404257	0
9	1077	11674.07872791898	1
9	1078	11677.07872791898	0
9	1082	11707.676075959481	1
9	1083	11710.676075959481	0
9	1099	11992.488138029322	1
9	1100	11995.488138029322	0
9	1104	12038.531628424934	1
9	1105	12041.531628424934	0
9	1127	12184.962968968333	1
9	1128	12187.962968968333	0
9	1133	12219.208884077128	1
9	1134	12222.208884077128	0
9	1135	12232.955294955257	1
9	1136	12235.955294955257	0
9	1167	12398.479262067615	1
9	1168	12401.479262067615	0
9	1183	12494.164754333553	1
9	1184	12497.164754333553	0
9	1187	12511.298316215657	1
9	1189	12514.298316215657	0
9	1193	12542.246329487416	1
9	1194	12545.246329487416	0
9	1195	12560.279048980827	1
9	1196	12563.279048980827	0
9	1220	12872.945984733356	1
9	1221	12875.945984733356	0
9	1235	13006.363227572035	1
9	1236	13009.363227572035	0
9	1237	13017.605003329201	1
9	1239	13020.605003329201	0
9	1248	13120.180999307242	1
9	1250	13123.180999307242	0
9	1255	13181.977699858327	1
9	1256	13184.977699858327	0
9	1274	13428.524496900262	1
9	1276	13431.524496900262	0
9	1285	13513.319338061884	1
9	1286	13516.319338061884	0
9	1291	13547.725175981083	1
9	1292	13550.725175981083	0
9	1312	13800.801060231547	1
9	1313	13803.801060231547	0
9	1318	13897.437408842204	1
9	1319	13900.437408842204	0
9	1328	13988.461558658402	1
9	1329	13991.461558658402	0
9	1336	14077.499394736974	1
9	1338	14080.499394736974	0
9	1339	14087.167727859878	1
9	1340	14090.167727859878	0
9	1353	14231.018862875033	1
9	1354	14234.018862875033	0
9	1357	14280.830052808545	1
9	1359	14283.830052808545	0
9	1385	14567.437105723009	1
9	1387	14570.437105723009	0
9	1388	14584.03942967794	1
9	1389	14587.03942967794	0
9	1393	14636.745219153337	1
9	1394	14639.745219153337	0
9	1398	14647.651733637131	1
9	1400	14650.651733637131	0
9	1410	14745.969318799748	1
9	1411	14748.969318799748	0
9	1414	14751.91206434923	1
9	1416	14754.91206434923	0
9	1419	14771.819159500447	1
9	1420	14774.819159500447	0
9	1427	14858.848089005127	1
9	1428	14861.848089005127	0
9	1461	15606.40395592407	1
9	1462	15609.40395592407	0
9	1471	15716.798080942202	1
9	1472	15719.798080942202	0
9	1491	15904.763778852438	1
9	1493	15907.763778852438	0
9	1514	16169.633105715548	1
9	1515	16172.633105715548	0
9	1519	16233.311426252478	1
9	1520	16236.311426252478	0
9	1524	16311.838258000954	1
9	1525	16314.838258000954	0
9	1529	16379.000812608777	1
9	1530	16382.000812608777	0
9	1536	16447.521185014484	1
9	1537	16450.521185014484	0
9	1543	16542.763834722033	1
9	1544	16545.763834722033	0
9	1575	17179.32382163152	1
9	1576	17182.32382163152	0
9	1580	17245.387571023852	1
9	1581	17248.387571023852	0
9	1592	17356.302908762391	1
9	1593	17359.302908762391	0
9	1594	17371.184710557732	1
9	1597	17374.184710557732	0
9	1607	17473.158009253182	1
9	1609	17475.0822232247	2
9	1610	17476.158009253182	1
9	1614	17482.158009253182	0
9	1617	17528.508397358858	1
9	1618	17531.508397358858	0
9	1627	17594.114141611752	1
9	1628	17597.114141611752	0
9	1643	17854.857484935938	1
9	1644	17857.857484935938	0
9	1657	18000.691072333409	1
9	1658	18003.691072333409	0
9	1663	18079.477269279257	1
9	1664	18082.477269279257	0
9	1672	18160.569417030899	1
9	1673	18163.569417030899	0
9	1675	18184.244944576484	1
9	1676	18187.244944576484	0
9	1708	18456.147443766512	1
9	1709	18459.147443766512	0
9	1710	18459.793964556913	1
9	1711	18460.669754620631	2
9	1712	18462.793964556913	1
9	1713	18468.793964556913	0
9	1721	18530.53396793172	1
9	1722	18533.53396793172	0
9	1734	18585.823995229157	1
9	1736	18588.823995229157	0
9	1738	18612.156989945405	1
9	1739	18615.156989945405	0
9	1750	18679.513519923775	1
9	1751	18682.513519923775	0
9	1766	18771.794418581073	1
9	1767	18774.794418581073	0
9	1773	18841.062086455618	1
9	1775	18844.062086455618	0
9	1777	18849.631687332052	1
9	1778	18852.631687332052	0
9	1800	19016.649665761316	1
9	1801	19019.649665761316	0
9	1824	19273.527043605098	1
9	1825	19276.527043605098	0
9	1830	19355.827561697505	1
9	1831	19358.827561697505	0
9	1839	19447.142579847175	1
9	1840	19450.142579847175	0
9	1869	19626.936083005361	1
9	1870	19629.936083005361	0
9	1891	19932.600790120583	1
9	1892	19935.600790120583	0
10	167	1215.717968807673	3
10	173	1230.798063179237	3
10	176	1310.517656731171	3
10	182	1323.734799812995	3
10	183	1326.734799812995	5.09606401722
10	208	1713.621849350686	3
10	213	1723.15845605671	3
10	214	1729.15845605671	6.960960793089
10	218	1791.066459898276	3
10	241	1935.919186934777	3
10	271	2225.908938040789	3
10	285	2328.043162823144	3
10	291	2363.370153978048	3
10	293	2379.171133604351	3
10	305	2449.850842583502	3
10	314	2504.262771492157	3
10	336	2668.546373378363	3
10	353	2864.826548649656	3
10	380	3164.222393921321	3
10	394	3287.248659310569	3
10	408	3482.969083223978	3
10	410	3535.867121502346	3
10	423	3680.131252764243	3
10	430	3765.451199935733	3
10	435	3818.747951750146	3
10	446	3941.389452035963	3
10	450	3999.843524279791	3
10	468	4211.228242151987	3
10	473	4265.795728043818	3
10	480	4356.907037598524	3
10	496	4469.502980603731	3
10	506	4570.395569307145	3
10	536	4895.824164646709	3
10	545	4978.900507010225	3
10	551	5030.115222548425	3
10	578	5357.037690159987	3
10	596	5552.52365906648	3
10	601	5619.338161359061	3
10	619	5784.882789740126	3
10	626	5862.541652258556	3
10	647	6196.31740961517	3
10	661	6697.20292160227	3
10	680	6872.890436976507	3
10	686	6916.795777926182	3
10	692	6972.948695268478	3
10	698	7016.949878406775	3
10	708	7106.796697159214	3
10	715	7152.673677372896	3
10	724	7220.194023135634	3
10	726	7251.989924384887	3
10	756	7548.550404158032	3
10	763	7645.988942137837	3
10	788	7922.614923061658	3
10	796	7983.297175926389	3
10	815	8149.592557321844	3
10	827	8274.21460650022	3
10	839	8456.963547516733	3
10	847	8593.27085731146	3
10	864	8878.658414793115	3
10	890	9356.512659351011	3
10	892	9417.819482659395	3
10	894	9442.370070987745	3
10	905	9667.340168654824	3
10	910	9867.264545030596	3
10	919	10030.033554091776	3
10	930	10266.998309259882	3
10	932	10282.655141851809	3
10	961	10559.587437550817	3
10	965	10592.350552107768	3
10	985	10749.58284520228	3
10	990	10817.145505335232	3
10	999	10893.133226250944	3
10	1030	11232.7175270111	3
10	1037	11285.23463432794	3
10	1045	11350.053302904097	3
10	1070	11581.816763229089	3
10	1075	11658.880717404257	3
10	1078	11677.07872791898	3
10	1083	11710.676075959481	3
10	1100	11995.488138029322	3
10	1105	12041.531628424934	3
10	1128	12187.962968968333	3
10	1134	12222.208884077128	3
10	1136	12235.955294955257	3
10	1168	12401.479262067615	3
10	1184	12497.164754333553	3
10	1189	12514.298316215657	3
10	1194	12545.246329487416	3
10	1196	12563.279048980827	3
10	1221	12875.945984733356	3
10	1236	13009.363227572035	3
10	1239	13020.605003329201	3
10	1250	13123.180999307242	3
10	1256	13184.977699858327	3
10	1276	13431.524496900262	3
10	1286	13516.319338061884	3
10	1292	13550.725175981083	3
10	1313	13803.801060231547	3
10	1319	13900.437408842204	3
10	1329	13991.461558658402	3
10	1338	14080.499394736974	3
10	1340	14090.167727859878	3
10	1354	14234.018862875033	3
10	1359	14283.830052808545	3
10	1387	14570.437105723009	3
10	1389	14587.03942967794	3
10	1394	14639.745219153337	3
10	1400	14650.651733637131	3
10	1411	14748.969318799748	3
10	1416	14754.91206434923	3
10	1420	14774.819159500447	3
10	1428	14861.848089005127	3
10	1462	15609.40395592407	3
10	1472	15719.798080942202	3
10	1493	15907.763778852438	3
10	1515	16172.633105715548	3
10	1520	16236.311426252478	3
10	1525	16314.838258000954	3
10	1530	16382.000812608777	3
10	1537	16450.521185014484	3
10	1544	16545.763834722033	3
10	1576	17182.32382163152	3
10	1581	17248.387571023852	3
10	1593	17359.302908762391	3
10	1597	17374.184710557732	3
10	1610	17476.158009253182	3
10	1614	17482.158009253182	7.075786028482
10	1618	17531.508397358858	3
10	1628	17597.114141611752	3
10	1644	17857.857484935938	3
10	1658	18003.691072333409	3
10	1664	18082.477269279257	3
10	1673	18163.569417030899	3
10	1676	18187.244944576484	3
10	1709	18459.147443766512	3
10	1712	18462.793964556913	3
10	1713	18468.793964556913	8.124209936282
10	1722	18533.53396793172	3
10	1736	18588.823995229157	3
10	1739	18615.156989945405	3
10	1751	18682.513519923775	3
10	1767	18774.794418581073	3
10	1775	18844.062086455618	3
10	1778	18852.631687332052	3
10	1801	19019.649665761316	3
10	1825	19276.527043605098	3
10	1831	19358.827561697505	3
10	1840	19450.142579847175	3
10	1870	19629.936083005361	3
10	1892	19935.600790120583	3
11	167	1215.717968807673	1557
11	173	1230.798063179237	1558
11	176	1310.517656731171	1556
11	182	1323.734799812995	1559
11	183	1326.734799812995	1560
11	208	1713.621849350686	1562
11	213	1723.15845605671	1564
11	214	1729.15845605671	1561
11	218	1791.066459898276	1565
11	241	1935.919186934777	1570
11	271	2225.908938040789	1572
11	285	2328.043162823144	1576
11	291	2363.370153978048	1578
11	293	2379.171133604351	1575
11	305	2449.850842583502	1581
11	314	2504.262771492157	1582
11	336	2668.546373378363	1583
11	353	2864.826548649656	1586
11	380	3164.222393921321	1591
11	394	3287.248659310569	1592
11	408	3482.969083223978	1595
11	410	3535.867121502346	1597
11	423	3680.131252764243	1598
11	430	3765.451199935733	1599
11	435	3818.747951750146	1600
11	446	3941.389452035963	1602
11	450	3999.843524279791	1603
11	468	4211.228242151987	1604
11	473	4265.795728043818	1606
11	480	4356.907037598524	1607
11	496	4469.502980603731	1608
11	506	4570.395569307145	1612
11	536	4895.824164646709	1618
11	545	4978.900507010225	1617
11	551	5030.115222548425	1614
11	578	5357.037690159987	1623
11	596	5552.52365906648	1622
11	601	5619.338161359061	1627
11	619	5784.882789740126	1630
11	626	5862.541652258556	1628
11	647	6196.31740961517	1634
11	661	6697.20292160227	1635
11	680	6872.890436976507	1637
11	686	6916.795777926182	1639
11	692	6972.948695268478	1640
11	698	7016.949878406775	1638
11	708	7106.796697159214	1644
11	715	7152.673677372896	1643
11	724	7220.194023135634	1642
11	726	7251.989924384887	1647
11	756	7548.550404158032	1649
11	763	7645.988942137837	1650
11	788	7922.614923061658	1653
11	796	7983.297175926389	1657
11	815	8149.592557321844	1655
11	827	8274.21460650022	1660
11	839	8456.963547516733	1662
11	847	8593.27085731146	1663
11	864	8878.658414793115	1665
11	890	9356.512659351011	1670
11	892	9417.819482659395	1671
11	894	9442.370070987745	1668
11	905	9667.340168654824	1672
11	910	9867.264545030596	1673
11	919	10030.033554091776	1674
11	930	10266.998309259882	1677
11	932	10282.655141851809	1676
11	961	10559.587437550817	1683
11	965	10592.350552107768	1681
11	985	10749.58284520228	1682
11	990	10817.145505335232	1685
11	999	10893.133226250944	1689
11	1030	11232.7175270111	1692
11	1037	11285.23463432794	1693
11	1045	11350.053302904097	1697
11	1070	11581.816763229089	1699
11	1075	11658.880717404257	1700
11	1078	11677.07872791898	1702
11	1083	11710.676075959481	1703
11	1100	11995.488138029322	1706
11	1105	12041.531628424934	1705
11	1128	12187.962968968333	1712
11	1134	12222.208884077128	1713
11	1136	12235.955294955257	1714
11	1168	12401.479262067615	1718
11	1184	12497.164754333553	1721
11	1189	12514.298316215657	1722
11	1194	12545.246329487416	1720
11	1196	12563.279048980827	1717
11	1221	12875.945984733356	1725
11	1236	13009.363227572035	1726
11	1239	13020.605003329201	1727
11	1250	13123.180999307242	1730
11	1256	13184.977699858327	1731
11	1276	13431.524496900262	1733
11	1286	13516.319338061884	1736
11	1292	13550.725175981083	1735
11	1313	13803.801060231547	1739
11	1319	13900.437408842204	1740
11	1329	13991.461558658402	1743
11	1338	14080.499394736974	1741
11	1340	14090.167727859878	1742
11	1354	14234.018862875033	1744
11	1359	14283.830052808545	1745
11	1387	14570.437105723009	1748
11	1389	14587.03942967794	1750
11	1394	14639.745219153337	1752
11	1400	14650.651733637131	1755
11	1411	14748.969318799748	1753
11	1416	14754.91206434923	1757
11	1420	14774.819159500447	1756
11	1428	14861.848089005127	1758
11	1462	15609.40395592407	1762
11	1472	15719.798080942202	1763
11	1493	15907.763778852438	1765
11	1515	16172.633105715548	1771
11	1520	16236.311426252478	1773
11	1525	16314.838258000954	1774
11	1530	16382.000812608777	1775
11	1537	16450.521185014484	1777
11	1544	16545.763834722033	1776
11	1576	17182.32382163152	1781
11	1581	17248.387571023852	1780
11	1593	17359.302908762391	1785
11	1597	17374.184710557732	1783
11	1610	17476.158009253182	1788
11	1614	17482.158009253182	1786
11	1618	17531.508397358858	1790
11	1628	17597.114141611752	1789
11	1644	17857.857484935938	1792
11	1658	18003.691072333409	1795
11	1664	18082.477269279257	1793
11	1673	18163.569417030899	1798
11	1676	18187.244944576484	1799
11	1709	18459.147443766512	1805
11	1712	18462.793964556913	1806
11	1713	18468.793964556913	1801
11	1722	18533.53396793172	1803
11	1736	18588.823995229157	1807
11	1739	18615.156989945405	1809
11	1751	18682.513519923775	1811
11	1767	18774.794418581073	1814
11	1775	18844.062086455618	1810
11	1778	18852.631687332052	1813
11	1801	19019.649665761316	1817
11	1825	19276.527043605098	1822
11	1831	19358.827561697505	1823
11	1840	19450.142579847175	1824
11	1870	19629.936083005361	1828
11	1892	19935.600790120583	1834
12	244	1984.822456854758	203
12	248	2024.554708802486	306
12	298	2423.958978572216	306
12	324	2566.370153978048	306
12	330	2647.449897778853	306
12	331	2652.850842583502	306
12	400	3382.738139827252	306
12	522	4773.395569307145	306
12	532	4856.520691493929	409
12	555	5098.824164646709	306
12	627	5876.841627806252	203
12	819	8186.297175926389	306
12	862	8858.022871450798	409
12	901	9559.512659351011	306
12	1022	11133.606283946704	409
12	1129	12198.488138029322	306
12	1163	12385.175399747528	306
12	1199	12604.479262067615	306
12	1246	13084.876099998295	409
12	1252	13148.383875502349	306
12	1261	13279.153176231127	306
12	1283	13460.314247305199	203
12	1299	13634.524496900262	306
12	1314	13868.777617766755	411.82766221107
12	1351	14194.461558658402	306
12	1373	14460.847739986954	203
12	1500	16003.027692140669	203
12	1513	16156.736818267987	203
12	1554	16700.611911049516	306
12	1700	18390.244944576484	306
12	1745	18651.271532085485	306
12	1875	19653.142579847175	306
12	1882	19711.468295616864	203
13	244	1984.822456854758	3
13	248	2024.554708802486	6
13	298	2423.958978572216	6
13	324	2566.370153978048	6
13	330	2647.449897778853	6
13	331	2652.850842583502	6
13	400	3382.738139827252	6
13	522	4773.395569307145	6
13	532	4856.520691493929	9
13	555	5098.824164646709	6
13	627	5876.841627806252	3
13	819	8186.297175926389	6
13	862	8858.022871450798	9
13	901	9559.512659351011	6
13	1022	11133.606283946704	9
13	1129	12198.488138029322	6
13	1163	12385.175399747528	6
13	1199	12604.479262067615	6
13	1246	13084.876099998295	9
13	1252	13148.383875502349	6
13	1261	13279.153176231127	6
13	1283	13460.314247305199	3
13	1299	13634.524496900262	6
13	1314	13868.777617766755	11.827662211069
13	1351	14194.461558658402	6
13	1373	14460.847739986954	3
13	1500	16003.027692140669	3
13	1513	16156.736818267987	3
13	1554	16700.611911049516	6
13	1700	18390.244944576484	6
13	1745	18651.271532085485	6
13	1875	19653.142579847175	6
13	1882	19711.468295616864	3
14	244	1984.822456854758	1
14	248	2024.554708802486	2
14	298	2423.958978572216	2
14	324	2566.370153978048	2
14	330	2647.449897778853	2
14	331	2652.850842583502	2
14	400	3382.738139827252	2
14	522	4773.395569307145	2
14	532	4856.520691493929	3
14	555	5098.824164646709	2
14	627	5876.841627806252	1
14	819	8186.297175926389	2
14	862	8858.022871450798	3
14	901	9559.512659351011	2
14	1022	11133.606283946704	3
14	1129	12198.488138029322	2
14	1163	12385.175399747528	2
14	1199	12604.479262067615	2
14	1246	13084.876099998295	3
14	1252	13148.383875502349	2
14	1261	13279.153176231127	2
14	1283	13460.314247305199	1
14	1299	13634.524496900262	2
14	1314	13868.777617766755	3
14	1351	14194.461558658402	2
14	1373	14460.847739986954	1
14	1500	16003.027692140669	1
14	1513	16156.736818267987	1
14	1554	16700.611911049516	2
14	1700	18390.244944576484	2
14	1745	18651.271532085485	2
14	1875	19653.142579847175	2
14	1882	19711.468295616864	1
15	254	2041.145402601044	306
15	255	2097.066459898276	409
15	376	3143.997187287561	306
15	437	3841.867121502346	409
15	455	4092.420402292773	306
15	510	4651.950821282862	306
15	602	5638.809011958551	203
15	639	6040.295551047867	306
15	644	6122.883905103917	306
15	653	6502.31740961517	409
15	675	6846.068959473195	306
15	741	7381.55859452029	306
15	745	7412.796697159214	409
15	822	8208.601440599808	306
15	959	10545.695674614149	306
15	987	10771.300416589306	306
15	1010	11026.287635005233	306
15	1028	11194.4043532257	306
15	1182	12493.962968968333	409
15	1215	12803.164754333553	409
15	1218	12820.013565367342	203
15	1380	14530.281476277072	306
15	1549	16620.838258000954	409
15	1557	16756.521185014484	409
15	1613	17480.604516162147	203
15	1632	17665.302908762391	409
15	1666	18098.669874217199	306
15	1677	18224.688716575416	306
15	1714	18469.569417030899	409
15	1726	18554.271532085485	310.33603768799
15	1737	18595.283444772547	306
15	1764	18765.147443766512	409
15	1770	18789.802484823269	306
15	1828	19345.028394234123	306
15	1868	19624.155833588615	203
15	1884	19736.745585874211	306
15	1886	19772.996391214728	306
16	254	2041.145402601044	6
16	255	2097.066459898276	9
16	376	3143.997187287561	6
16	437	3841.867121502346	9
16	455	4092.420402292773	6
16	510	4651.950821282862	6
16	602	5638.809011958551	3
16	639	6040.295551047867	6
16	644	6122.883905103917	6
16	653	6502.31740961517	9
16	675	6846.068959473195	6
16	741	7381.55859452029	6
16	745	7412.796697159214	9
16	822	8208.601440599808	6
16	959	10545.695674614149	6
16	987	10771.300416589306	6
16	1010	11026.287635005233	6
16	1028	11194.4043532257	6
16	1182	12493.962968968333	9
16	1215	12803.164754333553	9
16	1218	12820.013565367342	3
16	1380	14530.281476277072	6
16	1549	16620.838258000954	9
16	1557	16756.521185014484	9
16	1613	17480.604516162147	3
16	1632	17665.302908762391	9
16	1666	18098.669874217199	6
16	1677	18224.688716575416	6
16	1714	18469.569417030899	9
16	1726	18554.271532085485	10.336037687989
16	1737	18595.283444772547	6
16	1764	18765.147443766512	9
16	1770	18789.802484823269	6
16	1828	19345.028394234123	6
16	1868	19624.155833588615	3
16	1884	19736.745585874211	6
16	1886	19772.996391214728	6
17	254	2041.145402601044	2
17	255	2097.066459898276	3
17	376	3143.997187287561	2
17	437	3841.867121502346	3
17	455	4092.420402292773	2
17	510	4651.950821282862	2
17	602	5638.809011958551	1
17	639	6040.295551047867	2
17	644	6122.883905103917	2
17	653	6502.31740961517	3
17	675	6846.068959473195	2
17	741	7381.55859452029	2
17	745	7412.796697159214	3
17	822	8208.601440599808	2
17	959	10545.695674614149	2
17	987	10771.300416589306	2
17	1010	11026.287635005233	2
17	1028	11194.4043532257	2
17	1182	12493.962968968333	3
17	1215	12803.164754333553	3
17	1218	12820.013565367342	1
17	1380	14530.281476277072	2
17	1549	16620.838258000954	3
17	1557	16756.521185014484	3
17	1613	17480.604516162147	1
17	1632	17665.302908762391	3
17	1666	18098.669874217199	2
17	1677	18224.688716575416	2
17	1714	18469.569417030899	3
17	1726	18554.271532085485	2
17	1737	18595.283444772547	2
17	1764	18765.147443766512	3
17	1770	18789.802484823269	2
17	1828	19345.028394234123	2
17	1868	19624.155833588615	1
17	1884	19736.745585874211	2
17	1886	19772.996391214728	2
18	274	2241.919186934777	409
18	358	2925.250642967432	306
18	378	3149.750477638087	203
18	469	4247.389452035963	409
18	485	4410.938630809333	306
18	539	4929.82100313093	306
18	599	5574.550141933884	306
18	607	5663.037690159987	409
18	613	5753.054481360955	306
18	631	5925.338161359061	409
18	645	6174.820531039669	203
18	758	7597.374593958334	306
18	836	8441.07574737527	306
18	878	9211.33854909315	306
18	895	9447.238929052228	306
18	1053	11439.7862359469	203
18	1055	11451.407654034962	306
18	1068	11576.967251044292	306
18	1188	12512.677931192718	306
18	1192	12541.955294955257	409
18	1203	12641.789372590673	306
18	1275	13429.180999307242	409
18	1284	13490.977699858327	409
18	1308	13762.777617766755	306
18	1392	14603.404385455222	306
18	1424	14852.948726194278	306
18	1450	15293.273007701252	306
18	1506	16058.302389219483	306
18	1511	16109.468572791936	306
18	1588	17337.392249460519	306
18	1692	18356.942755500292	306
18	1799	18988.513519923775	409
18	1805	19080.794418581073	409
18	1822	19253.505455586174	306
19	274	2241.919186934777	9
19	358	2925.250642967432	6
19	378	3149.750477638087	3
19	469	4247.389452035963	9
19	485	4410.938630809333	6
19	539	4929.82100313093	6
19	599	5574.550141933884	6
19	607	5663.037690159987	9
19	613	5753.054481360955	6
19	631	5925.338161359061	9
19	645	6174.820531039669	3
19	758	7597.374593958334	6
19	836	8441.07574737527	6
19	878	9211.33854909315	6
19	895	9447.238929052228	6
19	1053	11439.7862359469	3
19	1055	11451.407654034962	6
19	1068	11576.967251044292	6
19	1188	12512.677931192718	6
19	1192	12541.955294955257	9
19	1203	12641.789372590673	6
19	1275	13429.180999307242	9
19	1284	13490.977699858327	9
19	1308	13762.777617766755	6
19	1392	14603.404385455222	6
19	1424	14852.948726194278	6
19	1450	15293.273007701252	6
19	1506	16058.302389219483	6
19	1511	16109.468572791936	6
19	1588	17337.392249460519	6
19	1692	18356.942755500292	6
19	1799	18988.513519923775	9
19	1805	19080.794418581073	9
19	1822	19253.505455586174	6
20	274	2241.919186934777	3
20	358	2925.250642967432	2
20	378	3149.750477638087	1
20	469	4247.389452035963	3
20	485	4410.938630809333	2
20	539	4929.82100313093	2
20	599	5574.550141933884	2
20	607	5663.037690159987	3
20	613	5753.054481360955	2
20	631	5925.338161359061	3
20	645	6174.820531039669	1
20	758	7597.374593958334	2
20	836	8441.07574737527	2
20	878	9211.33854909315	2
20	895	9447.238929052228	2
20	1053	11439.7862359469	1
20	1055	11451.407654034962	2
20	1068	11576.967251044292	2
20	1188	12512.677931192718	2
20	1192	12541.955294955257	3
20	1203	12641.789372590673	2
20	1275	13429.180999307242	3
20	1284	13490.977699858327	3
20	1308	13762.777617766755	2
20	1392	14603.404385455222	2
20	1424	14852.948726194278	2
20	1450	15293.273007701252	2
20	1506	16058.302389219483	2
20	1511	16109.468572791936	2
20	1588	17337.392249460519	2
20	1692	18356.942755500292	2
20	1799	18988.513519923775	3
20	1805	19080.794418581073	3
20	1822	19253.505455586174	2
21	150	1073.521551819092	306
21	161	1177.224288595053	306
21	174	1302.48372110893	306
21	197	1529.734799812995	308.09606401722
21	364	2969.436874233998	306
21	403	3452.307894552533	306
21	424	3682.707323769189	306
21	439	3883.131252764243	409
21	508	4636.67277455852	306
21	553	5045.476514891496	309.17195538919
21	712	7119.795777926182	409
21	716	7159.450503939975	306
21	740	7355.673677372896	409
21	775	7751.550404158032	409
21	783	7855.071485179226	306
21	850	8659.963547516733	306
21	859	8796.27085731146	409
21	950	10485.655141851809	409
21	1063	11488.23463432794	409
21	1092	11862.755284725776	203
21	1137	12237.772917151187	306
21	1149	12303.901801989422	306
21	1172	12425.208884077128	306
21	1181	12475.721652585911	306
21	1358	14283.499394736974	409
21	1431	14951.969318799748	409
21	1453	15382.062976199739	306
21	1623	17577.184710557732	409
21	1640	17784.369249080547	306
21	1748	18665.793964556913	306
21	1793	18958.610932205007	203
22	150	1073.521551819092	6
22	161	1177.224288595053	6
22	174	1302.48372110893	6
22	197	1529.734799812995	8.09606401722
22	364	2969.436874233998	6
22	403	3452.307894552533	6
22	424	3682.707323769189	6
22	439	3883.131252764243	9
22	508	4636.67277455852	6
22	553	5045.476514891496	9.171955389192
22	712	7119.795777926182	9
22	716	7159.450503939975	6
22	740	7355.673677372896	9
22	775	7751.550404158032	9
22	783	7855.071485179226	6
22	850	8659.963547516733	6
22	859	8796.27085731146	9
22	950	10485.655141851809	9
22	1063	11488.23463432794	9
22	1092	11862.755284725776	3
22	1137	12237.772917151187	6
22	1149	12303.901801989422	6
22	1172	12425.208884077128	6
22	1181	12475.721652585911	6
22	1358	14283.499394736974	9
22	1431	14951.969318799748	9
22	1453	15382.062976199739	6
22	1623	17577.184710557732	9
22	1640	17784.369249080547	6
22	1748	18665.793964556913	6
22	1793	18958.610932205007	3
23	150	1073.521551819092	2
23	161	1177.224288595053	2
23	174	1302.48372110893	2
23	197	1529.734799812995	2
23	364	2969.436874233998	2
23	403	3452.307894552533	2
23	424	3682.707323769189	2
23	439	3883.131252764243	3
23	508	4636.67277455852	2
23	553	5045.476514891496	2
23	712	7119.795777926182	3
23	716	7159.450503939975	2
23	740	7355.673677372896	3
23	775	7751.550404158032	3
23	783	7855.071485179226	2
23	850	8659.963547516733	2
23	859	8796.27085731146	3
23	950	10485.655141851809	3
23	1063	11488.23463432794	3
23	1092	11862.755284725776	1
23	1137	12237.772917151187	2
23	1149	12303.901801989422	2
23	1172	12425.208884077128	2
23	1181	12475.721652585911	2
23	1358	14283.499394736974	3
23	1431	14951.969318799748	3
23	1453	15382.062976199739	2
23	1623	17577.184710557732	3
23	1640	17784.369249080547	2
23	1748	18665.793964556913	2
23	1793	18958.610932205007	1
24	160	1135.876962831368	203
24	187	1418.717968807673	306
24	234	1916.621849350686	409
24	272	2232.738713080453	306
24	297	2406.232753961774	306
24	338	2683.004207834463	203
24	339	2707.262771492157	306
24	366	2987.514280860755	306
24	464	4202.843524279791	306
24	495	4468.795728043818	306
24	552	5039.476514891496	306
24	572	5335.031188578481	306
24	582	5440.686712904562	306
24	640	6065.541652258556	409
24	681	6900.20292160227	409
24	774	7746.519429698009	203
24	872	9024.21377478099	306
24	873	9081.658414793115	409
24	903	9620.819482659395	306
24	922	10127.042714476103	203
24	986	10762.587437550817	306
24	991	10820.145505335232	310.19828320956
24	1024	11151.42303976047	203
24	1089	11793.799707570615	306
24	1210	12717.298316215657	306
24	1244	13078.945984733356	306
24	1258	13223.605003329201	409
24	1300	13644.673994362579	306
24	1332	14006.801060231547	306
24	1421	14790.03942967794	306
24	1434	14977.819159500447	409
24	1498	15990.158566097655	306
24	1556	16748.763834722033	409
24	1619	17547.618852089841	306
24	1636	17734.508397358858	306
24	1827	19292.822675751615	306
24	1859	19562.666516180542	203
25	160	1135.876962831368	3
25	187	1418.717968807673	6
25	234	1916.621849350686	9
25	272	2232.738713080453	6
25	297	2406.232753961774	6
25	338	2683.004207834463	3
25	339	2707.262771492157	6
25	366	2987.514280860755	6
25	464	4202.843524279791	6
25	495	4468.795728043818	6
25	552	5039.476514891496	6
25	572	5335.031188578481	6
25	582	5440.686712904562	6
25	640	6065.541652258556	9
25	681	6900.20292160227	9
25	774	7746.519429698009	3
25	872	9024.21377478099	6
25	873	9081.658414793115	9
25	903	9620.819482659395	6
25	922	10127.042714476103	3
25	986	10762.587437550817	6
25	991	10820.145505335232	10.198283209562
25	1024	11151.42303976047	3
25	1089	11793.799707570615	6
25	1210	12717.298316215657	6
25	1244	13078.945984733356	6
25	1258	13223.605003329201	9
25	1300	13644.673994362579	6
25	1332	14006.801060231547	6
25	1421	14790.03942967794	6
25	1434	14977.819159500447	9
25	1498	15990.158566097655	6
25	1556	16748.763834722033	9
25	1619	17547.618852089841	6
25	1636	17734.508397358858	6
25	1827	19292.822675751615	6
25	1859	19562.666516180542	3
26	160	1135.876962831368	1
26	187	1418.717968807673	2
26	234	1916.621849350686	3
26	272	2232.738713080453	2
26	297	2406.232753961774	2
26	338	2683.004207834463	1
26	339	2707.262771492157	2
26	366	2987.514280860755	2
26	464	4202.843524279791	2
26	495	4468.795728043818	2
26	552	5039.476514891496	2
26	572	5335.031188578481	2
26	582	5440.686712904562	2
26	640	6065.541652258556	3
26	681	6900.20292160227	3
26	774	7746.519429698009	1
26	872	9024.21377478099	2
26	873	9081.658414793115	3
26	903	9620.819482659395	2
26	922	10127.042714476103	1
26	986	10762.587437550817	2
26	991	10820.145505335232	2
26	1024	11151.42303976047	1
26	1089	11793.799707570615	2
26	1210	12717.298316215657	2
26	1244	13078.945984733356	2
26	1258	13223.605003329201	3
26	1300	13644.673994362579	2
26	1332	14006.801060231547	2
26	1421	14790.03942967794	2
26	1434	14977.819159500447	3
26	1498	15990.158566097655	2
26	1556	16748.763834722033	3
26	1619	17547.618852089841	2
26	1636	17734.508397358858	2
26	1827	19292.822675751615	2
26	1859	19562.666516180542	1
27	149	1052.487926735807	306
27	184	1330.798063179237	203
27	226	1829.15845605671	412.96096079309
27	310	2479.171133604351	306
27	363	2964.826548649656	306
27	401	3387.248659310569	409
27	416	3582.969083223978	409
27	438	3865.451199935733	306
27	444	3918.747951750146	306
27	476	4311.228242151987	409
27	554	5078.900507010225	306
27	559	5130.115222548425	409
27	604	5652.52365906648	409
27	710	7116.949878406775	409
27	938	10366.998309259882	203
27	977	10692.350552107768	306
27	1000	10917.145505335232	409
27	1040	11332.7175270111	306
27	1079	11681.816763229089	306
27	1090	11810.676075959481	203
27	1301	13650.725175981083	306
27	1363	14334.018862875033	409
27	1368	14383.830052808545	409
27	1502	16007.763778852438	409
27	1521	16272.633105715548	306
27	1622	17576.158009253182	203
27	1626	17582.158009253182	310.07578602848
27	1635	17697.114141611752	306
27	1652	17957.857484935938	306
27	1740	18633.53396793172	306
27	1792	18952.631687332052	306
27	1833	19376.527043605098	203
28	149	1052.487926735807	6
28	184	1330.798063179237	3
28	226	1829.15845605671	12.960960793089
28	310	2479.171133604351	6
28	363	2964.826548649656	6
28	401	3387.248659310569	9
28	416	3582.969083223978	9
28	438	3865.451199935733	6
28	444	3918.747951750146	6
28	476	4311.228242151987	9
28	554	5078.900507010225	6
28	559	5130.115222548425	9
28	604	5652.52365906648	9
28	710	7116.949878406775	9
28	938	10366.998309259882	3
28	977	10692.350552107768	6
28	1000	10917.145505335232	9
28	1040	11332.7175270111	6
28	1079	11681.816763229089	6
28	1090	11810.676075959481	3
28	1301	13650.725175981083	6
28	1363	14334.018862875033	9
28	1368	14383.830052808545	9
28	1502	16007.763778852438	9
28	1521	16272.633105715548	6
28	1622	17576.158009253182	3
28	1626	17582.158009253182	10.075786028482
28	1635	17697.114141611752	6
28	1652	17957.857484935938	6
28	1740	18633.53396793172	6
28	1792	18952.631687332052	6
28	1833	19376.527043605098	3
29	149	1052.487926735807	2
29	184	1330.798063179237	1
29	226	1829.15845605671	3
29	310	2479.171133604351	2
29	363	2964.826548649656	2
29	401	3387.248659310569	3
29	416	3582.969083223978	3
29	438	3865.451199935733	2
29	444	3918.747951750146	2
29	476	4311.228242151987	3
29	554	5078.900507010225	2
29	559	5130.115222548425	3
29	604	5652.52365906648	3
29	710	7116.949878406775	3
29	938	10366.998309259882	1
29	977	10692.350552107768	2
29	1000	10917.145505335232	3
29	1040	11332.7175270111	2
29	1079	11681.816763229089	2
29	1090	11810.676075959481	1
29	1301	13650.725175981083	2
29	1363	14334.018862875033	3
29	1368	14383.830052808545	3
29	1502	16007.763778852438	3
29	1521	16272.633105715548	2
29	1622	17576.158009253182	1
29	1626	17582.158009253182	2
29	1635	17697.114141611752	2
29	1652	17957.857484935938	2
29	1740	18633.53396793172	2
29	1792	18952.631687332052	2
29	1833	19376.527043605098	1
30	185	1410.517656731171	306
30	224	1823.15845605671	203
30	284	2325.908938040789	306
30	346	2768.546373378363	306
30	388	3264.222393921321	306
30	505	4569.502980603731	306
30	628	5884.882789740126	203
30	691	6972.890436976507	306
30	704	7072.948695268478	306
30	736	7320.194023135634	409
30	773	7745.988942137837	306
30	800	8022.614923061658	409
30	825	8249.592557321844	409
30	833	8374.21460650022	306
30	900	9542.370070987745	409
30	907	9767.340168654824	203
30	923	10130.033554091776	306
30	996	10849.58284520228	409
30	1084	11758.880717404257	306
30	1119	12141.531628424934	306
30	1204	12645.246329487416	306
30	1205	12663.279048980827	409
30	1247	13109.363227572035	306
30	1350	14190.167727859878	306
30	1404	14670.437105723009	409
30	1409	14739.745219153337	203
30	1413	14750.651733637131	203
30	1433	14961.848089005127	306
30	1470	15709.40395592407	306
30	1482	15819.798080942202	306
30	1526	16336.311426252478	203
30	1538	16482.000812608777	203
30	1587	17282.32382163152	306
30	1591	17348.387571023852	409
30	1667	18103.691072333409	306
30	1674	18182.477269279257	409
30	1731	18568.793964556913	311.12420993628
30	1753	18688.823995229157	306
30	1789	18944.062086455618	409
30	1810	19119.649665761316	306
30	1841	19458.827561697505	203
30	1883	19729.936083005361	306
31	185	1410.517656731171	6
31	224	1823.15845605671	3
31	284	2325.908938040789	6
31	346	2768.546373378363	6
31	388	3264.222393921321	6
31	505	4569.502980603731	6
31	628	5884.882789740126	3
31	691	6972.890436976507	6
31	704	7072.948695268478	6
31	736	7320.194023135634	9
31	773	7745.988942137837	6
31	800	8022.614923061658	9
31	825	8249.592557321844	9
31	833	8374.21460650022	6
31	900	9542.370070987745	9
31	907	9767.340168654824	3
31	923	10130.033554091776	6
31	996	10849.58284520228	9
31	1084	11758.880717404257	6
31	1119	12141.531628424934	6
31	1204	12645.246329487416	6
31	1205	12663.279048980827	9
31	1247	13109.363227572035	6
31	1350	14190.167727859878	6
31	1404	14670.437105723009	9
31	1409	14739.745219153337	3
31	1413	14750.651733637131	3
31	1433	14961.848089005127	6
31	1470	15709.40395592407	6
31	1482	15819.798080942202	6
31	1526	16336.311426252478	3
31	1538	16482.000812608777	3
31	1587	17282.32382163152	6
31	1591	17348.387571023852	9
31	1667	18103.691072333409	6
31	1674	18182.477269279257	9
31	1731	18568.793964556913	11.124209936282
31	1753	18688.823995229157	6
31	1789	18944.062086455618	9
31	1810	19119.649665761316	6
31	1841	19458.827561697505	3
31	1883	19729.936083005361	6
32	185	1410.517656731171	2
32	224	1823.15845605671	1
32	284	2325.908938040789	2
32	346	2768.546373378363	2
32	388	3264.222393921321	2
32	505	4569.502980603731	2
32	628	5884.882789740126	1
32	691	6972.890436976507	2
32	704	7072.948695268478	2
32	736	7320.194023135634	3
32	773	7745.988942137837	2
32	800	8022.614923061658	3
32	825	8249.592557321844	3
32	833	8374.21460650022	2
32	900	9542.370070987745	3
32	907	9767.340168654824	1
32	923	10130.033554091776	2
32	996	10849.58284520228	3
32	1084	11758.880717404257	2
32	1119	12141.531628424934	2
32	1204	12645.246329487416	2
32	1205	12663.279048980827	3
32	1247	13109.363227572035	2
32	1350	14190.167727859878	2
32	1404	14670.437105723009	3
32	1409	14739.745219153337	1
32	1413	14750.651733637131	1
32	1433	14961.848089005127	2
32	1470	15709.40395592407	2
32	1482	15819.798080942202	2
32	1526	16336.311426252478	1
32	1538	16482.000812608777	1
32	1587	17282.32382163152	2
32	1591	17348.387571023852	3
32	1667	18103.691072333409	2
32	1674	18182.477269279257	3
32	1731	18568.793964556913	2
32	1753	18688.823995229157	2
32	1789	18944.062086455618	3
32	1810	19119.649665761316	2
32	1841	19458.827561697505	1
32	1883	19729.936083005361	2
33	181	1323.421832500505	409
33	196	1526.734799812995	306
33	207	1713.621849350686	203.69937219632
33	250	2027.554708802486	307.6699978624
33	312	2488.290762235286	203
33	315	2531.043162823144	306
33	333	2658.850842583502	420.3903954779
33	503	4559.907037598524	306
33	571	5307.294866121096	306
33	744	7410.283556322117	306
33	749	7454.989924384887	306
33	801	8028.23448710452	409
33	818	8172.545588427335	306
33	835	8393.123150436161	409
33	920	10070.264545030596	306
33	947	10448.695674614149	206.61147255509
33	970	10637.687977753292	306
33	1019	11096.133226250944	306
33	1052	11394.984502596318	203
33	1065	11553.053302904097	306
33	1093	11880.07872791898	306
33	1139	12259.542063826749	306
33	1162	12378.709738478026	306
33	1307	13719.319338061884	306
33	1343	14103.437408842204	306
33	1408	14702.155748304771	203
33	1432	14957.91206434923	306
33	1455	15408.041698519139	409
33	1485	15859.145262303844	306
33	1523	16297.426278435871	306
33	1567	17045.564172947349	306
33	1772	18818.156989945405	306
33	1790	18946.149014994823	306
33	1794	18973.037381377279	203
33	1826	19288.078484835061	306
33	1885	19744.560656442629	306
33	1887	19773.345466902772	306
33	1888	19794.264614516026	409
34	181	1323.421832500505	9
34	196	1526.734799812995	6
34	207	1713.621849350686	3.699372196323
34	250	2027.554708802486	7.669997862396
34	312	2488.290762235286	3
34	315	2531.043162823144	6
34	333	2658.850842583502	20.390395477903
34	503	4559.907037598524	6
34	571	5307.294866121096	6
34	744	7410.283556322117	6
34	749	7454.989924384887	6
34	801	8028.23448710452	9
34	818	8172.545588427335	6
34	835	8393.123150436161	9
34	920	10070.264545030596	6
34	947	10448.695674614149	6.611472555095
34	970	10637.687977753292	6
34	1019	11096.133226250944	6
34	1052	11394.984502596318	3
34	1065	11553.053302904097	6
34	1093	11880.07872791898	6
34	1139	12259.542063826749	6
34	1162	12378.709738478026	6
34	1307	13719.319338061884	6
34	1343	14103.437408842204	6
34	1408	14702.155748304771	3
34	1432	14957.91206434923	6
34	1455	15408.041698519139	9
34	1485	15859.145262303844	6
34	1523	16297.426278435871	6
34	1567	17045.564172947349	6
34	1772	18818.156989945405	6
34	1790	18946.149014994823	6
34	1794	18973.037381377279	3
34	1826	19288.078484835061	6
34	1885	19744.560656442629	6
34	1887	19773.345466902772	6
34	1888	19794.264614516026	9
35	181	1323.421832500505	3
35	196	1526.734799812995	2
35	207	1713.621849350686	1
35	250	2027.554708802486	2
35	312	2488.290762235286	1
35	315	2531.043162823144	2
35	333	2658.850842583502	3
35	503	4559.907037598524	2
35	571	5307.294866121096	2
35	744	7410.283556322117	2
35	749	7454.989924384887	2
35	801	8028.23448710452	3
35	818	8172.545588427335	2
35	835	8393.123150436161	3
35	920	10070.264545030596	2
35	947	10448.695674614149	1
35	970	10637.687977753292	2
35	1019	11096.133226250944	2
35	1052	11394.984502596318	1
35	1065	11553.053302904097	2
35	1093	11880.07872791898	2
35	1139	12259.542063826749	2
35	1162	12378.709738478026	2
35	1307	13719.319338061884	2
35	1343	14103.437408842204	2
35	1408	14702.155748304771	1
35	1432	14957.91206434923	2
35	1455	15408.041698519139	3
35	1485	15859.145262303844	2
35	1523	16297.426278435871	2
35	1567	17045.564172947349	2
35	1772	18818.156989945405	2
35	1790	18946.149014994823	2
35	1794	18973.037381377279	1
35	1826	19288.078484835061	2
35	1885	19744.560656442629	2
35	1887	19773.345466902772	2
35	1888	19794.264614516026	3

