version 3
run HighLoad_Circle-3-20260125-17:47:07-1407
attr configname HighLoad_Circle
attr datetime 20260125-17:47:07
attr datetimef 20260125-174707
attr experiment HighLoad_Circle
attr inifile simulations/nwsim_project/omnetpp.ini
attr iterationvars ""
attr iterationvarsd ""
attr iterationvarsf ""
attr measurement ""
attr network CrossTraffic
attr processid 1407
attr repetition 3
attr replication #3
attr resultdir results
attr runnumber 3
attr seedset 3
config description "High Load - Circle Mode (100% more traffic)"
config *.Junc*.junctionMode "\"circle\""
config *.EndNW.spawnInterval exponential(400s)
config *.EndNE.spawnInterval exponential(600s)
config *.EndEN.spawnInterval exponential(500s)
config *.EndES.spawnInterval exponential(750s)
config *.EndSE.spawnInterval exponential(450s)
config *.EndSW.spawnInterval exponential(550s)
config *.EndWS.spawnInterval exponential(650s)
config *.EndWN.spawnInterval exponential(700s)
config network CrossTraffic
config sim-time-limit 20000s
config warmup-period 1000s
config repeat 50
config **.scalar-recording true
config **.vector-recording true
config *.Junc*.junctionMode "\"queue\""
config *.EndNW.spawnInterval exponential(800s)
config *.EndNE.spawnInterval exponential(1200s)
config *.EndEN.spawnInterval exponential(1000s)
config *.EndES.spawnInterval exponential(1500s)
config *.EndSE.spawnInterval exponential(900s)
config *.EndSW.spawnInterval exponential(1100s)
config *.EndWS.spawnInterval exponential(1300s)
config *.EndWN.spawnInterval exponential(1400s)

vector 0 CrossTraffic.JuncNW queueLength:vector ETV
attr interpolationmode sample-hold
attr recordingmode vector
attr source queueLength
attr title "Queue Length"
vector 1 CrossTraffic.JuncNW junctionProcessingTime:vector ETV
attr recordingmode vector
attr source junctionProcessingTime
attr title "Junction Processing Time"
vector 2 CrossTraffic.JuncNW vehicleCount:vector ETV
attr recordingmode vector
attr source vehicleCount
attr title "Vehicle Count"
vector 3 CrossTraffic.JuncNE queueLength:vector ETV
attr interpolationmode sample-hold
attr recordingmode vector
attr source queueLength
attr title "Queue Length"
vector 4 CrossTraffic.JuncNE junctionProcessingTime:vector ETV
attr recordingmode vector
attr source junctionProcessingTime
attr title "Junction Processing Time"
vector 5 CrossTraffic.JuncNE vehicleCount:vector ETV
attr recordingmode vector
attr source vehicleCount
attr title "Vehicle Count"
vector 6 CrossTraffic.JuncSE queueLength:vector ETV
attr interpolationmode sample-hold
attr recordingmode vector
attr source queueLength
attr title "Queue Length"
vector 7 CrossTraffic.JuncSE junctionProcessingTime:vector ETV
attr recordingmode vector
attr source junctionProcessingTime
attr title "Junction Processing Time"
vector 8 CrossTraffic.JuncSE vehicleCount:vector ETV
attr recordingmode vector
attr source vehicleCount
attr title "Vehicle Count"
vector 9 CrossTraffic.JuncSW queueLength:vector ETV
attr interpolationmode sample-hold
attr recordingmode vector
attr source queueLength
attr title "Queue Length"
vector 10 CrossTraffic.JuncSW junctionProcessingTime:vector ETV
attr recordingmode vector
attr source junctionProcessingTime
attr title "Junction Processing Time"
vector 11 CrossTraffic.JuncSW vehicleCount:vector ETV
attr recordingmode vector
attr source vehicleCount
attr title "Vehicle Count"
vector 12 CrossTraffic.EndNW travelTime:vector ETV
attr recordingmode vector
attr source travelTime
attr title "Vehicle Travel Time"
vector 13 CrossTraffic.EndNW junctionTime:vector ETV
attr recordingmode vector
attr source junctionTime
attr title "Total Junction Time per Vehicle"
vector 14 CrossTraffic.EndNW junctionCount:vector ETV
attr recordingmode vector
attr source junctionCount
attr title "Junctions Visited per Vehicle"
vector 15 CrossTraffic.EndNE travelTime:vector ETV
attr recordingmode vector
attr source travelTime
attr title "Vehicle Travel Time"
vector 16 CrossTraffic.EndNE junctionTime:vector ETV
attr recordingmode vector
attr source junctionTime
attr title "Total Junction Time per Vehicle"
vector 17 CrossTraffic.EndNE junctionCount:vector ETV
attr recordingmode vector
attr source junctionCount
attr title "Junctions Visited per Vehicle"
vector 18 CrossTraffic.EndEN travelTime:vector ETV
attr recordingmode vector
attr source travelTime
attr title "Vehicle Travel Time"
vector 19 CrossTraffic.EndEN junctionTime:vector ETV
attr recordingmode vector
attr source junctionTime
attr title "Total Junction Time per Vehicle"
vector 20 CrossTraffic.EndEN junctionCount:vector ETV
attr recordingmode vector
attr source junctionCount
attr title "Junctions Visited per Vehicle"
vector 21 CrossTraffic.EndES travelTime:vector ETV
attr recordingmode vector
attr source travelTime
attr title "Vehicle Travel Time"
vector 22 CrossTraffic.EndES junctionTime:vector ETV
attr recordingmode vector
attr source junctionTime
attr title "Total Junction Time per Vehicle"
vector 23 CrossTraffic.EndES junctionCount:vector ETV
attr recordingmode vector
attr source junctionCount
attr title "Junctions Visited per Vehicle"
vector 24 CrossTraffic.EndSE travelTime:vector ETV
attr recordingmode vector
attr source travelTime
attr title "Vehicle Travel Time"
vector 25 CrossTraffic.EndSE junctionTime:vector ETV
attr recordingmode vector
attr source junctionTime
attr title "Total Junction Time per Vehicle"
vector 26 CrossTraffic.EndSE junctionCount:vector ETV
attr recordingmode vector
attr source junctionCount
attr title "Junctions Visited per Vehicle"
vector 27 CrossTraffic.EndSW travelTime:vector ETV
attr recordingmode vector
attr source travelTime
attr title "Vehicle Travel Time"
vector 28 CrossTraffic.EndSW junctionTime:vector ETV
attr recordingmode vector
attr source junctionTime
attr title "Total Junction Time per Vehicle"
vector 29 CrossTraffic.EndSW junctionCount:vector ETV
attr recordingmode vector
attr source junctionCount
attr title "Junctions Visited per Vehicle"
vector 30 CrossTraffic.EndWS travelTime:vector ETV
attr recordingmode vector
attr source travelTime
attr title "Vehicle Travel Time"
vector 31 CrossTraffic.EndWS junctionTime:vector ETV
attr recordingmode vector
attr source junctionTime
attr title "Total Junction Time per Vehicle"
vector 32 CrossTraffic.EndWS junctionCount:vector ETV
attr recordingmode vector
attr source junctionCount
attr title "Junctions Visited per Vehicle"
vector 33 CrossTraffic.EndWN travelTime:vector ETV
attr recordingmode vector
attr source travelTime
attr title "Vehicle Travel Time"
vector 34 CrossTraffic.EndWN junctionTime:vector ETV
attr recordingmode vector
attr source junctionTime
attr title "Total Junction Time per Vehicle"
vector 35 CrossTraffic.EndWN junctionCount:vector ETV
attr recordingmode vector
attr source junctionCount
attr title "Junctions Visited per Vehicle"
0	124	1046.495077549171	0
0	125	1074.157407431117	0
0	126	1075.267000251665	0
0	135	1176.848902640776	0
0	143	1246.028529748638	0
0	155	1372.92915712598	0
0	166	1490.963429773259	0
0	181	1722.855435274525	0
0	182	1745.349998707347	0
0	183	1749.186773599952	0
0	190	1859.719085322356	0
0	201	1991.697292573834	0
0	206	2081.644664946099	0
0	209	2110.929784442799	0
0	212	2161.128644154872	0
0	218	2233.13855036377	0
0	219	2261.521958842084	0
0	238	2524.593727303144	0
0	239	2536.617707572568	0
0	249	2731.407865299065	0
0	257	2829.039131521234	0
0	272	3010.272600686924	0
0	274	3026.334721939231	0
0	277	3036.883099336343	0
0	281	3062.461901227259	0
0	289	3141.348794794476	0
0	295	3194.492804243849	0
0	317	3318.626260195596	0
0	323	3349.797885152598	0
0	328	3381.856742212953	0
0	333	3435.483082646581	0
0	340	3471.849726492545	0
0	342	3511.857088056727	0
0	352	3629.684489963564	0
0	361	3756.822655300261	0
0	366	3831.244929883801	0
0	382	4222.558114962207	0
0	389	4384.312918705727	0
0	390	4401.806666696128	0
0	399	4535.105771325165	0
0	412	4850.425423270117	0
0	417	4935.738503640375	0
0	421	4969.074510395331	0
0	432	5122.87053636804	0
0	439	5215.460755370141	0
0	447	5338.428083607393	0
0	451	5398.444116126661	0
0	465	5568.789128024074	0
0	470	5659.843714829595	0
0	473	5680.456692338637	0
0	483	5803.673461289074	0
0	484	5810.264078691107	0
0	489	5838.051031984886	0
0	492	5873.300064244343	0
0	506	6023.580508739072	0
0	507	6037.750657930192	0
0	510	6068.889324976476	0
0	522	6197.841983018543	0
0	536	6367.366438879424	0
0	545	6494.125166939536	0
0	548	6516.448386192816	0
0	557	6596.106960347561	0
0	562	6640.603567303438	0
0	564	6670.654955971902	0
0	572	6708.053376998306	0
0	579	6778.748775557484	0
0	590	6904.074863438622	0
0	593	6947.533398586802	0
0	598	7007.856305684667	0
0	609	7196.902229291713	0
0	618	7454.019013207281	0
0	623	7574.351533040052	0
0	633	7792.669946774558	0
0	636	7870.671531992636	0
0	644	8033.174798708569	0
0	656	8244.920856539563	0
0	658	8251.477171963407	0
0	664	8353.424629840834	0
0	666	8365.344213983555	0
0	679	8583.945677056296	0
0	687	8675.68063920483	0
0	690	8720.465419805565	0
0	700	8855.384762791116	0
0	702	8866.824158596088	0
0	711	8964.337345389839	0
0	713	8974.681090447173	0
0	724	9137.011895444401	0
0	728	9211.275783512582	0
0	735	9374.468169280285	0
0	737	9414.273203988427	0
0	752	9732.272220295146	0
0	758	9837.03142851678	0
0	767	9986.394429929949	0
0	768	10020.243736015949	0
0	770	10029.897768946421	0
0	771	10034.178247190373	0
0	772	10074.565118333318	0
0	792	10305.780793294402	0
0	794	10324.566295108731	0
0	799	10387.119649812312	0
0	801	10401.92142391257	0
0	804	10419.715020161272	0
0	807	10459.78964678132	0
0	812	10516.895816765535	0
0	824	10672.65484342124	0
0	836	10807.812729012514	0
0	839	10836.181402048257	0
0	867	11410.149848664514	0
0	873	11514.251937820385	0
0	878	11610.009048757689	0
0	882	11643.698882346886	0
0	894	11839.34279297583	0
0	897	11900.922048906781	0
0	902	11968.157131061247	0
0	905	12025.946053273205	0
0	933	12256.491006726767	0
0	934	12257.013065513613	0
0	935	12278.55923794267	0
0	941	12336.899452181196	0
0	944	12354.17913274385	0
0	945	12354.668804547961	0
0	952	12411.651957624233	0
0	956	12452.624181258479	0
0	981	12673.058997159652	0
0	982	12711.899283850104	0
0	983	12713.317823429557	0
0	986	12739.38900251968	0
0	1001	12886.321245616389	0
0	1015	12989.680807366161	0
0	1017	12995.373246558542	0
0	1023	13037.527915188727	0
0	1026	13057.721325567154	0
0	1036	13118.619179493601	0
0	1038	13147.423015370302	0
0	1042	13177.480811057609	0
0	1043	13182.706109711305	0
0	1076	13496.900648941541	0
0	1079	13522.30697348022	0
0	1081	13555.499008426219	0
0	1088	13648.297374518946	0
0	1092	13707.784143856308	0
0	1099	13811.142747194461	0
0	1105	13905.868352278608	0
0	1116	13991.136670479106	0
0	1124	14087.046754316315	0
0	1125	14091.418848252962	0
0	1130	14165.279030528538	0
0	1135	14214.508193972897	0
0	1139	14274.712843527427	0
0	1152	14569.362000849884	0
0	1155	14597.087178906945	0
0	1158	14681.374936741973	0
0	1159	14696.246731511406	0
0	1178	14977.853513697328	0
0	1181	15031.296278207696	0
0	1197	15178.092554065519	0
0	1204	15263.766983987648	0
0	1209	15362.528517753772	0
0	1213	15402.14030986538	0
0	1223	15516.944738975363	0
0	1224	15584.484677450627	0
0	1239	15923.356291570164	0
0	1246	16037.979473293148	0
0	1249	16094.7756429251	0
0	1251	16158.911188368748	0
0	1258	16267.36739324116	0
0	1260	16288.481499236883	0
0	1283	16753.953137029189	0
0	1286	16761.142056731869	0
0	1292	16855.764816705668	0
0	1294	16858.575619859167	0
0	1297	16886.901419267623	0
0	1298	16888.734005395099	0
0	1306	17056.166347479259	0
0	1325	17278.345441834144	0
0	1336	17424.051447300217	0
0	1340	17507.54040180296	0
0	1363	17826.988937399827	0
0	1366	17856.699763270007	0
0	1377	17981.027742340535	0
0	1378	17982.207921583621	0
0	1380	18021.071987963014	0
0	1381	18022.561464050542	0
0	1386	18045.884263105632	0
0	1398	18187.307029054766	0
0	1400	18202.344872197864	0
0	1404	18230.916935565796	0
0	1418	18414.036509229759	0
0	1421	18487.80520493828	0
0	1424	18511.264427564509	0
0	1433	18654.148647115384	0
0	1435	18707.744166048335	0
0	1438	18751.24028126649	0
0	1440	18764.25022266661	0
0	1444	18833.125939451128	0
0	1448	18874.822159851933	0
0	1455	18984.967155866173	0
0	1480	19386.745957444016	0
0	1481	19390.228739587183	0
0	1485	19420.396286912026	0
0	1492	19512.425290190125	0
0	1495	19524.643945991865	0
0	1514	19946.664558583267	0
0	1515	19967.510424510662	0
1	124	1046.495077549171	3
1	125	1074.157407431117	3
1	126	1075.267000251665	3
1	135	1176.848902640776	3
1	143	1246.028529748638	3
1	155	1372.92915712598	3
1	166	1490.963429773259	3
1	181	1722.855435274525	3
1	182	1745.349998707347	3
1	183	1749.186773599952	3
1	190	1859.719085322356	3
1	201	1991.697292573834	3
1	206	2081.644664946099	3
1	209	2110.929784442799	3
1	212	2161.128644154872	3
1	218	2233.13855036377	3
1	219	2261.521958842084	3
1	238	2524.593727303144	3
1	239	2536.617707572568	3
1	249	2731.407865299065	3
1	257	2829.039131521234	3
1	272	3010.272600686924	3
1	274	3026.334721939231	3
1	277	3036.883099336343	3
1	281	3062.461901227259	3
1	289	3141.348794794476	3
1	295	3194.492804243849	3
1	317	3318.626260195596	3
1	323	3349.797885152598	3
1	328	3381.856742212953	3
1	333	3435.483082646581	3
1	340	3471.849726492545	3
1	342	3511.857088056727	3
1	352	3629.684489963564	3
1	361	3756.822655300261	3
1	366	3831.244929883801	3
1	382	4222.558114962207	3
1	389	4384.312918705727	3
1	390	4401.806666696128	3
1	399	4535.105771325165	3
1	412	4850.425423270117	3
1	417	4935.738503640375	3
1	421	4969.074510395331	3
1	432	5122.87053636804	3
1	439	5215.460755370141	3
1	447	5338.428083607393	3
1	451	5398.444116126661	3
1	465	5568.789128024074	3
1	470	5659.843714829595	3
1	473	5680.456692338637	3
1	483	5803.673461289074	3
1	484	5810.264078691107	3
1	489	5838.051031984886	3
1	492	5873.300064244343	3
1	506	6023.580508739072	3
1	507	6037.750657930192	3
1	510	6068.889324976476	3
1	522	6197.841983018543	3
1	536	6367.366438879424	3
1	545	6494.125166939536	3
1	548	6516.448386192816	3
1	557	6596.106960347561	3
1	562	6640.603567303438	3
1	564	6670.654955971902	3
1	572	6708.053376998306	3
1	579	6778.748775557484	3
1	590	6904.074863438622	3
1	593	6947.533398586802	3
1	598	7007.856305684667	3
1	609	7196.902229291713	3
1	618	7454.019013207281	3
1	623	7574.351533040052	3
1	633	7792.669946774558	3
1	636	7870.671531992636	3
1	644	8033.174798708569	3
1	656	8244.920856539563	3
1	658	8251.477171963407	3
1	664	8353.424629840834	3
1	666	8365.344213983555	3
1	679	8583.945677056296	3
1	687	8675.68063920483	3
1	690	8720.465419805565	3
1	700	8855.384762791116	3
1	702	8866.824158596088	3
1	711	8964.337345389839	3
1	713	8974.681090447173	3
1	724	9137.011895444401	3
1	728	9211.275783512582	3
1	735	9374.468169280285	3
1	737	9414.273203988427	3
1	752	9732.272220295146	3
1	758	9837.03142851678	3
1	767	9986.394429929949	3
1	768	10020.243736015949	3
1	770	10029.897768946421	3
1	771	10034.178247190373	3
1	772	10074.565118333318	3
1	792	10305.780793294402	3
1	794	10324.566295108731	3
1	799	10387.119649812312	3
1	801	10401.92142391257	3
1	804	10419.715020161272	3
1	807	10459.78964678132	3
1	812	10516.895816765535	3
1	824	10672.65484342124	3
1	836	10807.812729012514	3
1	839	10836.181402048257	3
1	867	11410.149848664514	3
1	873	11514.251937820385	3
1	878	11610.009048757689	3
1	882	11643.698882346886	3
1	894	11839.34279297583	3
1	897	11900.922048906781	3
1	902	11968.157131061247	3
1	905	12025.946053273205	3
1	933	12256.491006726767	3
1	934	12257.013065513613	3
1	935	12278.55923794267	3
1	941	12336.899452181196	3
1	944	12354.17913274385	3
1	945	12354.668804547961	3
1	952	12411.651957624233	3
1	956	12452.624181258479	3
1	981	12673.058997159652	3
1	982	12711.899283850104	3
1	983	12713.317823429557	3
1	986	12739.38900251968	3
1	1001	12886.321245616389	3
1	1015	12989.680807366161	3
1	1017	12995.373246558542	3
1	1023	13037.527915188727	3
1	1026	13057.721325567154	3
1	1036	13118.619179493601	3
1	1038	13147.423015370302	3
1	1042	13177.480811057609	3
1	1043	13182.706109711305	3
1	1076	13496.900648941541	3
1	1079	13522.30697348022	3
1	1081	13555.499008426219	3
1	1088	13648.297374518946	3
1	1092	13707.784143856308	3
1	1099	13811.142747194461	3
1	1105	13905.868352278608	3
1	1116	13991.136670479106	3
1	1124	14087.046754316315	3
1	1125	14091.418848252962	3
1	1130	14165.279030528538	3
1	1135	14214.508193972897	3
1	1139	14274.712843527427	3
1	1152	14569.362000849884	3
1	1155	14597.087178906945	3
1	1158	14681.374936741973	3
1	1159	14696.246731511406	3
1	1178	14977.853513697328	3
1	1181	15031.296278207696	3
1	1197	15178.092554065519	3
1	1204	15263.766983987648	3
1	1209	15362.528517753772	3
1	1213	15402.14030986538	3
1	1223	15516.944738975363	3
1	1224	15584.484677450627	3
1	1239	15923.356291570164	3
1	1246	16037.979473293148	3
1	1249	16094.7756429251	3
1	1251	16158.911188368748	3
1	1258	16267.36739324116	3
1	1260	16288.481499236883	3
1	1283	16753.953137029189	3
1	1286	16761.142056731869	3
1	1292	16855.764816705668	3
1	1294	16858.575619859167	3
1	1297	16886.901419267623	3
1	1298	16888.734005395099	3
1	1306	17056.166347479259	3
1	1325	17278.345441834144	3
1	1336	17424.051447300217	3
1	1340	17507.54040180296	3
1	1363	17826.988937399827	3
1	1366	17856.699763270007	3
1	1377	17981.027742340535	3
1	1378	17982.207921583621	3
1	1380	18021.071987963014	3
1	1381	18022.561464050542	3
1	1386	18045.884263105632	3
1	1398	18187.307029054766	3
1	1400	18202.344872197864	3
1	1404	18230.916935565796	3
1	1418	18414.036509229759	3
1	1421	18487.80520493828	3
1	1424	18511.264427564509	3
1	1433	18654.148647115384	3
1	1435	18707.744166048335	3
1	1438	18751.24028126649	3
1	1440	18764.25022266661	3
1	1444	18833.125939451128	3
1	1448	18874.822159851933	3
1	1455	18984.967155866173	3
1	1480	19386.745957444016	3
1	1481	19390.228739587183	3
1	1485	19420.396286912026	3
1	1492	19512.425290190125	3
1	1495	19524.643945991865	3
1	1514	19946.664558583267	3
1	1515	19967.510424510662	3
2	124	1046.495077549171	931
2	125	1074.157407431117	927
2	126	1075.267000251665	928
2	135	1176.848902640776	932
2	143	1246.028529748638	930
2	155	1372.92915712598	936
2	166	1490.963429773259	938
2	181	1722.855435274525	939
2	182	1745.349998707347	941
2	183	1749.186773599952	942
2	190	1859.719085322356	940
2	201	1991.697292573834	944
2	206	2081.644664946099	948
2	209	2110.929784442799	946
2	212	2161.128644154872	947
2	218	2233.13855036377	950
2	219	2261.521958842084	951
2	238	2524.593727303144	953
2	239	2536.617707572568	952
2	249	2731.407865299065	957
2	257	2829.039131521234	956
2	272	3010.272600686924	960
2	274	3026.334721939231	963
2	277	3036.883099336343	964
2	281	3062.461901227259	958
2	289	3141.348794794476	962
2	295	3194.492804243849	968
2	317	3318.626260195596	974
2	323	3349.797885152598	975
2	328	3381.856742212953	971
2	333	3435.483082646581	967
2	340	3471.849726492545	978
2	342	3511.857088056727	972
2	352	3629.684489963564	980
2	361	3756.822655300261	982
2	366	3831.244929883801	981
2	382	4222.558114962207	985
2	389	4384.312918705727	984
2	390	4401.806666696128	987
2	399	4535.105771325165	989
2	412	4850.425423270117	990
2	417	4935.738503640375	993
2	421	4969.074510395331	991
2	432	5122.87053636804	992
2	439	5215.460755370141	997
2	447	5338.428083607393	998
2	451	5398.444116126661	996
2	465	5568.789128024074	1001
2	470	5659.843714829595	1000
2	473	5680.456692338637	1004
2	483	5803.673461289074	1002
2	484	5810.264078691107	1006
2	489	5838.051031984886	1008
2	492	5873.300064244343	1009
2	506	6023.580508739072	1011
2	507	6037.750657930192	1012
2	510	6068.889324976476	1005
2	522	6197.841983018543	1014
2	536	6367.366438879424	1016
2	545	6494.125166939536	1019
2	548	6516.448386192816	1015
2	557	6596.106960347561	1022
2	562	6640.603567303438	1017
2	564	6670.654955971902	1025
2	572	6708.053376998306	1023
2	579	6778.748775557484	1026
2	590	6904.074863438622	1027
2	593	6947.533398586802	1028
2	598	7007.856305684667	1029
2	609	7196.902229291713	1030
2	618	7454.019013207281	1032
2	623	7574.351533040052	1034
2	633	7792.669946774558	1033
2	636	7870.671531992636	1038
2	644	8033.174798708569	1036
2	656	8244.920856539563	1040
2	658	8251.477171963407	1042
2	664	8353.424629840834	1041
2	666	8365.344213983555	1043
2	679	8583.945677056296	1045
2	687	8675.68063920483	1048
2	690	8720.465419805565	1049
2	700	8855.384762791116	1051
2	702	8866.824158596088	1047
2	711	8964.337345389839	1053
2	713	8974.681090447173	1054
2	724	9137.011895444401	1052
2	728	9211.275783512582	1055
2	735	9374.468169280285	1057
2	737	9414.273203988427	1056
2	752	9732.272220295146	1060
2	758	9837.03142851678	1059
2	767	9986.394429929949	1061
2	768	10020.243736015949	1064
2	770	10029.897768946421	1065
2	771	10034.178247190373	1063
2	772	10074.565118333318	1066
2	792	10305.780793294402	1070
2	794	10324.566295108731	1068
2	799	10387.119649812312	1071
2	801	10401.92142391257	1069
2	804	10419.715020161272	1072
2	807	10459.78964678132	1073
2	812	10516.895816765535	1075
2	824	10672.65484342124	1074
2	836	10807.812729012514	1079
2	839	10836.181402048257	1077
2	867	11410.149848664514	1085
2	873	11514.251937820385	1086
2	878	11610.009048757689	1088
2	882	11643.698882346886	1090
2	894	11839.34279297583	1092
2	897	11900.922048906781	1087
2	902	11968.157131061247	1091
2	905	12025.946053273205	1093
2	933	12256.491006726767	1100
2	934	12257.013065513613	1101
2	935	12278.55923794267	1102
2	941	12336.899452181196	1098
2	944	12354.17913274385	1099
2	945	12354.668804547961	1096
2	952	12411.651957624233	1107
2	956	12452.624181258479	1095
2	981	12673.058997159652	1108
2	982	12711.899283850104	1111
2	983	12713.317823429557	1109
2	986	12739.38900251968	1110
2	1001	12886.321245616389	1114
2	1015	12989.680807366161	1119
2	1017	12995.373246558542	1115
2	1023	13037.527915188727	1120
2	1026	13057.721325567154	1118
2	1036	13118.619179493601	1123
2	1038	13147.423015370302	1124
2	1042	13177.480811057609	1125
2	1043	13182.706109711305	1113
2	1076	13496.900648941541	1129
2	1079	13522.30697348022	1131
2	1081	13555.499008426219	1132
2	1088	13648.297374518946	1135
2	1092	13707.784143856308	1130
2	1099	13811.142747194461	1134
2	1105	13905.868352278608	1133
2	1116	13991.136670479106	1138
2	1124	14087.046754316315	1141
2	1125	14091.418848252962	1137
2	1130	14165.279030528538	1143
2	1135	14214.508193972897	1142
2	1139	14274.712843527427	1136
2	1152	14569.362000849884	1144
2	1155	14597.087178906945	1145
2	1158	14681.374936741973	1146
2	1159	14696.246731511406	1147
2	1178	14977.853513697328	1148
2	1181	15031.296278207696	1150
2	1197	15178.092554065519	1156
2	1204	15263.766983987648	1154
2	1209	15362.528517753772	1153
2	1213	15402.14030986538	1159
2	1223	15516.944738975363	1160
2	1224	15584.484677450627	1158
2	1239	15923.356291570164	1161
2	1246	16037.979473293148	1163
2	1249	16094.7756429251	1166
2	1251	16158.911188368748	1164
2	1258	16267.36739324116	1167
2	1260	16288.481499236883	1165
2	1283	16753.953137029189	1171
2	1286	16761.142056731869	1173
2	1292	16855.764816705668	1176
2	1294	16858.575619859167	1172
2	1297	16886.901419267623	1177
2	1298	16888.734005395099	1178
2	1306	17056.166347479259	1175
2	1325	17278.345441834144	1180
2	1336	17424.051447300217	1182
2	1340	17507.54040180296	1184
2	1363	17826.988937399827	1187
2	1366	17856.699763270007	1189
2	1377	17981.027742340535	1190
2	1378	17982.207921583621	1191
2	1380	18021.071987963014	1192
2	1381	18022.561464050542	1193
2	1386	18045.884263105632	1188
2	1398	18187.307029054766	1198
2	1400	18202.344872197864	1196
2	1404	18230.916935565796	1194
2	1418	18414.036509229759	1199
2	1421	18487.80520493828	1200
2	1424	18511.264427564509	1202
2	1433	18654.148647115384	1204
2	1435	18707.744166048335	1201
2	1438	18751.24028126649	1203
2	1440	18764.25022266661	1205
2	1444	18833.125939451128	1206
2	1448	18874.822159851933	1207
2	1455	18984.967155866173	1208
2	1480	19386.745957444016	1212
2	1481	19390.228739587183	1209
2	1485	19420.396286912026	1216
2	1492	19512.425290190125	1213
2	1495	19524.643945991865	1217
2	1514	19946.664558583267	1221
2	1515	19967.510424510662	1222
3	130	1092.464239747297	0
3	134	1149.495077549171	0
3	137	1178.214224910644	0
3	138	1178.267000251665	0
3	146	1279.848902640776	0
3	151	1331.191771825919	0
3	161	1437.046321143531	0
3	164	1475.92915712598	0
3	171	1550.719085322356	0
3	188	1848.349998707347	0
3	189	1852.186773599952	0
3	211	2158.562453199584	0
3	214	2184.644664946099	0
3	216	2213.929784442799	0
3	221	2264.128644154872	0
3	227	2364.521958842084	0
3	240	2574.969866735189	0
3	245	2639.617707572568	0
3	258	2834.407865299065	0
3	261	2896.5197612736	0
3	283	3112.468111718433	0
3	284	3113.272600686924	0
3	285	3126.483082646581	0
3	286	3129.334721939231	0
3	288	3139.883099336343	0
3	305	3244.348794794476	0
3	308	3251.601724215527	0
3	313	3297.492804243849	0
3	315	3314.887600361283	0
3	326	3368.842894494712	0
3	335	3452.797885152598	0
3	341	3484.856742212953	0
3	348	3574.849726492545	0
3	350	3614.857088056727	0
3	360	3732.684489963564	0
3	365	3816.912191041325	0
3	368	3859.822655300261	0
3	370	3934.244929883801	0
3	377	4075.312918705727	0
3	386	4325.558114962207	0
3	391	4426.525917029341	0
3	396	4504.806666696128	0
3	403	4638.105771325165	0
3	419	4953.425423270117	0
3	420	4964.305768464757	0
3	429	5072.074510395331	0
3	430	5089.444116126661	0
3	446	5318.460755370141	0
3	455	5441.428083607393	0
3	459	5494.673461289074	0
3	461	5508.376392359214	0
3	479	5759.889324976476	0
3	480	5762.843714829595	0
3	488	5837.010428032228	0
3	494	5913.264078691107	0
3	495	5919.267173413865	0
3	499	5941.051031984886	0
3	502	5976.300064244343	0
3	516	6126.580508739072	0
3	517	6140.750657930192	0
3	543	6470.366438879424	0
3	555	6575.246900879831	0
3	558	6597.125166939536	0
3	560	6619.448386192816	0
3	569	6699.106960347561	0
3	578	6773.654955971902	0
3	588	6881.748775557484	0
3	597	7007.074863438622	0
3	600	7050.533398586802	0
3	613	7299.902229291713	0
3	620	7483.669946774558	0
3	625	7677.351533040052	0
3	642	7973.671531992636	0
3	648	8136.174798708569	0
3	665	8354.477171963407	0
3	667	8404.416782521749	0
3	668	8456.424629840834	0
3	670	8468.344213983555	0
3	682	8633.614798219371	0
3	688	8686.945677056296	0
3	694	8771.208568956695	0
3	695	8778.68063920483	0
3	697	8823.465419805565	0
3	710	8958.384762791116	0
3	719	9067.337345389839	0
3	720	9077.681090447173	0
3	734	9314.275783512582	0
3	736	9396.399424027123	0
3	742	9517.273203988427	0
3	743	9528.03142851678	0
3	755	9821.154265990662	0
3	757	9835.272220295146	0
3	774	10089.394429929949	0
3	776	10123.243736015949	0
3	778	10132.897768946421	0
3	780	10177.565118333318	0
3	809	10490.119649812312	0
3	810	10504.92142391257	0
3	815	10562.78964678132	0
3	820	10610.517142911718	0
3	821	10619.895816765535	0
3	825	10695.474025434725	0
3	833	10775.65484342124	0
3	842	10910.812729012514	0
3	844	10939.181402048257	0
3	851	11044.806259577203	0
3	853	11083.267189930518	0
3	866	11409.18866922888	0
3	872	11513.149848664514	0
3	877	11591.922048906781	0
3	880	11617.251937820385	0
3	883	11659.157131061247	0
3	885	11713.009048757689	0
3	890	11746.698882346886	0
3	900	11942.34279297583	0
3	913	12128.946053273205	0
3	916	12143.624181258479	0
3	925	12206.22802127324	0
3	936	12286.08754152511	0
3	938	12304.766788138668	0
3	946	12359.491006726767	0
3	947	12360.013065513613	0
3	948	12381.55923794267	0
3	950	12392.502774653221	0
3	967	12514.651957624233	0
3	988	12776.058997159652	0
3	992	12814.899283850104	0
3	993	12816.317823429557	0
3	996	12842.38900251968	0
3	999	12873.706109711305	0
3	1004	12910.385067652254	0
3	1010	12945.767274230426	0
3	1030	13092.680807366161	0
3	1031	13094.56559683753	0
3	1032	13098.373246558542	0
3	1037	13140.527915188727	0
3	1040	13160.721325567154	0
3	1047	13209.855080809223	0
3	1048	13211.992864740804	0
3	1050	13221.619179493601	0
3	1052	13250.423015370302	0
3	1056	13280.480811057609	0
3	1064	13353.529530888268	0
3	1083	13596.868352278608	0
3	1084	13599.900648941541	0
3	1089	13658.499008426219	0
3	1094	13751.297374518946	0
3	1098	13810.784143856308	0
3	1108	13914.142747194461	0
3	1112	13965.712843527427	0
3	1120	14054.488822774483	0
3	1126	14094.136670479106	0
3	1132	14190.046754316315	0
3	1138	14268.279030528538	0
3	1142	14317.508193972897	0
3	1160	14700.087178906945	0
3	1164	14799.246731511406	0
3	1173	14938.400499185342	0
3	1174	14950.046570287019	0
3	1184	15053.528517753772	0
3	1188	15080.853513697328	0
3	1200	15219.835215143356	0
3	1205	15275.484677450627	0
3	1206	15281.092554065519	0
3	1210	15366.766983987648	0
3	1220	15505.14030986538	0
3	1227	15614.356291570164	0
3	1228	15614.464433854431	0
3	1229	15619.944738975363	0
3	1250	16140.979473293148	0
3	1255	16197.7756429251	0
3	1257	16261.911188368748	0
3	1259	16277.353505001151	0
3	1268	16392.015869470557	0
3	1269	16453.061401089312	0
3	1288	16780.815463875237	0
3	1295	16864.142056731869	0
3	1300	16958.764816705668	0
3	1301	16961.575619859167	0
3	1304	16989.901419267623	0
3	1305	16991.734005395099	0
3	1316	17159.166347479259	0
3	1317	17171.047130419268	0
3	1321	17214.960627056912	0
3	1333	17381.345441834144	0
3	1334	17382.187002616287	0
3	1342	17527.051447300217	0
3	1346	17610.54040180296	0
3	1347	17614.878269740173	0
3	1351	17638.267904812057	0
3	1357	17736.884263105632	0
3	1372	17929.988937399827	0
3	1385	18035.656353242418	0
3	1388	18085.207921583621	0
3	1392	18122.795412895635	0
3	1393	18124.071987963014	0
3	1407	18290.307029054766	0
3	1412	18333.916935565796	0
3	1416	18398.744166048335	0
3	1431	18614.264427564509	0
3	1439	18757.148647115384	0
3	1445	18854.24028126649	0
3	1450	18936.125939451128	0
3	1453	18977.822159851933	0
3	1460	19081.228739587183	0
3	1461	19087.967155866173	0
3	1464	19165.025843238173	0
3	1468	19195.206112995631	0
3	1484	19411.632961565495	0
3	1494	19523.396286912026	0
3	1497	19615.425290190125	0
3	1500	19627.643945991865	0
3	1512	19922.807976269454	0
4	130	1092.464239747297	3
4	134	1149.495077549171	3
4	137	1178.214224910644	3
4	138	1178.267000251665	3
4	146	1279.848902640776	3
4	151	1331.191771825919	3
4	161	1437.046321143531	3
4	164	1475.92915712598	3
4	171	1550.719085322356	3
4	188	1848.349998707347	3
4	189	1852.186773599952	3
4	211	2158.562453199584	3
4	214	2184.644664946099	3
4	216	2213.929784442799	3
4	221	2264.128644154872	3
4	227	2364.521958842084	3
4	240	2574.969866735189	3
4	245	2639.617707572568	3
4	258	2834.407865299065	3
4	261	2896.5197612736	3
4	283	3112.468111718433	3
4	284	3113.272600686924	3
4	285	3126.483082646581	3
4	286	3129.334721939231	3
4	288	3139.883099336343	3
4	305	3244.348794794476	3
4	308	3251.601724215527	3
4	313	3297.492804243849	3
4	315	3314.887600361283	3
4	326	3368.842894494712	3
4	335	3452.797885152598	3
4	341	3484.856742212953	3
4	348	3574.849726492545	3
4	350	3614.857088056727	3
4	360	3732.684489963564	3
4	365	3816.912191041325	3
4	368	3859.822655300261	3
4	370	3934.244929883801	3
4	377	4075.312918705727	3
4	386	4325.558114962207	3
4	391	4426.525917029341	3
4	396	4504.806666696128	3
4	403	4638.105771325165	3
4	419	4953.425423270117	3
4	420	4964.305768464757	3
4	429	5072.074510395331	3
4	430	5089.444116126661	3
4	446	5318.460755370141	3
4	455	5441.428083607393	3
4	459	5494.673461289074	3
4	461	5508.376392359214	3
4	479	5759.889324976476	3
4	480	5762.843714829595	3
4	488	5837.010428032228	3
4	494	5913.264078691107	3
4	495	5919.267173413865	3
4	499	5941.051031984886	3
4	502	5976.300064244343	3
4	516	6126.580508739072	3
4	517	6140.750657930192	3
4	543	6470.366438879424	3
4	555	6575.246900879831	3
4	558	6597.125166939536	3
4	560	6619.448386192816	3
4	569	6699.106960347561	3
4	578	6773.654955971902	3
4	588	6881.748775557484	3
4	597	7007.074863438622	3
4	600	7050.533398586802	3
4	613	7299.902229291713	3
4	620	7483.669946774558	3
4	625	7677.351533040052	3
4	642	7973.671531992636	3
4	648	8136.174798708569	3
4	665	8354.477171963407	3
4	667	8404.416782521749	3
4	668	8456.424629840834	3
4	670	8468.344213983555	3
4	682	8633.614798219371	3
4	688	8686.945677056296	3
4	694	8771.208568956695	3
4	695	8778.68063920483	3
4	697	8823.465419805565	3
4	710	8958.384762791116	3
4	719	9067.337345389839	3
4	720	9077.681090447173	3
4	734	9314.275783512582	3
4	736	9396.399424027123	3
4	742	9517.273203988427	3
4	743	9528.03142851678	3
4	755	9821.154265990662	3
4	757	9835.272220295146	3
4	774	10089.394429929949	3
4	776	10123.243736015949	3
4	778	10132.897768946421	3
4	780	10177.565118333318	3
4	809	10490.119649812312	3
4	810	10504.92142391257	3
4	815	10562.78964678132	3
4	820	10610.517142911718	3
4	821	10619.895816765535	3
4	825	10695.474025434725	3
4	833	10775.65484342124	3
4	842	10910.812729012514	3
4	844	10939.181402048257	3
4	851	11044.806259577203	3
4	853	11083.267189930518	3
4	866	11409.18866922888	3
4	872	11513.149848664514	3
4	877	11591.922048906781	3
4	880	11617.251937820385	3
4	883	11659.157131061247	3
4	885	11713.009048757689	3
4	890	11746.698882346886	3
4	900	11942.34279297583	3
4	913	12128.946053273205	3
4	916	12143.624181258479	3
4	925	12206.22802127324	3
4	936	12286.08754152511	3
4	938	12304.766788138668	3
4	946	12359.491006726767	3
4	947	12360.013065513613	3
4	948	12381.55923794267	3
4	950	12392.502774653221	3
4	967	12514.651957624233	3
4	988	12776.058997159652	3
4	992	12814.899283850104	3
4	993	12816.317823429557	3
4	996	12842.38900251968	3
4	999	12873.706109711305	3
4	1004	12910.385067652254	3
4	1010	12945.767274230426	3
4	1030	13092.680807366161	3
4	1031	13094.56559683753	3
4	1032	13098.373246558542	3
4	1037	13140.527915188727	3
4	1040	13160.721325567154	3
4	1047	13209.855080809223	3
4	1048	13211.992864740804	3
4	1050	13221.619179493601	3
4	1052	13250.423015370302	3
4	1056	13280.480811057609	3
4	1064	13353.529530888268	3
4	1083	13596.868352278608	3
4	1084	13599.900648941541	3
4	1089	13658.499008426219	3
4	1094	13751.297374518946	3
4	1098	13810.784143856308	3
4	1108	13914.142747194461	3
4	1112	13965.712843527427	3
4	1120	14054.488822774483	3
4	1126	14094.136670479106	3
4	1132	14190.046754316315	3
4	1138	14268.279030528538	3
4	1142	14317.508193972897	3
4	1160	14700.087178906945	3
4	1164	14799.246731511406	3
4	1173	14938.400499185342	3
4	1174	14950.046570287019	3
4	1184	15053.528517753772	3
4	1188	15080.853513697328	3
4	1200	15219.835215143356	3
4	1205	15275.484677450627	3
4	1206	15281.092554065519	3
4	1210	15366.766983987648	3
4	1220	15505.14030986538	3
4	1227	15614.356291570164	3
4	1228	15614.464433854431	3
4	1229	15619.944738975363	3
4	1250	16140.979473293148	3
4	1255	16197.7756429251	3
4	1257	16261.911188368748	3
4	1259	16277.353505001151	3
4	1268	16392.015869470557	3
4	1269	16453.061401089312	3
4	1288	16780.815463875237	3
4	1295	16864.142056731869	3
4	1300	16958.764816705668	3
4	1301	16961.575619859167	3
4	1304	16989.901419267623	3
4	1305	16991.734005395099	3
4	1316	17159.166347479259	3
4	1317	17171.047130419268	3
4	1321	17214.960627056912	3
4	1333	17381.345441834144	3
4	1334	17382.187002616287	3
4	1342	17527.051447300217	3
4	1346	17610.54040180296	3
4	1347	17614.878269740173	3
4	1351	17638.267904812057	3
4	1357	17736.884263105632	3
4	1372	17929.988937399827	3
4	1385	18035.656353242418	3
4	1388	18085.207921583621	3
4	1392	18122.795412895635	3
4	1393	18124.071987963014	3
4	1407	18290.307029054766	3
4	1412	18333.916935565796	3
4	1416	18398.744166048335	3
4	1431	18614.264427564509	3
4	1439	18757.148647115384	3
4	1445	18854.24028126649	3
4	1450	18936.125939451128	3
4	1453	18977.822159851933	3
4	1460	19081.228739587183	3
4	1461	19087.967155866173	3
4	1464	19165.025843238173	3
4	1468	19195.206112995631	3
4	1484	19411.632961565495	3
4	1494	19523.396286912026	3
4	1497	19615.425290190125	3
4	1500	19627.643945991865	3
4	1512	19922.807976269454	3
5	130	1092.464239747297	925
5	134	1149.495077549171	931
5	137	1178.214224910644	933
5	138	1178.267000251665	928
5	146	1279.848902640776	932
5	151	1331.191771825919	935
5	161	1437.046321143531	937
5	164	1475.92915712598	936
5	171	1550.719085322356	940
5	188	1848.349998707347	941
5	189	1852.186773599952	942
5	211	2158.562453199584	949
5	214	2184.644664946099	948
5	216	2213.929784442799	946
5	221	2264.128644154872	947
5	227	2364.521958842084	951
5	240	2574.969866735189	954
5	245	2639.617707572568	952
5	258	2834.407865299065	957
5	261	2896.5197612736	959
5	283	3112.468111718433	966
5	284	3113.272600686924	960
5	285	3126.483082646581	967
5	286	3129.334721939231	963
5	288	3139.883099336343	964
5	305	3244.348794794476	962
5	308	3251.601724215527	970
5	313	3297.492804243849	968
5	315	3314.887600361283	973
5	326	3368.842894494712	977
5	335	3452.797885152598	975
5	341	3484.856742212953	971
5	348	3574.849726492545	978
5	350	3614.857088056727	972
5	360	3732.684489963564	980
5	365	3816.912191041325	983
5	368	3859.822655300261	982
5	370	3934.244929883801	981
5	377	4075.312918705727	984
5	386	4325.558114962207	985
5	391	4426.525917029341	988
5	396	4504.806666696128	987
5	403	4638.105771325165	989
5	419	4953.425423270117	990
5	420	4964.305768464757	994
5	429	5072.074510395331	991
5	430	5089.444116126661	996
5	446	5318.460755370141	997
5	455	5441.428083607393	998
5	459	5494.673461289074	1002
5	461	5508.376392359214	1003
5	479	5759.889324976476	1005
5	480	5762.843714829595	1000
5	488	5837.010428032228	1007
5	494	5913.264078691107	1006
5	495	5919.267173413865	1010
5	499	5941.051031984886	1008
5	502	5976.300064244343	1009
5	516	6126.580508739072	1011
5	517	6140.750657930192	1012
5	543	6470.366438879424	1016
5	555	6575.246900879831	1021
5	558	6597.125166939536	1019
5	560	6619.448386192816	1015
5	569	6699.106960347561	1022
5	578	6773.654955971902	1025
5	588	6881.748775557484	1026
5	597	7007.074863438622	1027
5	600	7050.533398586802	1028
5	613	7299.902229291713	1030
5	620	7483.669946774558	1033
5	625	7677.351533040052	1034
5	642	7973.671531992636	1038
5	648	8136.174798708569	1036
5	665	8354.477171963407	1042
5	667	8404.416782521749	1044
5	668	8456.424629840834	1041
5	670	8468.344213983555	1043
5	682	8633.614798219371	1046
5	688	8686.945677056296	1045
5	694	8771.208568956695	1050
5	695	8778.68063920483	1048
5	697	8823.465419805565	1049
5	710	8958.384762791116	1051
5	719	9067.337345389839	1053
5	720	9077.681090447173	1054
5	734	9314.275783512582	1055
5	736	9396.399424027123	1058
5	742	9517.273203988427	1056
5	743	9528.03142851678	1059
5	755	9821.154265990662	1062
5	757	9835.272220295146	1060
5	774	10089.394429929949	1061
5	776	10123.243736015949	1064
5	778	10132.897768946421	1065
5	780	10177.565118333318	1066
5	809	10490.119649812312	1071
5	810	10504.92142391257	1069
5	815	10562.78964678132	1073
5	820	10610.517142911718	1076
5	821	10619.895816765535	1075
5	825	10695.474025434725	1078
5	833	10775.65484342124	1074
5	842	10910.812729012514	1079
5	844	10939.181402048257	1077
5	851	11044.806259577203	1080
5	853	11083.267189930518	1081
5	866	11409.18866922888	1084
5	872	11513.149848664514	1085
5	877	11591.922048906781	1087
5	880	11617.251937820385	1086
5	883	11659.157131061247	1091
5	885	11713.009048757689	1088
5	890	11746.698882346886	1090
5	900	11942.34279297583	1092
5	913	12128.946053273205	1093
5	916	12143.624181258479	1095
5	925	12206.22802127324	1097
5	936	12286.08754152511	1103
5	938	12304.766788138668	1104
5	946	12359.491006726767	1100
5	947	12360.013065513613	1101
5	948	12381.55923794267	1102
5	950	12392.502774653221	1106
5	967	12514.651957624233	1107
5	988	12776.058997159652	1108
5	992	12814.899283850104	1111
5	993	12816.317823429557	1109
5	996	12842.38900251968	1110
5	999	12873.706109711305	1113
5	1004	12910.385067652254	1116
5	1010	12945.767274230426	1117
5	1030	13092.680807366161	1119
5	1031	13094.56559683753	1122
5	1032	13098.373246558542	1115
5	1037	13140.527915188727	1120
5	1040	13160.721325567154	1118
5	1047	13209.855080809223	1126
5	1048	13211.992864740804	1127
5	1050	13221.619179493601	1123
5	1052	13250.423015370302	1124
5	1056	13280.480811057609	1125
5	1064	13353.529530888268	1128
5	1083	13596.868352278608	1133
5	1084	13599.900648941541	1129
5	1089	13658.499008426219	1132
5	1094	13751.297374518946	1135
5	1098	13810.784143856308	1130
5	1108	13914.142747194461	1134
5	1112	13965.712843527427	1136
5	1120	14054.488822774483	1139
5	1126	14094.136670479106	1138
5	1132	14190.046754316315	1141
5	1138	14268.279030528538	1143
5	1142	14317.508193972897	1142
5	1160	14700.087178906945	1145
5	1164	14799.246731511406	1147
5	1173	14938.400499185342	1151
5	1174	14950.046570287019	1152
5	1184	15053.528517753772	1153
5	1188	15080.853513697328	1148
5	1200	15219.835215143356	1157
5	1205	15275.484677450627	1158
5	1206	15281.092554065519	1156
5	1210	15366.766983987648	1154
5	1220	15505.14030986538	1159
5	1227	15614.356291570164	1161
5	1228	15614.464433854431	1162
5	1229	15619.944738975363	1160
5	1250	16140.979473293148	1163
5	1255	16197.7756429251	1166
5	1257	16261.911188368748	1164
5	1259	16277.353505001151	1168
5	1268	16392.015869470557	1169
5	1269	16453.061401089312	1170
5	1288	16780.815463875237	1174
5	1295	16864.142056731869	1173
5	1300	16958.764816705668	1176
5	1301	16961.575619859167	1172
5	1304	16989.901419267623	1177
5	1305	16991.734005395099	1178
5	1316	17159.166347479259	1175
5	1317	17171.047130419268	1179
5	1321	17214.960627056912	1181
5	1333	17381.345441834144	1180
5	1334	17382.187002616287	1183
5	1342	17527.051447300217	1182
5	1346	17610.54040180296	1184
5	1347	17614.878269740173	1185
5	1351	17638.267904812057	1186
5	1357	17736.884263105632	1188
5	1372	17929.988937399827	1187
5	1385	18035.656353242418	1195
5	1388	18085.207921583621	1191
5	1392	18122.795412895635	1197
5	1393	18124.071987963014	1192
5	1407	18290.307029054766	1198
5	1412	18333.916935565796	1194
5	1416	18398.744166048335	1201
5	1431	18614.264427564509	1202
5	1439	18757.148647115384	1204
5	1445	18854.24028126649	1203
5	1450	18936.125939451128	1206
5	1453	18977.822159851933	1207
5	1460	19081.228739587183	1209
5	1461	19087.967155866173	1208
5	1464	19165.025843238173	1210
5	1468	19195.206112995631	1211
5	1484	19411.632961565495	1215
5	1494	19523.396286912026	1216
5	1497	19615.425290190125	1213
5	1500	19627.643945991865	1217
5	1512	19922.807976269454	1219
6	122	1040.028529748638	0
6	123	1045.971726357279	0
6	139	1195.464239747297	0
6	144	1252.495077549171	0
6	156	1382.848902640776	0
6	160	1434.191771825919	0
6	167	1516.855435274525	0
6	169	1540.046321143531	0
6	172	1578.92915712598	0
6	179	1653.719085322356	0
6	202	2005.889254407817	0
6	220	2261.562453199584	0
6	222	2287.644664946099	0
6	223	2316.929784442799	0
6	225	2330.617707572568	0
6	229	2367.128644154872	0
6	246	2677.969866735189	0
6	260	2856.461901227259	0
6	263	2925.694384331759	0
6	266	2935.348794794476	0
6	268	2937.407865299065	0
6	280	3040.818867079401	0
6	298	3215.468111718433	0
6	299	3216.272600686924	0
6	301	3229.483082646581	0
6	302	3231.737258264889	0
6	304	3242.883099336343	0
6	314	3305.857088056727	0
6	324	3354.601724215527	0
6	325	3361.45155421255	0
6	331	3417.887600361283	0
6	346	3555.797885152598	0
6	347	3563.442840079369	0
6	356	3677.849726492545	0
6	367	3835.684489963564	0
6	369	3919.912191041325	0
6	372	3962.822655300261	0
6	375	4037.244929883801	0
6	381	4178.312918705727	0
6	388	4334.554288287133	0
6	392	4428.558114962207	0
6	397	4529.525917029341	0
6	401	4607.806666696128	0
6	406	4741.105771325165	0
6	415	4916.87053636804	0
6	425	5027.788259861855	0
6	428	5067.305768464757	0
6	437	5192.444116126661	0
6	445	5312.95848800619	0
6	456	5453.843714829595	0
6	463	5544.428083607393	0
6	467	5597.673461289074	0
6	468	5611.376392359214	0
6	490	5862.889324976476	0
6	498	5940.010428032228	0
6	504	6016.264078691107	0
6	505	6022.267173413865	0
6	509	6044.051031984886	0
6	511	6069.487690675719	0
6	512	6079.300064244343	0
6	525	6229.580508739072	0
6	526	6243.750657930192	0
6	531	6310.448386192816	0
6	540	6434.603567303438	0
6	542	6467.324500393706	0
6	549	6529.81576745312	0
6	554	6573.366438879424	0
6	563	6640.700039680885	0
6	568	6678.246900879831	0
6	583	6802.106960347561	0
6	587	6876.654955971902	0
6	607	7153.533398586802	0
6	608	7170.612153951555	0
6	610	7248.019013207281	0
6	617	7402.902229291713	0
6	624	7586.669946774558	0
6	632	7782.314649218274	0
6	634	7827.174798708569	0
6	646	8061.492459813404	0
6	647	8076.671531992636	0
6	669	8457.477171963407	0
6	672	8507.416782521749	0
6	677	8571.344213983555	0
6	683	8660.824158596088	0
6	691	8736.614798219371	0
6	705	8881.68063920483	0
6	707	8926.465419805565	0
6	708	8931.011895444401	0
6	715	9005.275783512582	0
6	725	9170.337345389839	0
6	727	9208.273203988427	0
6	741	9499.399424027123	0
6	748	9631.03142851678	0
6	754	9780.394429929949	0
6	756	9828.178247190373	0
6	761	9924.154265990662	0
6	781	10187.829574984856	0
6	787	10235.897768946421	0
6	788	10280.565118333318	0
6	808	10466.65484342124	0
6	817	10593.119649812312	0
6	819	10607.92142391257	0
6	822	10630.181402048257	0
6	823	10665.78964678132	0
6	829	10713.517142911718	0
6	830	10722.895816765535	0
6	834	10798.474025434725	0
6	855	11147.806259577203	0
6	857	11186.267189930518	0
6	879	11616.149848664514	0
6	881	11632.126818390609	0
6	884	11694.922048906781	0
6	891	11762.157131061247	0
6	893	11816.009048757689	0
6	895	11849.698882346886	0
6	908	12045.34279297583	0
6	918	12148.668804547961	0
6	929	12246.624181258479	0
6	939	12309.22802127324	0
6	942	12346.729850152592	0
6	949	12389.08754152511	0
6	951	12407.766788138668	0
6	960	12463.013065513613	0
6	962	12484.55923794267	0
6	978	12617.651957624233	0
6	994	12820.164074288189	0
6	1005	12917.899283850104	0
6	1006	12919.317823429557	0
6	1013	12976.706109711305	0
6	1018	13013.385067652254	0
6	1025	13048.767274230426	0
6	1027	13060.314548752916	0
6	1045	13197.56559683753	0
6	1051	13243.527915188727	0
6	1059	13312.855080809223	0
6	1060	13314.992864740804	0
6	1061	13324.619179493601	0
6	1063	13353.423015370302	0
6	1077	13501.784143856308	0
6	1086	13605.142747194461	0
6	1090	13699.868352278608	0
6	1091	13702.900648941541	0
6	1095	13761.499008426219	0
6	1100	13854.297374518946	0
6	1121	14055.797908046739	0
6	1123	14068.712843527427	0
6	1128	14157.488822774483	0
6	1134	14197.136670479106	0
6	1145	14371.279030528538	0
6	1162	14771.853513697328	0
6	1169	14871.097499525957	0
6	1171	14902.246731511406	0
6	1182	15041.400499185342	0
6	1183	15053.046570287019	0
6	1185	15057.766983987648	0
6	1194	15156.528517753772	0
6	1208	15322.835215143356	0
6	1211	15378.484677450627	0
6	1212	15384.092554065519	0
6	1226	15608.14030986538	0
6	1232	15717.356291570164	0
6	1234	15722.944738975363	0
6	1242	15952.911188368748	0
6	1248	16082.481499236883	0
6	1266	16380.353505001151	0
6	1271	16495.015869470557	0
6	1273	16556.061401089312	0
6	1291	16850.166347479259	0
6	1296	16883.815463875237	0
6	1302	16967.142056731869	0
6	1312	17092.901419267623	0
6	1313	17094.734005395099	0
6	1322	17218.051447300217	0
6	1324	17274.047130419268	0
6	1338	17484.345441834144	0
6	1339	17485.187002616287	0
6	1354	17713.54040180296	0
6	1355	17717.878269740173	0
6	1358	17741.267904812057	0
6	1360	17775.027742340535	0
6	1364	17839.884263105632	0
6	1383	18024.916935565796	0
6	1396	18138.656353242418	0
6	1401	18208.036509229759	0
6	1402	18225.795412895635	0
6	1415	18393.307029054766	0
6	1423	18501.744166048335	0
6	1436	18717.264427564509	0
6	1446	18860.148647115384	0
6	1451	18957.24028126649	0
6	1456	19039.125939451128	0
6	1466	19184.228739587183	0
6	1471	19268.025843238173	0
6	1474	19298.206112995631	0
6	1475	19306.425290190125	0
6	1478	19324.495966099936	0
6	1493	19514.632961565495	0
6	1499	19626.396286912026	0
6	1511	19873.476539477496	0
6	1513	19942.37594155683	0
7	122	1040.028529748638	3
7	123	1045.971726357279	3
7	139	1195.464239747297	3
7	144	1252.495077549171	3
7	156	1382.848902640776	3
7	160	1434.191771825919	3
7	167	1516.855435274525	3
7	169	1540.046321143531	3
7	172	1578.92915712598	3
7	179	1653.719085322356	3
7	202	2005.889254407817	3
7	220	2261.562453199584	3
7	222	2287.644664946099	3
7	223	2316.929784442799	3
7	225	2330.617707572568	3
7	229	2367.128644154872	3
7	246	2677.969866735189	3
7	260	2856.461901227259	3
7	263	2925.694384331759	3
7	266	2935.348794794476	3
7	268	2937.407865299065	3
7	280	3040.818867079401	3
7	298	3215.468111718433	3
7	299	3216.272600686924	3
7	301	3229.483082646581	3
7	302	3231.737258264889	3
7	304	3242.883099336343	3
7	314	3305.857088056727	3
7	324	3354.601724215527	3
7	325	3361.45155421255	3
7	331	3417.887600361283	3
7	346	3555.797885152598	3
7	347	3563.442840079369	3
7	356	3677.849726492545	3
7	367	3835.684489963564	3
7	369	3919.912191041325	3
7	372	3962.822655300261	3
7	375	4037.244929883801	3
7	381	4178.312918705727	3
7	388	4334.554288287133	3
7	392	4428.558114962207	3
7	397	4529.525917029341	3
7	401	4607.806666696128	3
7	406	4741.105771325165	3
7	415	4916.87053636804	3
7	425	5027.788259861855	3
7	428	5067.305768464757	3
7	437	5192.444116126661	3
7	445	5312.95848800619	3
7	456	5453.843714829595	3
7	463	5544.428083607393	3
7	467	5597.673461289074	3
7	468	5611.376392359214	3
7	490	5862.889324976476	3
7	498	5940.010428032228	3
7	504	6016.264078691107	3
7	505	6022.267173413865	3
7	509	6044.051031984886	3
7	511	6069.487690675719	3
7	512	6079.300064244343	3
7	525	6229.580508739072	3
7	526	6243.750657930192	3
7	531	6310.448386192816	3
7	540	6434.603567303438	3
7	542	6467.324500393706	3
7	549	6529.81576745312	3
7	554	6573.366438879424	3
7	563	6640.700039680885	3
7	568	6678.246900879831	3
7	583	6802.106960347561	3
7	587	6876.654955971902	3
7	607	7153.533398586802	3
7	608	7170.612153951555	3
7	610	7248.019013207281	3
7	617	7402.902229291713	3
7	624	7586.669946774558	3
7	632	7782.314649218274	3
7	634	7827.174798708569	3
7	646	8061.492459813404	3
7	647	8076.671531992636	3
7	669	8457.477171963407	3
7	672	8507.416782521749	3
7	677	8571.344213983555	3
7	683	8660.824158596088	3
7	691	8736.614798219371	3
7	705	8881.68063920483	3
7	707	8926.465419805565	3
7	708	8931.011895444401	3
7	715	9005.275783512582	3
7	725	9170.337345389839	3
7	727	9208.273203988427	3
7	741	9499.399424027123	3
7	748	9631.03142851678	3
7	754	9780.394429929949	3
7	756	9828.178247190373	3
7	761	9924.154265990662	3
7	781	10187.829574984856	3
7	787	10235.897768946421	3
7	788	10280.565118333318	3
7	808	10466.65484342124	3
7	817	10593.119649812312	3
7	819	10607.92142391257	3
7	822	10630.181402048257	3
7	823	10665.78964678132	3
7	829	10713.517142911718	3
7	830	10722.895816765535	3
7	834	10798.474025434725	3
7	855	11147.806259577203	3
7	857	11186.267189930518	3
7	879	11616.149848664514	3
7	881	11632.126818390609	3
7	884	11694.922048906781	3
7	891	11762.157131061247	3
7	893	11816.009048757689	3
7	895	11849.698882346886	3
7	908	12045.34279297583	3
7	918	12148.668804547961	3
7	929	12246.624181258479	3
7	939	12309.22802127324	3
7	942	12346.729850152592	3
7	949	12389.08754152511	3
7	951	12407.766788138668	3
7	960	12463.013065513613	3
7	962	12484.55923794267	3
7	978	12617.651957624233	3
7	994	12820.164074288189	3
7	1005	12917.899283850104	3
7	1006	12919.317823429557	3
7	1013	12976.706109711305	3
7	1018	13013.385067652254	3
7	1025	13048.767274230426	3
7	1027	13060.314548752916	3
7	1045	13197.56559683753	3
7	1051	13243.527915188727	3
7	1059	13312.855080809223	3
7	1060	13314.992864740804	3
7	1061	13324.619179493601	3
7	1063	13353.423015370302	3
7	1077	13501.784143856308	3
7	1086	13605.142747194461	3
7	1090	13699.868352278608	3
7	1091	13702.900648941541	3
7	1095	13761.499008426219	3
7	1100	13854.297374518946	3
7	1121	14055.797908046739	3
7	1123	14068.712843527427	3
7	1128	14157.488822774483	3
7	1134	14197.136670479106	3
7	1145	14371.279030528538	3
7	1162	14771.853513697328	3
7	1169	14871.097499525957	3
7	1171	14902.246731511406	3
7	1182	15041.400499185342	3
7	1183	15053.046570287019	3
7	1185	15057.766983987648	3
7	1194	15156.528517753772	3
7	1208	15322.835215143356	3
7	1211	15378.484677450627	3
7	1212	15384.092554065519	3
7	1226	15608.14030986538	3
7	1232	15717.356291570164	3
7	1234	15722.944738975363	3
7	1242	15952.911188368748	3
7	1248	16082.481499236883	3
7	1266	16380.353505001151	3
7	1271	16495.015869470557	3
7	1273	16556.061401089312	3
7	1291	16850.166347479259	3
7	1296	16883.815463875237	3
7	1302	16967.142056731869	3
7	1312	17092.901419267623	3
7	1313	17094.734005395099	3
7	1322	17218.051447300217	3
7	1324	17274.047130419268	3
7	1338	17484.345441834144	3
7	1339	17485.187002616287	3
7	1354	17713.54040180296	3
7	1355	17717.878269740173	3
7	1358	17741.267904812057	3
7	1360	17775.027742340535	3
7	1364	17839.884263105632	3
7	1383	18024.916935565796	3
7	1396	18138.656353242418	3
7	1401	18208.036509229759	3
7	1402	18225.795412895635	3
7	1415	18393.307029054766	3
7	1423	18501.744166048335	3
7	1436	18717.264427564509	3
7	1446	18860.148647115384	3
7	1451	18957.24028126649	3
7	1456	19039.125939451128	3
7	1466	19184.228739587183	3
7	1471	19268.025843238173	3
7	1474	19298.206112995631	3
7	1475	19306.425290190125	3
7	1478	19324.495966099936	3
7	1493	19514.632961565495	3
7	1499	19626.396286912026	3
7	1511	19873.476539477496	3
7	1513	19942.37594155683	3
8	122	1040.028529748638	930
8	123	1045.971726357279	922
8	139	1195.464239747297	925
8	144	1252.495077549171	931
8	156	1382.848902640776	932
8	160	1434.191771825919	935
8	167	1516.855435274525	939
8	169	1540.046321143531	937
8	172	1578.92915712598	936
8	179	1653.719085322356	940
8	202	2005.889254407817	945
8	220	2261.562453199584	949
8	222	2287.644664946099	948
8	223	2316.929784442799	946
8	225	2330.617707572568	952
8	229	2367.128644154872	947
8	246	2677.969866735189	954
8	260	2856.461901227259	958
8	263	2925.694384331759	961
8	266	2935.348794794476	962
8	268	2937.407865299065	957
8	280	3040.818867079401	965
8	298	3215.468111718433	966
8	299	3216.272600686924	960
8	301	3229.483082646581	967
8	302	3231.737258264889	969
8	304	3242.883099336343	964
8	314	3305.857088056727	972
8	324	3354.601724215527	970
8	325	3361.45155421255	976
8	331	3417.887600361283	973
8	346	3555.797885152598	975
8	347	3563.442840079369	979
8	356	3677.849726492545	978
8	367	3835.684489963564	980
8	369	3919.912191041325	983
8	372	3962.822655300261	982
8	375	4037.244929883801	981
8	381	4178.312918705727	984
8	388	4334.554288287133	986
8	392	4428.558114962207	985
8	397	4529.525917029341	988
8	401	4607.806666696128	987
8	406	4741.105771325165	989
8	415	4916.87053636804	992
8	425	5027.788259861855	995
8	428	5067.305768464757	994
8	437	5192.444116126661	996
8	445	5312.95848800619	999
8	456	5453.843714829595	1000
8	463	5544.428083607393	998
8	467	5597.673461289074	1002
8	468	5611.376392359214	1003
8	490	5862.889324976476	1005
8	498	5940.010428032228	1007
8	504	6016.264078691107	1006
8	505	6022.267173413865	1010
8	509	6044.051031984886	1008
8	511	6069.487690675719	1013
8	512	6079.300064244343	1009
8	525	6229.580508739072	1011
8	526	6243.750657930192	1012
8	531	6310.448386192816	1015
8	540	6434.603567303438	1017
8	542	6467.324500393706	1018
8	549	6529.81576745312	1020
8	554	6573.366438879424	1016
8	563	6640.700039680885	1024
8	568	6678.246900879831	1021
8	583	6802.106960347561	1022
8	587	6876.654955971902	1025
8	607	7153.533398586802	1028
8	608	7170.612153951555	1031
8	610	7248.019013207281	1032
8	617	7402.902229291713	1030
8	624	7586.669946774558	1033
8	632	7782.314649218274	1035
8	634	7827.174798708569	1036
8	646	8061.492459813404	1039
8	647	8076.671531992636	1038
8	669	8457.477171963407	1042
8	672	8507.416782521749	1044
8	677	8571.344213983555	1043
8	683	8660.824158596088	1047
8	691	8736.614798219371	1046
8	705	8881.68063920483	1048
8	707	8926.465419805565	1049
8	708	8931.011895444401	1052
8	715	9005.275783512582	1055
8	725	9170.337345389839	1053
8	727	9208.273203988427	1056
8	741	9499.399424027123	1058
8	748	9631.03142851678	1059
8	754	9780.394429929949	1061
8	756	9828.178247190373	1063
8	761	9924.154265990662	1062
8	781	10187.829574984856	1067
8	787	10235.897768946421	1065
8	788	10280.565118333318	1066
8	808	10466.65484342124	1074
8	817	10593.119649812312	1071
8	819	10607.92142391257	1069
8	822	10630.181402048257	1077
8	823	10665.78964678132	1073
8	829	10713.517142911718	1076
8	830	10722.895816765535	1075
8	834	10798.474025434725	1078
8	855	11147.806259577203	1080
8	857	11186.267189930518	1081
8	879	11616.149848664514	1085
8	881	11632.126818390609	1089
8	884	11694.922048906781	1087
8	891	11762.157131061247	1091
8	893	11816.009048757689	1088
8	895	11849.698882346886	1090
8	908	12045.34279297583	1092
8	918	12148.668804547961	1096
8	929	12246.624181258479	1095
8	939	12309.22802127324	1097
8	942	12346.729850152592	1105
8	949	12389.08754152511	1103
8	951	12407.766788138668	1104
8	960	12463.013065513613	1101
8	962	12484.55923794267	1102
8	978	12617.651957624233	1107
8	994	12820.164074288189	1112
8	1005	12917.899283850104	1111
8	1006	12919.317823429557	1109
8	1013	12976.706109711305	1113
8	1018	13013.385067652254	1116
8	1025	13048.767274230426	1117
8	1027	13060.314548752916	1121
8	1045	13197.56559683753	1122
8	1051	13243.527915188727	1120
8	1059	13312.855080809223	1126
8	1060	13314.992864740804	1127
8	1061	13324.619179493601	1123
8	1063	13353.423015370302	1124
8	1077	13501.784143856308	1130
8	1086	13605.142747194461	1134
8	1090	13699.868352278608	1133
8	1091	13702.900648941541	1129
8	1095	13761.499008426219	1132
8	1100	13854.297374518946	1135
8	1121	14055.797908046739	1140
8	1123	14068.712843527427	1136
8	1128	14157.488822774483	1139
8	1134	14197.136670479106	1138
8	1145	14371.279030528538	1143
8	1162	14771.853513697328	1148
8	1169	14871.097499525957	1149
8	1171	14902.246731511406	1147
8	1182	15041.400499185342	1151
8	1183	15053.046570287019	1152
8	1185	15057.766983987648	1154
8	1194	15156.528517753772	1153
8	1208	15322.835215143356	1157
8	1211	15378.484677450627	1158
8	1212	15384.092554065519	1156
8	1226	15608.14030986538	1159
8	1232	15717.356291570164	1161
8	1234	15722.944738975363	1160
8	1242	15952.911188368748	1164
8	1248	16082.481499236883	1165
8	1266	16380.353505001151	1168
8	1271	16495.015869470557	1169
8	1273	16556.061401089312	1170
8	1291	16850.166347479259	1175
8	1296	16883.815463875237	1174
8	1302	16967.142056731869	1173
8	1312	17092.901419267623	1177
8	1313	17094.734005395099	1178
8	1322	17218.051447300217	1182
8	1324	17274.047130419268	1179
8	1338	17484.345441834144	1180
8	1339	17485.187002616287	1183
8	1354	17713.54040180296	1184
8	1355	17717.878269740173	1185
8	1358	17741.267904812057	1186
8	1360	17775.027742340535	1190
8	1364	17839.884263105632	1188
8	1383	18024.916935565796	1194
8	1396	18138.656353242418	1195
8	1401	18208.036509229759	1199
8	1402	18225.795412895635	1197
8	1415	18393.307029054766	1198
8	1423	18501.744166048335	1201
8	1436	18717.264427564509	1202
8	1446	18860.148647115384	1204
8	1451	18957.24028126649	1203
8	1456	19039.125939451128	1206
8	1466	19184.228739587183	1209
8	1471	19268.025843238173	1210
8	1474	19298.206112995631	1211
8	1475	19306.425290190125	1213
8	1478	19324.495966099936	1214
8	1493	19514.632961565495	1215
8	1499	19626.396286912026	1216
8	1511	19873.476539477496	1218
8	1513	19942.37594155683	1220
9	131	1099.491062031708	0
9	132	1143.028529748638	0
9	150	1303.211442997478	0
9	154	1355.495077549171	0
9	165	1485.848902640776	0
9	175	1619.855435274525	0
9	176	1642.349998707347	0
9	180	1681.92915712598	0
9	184	1756.719085322356	0
9	191	1881.468587684302	0
9	203	2007.929784442799	0
9	204	2058.128644154872	0
9	208	2108.889254407817	0
9	228	2364.562453199584	0
9	232	2421.593727303144	0
9	233	2433.617707572568	0
9	247	2678.865205475882	0
9	248	2726.039131521234	0
9	262	2907.272600686924	0
9	270	2959.461901227259	0
9	278	3038.348794794476	0
9	279	3040.407865299065	0
9	291	3143.818867079401	0
9	312	3278.856742212953	0
9	319	3332.483082646581	0
9	321	3345.883099336343	0
9	327	3368.849726492545	0
9	330	3408.857088056727	0
9	354	3658.797885152598	0
9	355	3666.442840079369	0
9	359	3728.244929883801	0
9	374	4022.912191041325	0
9	384	4281.312918705727	0
9	394	4437.554288287133	0
9	402	4632.525917029341	0
9	411	4844.105771325165	0
9	414	4866.074510395331	0
9	424	5019.87053636804	0
9	431	5112.460755370141	0
9	433	5130.788259861855	0
9	435	5170.305768464757	0
9	442	5235.428083607393	0
9	444	5295.444116126661	0
9	453	5415.95848800619	0
9	457	5465.789128024074	0
9	464	5556.843714829595	0
9	466	5577.456692338637	0
9	474	5700.673461289074	0
9	476	5714.376392359214	0
9	496	5920.580508739072	0
9	500	5965.889324976476	0
9	513	6094.841983018543	0
9	515	6125.267173413865	0
9	520	6172.487690675719	0
9	521	6182.300064244343	0
9	534	6346.750657930192	0
9	538	6413.448386192816	0
9	550	6537.603567303438	0
9	552	6570.324500393706	0
9	559	6605.053376998306	0
9	561	6632.81576745312	0
9	566	6675.748775557484	0
9	567	6676.366438879424	0
9	581	6781.246900879831	0
9	582	6801.074863438622	0
9	586	6844.533398586802	0
9	591	6904.856305684667	0
9	592	6905.106960347561	0
9	594	6979.654955971902	0
9	603	7093.902229291713	0
9	612	7273.612153951555	0
9	614	7351.019013207281	0
9	627	7689.669946774558	0
9	635	7837.087209488599	0
9	637	7885.314649218274	0
9	639	7930.174798708569	0
9	649	8141.920856539563	0
9	653	8164.492459813404	0
9	654	8179.671531992636	0
9	657	8250.424629840834	0
9	659	8262.344213983555	0
9	675	8560.477171963407	0
9	680	8610.416782521749	0
9	693	8763.824158596088	0
9	699	8839.614798219371	0
9	714	8984.68063920483	0
9	717	9034.011895444401	0
9	723	9108.275783512582	0
9	733	9311.273203988427	0
9	747	9629.272220295146	0
9	753	9734.03142851678	0
9	759	9883.394429929949	0
9	763	9931.178247190373	0
9	769	10027.154265990662	0
9	785	10221.566295108731	0
9	790	10290.829574984856	0
9	791	10298.92142391257	0
9	795	10338.897768946421	0
9	816	10569.65484342124	0
9	826	10696.119649812312	0
9	831	10733.181402048257	0
9	837	10816.517142911718	0
9	841	10901.474025434725	0
9	854	11126.700286315162	0
9	856	11168.49744839045	0
9	859	11250.806259577203	0
9	861	11289.267189930518	0
9	892	11797.922048906781	0
9	896	11865.157131061247	0
9	898	11919.009048757689	0
9	901	11952.698882346886	0
9	915	12139.80623294454	0
9	927	12233.899452181196	0
9	931	12251.17913274385	0
9	932	12251.668804547961	0
9	943	12349.624181258479	0
9	955	12449.729850152592	0
9	963	12492.08754152511	0
9	966	12510.766788138668	0
9	971	12566.013065513613	0
9	972	12570.058997159652	0
9	975	12610.317823429557	0
9	979	12636.38900251968	0
9	985	12720.651957624233	0
9	1003	12892.373246558542	0
9	1007	12923.164074288189	0
9	1011	12954.721325567154	0
9	1029	13079.706109711305	0
9	1035	13116.385067652254	0
9	1041	13163.314548752916	0
9	1073	13456.423015370302	0
9	1085	13604.784143856308	0
9	1093	13708.142747194461	0
9	1096	13802.868352278608	0
9	1097	13805.900648941541	0
9	1101	13864.499008426219	0
9	1115	13988.418848252962	0
9	1127	14111.508193972897	0
9	1129	14158.797908046739	0
9	1131	14171.712843527427	0
9	1136	14260.488822774483	0
9	1141	14300.136670479106	0
9	1149	14466.362000849884	0
9	1170	14874.853513697328	0
9	1172	14928.296278207696	0
9	1177	14974.097499525957	0
9	1189	15116.964709438993	0
9	1193	15156.046570287019	0
9	1195	15160.766983987648	0
9	1203	15259.528517753772	0
9	1207	15299.14030986538	0
9	1218	15481.484677450627	0
9	1219	15487.092554065519	0
9	1235	15820.356291570164	0
9	1236	15825.944738975363	0
9	1241	15934.979473293148	0
9	1247	16055.911188368748	0
9	1254	16185.481499236883	0
9	1270	16483.353505001151	0
9	1275	16598.015869470557	0
9	1276	16650.953137029189	0
9	1278	16659.061401089312	0
9	1284	16755.575619859167	0
9	1299	16953.166347479259	0
9	1318	17175.345441834144	0
9	1319	17195.901419267623	0
9	1320	17197.734005395099	0
9	1331	17321.051447300217	0
9	1332	17377.047130419268	0
9	1335	17404.54040180296	0
9	1356	17723.988937399827	0
9	1359	17753.699763270007	0
9	1365	17844.267904812057	0
9	1367	17878.027742340535	0
9	1374	17942.884263105632	0
9	1390	18099.344872197864	0
9	1395	18127.916935565796	0
9	1405	18241.656353242418	0
9	1410	18311.036509229759	0
9	1411	18328.795412895635	0
9	1414	18384.80520493828	0
9	1430	18604.744166048335	0
9	1432	18648.24028126649	0
9	1434	18661.25022266661	0
9	1472	19283.745957444016	0
9	1473	19287.228739587183	0
9	1479	19371.025843238173	0
9	1482	19401.206112995631	0
9	1483	19409.425290190125	0
9	1487	19427.495966099936	0
9	1498	19617.632961565495	0
9	1503	19729.396286912026	0
9	1516	19976.476539477496	0
10	131	1099.491062031708	3
10	132	1143.028529748638	3
10	150	1303.211442997478	3
10	154	1355.495077549171	3
10	165	1485.848902640776	3
10	175	1619.855435274525	3
10	176	1642.349998707347	3
10	180	1681.92915712598	3
10	184	1756.719085322356	3
10	191	1881.468587684302	3
10	203	2007.929784442799	3
10	204	2058.128644154872	3
10	208	2108.889254407817	3
10	228	2364.562453199584	3
10	232	2421.593727303144	3
10	233	2433.617707572568	3
10	247	2678.865205475882	3
10	248	2726.039131521234	3
10	262	2907.272600686924	3
10	270	2959.461901227259	3
10	278	3038.348794794476	3
10	279	3040.407865299065	3
10	291	3143.818867079401	3
10	312	3278.856742212953	3
10	319	3332.483082646581	3
10	321	3345.883099336343	3
10	327	3368.849726492545	3
10	330	3408.857088056727	3
10	354	3658.797885152598	3
10	355	3666.442840079369	3
10	359	3728.244929883801	3
10	374	4022.912191041325	3
10	384	4281.312918705727	3
10	394	4437.554288287133	3
10	402	4632.525917029341	3
10	411	4844.105771325165	3
10	414	4866.074510395331	3
10	424	5019.87053636804	3
10	431	5112.460755370141	3
10	433	5130.788259861855	3
10	435	5170.305768464757	3
10	442	5235.428083607393	3
10	444	5295.444116126661	3
10	453	5415.95848800619	3
10	457	5465.789128024074	3
10	464	5556.843714829595	3
10	466	5577.456692338637	3
10	474	5700.673461289074	3
10	476	5714.376392359214	3
10	496	5920.580508739072	3
10	500	5965.889324976476	3
10	513	6094.841983018543	3
10	515	6125.267173413865	3
10	520	6172.487690675719	3
10	521	6182.300064244343	3
10	534	6346.750657930192	3
10	538	6413.448386192816	3
10	550	6537.603567303438	3
10	552	6570.324500393706	3
10	559	6605.053376998306	3
10	561	6632.81576745312	3
10	566	6675.748775557484	3
10	567	6676.366438879424	3
10	581	6781.246900879831	3
10	582	6801.074863438622	3
10	586	6844.533398586802	3
10	591	6904.856305684667	3
10	592	6905.106960347561	3
10	594	6979.654955971902	3
10	603	7093.902229291713	3
10	612	7273.612153951555	3
10	614	7351.019013207281	3
10	627	7689.669946774558	3
10	635	7837.087209488599	3
10	637	7885.314649218274	3
10	639	7930.174798708569	3
10	649	8141.920856539563	3
10	653	8164.492459813404	3
10	654	8179.671531992636	3
10	657	8250.424629840834	3
10	659	8262.344213983555	3
10	675	8560.477171963407	3
10	680	8610.416782521749	3
10	693	8763.824158596088	3
10	699	8839.614798219371	3
10	714	8984.68063920483	3
10	717	9034.011895444401	3
10	723	9108.275783512582	3
10	733	9311.273203988427	3
10	747	9629.272220295146	3
10	753	9734.03142851678	3
10	759	9883.394429929949	3
10	763	9931.178247190373	3
10	769	10027.154265990662	3
10	785	10221.566295108731	3
10	790	10290.829574984856	3
10	791	10298.92142391257	3
10	795	10338.897768946421	3
10	816	10569.65484342124	3
10	826	10696.119649812312	3
10	831	10733.181402048257	3
10	837	10816.517142911718	3
10	841	10901.474025434725	3
10	854	11126.700286315162	3
10	856	11168.49744839045	3
10	859	11250.806259577203	3
10	861	11289.267189930518	3
10	892	11797.922048906781	3
10	896	11865.157131061247	3
10	898	11919.009048757689	3
10	901	11952.698882346886	3
10	915	12139.80623294454	3
10	927	12233.899452181196	3
10	931	12251.17913274385	3
10	932	12251.668804547961	3
10	943	12349.624181258479	3
10	955	12449.729850152592	3
10	963	12492.08754152511	3
10	966	12510.766788138668	3
10	971	12566.013065513613	3
10	972	12570.058997159652	3
10	975	12610.317823429557	3
10	979	12636.38900251968	3
10	985	12720.651957624233	3
10	1003	12892.373246558542	3
10	1007	12923.164074288189	3
10	1011	12954.721325567154	3
10	1029	13079.706109711305	3
10	1035	13116.385067652254	3
10	1041	13163.314548752916	3
10	1073	13456.423015370302	3
10	1085	13604.784143856308	3
10	1093	13708.142747194461	3
10	1096	13802.868352278608	3
10	1097	13805.900648941541	3
10	1101	13864.499008426219	3
10	1115	13988.418848252962	3
10	1127	14111.508193972897	3
10	1129	14158.797908046739	3
10	1131	14171.712843527427	3
10	1136	14260.488822774483	3
10	1141	14300.136670479106	3
10	1149	14466.362000849884	3
10	1170	14874.853513697328	3
10	1172	14928.296278207696	3
10	1177	14974.097499525957	3
10	1189	15116.964709438993	3
10	1193	15156.046570287019	3
10	1195	15160.766983987648	3
10	1203	15259.528517753772	3
10	1207	15299.14030986538	3
10	1218	15481.484677450627	3
10	1219	15487.092554065519	3
10	1235	15820.356291570164	3
10	1236	15825.944738975363	3
10	1241	15934.979473293148	3
10	1247	16055.911188368748	3
10	1254	16185.481499236883	3
10	1270	16483.353505001151	3
10	1275	16598.015869470557	3
10	1276	16650.953137029189	3
10	1278	16659.061401089312	3
10	1284	16755.575619859167	3
10	1299	16953.166347479259	3
10	1318	17175.345441834144	3
10	1319	17195.901419267623	3
10	1320	17197.734005395099	3
10	1331	17321.051447300217	3
10	1332	17377.047130419268	3
10	1335	17404.54040180296	3
10	1356	17723.988937399827	3
10	1359	17753.699763270007	3
10	1365	17844.267904812057	3
10	1367	17878.027742340535	3
10	1374	17942.884263105632	3
10	1390	18099.344872197864	3
10	1395	18127.916935565796	3
10	1405	18241.656353242418	3
10	1410	18311.036509229759	3
10	1411	18328.795412895635	3
10	1414	18384.80520493828	3
10	1430	18604.744166048335	3
10	1432	18648.24028126649	3
10	1434	18661.25022266661	3
10	1472	19283.745957444016	3
10	1473	19287.228739587183	3
10	1479	19371.025843238173	3
10	1482	19401.206112995631	3
10	1483	19409.425290190125	3
10	1487	19427.495966099936	3
10	1498	19617.632961565495	3
10	1503	19729.396286912026	3
10	1516	19976.476539477496	3
11	131	1099.491062031708	929
11	132	1143.028529748638	930
11	150	1303.211442997478	934
11	154	1355.495077549171	931
11	165	1485.848902640776	932
11	175	1619.855435274525	939
11	176	1642.349998707347	941
11	180	1681.92915712598	936
11	184	1756.719085322356	940
11	191	1881.468587684302	943
11	203	2007.929784442799	946
11	204	2058.128644154872	947
11	208	2108.889254407817	945
11	228	2364.562453199584	949
11	232	2421.593727303144	953
11	233	2433.617707572568	952
11	247	2678.865205475882	955
11	248	2726.039131521234	956
11	262	2907.272600686924	960
11	270	2959.461901227259	958
11	278	3038.348794794476	962
11	279	3040.407865299065	957
11	291	3143.818867079401	965
11	312	3278.856742212953	971
11	319	3332.483082646581	967
11	321	3345.883099336343	964
11	327	3368.849726492545	978
11	330	3408.857088056727	972
11	354	3658.797885152598	975
11	355	3666.442840079369	979
11	359	3728.244929883801	981
11	374	4022.912191041325	983
11	384	4281.312918705727	984
11	394	4437.554288287133	986
11	402	4632.525917029341	988
11	411	4844.105771325165	989
11	414	4866.074510395331	991
11	424	5019.87053636804	992
11	431	5112.460755370141	997
11	433	5130.788259861855	995
11	435	5170.305768464757	994
11	442	5235.428083607393	998
11	444	5295.444116126661	996
11	453	5415.95848800619	999
11	457	5465.789128024074	1001
11	464	5556.843714829595	1000
11	466	5577.456692338637	1004
11	474	5700.673461289074	1002
11	476	5714.376392359214	1003
11	496	5920.580508739072	1011
11	500	5965.889324976476	1005
11	513	6094.841983018543	1014
11	515	6125.267173413865	1010
11	520	6172.487690675719	1013
11	521	6182.300064244343	1009
11	534	6346.750657930192	1012
11	538	6413.448386192816	1015
11	550	6537.603567303438	1017
11	552	6570.324500393706	1018
11	559	6605.053376998306	1023
11	561	6632.81576745312	1020
11	566	6675.748775557484	1026
11	567	6676.366438879424	1016
11	581	6781.246900879831	1021
11	582	6801.074863438622	1027
11	586	6844.533398586802	1028
11	591	6904.856305684667	1029
11	592	6905.106960347561	1022
11	594	6979.654955971902	1025
11	603	7093.902229291713	1030
11	612	7273.612153951555	1031
11	614	7351.019013207281	1032
11	627	7689.669946774558	1033
11	635	7837.087209488599	1037
11	637	7885.314649218274	1035
11	639	7930.174798708569	1036
11	649	8141.920856539563	1040
11	653	8164.492459813404	1039
11	654	8179.671531992636	1038
11	657	8250.424629840834	1041
11	659	8262.344213983555	1043
11	675	8560.477171963407	1042
11	680	8610.416782521749	1044
11	693	8763.824158596088	1047
11	699	8839.614798219371	1046
11	714	8984.68063920483	1048
11	717	9034.011895444401	1052
11	723	9108.275783512582	1055
11	733	9311.273203988427	1056
11	747	9629.272220295146	1060
11	753	9734.03142851678	1059
11	759	9883.394429929949	1061
11	763	9931.178247190373	1063
11	769	10027.154265990662	1062
11	785	10221.566295108731	1068
11	790	10290.829574984856	1067
11	791	10298.92142391257	1069
11	795	10338.897768946421	1065
11	816	10569.65484342124	1074
11	826	10696.119649812312	1071
11	831	10733.181402048257	1077
11	837	10816.517142911718	1076
11	841	10901.474025434725	1078
11	854	11126.700286315162	1082
11	856	11168.49744839045	1083
11	859	11250.806259577203	1080
11	861	11289.267189930518	1081
11	892	11797.922048906781	1087
11	896	11865.157131061247	1091
11	898	11919.009048757689	1088
11	901	11952.698882346886	1090
11	915	12139.80623294454	1094
11	927	12233.899452181196	1098
11	931	12251.17913274385	1099
11	932	12251.668804547961	1096
11	943	12349.624181258479	1095
11	955	12449.729850152592	1105
11	963	12492.08754152511	1103
11	966	12510.766788138668	1104
11	971	12566.013065513613	1101
11	972	12570.058997159652	1108
11	975	12610.317823429557	1109
11	979	12636.38900251968	1110
11	985	12720.651957624233	1107
11	1003	12892.373246558542	1115
11	1007	12923.164074288189	1112
11	1011	12954.721325567154	1118
11	1029	13079.706109711305	1113
11	1035	13116.385067652254	1116
11	1041	13163.314548752916	1121
11	1073	13456.423015370302	1124
11	1085	13604.784143856308	1130
11	1093	13708.142747194461	1134
11	1096	13802.868352278608	1133
11	1097	13805.900648941541	1129
11	1101	13864.499008426219	1132
11	1115	13988.418848252962	1137
11	1127	14111.508193972897	1142
11	1129	14158.797908046739	1140
11	1131	14171.712843527427	1136
11	1136	14260.488822774483	1139
11	1141	14300.136670479106	1138
11	1149	14466.362000849884	1144
11	1170	14874.853513697328	1148
11	1172	14928.296278207696	1150
11	1177	14974.097499525957	1149
11	1189	15116.964709438993	1155
11	1193	15156.046570287019	1152
11	1195	15160.766983987648	1154
11	1203	15259.528517753772	1153
11	1207	15299.14030986538	1159
11	1218	15481.484677450627	1158
11	1219	15487.092554065519	1156
11	1235	15820.356291570164	1161
11	1236	15825.944738975363	1160
11	1241	15934.979473293148	1163
11	1247	16055.911188368748	1164
11	1254	16185.481499236883	1165
11	1270	16483.353505001151	1168
11	1275	16598.015869470557	1169
11	1276	16650.953137029189	1171
11	1278	16659.061401089312	1170
11	1284	16755.575619859167	1172
11	1299	16953.166347479259	1175
11	1318	17175.345441834144	1180
11	1319	17195.901419267623	1177
11	1320	17197.734005395099	1178
11	1331	17321.051447300217	1182
11	1332	17377.047130419268	1179
11	1335	17404.54040180296	1184
11	1356	17723.988937399827	1187
11	1359	17753.699763270007	1189
11	1365	17844.267904812057	1186
11	1367	17878.027742340535	1190
11	1374	17942.884263105632	1188
11	1390	18099.344872197864	1196
11	1395	18127.916935565796	1194
11	1405	18241.656353242418	1195
11	1410	18311.036509229759	1199
11	1411	18328.795412895635	1197
11	1414	18384.80520493828	1200
11	1430	18604.744166048335	1201
11	1432	18648.24028126649	1203
11	1434	18661.25022266661	1205
11	1472	19283.745957444016	1212
11	1473	19287.228739587183	1209
11	1479	19371.025843238173	1210
11	1482	19401.206112995631	1211
11	1483	19409.425290190125	1213
11	1487	19427.495966099936	1214
11	1498	19617.632961565495	1215
11	1503	19729.396286912026	1216
11	1516	19976.476539477496	1218
12	120	1032.678541398721	409
12	136	1177.157407431117	306
12	153	1349.028529748638	409
12	174	1593.963429773259	203
12	187	1825.855435274525	409
12	198	1962.719085322356	512
12	226	2336.13855036377	203
12	243	2627.593727303144	306
12	265	2932.039131521234	306
12	293	3165.461901227259	409
12	345	3538.483082646581	512
12	395	4487.312918705727	512
12	440	5225.87053636804	409
12	460	5501.444116126661	512
12	472	5671.789128024074	306
12	482	5783.456692338637	306
12	519	6171.889324976476	512
12	575	6743.603567303438	409
12	605	7110.856305684667	306
12	622	7557.019013207281	409
12	740	9477.468169280285	203
12	765	9940.03142851678	512
12	813	10522.715020161272	203
12	903	12003.922048906781	512
12	957	12457.17913274385	306
12	958	12457.668804547961	409
12	1117	14008.868352278608	512
12	1157	14672.362000849884	306
12	1163	14784.374936741973	203
12	1191	15134.296278207696	306
12	1230	15687.484677450627	512
12	1265	16370.36739324116	203
12	1267	16391.481499236883	409
12	1293	16856.953137029189	306
12	1387	18084.027742340535	409
12	1394	18125.561464050542	203
12	1409	18305.344872197864	306
12	1447	18867.25022266661	306
12	1490	19493.228739587183	512
13	120	1032.678541398721	9
13	136	1177.157407431117	6
13	153	1349.028529748638	9
13	174	1593.963429773259	3
13	187	1825.855435274525	9
13	198	1962.719085322356	12
13	226	2336.13855036377	3
13	243	2627.593727303144	6
13	265	2932.039131521234	6
13	293	3165.461901227259	9
13	345	3538.483082646581	12
13	395	4487.312918705727	12
13	440	5225.87053636804	9
13	460	5501.444116126661	12
13	472	5671.789128024074	6
13	482	5783.456692338637	6
13	519	6171.889324976476	12
13	575	6743.603567303438	9
13	605	7110.856305684667	6
13	622	7557.019013207281	9
13	740	9477.468169280285	3
13	765	9940.03142851678	12
13	813	10522.715020161272	3
13	903	12003.922048906781	12
13	957	12457.17913274385	6
13	958	12457.668804547961	9
13	1117	14008.868352278608	12
13	1157	14672.362000849884	6
13	1163	14784.374936741973	3
13	1191	15134.296278207696	6
13	1230	15687.484677450627	12
13	1265	16370.36739324116	3
13	1267	16391.481499236883	9
13	1293	16856.953137029189	6
13	1387	18084.027742340535	9
13	1394	18125.561464050542	3
13	1409	18305.344872197864	6
13	1447	18867.25022266661	6
13	1490	19493.228739587183	12
14	120	1032.678541398721	3
14	136	1177.157407431117	2
14	153	1349.028529748638	3
14	174	1593.963429773259	1
14	187	1825.855435274525	3
14	198	1962.719085322356	4
14	226	2336.13855036377	1
14	243	2627.593727303144	2
14	265	2932.039131521234	2
14	293	3165.461901227259	3
14	345	3538.483082646581	4
14	395	4487.312918705727	4
14	440	5225.87053636804	3
14	460	5501.444116126661	4
14	472	5671.789128024074	2
14	482	5783.456692338637	2
14	519	6171.889324976476	4
14	575	6743.603567303438	3
14	605	7110.856305684667	2
14	622	7557.019013207281	3
14	740	9477.468169280285	1
14	765	9940.03142851678	4
14	813	10522.715020161272	1
14	903	12003.922048906781	4
14	957	12457.17913274385	2
14	958	12457.668804547961	3
14	1117	14008.868352278608	4
14	1157	14672.362000849884	2
14	1163	14784.374936741973	1
14	1191	15134.296278207696	2
14	1230	15687.484677450627	4
14	1265	16370.36739324116	1
14	1267	16391.481499236883	3
14	1293	16856.953137029189	2
14	1387	18084.027742340535	3
14	1394	18125.561464050542	1
14	1409	18305.344872197864	2
14	1447	18867.25022266661	2
14	1490	19493.228739587183	4
15	121	1039.165680214586	306
15	196	1955.186773599952	306
15	234	2467.521958842084	306
15	303	3232.334721939231	306
15	349	3587.856742212953	409
15	436	5175.074510395331	409
15	491	5865.843714829595	512
15	573	6722.448386192816	512
15	595	6984.748775557484	409
15	604	7110.074863438622	409
15	674	8559.424629840834	409
15	703	8874.208568956695	203
15	718	9061.384762791116	306
15	726	9180.681090447173	306
15	840	10878.65484342124	512
15	848	11013.812729012514	306
15	871	11512.18866922888	203
15	887	11720.251937820385	306
15	1065	13383.480811057609	306
15	1074	13456.529530888268	203
15	1119	14017.142747194461	512
15	1148	14420.508193972897	409
15	1217	15469.766983987648	512
15	1233	15717.464433854431	203
15	1256	16243.979473293148	409
15	1264	16364.911188368748	512
15	1307	17061.764816705668	306
15	1323	17262.166347479259	512
15	1330	17317.960627056912	203
15	1399	18188.207921583621	306
15	1403	18227.071987963014	306
15	1501	19718.425290190125	512
15	1504	19730.643945991865	306
16	121	1039.165680214586	6
16	196	1955.186773599952	6
16	234	2467.521958842084	6
16	303	3232.334721939231	6
16	349	3587.856742212953	9
16	436	5175.074510395331	9
16	491	5865.843714829595	12
16	573	6722.448386192816	12
16	595	6984.748775557484	9
16	604	7110.074863438622	9
16	674	8559.424629840834	9
16	703	8874.208568956695	3
16	718	9061.384762791116	6
16	726	9180.681090447173	6
16	840	10878.65484342124	12
16	848	11013.812729012514	6
16	871	11512.18866922888	3
16	887	11720.251937820385	6
16	1065	13383.480811057609	6
16	1074	13456.529530888268	3
16	1119	14017.142747194461	12
16	1148	14420.508193972897	9
16	1217	15469.766983987648	12
16	1233	15717.464433854431	3
16	1256	16243.979473293148	9
16	1264	16364.911188368748	12
16	1307	17061.764816705668	6
16	1323	17262.166347479259	12
16	1330	17317.960627056912	3
16	1399	18188.207921583621	6
16	1403	18227.071987963014	6
16	1501	19718.425290190125	12
16	1504	19730.643945991865	6
17	121	1039.165680214586	2
17	196	1955.186773599952	2
17	234	2467.521958842084	2
17	303	3232.334721939231	2
17	349	3587.856742212953	3
17	436	5175.074510395331	3
17	491	5865.843714829595	4
17	573	6722.448386192816	4
17	595	6984.748775557484	3
17	604	7110.074863438622	3
17	674	8559.424629840834	3
17	703	8874.208568956695	1
17	718	9061.384762791116	2
17	726	9180.681090447173	2
17	840	10878.65484342124	4
17	848	11013.812729012514	2
17	871	11512.18866922888	1
17	887	11720.251937820385	2
17	1065	13383.480811057609	2
17	1074	13456.529530888268	1
17	1119	14017.142747194461	4
17	1148	14420.508193972897	3
17	1217	15469.766983987648	4
17	1233	15717.464433854431	1
17	1256	16243.979473293148	3
17	1264	16364.911188368748	4
17	1307	17061.764816705668	2
17	1323	17262.166347479259	4
17	1330	17317.960627056912	1
17	1399	18188.207921583621	2
17	1403	18227.071987963014	2
17	1501	19718.425290190125	4
17	1504	19730.643945991865	2
18	147	1281.214224910644	203
18	148	1281.267000251665	409
18	195	1951.349998707347	409
18	250	2742.617707572568	512
18	271	2999.5197612736	203
18	322	3347.348794794476	512
18	329	3400.492804243849	306
18	339	3471.842894494712	203
18	358	3717.857088056727	512
18	427	5056.425423270117	306
18	454	5421.460755370141	409
18	570	6700.125166939536	306
18	631	7780.351533040052	306
18	655	8239.174798708569	512
18	696	8789.945677056296	306
18	738	9417.275783512582	512
18	746	9620.273203988427	512
18	764	9938.272220295146	409
18	782	10192.394429929949	512
18	786	10226.243736015949	306
18	850	11042.181402048257	512
18	926	12231.946053273205	306
18	959	12462.491006726767	306
18	964	12495.502774653221	203
18	1000	12879.058997159652	409
18	1009	12945.38900251968	409
18	1044	13195.680807366161	306
18	1046	13201.373246558542	409
18	1054	13263.721325567154	409
18	1107	13913.784143856308	512
18	1140	14293.046754316315	306
18	1165	14803.087178906945	306
18	1198	15183.853513697328	512
18	1262	16300.7756429251	306
18	1308	17064.575619859167	409
18	1349	17630.051447300217	512
18	1384	18032.988937399827	409
18	1420	18436.916935565796	512
18	1459	19080.822159851933	306
18	1467	19190.967155866173	306
19	147	1281.214224910644	3
19	148	1281.267000251665	9
19	195	1951.349998707347	9
19	250	2742.617707572568	12
19	271	2999.5197612736	3
19	322	3347.348794794476	12
19	329	3400.492804243849	6
19	339	3471.842894494712	3
19	358	3717.857088056727	12
19	427	5056.425423270117	6
19	454	5421.460755370141	9
19	570	6700.125166939536	6
19	631	7780.351533040052	6
19	655	8239.174798708569	12
19	696	8789.945677056296	6
19	738	9417.275783512582	12
19	746	9620.273203988427	12
19	764	9938.272220295146	9
19	782	10192.394429929949	12
19	786	10226.243736015949	6
19	850	11042.181402048257	12
19	926	12231.946053273205	6
19	959	12462.491006726767	6
19	964	12495.502774653221	3
19	1000	12879.058997159652	9
19	1009	12945.38900251968	9
19	1044	13195.680807366161	6
19	1046	13201.373246558542	9
19	1054	13263.721325567154	9
19	1107	13913.784143856308	12
19	1140	14293.046754316315	6
19	1165	14803.087178906945	6
19	1198	15183.853513697328	12
19	1262	16300.7756429251	6
19	1308	17064.575619859167	9
19	1349	17630.051447300217	12
19	1384	18032.988937399827	9
19	1420	18436.916935565796	12
19	1459	19080.822159851933	6
19	1467	19190.967155866173	6
20	147	1281.214224910644	1
20	148	1281.267000251665	3
20	195	1951.349998707347	3
20	250	2742.617707572568	4
20	271	2999.5197612736	1
20	322	3347.348794794476	4
20	329	3400.492804243849	2
20	339	3471.842894494712	1
20	358	3717.857088056727	4
20	427	5056.425423270117	2
20	454	5421.460755370141	3
20	570	6700.125166939536	2
20	631	7780.351533040052	2
20	655	8239.174798708569	4
20	696	8789.945677056296	2
20	738	9417.275783512582	4
20	746	9620.273203988427	4
20	764	9938.272220295146	3
20	782	10192.394429929949	4
20	786	10226.243736015949	2
20	850	11042.181402048257	4
20	926	12231.946053273205	2
20	959	12462.491006726767	2
20	964	12495.502774653221	1
20	1000	12879.058997159652	3
20	1009	12945.38900251968	3
20	1044	13195.680807366161	2
20	1046	13201.373246558542	3
20	1054	13263.721325567154	3
20	1107	13913.784143856308	4
20	1140	14293.046754316315	2
20	1165	14803.087178906945	2
20	1198	15183.853513697328	4
20	1262	16300.7756429251	2
20	1308	17064.575619859167	3
20	1349	17630.051447300217	4
20	1384	18032.988937399827	3
20	1420	18436.916935565796	4
20	1459	19080.822159851933	2
20	1467	19190.967155866173	2
21	168	1537.191771825919	306
21	230	2390.644664946099	409
21	276	3028.694384331759	203
21	320	3334.737258264889	203
21	336	3457.601724215527	306
21	338	3464.45155421255	203
21	364	3780.849726492545	512
21	380	4140.244929883801	512
21	404	4710.806666696128	409
21	532	6332.580508739072	512
21	576	6743.700039680885	203
21	611	7256.533398586802	512
21	621	7505.902229291713	512
21	716	9029.465419805565	409
21	730	9273.337345389839	409
21	745	9602.399424027123	306
21	798	10383.565118333318	409
21	838	10825.895816765535	409
21	886	11719.149848664514	409
21	973	12587.55923794267	409
21	1020	13020.899283850104	409
21	1021	13022.317823429557	512
21	1071	13427.619179493601	409
21	1150	14474.279030528538	409
21	1179	15005.246731511406	409
21	1192	15144.400499185342	306
21	1231	15711.14030986538	512
21	1345	17588.187002616287	306
21	1361	17816.54040180296	512
21	1463	19142.125939451128	409
22	168	1537.191771825919	6
22	230	2390.644664946099	9
22	276	3028.694384331759	3
22	320	3334.737258264889	3
22	336	3457.601724215527	6
22	338	3464.45155421255	3
22	364	3780.849726492545	12
22	380	4140.244929883801	12
22	404	4710.806666696128	9
22	532	6332.580508739072	12
22	576	6743.700039680885	3
22	611	7256.533398586802	12
22	621	7505.902229291713	12
22	716	9029.465419805565	9
22	730	9273.337345389839	9
22	745	9602.399424027123	6
22	798	10383.565118333318	9
22	838	10825.895816765535	9
22	886	11719.149848664514	9
22	973	12587.55923794267	9
22	1020	13020.899283850104	9
22	1021	13022.317823429557	12
22	1071	13427.619179493601	9
22	1150	14474.279030528538	9
22	1179	15005.246731511406	9
22	1192	15144.400499185342	6
22	1231	15711.14030986538	12
22	1345	17588.187002616287	6
22	1361	17816.54040180296	12
22	1463	19142.125939451128	9
23	168	1537.191771825919	2
23	230	2390.644664946099	3
23	276	3028.694384331759	1
23	320	3334.737258264889	1
23	336	3457.601724215527	2
23	338	3464.45155421255	1
23	364	3780.849726492545	4
23	380	4140.244929883801	4
23	404	4710.806666696128	3
23	532	6332.580508739072	4
23	576	6743.700039680885	1
23	611	7256.533398586802	4
23	621	7505.902229291713	4
23	716	9029.465419805565	3
23	730	9273.337345389839	3
23	745	9602.399424027123	2
23	798	10383.565118333318	3
23	838	10825.895816765535	3
23	886	11719.149848664514	3
23	973	12587.55923794267	3
23	1020	13020.899283850104	3
23	1021	13022.317823429557	4
23	1071	13427.619179493601	3
23	1150	14474.279030528538	3
23	1179	15005.246731511406	3
23	1192	15144.400499185342	2
23	1231	15711.14030986538	4
23	1345	17588.187002616287	2
23	1361	17816.54040180296	4
23	1463	19142.125939451128	3
24	133	1148.971726357279	512
24	149	1298.464239747297	512
24	177	1643.046321143531	306
24	231	2419.929784442799	512
24	236	2470.128644154872	512
24	252	2780.969866735189	306
24	316	3318.468111718433	306
24	318	3319.272600686924	512
24	343	3520.887600361283	306
24	371	3938.684489963564	409
24	376	4065.822655300261	409
24	398	4531.558114962207	409
24	469	5647.428083607393	512
24	508	6043.010428032228	306
24	514	6119.264078691107	409
24	518	6147.051031984886	409
24	686	8674.344213983555	512
24	828	10710.92142391257	512
24	832	10768.78964678132	409
24	888	11735.126818390609	203
24	917	12148.34279297583	409
24	953	12412.22802127324	306
24	1039	13151.767274230426	306
24	1058	13300.56559683753	306
24	1062	13346.527915188727	409
24	1068	13415.855080809223	306
24	1069	13417.992864740804	306
24	1111	13957.297374518946	409
24	1215	15425.835215143356	306
24	1303	16986.815463875237	306
24	1309	17070.142056731869	409
24	1344	17587.345441834144	512
24	1362	17820.878269740173	306
24	1422	18496.307029054766	409
24	1443	18820.264427564509	409
24	1452	18963.148647115384	409
24	1457	19060.24028126649	512
25	133	1148.971726357279	12
25	149	1298.464239747297	12
25	177	1643.046321143531	6
25	231	2419.929784442799	12
25	236	2470.128644154872	12
25	252	2780.969866735189	6
25	316	3318.468111718433	6
25	318	3319.272600686924	12
25	343	3520.887600361283	6
25	371	3938.684489963564	9
25	376	4065.822655300261	9
25	398	4531.558114962207	9
25	469	5647.428083607393	12
25	508	6043.010428032228	6
25	514	6119.264078691107	9
25	518	6147.051031984886	9
25	686	8674.344213983555	12
25	828	10710.92142391257	12
25	832	10768.78964678132	9
25	888	11735.126818390609	3
25	917	12148.34279297583	9
25	953	12412.22802127324	6
25	1039	13151.767274230426	6
25	1058	13300.56559683753	6
25	1062	13346.527915188727	9
25	1068	13415.855080809223	6
25	1069	13417.992864740804	6
25	1111	13957.297374518946	9
25	1215	15425.835215143356	6
25	1303	16986.815463875237	6
25	1309	17070.142056731869	9
25	1344	17587.345441834144	12
25	1362	17820.878269740173	6
25	1422	18496.307029054766	9
25	1443	18820.264427564509	9
25	1452	18963.148647115384	9
25	1457	19060.24028126649	12
26	133	1148.971726357279	4
26	149	1298.464239747297	4
26	177	1643.046321143531	2
26	231	2419.929784442799	4
26	236	2470.128644154872	4
26	252	2780.969866735189	2
26	316	3318.468111718433	2
26	318	3319.272600686924	4
26	343	3520.887600361283	2
26	371	3938.684489963564	3
26	376	4065.822655300261	3
26	398	4531.558114962207	3
26	469	5647.428083607393	4
26	508	6043.010428032228	2
26	514	6119.264078691107	3
26	518	6147.051031984886	3
26	686	8674.344213983555	4
26	828	10710.92142391257	4
26	832	10768.78964678132	3
26	888	11735.126818390609	1
26	917	12148.34279297583	3
26	953	12412.22802127324	2
26	1039	13151.767274230426	2
26	1058	13300.56559683753	2
26	1062	13346.527915188727	3
26	1068	13415.855080809223	2
26	1069	13417.992864740804	2
26	1111	13957.297374518946	3
26	1215	15425.835215143356	2
26	1303	16986.815463875237	2
26	1309	17070.142056731869	3
26	1344	17587.345441834144	4
26	1362	17820.878269740173	2
26	1422	18496.307029054766	3
26	1443	18820.264427564509	3
26	1452	18963.148647115384	3
26	1457	19060.24028126649	4
27	158	1406.211442997478	203
27	186	1784.92915712598	512
27	235	2467.562453199584	409
27	306	3246.818867079401	306
27	334	3448.883099336343	512
27	363	3769.442840079369	306
27	379	4125.912191041325	409
27	400	4540.554288287133	306
27	405	4735.525917029341	409
27	418	4947.105771325165	512
27	443	5273.305768464757	409
27	462	5518.95848800619	306
27	485	5817.376392359214	409
27	524	6228.267173413865	409
27	528	6275.487690675719	306
27	541	6449.750657930192	512
27	565	6673.324500393706	306
27	589	6884.246900879831	409
27	599	7008.106960347561	512
27	660	8267.492459813404	306
27	684	8663.477171963407	512
27	709	8942.614798219371	409
27	721	9087.68063920483	512
27	800	10393.829574984856	306
27	835	10799.119649812312	512
27	843	10919.517142911718	409
27	858	11229.700286315162	203
27	860	11271.49744839045	203
27	865	11392.267189930518	409
27	969	12552.729850152592	306
27	995	12823.651957624233	512
27	1049	13219.385067652254	409
27	1082	13559.423015370302	512
27	1137	14261.797908046739	306
27	1147	14403.136670479106	512
27	1186	15077.097499525957	306
27	1201	15219.964709438993	203
27	1240	15928.944738975363	512
27	1281	16701.015869470557	409
27	1327	17298.901419267623	512
27	1328	17300.734005395099	512
27	1337	17480.047130419268	409
27	1375	17947.267904812057	409
27	1413	18344.656353242418	409
27	1419	18431.795412895635	409
27	1488	19474.025843238173	409
27	1507	19832.396286912026	512
28	158	1406.211442997478	3
28	186	1784.92915712598	12
28	235	2467.562453199584	9
28	306	3246.818867079401	6
28	334	3448.883099336343	12
28	363	3769.442840079369	6
28	379	4125.912191041325	9
28	400	4540.554288287133	6
28	405	4735.525917029341	9
28	418	4947.105771325165	12
28	443	5273.305768464757	9
28	462	5518.95848800619	6
28	485	5817.376392359214	9
28	524	6228.267173413865	9
28	528	6275.487690675719	6
28	541	6449.750657930192	12
28	565	6673.324500393706	6
28	589	6884.246900879831	9
28	599	7008.106960347561	12
28	660	8267.492459813404	6
28	684	8663.477171963407	12
28	709	8942.614798219371	9
28	721	9087.68063920483	12
28	800	10393.829574984856	6
28	835	10799.119649812312	12
28	843	10919.517142911718	9
28	858	11229.700286315162	3
28	860	11271.49744839045	3
28	865	11392.267189930518	9
28	969	12552.729850152592	6
28	995	12823.651957624233	12
28	1049	13219.385067652254	9
28	1082	13559.423015370302	12
28	1137	14261.797908046739	6
28	1147	14403.136670479106	12
28	1186	15077.097499525957	6
28	1201	15219.964709438993	3
28	1240	15928.944738975363	12
28	1281	16701.015869470557	9
28	1327	17298.901419267623	12
28	1328	17300.734005395099	12
28	1337	17480.047130419268	9
28	1375	17947.267904812057	9
28	1413	18344.656353242418	9
28	1419	18431.795412895635	9
28	1488	19474.025843238173	9
28	1507	19832.396286912026	12
29	158	1406.211442997478	1
29	186	1784.92915712598	4
29	235	2467.562453199584	3
29	306	3246.818867079401	2
29	334	3448.883099336343	4
29	363	3769.442840079369	2
29	379	4125.912191041325	3
29	400	4540.554288287133	2
29	405	4735.525917029341	3
29	418	4947.105771325165	4
29	443	5273.305768464757	3
29	462	5518.95848800619	2
29	485	5817.376392359214	3
29	524	6228.267173413865	3
29	528	6275.487690675719	2
29	541	6449.750657930192	4
29	565	6673.324500393706	2
29	589	6884.246900879831	3
29	599	7008.106960347561	4
29	660	8267.492459813404	2
29	684	8663.477171963407	4
29	709	8942.614798219371	3
29	721	9087.68063920483	4
29	800	10393.829574984856	2
29	835	10799.119649812312	4
29	843	10919.517142911718	3
29	858	11229.700286315162	1
29	860	11271.49744839045	1
29	865	11392.267189930518	3
29	969	12552.729850152592	2
29	995	12823.651957624233	4
29	1049	13219.385067652254	3
29	1082	13559.423015370302	4
29	1137	14261.797908046739	2
29	1147	14403.136670479106	4
29	1186	15077.097499525957	2
29	1201	15219.964709438993	1
29	1240	15928.944738975363	4
29	1281	16701.015869470557	3
29	1327	17298.901419267623	4
29	1328	17300.734005395099	4
29	1337	17480.047130419268	3
29	1375	17947.267904812057	3
29	1413	18344.656353242418	3
29	1419	18431.795412895635	3
29	1488	19474.025843238173	3
29	1507	19832.396286912026	4
30	140	1202.491062031708	306
30	163	1458.495077549171	512
30	173	1588.848902640776	512
30	200	1984.468587684302	203
30	215	2211.889254407817	306
30	253	2781.865205475882	203
30	290	3143.407865299065	512
30	362	3761.797885152598	512
30	441	5233.788259861855	306
30	529	6285.300064244343	512
30	574	6735.81576745312	306
30	580	6779.366438879424	512
30	602	7082.654955971902	512
30	615	7376.612153951555	306
30	640	7940.087209488599	203
30	643	7988.314649218274	306
30	661	8282.671531992636	512
30	689	8713.416782521749	409
30	777	10130.154265990662	409
30	806	10441.897768946421	512
30	847	11004.474025434725	409
30	864	11353.806259577203	409
30	904	12022.009048757689	512
30	910	12055.698882346886	512
30	928	12242.80623294454	203
30	974	12595.08754152511	409
30	977	12613.766788138668	409
30	980	12669.013065513613	512
30	1022	13026.164074288189	306
30	1055	13266.314548752916	306
30	1106	13908.900648941541	512
30	1113	13967.499008426219	512
30	1143	14363.488822774483	409
30	1202	15259.046570287019	409
30	1225	15590.092554065519	512
30	1274	16586.353505001151	409
30	1287	16762.061401089312	409
30	1491	19504.206112995631	409
30	1496	19530.495966099936	306
30	1502	19720.632961565495	409
31	140	1202.491062031708	6
31	163	1458.495077549171	12
31	173	1588.848902640776	12
31	200	1984.468587684302	3
31	215	2211.889254407817	6
31	253	2781.865205475882	3
31	290	3143.407865299065	12
31	362	3761.797885152598	12
31	441	5233.788259861855	6
31	529	6285.300064244343	12
31	574	6735.81576745312	6
31	580	6779.366438879424	12
31	602	7082.654955971902	12
31	615	7376.612153951555	6
31	640	7940.087209488599	3
31	643	7988.314649218274	6
31	661	8282.671531992636	12
31	689	8713.416782521749	9
31	777	10130.154265990662	9
31	806	10441.897768946421	12
31	847	11004.474025434725	9
31	864	11353.806259577203	9
31	904	12022.009048757689	12
31	910	12055.698882346886	12
31	928	12242.80623294454	3
31	974	12595.08754152511	9
31	977	12613.766788138668	9
31	980	12669.013065513613	12
31	1022	13026.164074288189	6
31	1055	13266.314548752916	6
31	1106	13908.900648941541	12
31	1113	13967.499008426219	12
31	1143	14363.488822774483	9
31	1202	15259.046570287019	9
31	1225	15590.092554065519	12
31	1274	16586.353505001151	9
31	1287	16762.061401089312	9
31	1491	19504.206112995631	9
31	1496	19530.495966099936	6
31	1502	19720.632961565495	9
32	140	1202.491062031708	2
32	163	1458.495077549171	4
32	173	1588.848902640776	4
32	200	1984.468587684302	1
32	215	2211.889254407817	2
32	253	2781.865205475882	1
32	290	3143.407865299065	4
32	362	3761.797885152598	4
32	441	5233.788259861855	2
32	529	6285.300064244343	4
32	574	6735.81576745312	2
32	580	6779.366438879424	4
32	602	7082.654955971902	4
32	615	7376.612153951555	2
32	640	7940.087209488599	1
32	643	7988.314649218274	2
32	661	8282.671531992636	4
32	689	8713.416782521749	3
32	777	10130.154265990662	3
32	806	10441.897768946421	4
32	847	11004.474025434725	3
32	864	11353.806259577203	3
32	904	12022.009048757689	4
32	910	12055.698882346886	4
32	928	12242.80623294454	1
32	974	12595.08754152511	3
32	977	12613.766788138668	3
32	980	12669.013065513613	4
32	1022	13026.164074288189	2
32	1055	13266.314548752916	2
32	1106	13908.900648941541	4
32	1113	13967.499008426219	4
32	1143	14363.488822774483	3
32	1202	15259.046570287019	3
32	1225	15590.092554065519	4
32	1274	16586.353505001151	3
32	1287	16762.061401089312	3
32	1491	19504.206112995631	3
32	1496	19530.495966099936	2
32	1502	19720.632961565495	3
33	129	1081.007768969424	306
33	207	2094.697292573834	203
33	332	3421.626260195596	203
33	426	5038.738503640375	203
33	493	5906.673461289074	512
33	530	6300.841983018543	306
33	585	6811.053376998306	306
33	638	7895.669946774558	512
33	663	8347.920856539563	306
33	712	8969.824158596088	409
33	729	9240.011895444401	409
33	779	10137.178247190373	409
33	802	10408.780793294402	203
33	805	10427.566295108731	306
33	911	12071.157131061247	512
33	954	12439.899452181196	306
33	970	12555.624181258479	512
33	1014	12989.321245616389	203
33	1057	13285.706109711305	512
33	1087	13625.30697348022	203
33	1133	14194.418848252962	306
33	1146	14377.712843527427	512
33	1216	15465.528517753772	512
33	1245	16026.356291570164	512
33	1376	17959.699763270007	306
33	1397	18148.884263105632	512
33	1425	18517.036509229759	409
33	1429	18590.80520493828	306
33	1442	18810.744166048335	512
33	1489	19489.745957444016	306
34	129	1081.007768969424	6
34	207	2094.697292573834	3
34	332	3421.626260195596	3
34	426	5038.738503640375	3
34	493	5906.673461289074	12
34	530	6300.841983018543	6
34	585	6811.053376998306	6
34	638	7895.669946774558	12
34	663	8347.920856539563	6
34	712	8969.824158596088	9
34	729	9240.011895444401	9
34	779	10137.178247190373	9
34	802	10408.780793294402	3
34	805	10427.566295108731	6
34	911	12071.157131061247	12
34	954	12439.899452181196	6
34	970	12555.624181258479	12
34	1014	12989.321245616389	3
34	1057	13285.706109711305	12
34	1087	13625.30697348022	3
34	1133	14194.418848252962	6
34	1146	14377.712843527427	12
34	1216	15465.528517753772	12
34	1245	16026.356291570164	12
34	1376	17959.699763270007	6
34	1397	18148.884263105632	12
34	1425	18517.036509229759	9
34	1429	18590.80520493828	6
34	1442	18810.744166048335	12
34	1489	19489.745957444016	6
35	129	1081.007768969424	2
35	207	2094.697292573834	1
35	332	3421.626260195596	1
35	426	5038.738503640375	1
35	493	5906.673461289074	4
35	530	6300.841983018543	2
35	585	6811.053376998306	2
35	638	7895.669946774558	4
35	663	8347.920856539563	2
35	712	8969.824158596088	3
35	729	9240.011895444401	3
35	779	10137.178247190373	3
35	802	10408.780793294402	1
35	805	10427.566295108731	2
35	911	12071.157131061247	4
35	954	12439.899452181196	2
35	970	12555.624181258479	4
35	1014	12989.321245616389	1
35	1057	13285.706109711305	4
35	1087	13625.30697348022	1
35	1133	14194.418848252962	2
35	1146	14377.712843527427	4
35	1216	15465.528517753772	4
35	1245	16026.356291570164	4
35	1376	17959.699763270007	2
35	1397	18148.884263105632	4
35	1425	18517.036509229759	3
35	1429	18590.80520493828	2
35	1442	18810.744166048335	4
35	1489	19489.745957444016	2

