version 3
run HighLoad_Circle-16-20260125-17:47:07-1407
attr configname HighLoad_Circle
attr datetime 20260125-17:47:07
attr datetimef 20260125-174707
attr experiment HighLoad_Circle
attr inifile simulations/nwsim_project/omnetpp.ini
attr iterationvars ""
attr iterationvarsd ""
attr iterationvarsf ""
attr measurement ""
attr network CrossTraffic
attr processid 1407
attr repetition 16
attr replication #16
attr resultdir results
attr runnumber 16
attr seedset 16
config description "High Load - Circle Mode (100% more traffic)"
config *.Junc*.junctionMode "\"circle\""
config *.EndNW.spawnInterval exponential(400s)
config *.EndNE.spawnInterval exponential(600s)
config *.EndEN.spawnInterval exponential(500s)
config *.EndES.spawnInterval exponential(750s)
config *.EndSE.spawnInterval exponential(450s)
config *.EndSW.spawnInterval exponential(550s)
config *.EndWS.spawnInterval exponential(650s)
config *.EndWN.spawnInterval exponential(700s)
config network CrossTraffic
config sim-time-limit 20000s
config warmup-period 1000s
config repeat 50
config **.scalar-recording true
config **.vector-recording true
config *.Junc*.junctionMode "\"queue\""
config *.EndNW.spawnInterval exponential(800s)
config *.EndNE.spawnInterval exponential(1200s)
config *.EndEN.spawnInterval exponential(1000s)
config *.EndES.spawnInterval exponential(1500s)
config *.EndSE.spawnInterval exponential(900s)
config *.EndSW.spawnInterval exponential(1100s)
config *.EndWS.spawnInterval exponential(1300s)
config *.EndWN.spawnInterval exponential(1400s)

vector 0 CrossTraffic.JuncNW queueLength:vector ETV
attr interpolationmode sample-hold
attr recordingmode vector
attr source queueLength
attr title "Queue Length"
vector 1 CrossTraffic.JuncNW junctionProcessingTime:vector ETV
attr recordingmode vector
attr source junctionProcessingTime
attr title "Junction Processing Time"
vector 2 CrossTraffic.JuncNW vehicleCount:vector ETV
attr recordingmode vector
attr source vehicleCount
attr title "Vehicle Count"
vector 3 CrossTraffic.JuncNE queueLength:vector ETV
attr interpolationmode sample-hold
attr recordingmode vector
attr source queueLength
attr title "Queue Length"
vector 4 CrossTraffic.JuncNE junctionProcessingTime:vector ETV
attr recordingmode vector
attr source junctionProcessingTime
attr title "Junction Processing Time"
vector 5 CrossTraffic.JuncNE vehicleCount:vector ETV
attr recordingmode vector
attr source vehicleCount
attr title "Vehicle Count"
vector 6 CrossTraffic.JuncSE queueLength:vector ETV
attr interpolationmode sample-hold
attr recordingmode vector
attr source queueLength
attr title "Queue Length"
vector 7 CrossTraffic.JuncSE junctionProcessingTime:vector ETV
attr recordingmode vector
attr source junctionProcessingTime
attr title "Junction Processing Time"
vector 8 CrossTraffic.JuncSE vehicleCount:vector ETV
attr recordingmode vector
attr source vehicleCount
attr title "Vehicle Count"
vector 9 CrossTraffic.JuncSW queueLength:vector ETV
attr interpolationmode sample-hold
attr recordingmode vector
attr source queueLength
attr title "Queue Length"
vector 10 CrossTraffic.JuncSW junctionProcessingTime:vector ETV
attr recordingmode vector
attr source junctionProcessingTime
attr title "Junction Processing Time"
vector 11 CrossTraffic.JuncSW vehicleCount:vector ETV
attr recordingmode vector
attr source vehicleCount
attr title "Vehicle Count"
vector 12 CrossTraffic.EndNW travelTime:vector ETV
attr recordingmode vector
attr source travelTime
attr title "Vehicle Travel Time"
vector 13 CrossTraffic.EndNW junctionTime:vector ETV
attr recordingmode vector
attr source junctionTime
attr title "Total Junction Time per Vehicle"
vector 14 CrossTraffic.EndNW junctionCount:vector ETV
attr recordingmode vector
attr source junctionCount
attr title "Junctions Visited per Vehicle"
vector 15 CrossTraffic.EndNE travelTime:vector ETV
attr recordingmode vector
attr source travelTime
attr title "Vehicle Travel Time"
vector 16 CrossTraffic.EndNE junctionTime:vector ETV
attr recordingmode vector
attr source junctionTime
attr title "Total Junction Time per Vehicle"
vector 17 CrossTraffic.EndNE junctionCount:vector ETV
attr recordingmode vector
attr source junctionCount
attr title "Junctions Visited per Vehicle"
vector 18 CrossTraffic.EndEN travelTime:vector ETV
attr recordingmode vector
attr source travelTime
attr title "Vehicle Travel Time"
vector 19 CrossTraffic.EndEN junctionTime:vector ETV
attr recordingmode vector
attr source junctionTime
attr title "Total Junction Time per Vehicle"
vector 20 CrossTraffic.EndEN junctionCount:vector ETV
attr recordingmode vector
attr source junctionCount
attr title "Junctions Visited per Vehicle"
vector 21 CrossTraffic.EndES travelTime:vector ETV
attr recordingmode vector
attr source travelTime
attr title "Vehicle Travel Time"
vector 22 CrossTraffic.EndES junctionTime:vector ETV
attr recordingmode vector
attr source junctionTime
attr title "Total Junction Time per Vehicle"
vector 23 CrossTraffic.EndES junctionCount:vector ETV
attr recordingmode vector
attr source junctionCount
attr title "Junctions Visited per Vehicle"
vector 24 CrossTraffic.EndSE travelTime:vector ETV
attr recordingmode vector
attr source travelTime
attr title "Vehicle Travel Time"
vector 25 CrossTraffic.EndSE junctionTime:vector ETV
attr recordingmode vector
attr source junctionTime
attr title "Total Junction Time per Vehicle"
vector 26 CrossTraffic.EndSE junctionCount:vector ETV
attr recordingmode vector
attr source junctionCount
attr title "Junctions Visited per Vehicle"
vector 27 CrossTraffic.EndSW travelTime:vector ETV
attr recordingmode vector
attr source travelTime
attr title "Vehicle Travel Time"
vector 28 CrossTraffic.EndSW junctionTime:vector ETV
attr recordingmode vector
attr source junctionTime
attr title "Total Junction Time per Vehicle"
vector 29 CrossTraffic.EndSW junctionCount:vector ETV
attr recordingmode vector
attr source junctionCount
attr title "Junctions Visited per Vehicle"
vector 30 CrossTraffic.EndWS travelTime:vector ETV
attr recordingmode vector
attr source travelTime
attr title "Vehicle Travel Time"
vector 31 CrossTraffic.EndWS junctionTime:vector ETV
attr recordingmode vector
attr source junctionTime
attr title "Total Junction Time per Vehicle"
vector 32 CrossTraffic.EndWS junctionCount:vector ETV
attr recordingmode vector
attr source junctionCount
attr title "Junctions Visited per Vehicle"
vector 33 CrossTraffic.EndWN travelTime:vector ETV
attr recordingmode vector
attr source travelTime
attr title "Vehicle Travel Time"
vector 34 CrossTraffic.EndWN junctionTime:vector ETV
attr recordingmode vector
attr source junctionTime
attr title "Total Junction Time per Vehicle"
vector 35 CrossTraffic.EndWN junctionCount:vector ETV
attr recordingmode vector
attr source junctionCount
attr title "Junctions Visited per Vehicle"
0	116	1032.783963900934	0
0	136	1334.241024427439	0
0	137	1335.871556658984	0
0	143	1439.50076602931	0
0	153	1553.621687808997	0
0	156	1578.079786983474	0
0	157	1579.680862352515	0
0	168	1690.491225510345	0
0	171	1738.82329433386	0
0	174	1773.606264700045	0
0	176	1787.365928026603	0
0	182	1857.106258311599	0
0	192	1931.782650996467	0
0	197	1972.338248851406	0
0	199	1983.808252461275	0
0	201	1995.164201714568	0
0	214	2106.868392804839	0
0	220	2173.912423178171	0
0	236	2372.222645401399	0
0	237	2389.756068003064	0
0	256	2764.758893458344	0
0	274	3393.492926169617	0
0	284	3552.946853720693	0
0	293	3708.415020333889	0
0	296	3749.397457249814	0
0	300	3820.627171668647	0
0	301	3839.199575016029	0
0	315	3986.339958496633	0
0	322	4058.874484282204	0
0	328	4099.440002771117	0
0	332	4184.401565930966	0
0	336	4195.531029594888	0
0	349	4337.595540944761	0
0	369	4662.981515510128	0
0	387	5174.961325001911	0
0	388	5193.563324985112	0
0	390	5219.425695753067	0
0	392	5248.379436459521	0
0	398	5323.477989958108	0
0	410	5488.974766121116	0
0	416	5586.041124841816	0
0	427	5772.825162499051	0
0	433	5844.561412439921	0
0	437	5881.816515073954	0
0	441	5981.942660463359	0
0	442	5984.419610156258	0
0	457	6323.233464617819	0
0	465	6455.550691345278	0
0	466	6464.036844721843	0
0	467	6502.951240424705	0
0	470	6543.983616713333	0
0	476	6628.573861484563	0
0	477	6629.368410740376	0
0	493	6831.186909283816	0
0	510	7059.915402522294	0
0	512	7135.768945930649	0
0	524	7372.962618406642	0
0	525	7383.850360412272	0
0	531	7442.407432925324	0
0	533	7464.042108087441	0
0	536	7487.844290626806	0
0	539	7535.104413089363	0
0	540	7536.886887533306	0
0	552	7654.755843833298	0
0	567	7844.361048106381	0
0	568	7856.521257755328	0
0	571	7895.910524675076	0
0	579	8025.527650808461	0
0	585	8192.521358395559	0
0	606	8619.784824129267	0
0	608	8653.494743757932	0
0	615	8809.435778533814	0
0	621	8884.096022070037	0
0	625	8957.450253704506	0
0	635	9087.998412465965	0
0	642	9164.090471298368	0
0	648	9240.752673862798	0
0	652	9274.956222370192	0
0	668	9424.788606063813	0
0	670	9435.06782501979	0
0	685	9619.421654359827	0
0	695	9812.385542848892	0
0	700	9855.102226147661	0
0	711	10036.581729313501	0
0	722	10213.806175416622	0
0	731	10319.616440097137	0
0	732	10356.460407942939	0
0	733	10374.53605190068	0
0	735	10404.789088533567	0
0	736	10412.508954643573	0
0	750	10700.531861492411	0
0	763	11123.353459216601	0
0	777	11422.318848248774	0
0	782	11489.201194888555	0
0	796	11613.869697340384	0
0	804	11684.656746247462	0
0	805	11704.497969035253	0
0	815	11777.738665467489	0
0	816	11787.32030648572	0
0	835	11936.687030897656	0
0	836	11938.528756006816	0
0	837	11949.880328142336	0
0	840	12012.940826855816	0
0	857	12233.222106495049	0
0	859	12254.292371222089	0
0	860	12272.762750692948	0
0	862	12310.227882229441	0
0	868	12375.903830740733	0
0	878	12487.391288104362	0
0	891	12631.238687050036	0
0	900	12764.119928207788	0
0	913	12994.820335703598	0
0	916	13034.577876753581	0
0	943	13354.713864620688	0
0	944	13361.284270537282	0
0	953	13465.529180382454	0
0	954	13521.546044196559	0
0	970	13749.830669939777	0
0	976	13866.424315240551	0
0	979	13894.561768871884	0
0	984	13983.307646902356	0
0	991	14072.15972132546	0
0	994	14099.880856896542	0
0	1004	14256.091841783584	0
0	1016	14375.472307803986	0
0	1029	14528.19919546245	0
0	1036	14592.099242218549	0
0	1041	14645.278080185972	0
0	1042	14654.740292968283	0
0	1047	14700.306486363824	0
0	1054	14767.099118496654	0
0	1056	14796.17333083444	0
0	1060	14831.907431125092	0
0	1068	14929.501402953443	0
0	1083	15141.321582364402	0
0	1087	15269.319481662947	0
0	1093	15377.164818698169	0
0	1094	15385.131046731225	0
0	1115	15686.377234845992	0
0	1118	15715.728897447088	0
0	1120	15733.956167103205	0
0	1123	15794.779164704067	0
0	1133	15949.293812873126	0
0	1137	16014.558089627617	0
0	1143	16117.494208990728	0
0	1145	16134.57407344136	0
0	1161	16310.1031911863	0
0	1168	16352.850080277041	0
0	1200	16639.82404196859	0
0	1201	16645.48927374385	0
0	1203	16653.724698943354	0
0	1206	16694.77049081175	0
0	1208	16712.92071794952	0
0	1211	16741.92099777671	0
0	1225	16854.332666727832	0
0	1228	16910.630711122254	0
0	1235	16996.793728145775	0
0	1241	17039.389311808757	0
0	1246	17105.84835572895	0
0	1251	17153.592661573874	0
0	1257	17242.019891415833	0
0	1267	17357.235544671687	0
0	1273	17490.42058412392	0
0	1275	17533.930758813524	0
0	1285	17702.920944587024	0
0	1295	17823.117996051209	0
0	1299	17882.214001603501	0
0	1301	17906.20025416825	0
0	1330	18180.180461575612	0
0	1338	18285.311179611467	0
0	1339	18306.175838995181	0
0	1347	18425.012120029414	0
0	1370	18731.314243087525	0
0	1373	18762.568760174621	0
0	1379	18860.191627516627	0
0	1383	18895.963406114871	0
0	1384	18900.426069402314	0
0	1395	19069.091482869192	0
0	1397	19148.125289449699	0
0	1403	19214.687197473029	0
0	1407	19271.252621173718	0
0	1408	19271.284024925187	0
0	1410	19303.592305765613	0
0	1414	19358.56644245601	0
0	1417	19375.669915612025	0
0	1420	19446.748268733135	0
0	1436	19650.759626106315	0
0	1441	19713.162473386325	0
1	116	1032.783963900934	3
1	136	1334.241024427439	3
1	137	1335.871556658984	3
1	143	1439.50076602931	3
1	153	1553.621687808997	3
1	156	1578.079786983474	3
1	157	1579.680862352515	3
1	168	1690.491225510345	3
1	171	1738.82329433386	3
1	174	1773.606264700045	3
1	176	1787.365928026603	3
1	182	1857.106258311599	3
1	192	1931.782650996467	3
1	197	1972.338248851406	3
1	199	1983.808252461275	3
1	201	1995.164201714568	3
1	214	2106.868392804839	3
1	220	2173.912423178171	3
1	236	2372.222645401399	3
1	237	2389.756068003064	3
1	256	2764.758893458344	3
1	274	3393.492926169617	3
1	284	3552.946853720693	3
1	293	3708.415020333889	3
1	296	3749.397457249814	3
1	300	3820.627171668647	3
1	301	3839.199575016029	3
1	315	3986.339958496633	3
1	322	4058.874484282204	3
1	328	4099.440002771117	3
1	332	4184.401565930966	3
1	336	4195.531029594888	3
1	349	4337.595540944761	3
1	369	4662.981515510128	3
1	387	5174.961325001911	3
1	388	5193.563324985112	3
1	390	5219.425695753067	3
1	392	5248.379436459521	3
1	398	5323.477989958108	3
1	410	5488.974766121116	3
1	416	5586.041124841816	3
1	427	5772.825162499051	3
1	433	5844.561412439921	3
1	437	5881.816515073954	3
1	441	5981.942660463359	3
1	442	5984.419610156258	3
1	457	6323.233464617819	3
1	465	6455.550691345278	3
1	466	6464.036844721843	3
1	467	6502.951240424705	3
1	470	6543.983616713333	3
1	476	6628.573861484563	3
1	477	6629.368410740376	3
1	493	6831.186909283816	3
1	510	7059.915402522294	3
1	512	7135.768945930649	3
1	524	7372.962618406642	3
1	525	7383.850360412272	3
1	531	7442.407432925324	3
1	533	7464.042108087441	3
1	536	7487.844290626806	3
1	539	7535.104413089363	3
1	540	7536.886887533306	3
1	552	7654.755843833298	3
1	567	7844.361048106381	3
1	568	7856.521257755328	3
1	571	7895.910524675076	3
1	579	8025.527650808461	3
1	585	8192.521358395559	3
1	606	8619.784824129267	3
1	608	8653.494743757932	3
1	615	8809.435778533814	3
1	621	8884.096022070037	3
1	625	8957.450253704506	3
1	635	9087.998412465965	3
1	642	9164.090471298368	3
1	648	9240.752673862798	3
1	652	9274.956222370192	3
1	668	9424.788606063813	3
1	670	9435.06782501979	3
1	685	9619.421654359827	3
1	695	9812.385542848892	3
1	700	9855.102226147661	3
1	711	10036.581729313501	3
1	722	10213.806175416622	3
1	731	10319.616440097137	3
1	732	10356.460407942939	3
1	733	10374.53605190068	3
1	735	10404.789088533567	3
1	736	10412.508954643573	3
1	750	10700.531861492411	3
1	763	11123.353459216601	3
1	777	11422.318848248774	3
1	782	11489.201194888555	3
1	796	11613.869697340384	3
1	804	11684.656746247462	3
1	805	11704.497969035253	3
1	815	11777.738665467489	3
1	816	11787.32030648572	3
1	835	11936.687030897656	3
1	836	11938.528756006816	3
1	837	11949.880328142336	3
1	840	12012.940826855816	3
1	857	12233.222106495049	3
1	859	12254.292371222089	3
1	860	12272.762750692948	3
1	862	12310.227882229441	3
1	868	12375.903830740733	3
1	878	12487.391288104362	3
1	891	12631.238687050036	3
1	900	12764.119928207788	3
1	913	12994.820335703598	3
1	916	13034.577876753581	3
1	943	13354.713864620688	3
1	944	13361.284270537282	3
1	953	13465.529180382454	3
1	954	13521.546044196559	3
1	970	13749.830669939777	3
1	976	13866.424315240551	3
1	979	13894.561768871884	3
1	984	13983.307646902356	3
1	991	14072.15972132546	3
1	994	14099.880856896542	3
1	1004	14256.091841783584	3
1	1016	14375.472307803986	3
1	1029	14528.19919546245	3
1	1036	14592.099242218549	3
1	1041	14645.278080185972	3
1	1042	14654.740292968283	3
1	1047	14700.306486363824	3
1	1054	14767.099118496654	3
1	1056	14796.17333083444	3
1	1060	14831.907431125092	3
1	1068	14929.501402953443	3
1	1083	15141.321582364402	3
1	1087	15269.319481662947	3
1	1093	15377.164818698169	3
1	1094	15385.131046731225	3
1	1115	15686.377234845992	3
1	1118	15715.728897447088	3
1	1120	15733.956167103205	3
1	1123	15794.779164704067	3
1	1133	15949.293812873126	3
1	1137	16014.558089627617	3
1	1143	16117.494208990728	3
1	1145	16134.57407344136	3
1	1161	16310.1031911863	3
1	1168	16352.850080277041	3
1	1200	16639.82404196859	3
1	1201	16645.48927374385	3
1	1203	16653.724698943354	3
1	1206	16694.77049081175	3
1	1208	16712.92071794952	3
1	1211	16741.92099777671	3
1	1225	16854.332666727832	3
1	1228	16910.630711122254	3
1	1235	16996.793728145775	3
1	1241	17039.389311808757	3
1	1246	17105.84835572895	3
1	1251	17153.592661573874	3
1	1257	17242.019891415833	3
1	1267	17357.235544671687	3
1	1273	17490.42058412392	3
1	1275	17533.930758813524	3
1	1285	17702.920944587024	3
1	1295	17823.117996051209	3
1	1299	17882.214001603501	3
1	1301	17906.20025416825	3
1	1330	18180.180461575612	3
1	1338	18285.311179611467	3
1	1339	18306.175838995181	3
1	1347	18425.012120029414	3
1	1370	18731.314243087525	3
1	1373	18762.568760174621	3
1	1379	18860.191627516627	3
1	1383	18895.963406114871	3
1	1384	18900.426069402314	3
1	1395	19069.091482869192	3
1	1397	19148.125289449699	3
1	1403	19214.687197473029	3
1	1407	19271.252621173718	3
1	1408	19271.284024925187	3
1	1410	19303.592305765613	3
1	1414	19358.56644245601	3
1	1417	19375.669915612025	3
1	1420	19446.748268733135	3
1	1436	19650.759626106315	3
1	1441	19713.162473386325	3
2	116	1032.783963900934	4845
2	136	1334.241024427439	4848
2	137	1335.871556658984	4844
2	143	1439.50076602931	4850
2	153	1553.621687808997	4849
2	156	1578.079786983474	4854
2	157	1579.680862352515	4851
2	168	1690.491225510345	4857
2	171	1738.82329433386	4856
2	174	1773.606264700045	4853
2	176	1787.365928026603	4858
2	182	1857.106258311599	4860
2	192	1931.782650996467	4855
2	197	1972.338248851406	4864
2	199	1983.808252461275	4865
2	201	1995.164201714568	4866
2	214	2106.868392804839	4859
2	220	2173.912423178171	4863
2	236	2372.222645401399	4868
2	237	2389.756068003064	4870
2	256	2764.758893458344	4875
2	274	3393.492926169617	4878
2	284	3552.946853720693	4882
2	293	3708.415020333889	4884
2	296	3749.397457249814	4881
2	300	3820.627171668647	4885
2	301	3839.199575016029	4883
2	315	3986.339958496633	4888
2	322	4058.874484282204	4891
2	328	4099.440002771117	4889
2	332	4184.401565930966	4892
2	336	4195.531029594888	4894
2	349	4337.595540944761	4897
2	369	4662.981515510128	4899
2	387	5174.961325001911	4902
2	388	5193.563324985112	4905
2	390	5219.425695753067	4906
2	392	5248.379436459521	4904
2	398	5323.477989958108	4903
2	410	5488.974766121116	4909
2	416	5586.041124841816	4908
2	427	5772.825162499051	4912
2	433	5844.561412439921	4911
2	437	5881.816515073954	4914
2	441	5981.942660463359	4915
2	442	5984.419610156258	4913
2	457	6323.233464617819	4918
2	465	6455.550691345278	4920
2	466	6464.036844721843	4917
2	467	6502.951240424705	4921
2	470	6543.983616713333	4919
2	476	6628.573861484563	4922
2	477	6629.368410740376	4923
2	493	6831.186909283816	4925
2	510	7059.915402522294	4929
2	512	7135.768945930649	4928
2	524	7372.962618406642	4930
2	525	7383.850360412272	4932
2	531	7442.407432925324	4931
2	533	7464.042108087441	4934
2	536	7487.844290626806	4935
2	539	7535.104413089363	4937
2	540	7536.886887533306	4938
2	552	7654.755843833298	4939
2	567	7844.361048106381	4940
2	568	7856.521257755328	4943
2	571	7895.910524675076	4941
2	579	8025.527650808461	4945
2	585	8192.521358395559	4946
2	606	8619.784824129267	4947
2	608	8653.494743757932	4950
2	615	8809.435778533814	4951
2	621	8884.096022070037	4953
2	625	8957.450253704506	4956
2	635	9087.998412465965	4957
2	642	9164.090471298368	4959
2	648	9240.752673862798	4955
2	652	9274.956222370192	4961
2	668	9424.788606063813	4962
2	670	9435.06782501979	4960
2	685	9619.421654359827	4968
2	695	9812.385542848892	4967
2	700	9855.102226147661	4969
2	711	10036.581729313501	4972
2	722	10213.806175416622	4976
2	731	10319.616440097137	4978
2	732	10356.460407942939	4973
2	733	10374.53605190068	4974
2	735	10404.789088533567	4980
2	736	10412.508954643573	4977
2	750	10700.531861492411	4979
2	763	11123.353459216601	4984
2	777	11422.318848248774	4989
2	782	11489.201194888555	4985
2	796	11613.869697340384	4991
2	804	11684.656746247462	4988
2	805	11704.497969035253	4995
2	815	11777.738665467489	4993
2	816	11787.32030648572	4994
2	835	11936.687030897656	4996
2	836	11938.528756006816	4997
2	837	11949.880328142336	5000
2	840	12012.940826855816	4998
2	857	12233.222106495049	5001
2	859	12254.292371222089	5003
2	860	12272.762750692948	5002
2	862	12310.227882229441	5004
2	868	12375.903830740733	5006
2	878	12487.391288104362	5008
2	891	12631.238687050036	5007
2	900	12764.119928207788	5009
2	913	12994.820335703598	5012
2	916	13034.577876753581	5014
2	943	13354.713864620688	5024
2	944	13361.284270537282	5019
2	953	13465.529180382454	5020
2	954	13521.546044196559	5021
2	970	13749.830669939777	5026
2	976	13866.424315240551	5028
2	979	13894.561768871884	5027
2	984	13983.307646902356	5029
2	991	14072.15972132546	5030
2	994	14099.880856896542	5032
2	1004	14256.091841783584	5031
2	1016	14375.472307803986	5038
2	1029	14528.19919546245	5039
2	1036	14592.099242218549	5042
2	1041	14645.278080185972	5044
2	1042	14654.740292968283	5045
2	1047	14700.306486363824	5040
2	1054	14767.099118496654	5046
2	1056	14796.17333083444	5041
2	1060	14831.907431125092	5049
2	1068	14929.501402953443	5047
2	1083	15141.321582364402	5050
2	1087	15269.319481662947	5053
2	1093	15377.164818698169	5054
2	1094	15385.131046731225	5055
2	1115	15686.377234845992	5059
2	1118	15715.728897447088	5056
2	1120	15733.956167103205	5058
2	1123	15794.779164704067	5060
2	1133	15949.293812873126	5062
2	1137	16014.558089627617	5063
2	1143	16117.494208990728	5065
2	1145	16134.57407344136	5066
2	1161	16310.1031911863	5070
2	1168	16352.850080277041	5072
2	1200	16639.82404196859	5071
2	1201	16645.48927374385	5076
2	1203	16653.724698943354	5073
2	1206	16694.77049081175	5077
2	1208	16712.92071794952	5080
2	1211	16741.92099777671	5078
2	1225	16854.332666727832	5082
2	1228	16910.630711122254	5079
2	1235	16996.793728145775	5085
2	1241	17039.389311808757	5081
2	1246	17105.84835572895	5087
2	1251	17153.592661573874	5088
2	1257	17242.019891415833	5084
2	1267	17357.235544671687	5092
2	1273	17490.42058412392	5089
2	1275	17533.930758813524	5093
2	1285	17702.920944587024	5096
2	1295	17823.117996051209	5097
2	1299	17882.214001603501	5094
2	1301	17906.20025416825	5098
2	1330	18180.180461575612	5104
2	1338	18285.311179611467	5105
2	1339	18306.175838995181	5106
2	1347	18425.012120029414	5107
2	1370	18731.314243087525	5109
2	1373	18762.568760174621	5111
2	1379	18860.191627516627	5116
2	1383	18895.963406114871	5113
2	1384	18900.426069402314	5114
2	1395	19069.091482869192	5115
2	1397	19148.125289449699	5118
2	1403	19214.687197473029	5120
2	1407	19271.252621173718	5119
2	1408	19271.284024925187	5121
2	1410	19303.592305765613	5122
2	1414	19358.56644245601	5124
2	1417	19375.669915612025	5125
2	1420	19446.748268733135	5123
2	1436	19650.759626106315	5127
2	1441	19713.162473386325	5128
3	114	1026.871556658984	0
3	118	1055.964982048525	0
3	119	1071.848835799614	0
3	120	1104.712234459364	0
3	133	1244.621687808997	0
3	141	1437.241024427439	0
3	152	1542.50076602931	0
3	154	1560.173959865826	0
3	159	1622.782650996467	0
3	165	1681.079786983474	0
3	178	1797.868392804839	0
3	181	1841.82329433386	0
3	186	1876.606264700045	0
3	188	1890.365928026603	0
3	191	1930.738203655266	0
3	194	1960.106258311599	0
3	211	2075.338248851406	0
3	212	2086.808252461275	0
3	213	2098.164201714568	0
3	235	2334.519265607019	0
3	258	2867.758893458344	0
3	259	2952.169880772825	0
3	272	3326.505290924615	0
3	279	3496.492926169617	0
3	291	3655.946853720693	0
3	299	3811.415020333889	0
3	302	3852.397457249814	0
3	306	3900.306804607342	0
3	308	3923.627171668647	0
3	310	3942.199575016029	0
3	314	3983.597264880321	0
3	320	4036.596518660528	0
3	325	4089.339958496633	0
3	331	4161.874484282204	0
3	334	4190.266147849477	0
3	337	4202.440002771117	0
3	343	4287.401565930966	0
3	346	4298.531029594888	0
3	359	4440.595540944761	0
3	371	4711.520885160465	0
3	380	5014.477989958108	0
3	393	5277.961325001911	0
3	395	5296.563324985112	0
3	396	5297.450372672629	0
3	397	5322.425695753067	0
3	399	5351.379436459521	0
3	414	5545.406787063775	0
3	417	5591.974766121116	0
3	423	5689.041124841816	0
3	434	5875.825162499051	0
3	439	5947.561412439921	0
3	443	5984.816515073954	0
3	447	6084.942660463359	0
3	450	6157.864151213418	0
3	472	6558.550691345278	0
3	474	6605.951240424705	0
3	480	6646.983616713333	0
3	481	6649.848865446632	0
3	485	6731.573861484563	0
3	486	6732.368410740376	0
3	487	6734.450299525457	0
3	511	7063.962618406642	0
3	517	7238.768945930649	0
3	535	7486.850360412272	0
3	537	7488.386724472409	0
3	544	7567.042108087441	0
3	547	7590.844290626806	0
3	549	7638.104413089363	0
3	551	7639.886887533306	0
3	574	7947.361048106381	0
3	576	7981.823363149234	0
3	583	8128.527650808461	0
3	587	8295.521358395559	0
3	611	8722.784824129267	0
3	613	8756.494743757932	0
3	622	8912.435778533814	0
3	624	8931.752673862798	0
3	627	8987.096022070037	0
3	633	9060.450253704506	0
3	640	9149.607311422429	0
3	644	9190.998412465965	0
3	651	9267.090471298368	0
3	663	9377.956222370192	0
3	666	9394.327301759816	0
3	669	9432.377099425316	0
3	691	9722.421654359827	0
3	697	9820.311742309374	0
3	706	9958.102226147661	0
3	712	10047.460407942939	0
3	714	10065.53605190068	0
3	730	10316.806175416622	0
3	734	10391.531861492411	0
3	742	10507.789088533567	0
3	753	10766.769996360011	0
3	764	11180.201194888555	0
3	766	11226.353459216601	0
3	770	11291.747610012006	0
3	774	11375.656746247462	0
3	785	11525.318848248774	0
3	789	11560.563366825896	0
3	808	11716.869697340384	0
3	819	11807.497969035253	0
3	828	11880.738665467489	0
3	829	11890.32030648572	0
3	834	11924.222106495049	0
3	844	12039.687030897656	0
3	845	12041.528756006816	0
3	846	12052.880328142336	0
3	865	12343.970299750405	0
3	866	12357.292371222089	0
3	867	12375.762750692948	0
3	870	12413.227882229441	0
3	877	12478.903830740733	0
3	885	12570.183840812359	0
3	892	12653.026157562038	0
3	896	12685.820335703598	0
3	906	12867.119928207788	0
3	912	12978.774202606318	0
3	918	13058.076952788159	0
3	920	13096.242138637317	0
3	923	13137.577876753581	0
3	951	13457.713864620688	0
3	960	13568.529180382454	0
3	962	13624.546044196559	0
3	975	13852.830669939777	0
3	983	13969.424315240551	0
3	997	14154.522682962166	0
3	999	14175.15972132546	0
3	1009	14281.118174862934	0
3	1024	14478.472307803986	0
3	1040	14631.19919546245	0
3	1046	14695.099242218549	0
3	1052	14748.278080185972	0
3	1063	14870.099118496654	0
3	1065	14899.17333083444	0
3	1080	15057.352521942229	0
3	1086	15244.321582364402	0
3	1092	15372.319481662947	0
3	1096	15406.728897447088	0
3	1099	15480.164818698169	0
3	1101	15488.131046731225	0
3	1103	15490.14129308735	0
3	1122	15789.377234845992	0
3	1130	15897.779164704067	0
3	1140	16052.293812873126	0
3	1142	16100.148018557915	0
3	1144	16117.558089627617	0
3	1152	16220.494208990728	0
3	1155	16237.57407344136	0
3	1156	16240.743840188763	0
3	1160	16276.197199736268	0
3	1164	16330.82404196859	0
3	1172	16413.1031911863	0
3	1180	16455.850080277041	0
3	1183	16508.647987787131	0
3	1185	16528.067430194275	0
3	1209	16730.389311808757	0
3	1217	16769.690000260959	0
3	1220	16815.92071794952	0
3	1231	16933.019891415833	0
3	1233	16957.332666727832	0
3	1237	17013.584009438435	0
3	1245	17099.793728145775	0
3	1254	17208.84835572895	0
3	1264	17318.472724141698	0
3	1272	17460.235544671687	0
3	1282	17636.930758813524	0
3	1293	17805.920944587024	0
3	1304	17926.117996051209	0
3	1305	17930.994791504431	0
3	1309	17981.691744397519	0
3	1310	17985.214001603501	0
3	1312	18009.20025416825	0
3	1342	18338.004352390606	0
3	1346	18422.314243087525	0
3	1351	18467.137755625096	0
3	1358	18557.202467371915	0
3	1360	18586.963406114871	0
3	1361	18591.426069402314	0
3	1371	18760.091482869192	0
3	1387	18963.191627516627	0
3	1405	19251.125289449699	0
3	1411	19317.687197473029	0
3	1415	19374.252621173718	0
3	1416	19374.284024925187	0
3	1418	19406.592305765613	0
3	1421	19461.56644245601	0
3	1424	19478.669915612025	0
3	1428	19549.748268733135	0
3	1443	19753.759626106315	0
3	1446	19816.162473386325	0
4	114	1026.871556658984	3
4	118	1055.964982048525	3
4	119	1071.848835799614	3
4	120	1104.712234459364	3
4	133	1244.621687808997	3
4	141	1437.241024427439	3
4	152	1542.50076602931	3
4	154	1560.173959865826	3
4	159	1622.782650996467	3
4	165	1681.079786983474	3
4	178	1797.868392804839	3
4	181	1841.82329433386	3
4	186	1876.606264700045	3
4	188	1890.365928026603	3
4	191	1930.738203655266	3
4	194	1960.106258311599	3
4	211	2075.338248851406	3
4	212	2086.808252461275	3
4	213	2098.164201714568	3
4	235	2334.519265607019	3
4	258	2867.758893458344	3
4	259	2952.169880772825	3
4	272	3326.505290924615	3
4	279	3496.492926169617	3
4	291	3655.946853720693	3
4	299	3811.415020333889	3
4	302	3852.397457249814	3
4	306	3900.306804607342	3
4	308	3923.627171668647	3
4	310	3942.199575016029	3
4	314	3983.597264880321	3
4	320	4036.596518660528	3
4	325	4089.339958496633	3
4	331	4161.874484282204	3
4	334	4190.266147849477	3
4	337	4202.440002771117	3
4	343	4287.401565930966	3
4	346	4298.531029594888	3
4	359	4440.595540944761	3
4	371	4711.520885160465	3
4	380	5014.477989958108	3
4	393	5277.961325001911	3
4	395	5296.563324985112	3
4	396	5297.450372672629	3
4	397	5322.425695753067	3
4	399	5351.379436459521	3
4	414	5545.406787063775	3
4	417	5591.974766121116	3
4	423	5689.041124841816	3
4	434	5875.825162499051	3
4	439	5947.561412439921	3
4	443	5984.816515073954	3
4	447	6084.942660463359	3
4	450	6157.864151213418	3
4	472	6558.550691345278	3
4	474	6605.951240424705	3
4	480	6646.983616713333	3
4	481	6649.848865446632	3
4	485	6731.573861484563	3
4	486	6732.368410740376	3
4	487	6734.450299525457	3
4	511	7063.962618406642	3
4	517	7238.768945930649	3
4	535	7486.850360412272	3
4	537	7488.386724472409	3
4	544	7567.042108087441	3
4	547	7590.844290626806	3
4	549	7638.104413089363	3
4	551	7639.886887533306	3
4	574	7947.361048106381	3
4	576	7981.823363149234	3
4	583	8128.527650808461	3
4	587	8295.521358395559	3
4	611	8722.784824129267	3
4	613	8756.494743757932	3
4	622	8912.435778533814	3
4	624	8931.752673862798	3
4	627	8987.096022070037	3
4	633	9060.450253704506	3
4	640	9149.607311422429	3
4	644	9190.998412465965	3
4	651	9267.090471298368	3
4	663	9377.956222370192	3
4	666	9394.327301759816	3
4	669	9432.377099425316	3
4	691	9722.421654359827	3
4	697	9820.311742309374	3
4	706	9958.102226147661	3
4	712	10047.460407942939	3
4	714	10065.53605190068	3
4	730	10316.806175416622	3
4	734	10391.531861492411	3
4	742	10507.789088533567	3
4	753	10766.769996360011	3
4	764	11180.201194888555	3
4	766	11226.353459216601	3
4	770	11291.747610012006	3
4	774	11375.656746247462	3
4	785	11525.318848248774	3
4	789	11560.563366825896	3
4	808	11716.869697340384	3
4	819	11807.497969035253	3
4	828	11880.738665467489	3
4	829	11890.32030648572	3
4	834	11924.222106495049	3
4	844	12039.687030897656	3
4	845	12041.528756006816	3
4	846	12052.880328142336	3
4	865	12343.970299750405	3
4	866	12357.292371222089	3
4	867	12375.762750692948	3
4	870	12413.227882229441	3
4	877	12478.903830740733	3
4	885	12570.183840812359	3
4	892	12653.026157562038	3
4	896	12685.820335703598	3
4	906	12867.119928207788	3
4	912	12978.774202606318	3
4	918	13058.076952788159	3
4	920	13096.242138637317	3
4	923	13137.577876753581	3
4	951	13457.713864620688	3
4	960	13568.529180382454	3
4	962	13624.546044196559	3
4	975	13852.830669939777	3
4	983	13969.424315240551	3
4	997	14154.522682962166	3
4	999	14175.15972132546	3
4	1009	14281.118174862934	3
4	1024	14478.472307803986	3
4	1040	14631.19919546245	3
4	1046	14695.099242218549	3
4	1052	14748.278080185972	3
4	1063	14870.099118496654	3
4	1065	14899.17333083444	3
4	1080	15057.352521942229	3
4	1086	15244.321582364402	3
4	1092	15372.319481662947	3
4	1096	15406.728897447088	3
4	1099	15480.164818698169	3
4	1101	15488.131046731225	3
4	1103	15490.14129308735	3
4	1122	15789.377234845992	3
4	1130	15897.779164704067	3
4	1140	16052.293812873126	3
4	1142	16100.148018557915	3
4	1144	16117.558089627617	3
4	1152	16220.494208990728	3
4	1155	16237.57407344136	3
4	1156	16240.743840188763	3
4	1160	16276.197199736268	3
4	1164	16330.82404196859	3
4	1172	16413.1031911863	3
4	1180	16455.850080277041	3
4	1183	16508.647987787131	3
4	1185	16528.067430194275	3
4	1209	16730.389311808757	3
4	1217	16769.690000260959	3
4	1220	16815.92071794952	3
4	1231	16933.019891415833	3
4	1233	16957.332666727832	3
4	1237	17013.584009438435	3
4	1245	17099.793728145775	3
4	1254	17208.84835572895	3
4	1264	17318.472724141698	3
4	1272	17460.235544671687	3
4	1282	17636.930758813524	3
4	1293	17805.920944587024	3
4	1304	17926.117996051209	3
4	1305	17930.994791504431	3
4	1309	17981.691744397519	3
4	1310	17985.214001603501	3
4	1312	18009.20025416825	3
4	1342	18338.004352390606	3
4	1346	18422.314243087525	3
4	1351	18467.137755625096	3
4	1358	18557.202467371915	3
4	1360	18586.963406114871	3
4	1361	18591.426069402314	3
4	1371	18760.091482869192	3
4	1387	18963.191627516627	3
4	1405	19251.125289449699	3
4	1411	19317.687197473029	3
4	1415	19374.252621173718	3
4	1416	19374.284024925187	3
4	1418	19406.592305765613	3
4	1421	19461.56644245601	3
4	1424	19478.669915612025	3
4	1428	19549.748268733135	3
4	1443	19753.759626106315	3
4	1446	19816.162473386325	3
5	114	1026.871556658984	4844
5	118	1055.964982048525	4843
5	119	1071.848835799614	4846
5	120	1104.712234459364	4847
5	133	1244.621687808997	4849
5	141	1437.241024427439	4848
5	152	1542.50076602931	4850
5	154	1560.173959865826	4852
5	159	1622.782650996467	4855
5	165	1681.079786983474	4854
5	178	1797.868392804839	4859
5	181	1841.82329433386	4856
5	186	1876.606264700045	4853
5	188	1890.365928026603	4858
5	191	1930.738203655266	4861
5	194	1960.106258311599	4860
5	211	2075.338248851406	4864
5	212	2086.808252461275	4865
5	213	2098.164201714568	4866
5	235	2334.519265607019	4869
5	258	2867.758893458344	4875
5	259	2952.169880772825	4876
5	272	3326.505290924615	4879
5	279	3496.492926169617	4878
5	291	3655.946853720693	4882
5	299	3811.415020333889	4884
5	302	3852.397457249814	4881
5	306	3900.306804607342	4886
5	308	3923.627171668647	4885
5	310	3942.199575016029	4883
5	314	3983.597264880321	4887
5	320	4036.596518660528	4890
5	325	4089.339958496633	4888
5	331	4161.874484282204	4891
5	334	4190.266147849477	4893
5	337	4202.440002771117	4889
5	343	4287.401565930966	4892
5	346	4298.531029594888	4894
5	359	4440.595540944761	4897
5	371	4711.520885160465	4901
5	380	5014.477989958108	4903
5	393	5277.961325001911	4902
5	395	5296.563324985112	4905
5	396	5297.450372672629	4907
5	397	5322.425695753067	4906
5	399	5351.379436459521	4904
5	414	5545.406787063775	4910
5	417	5591.974766121116	4909
5	423	5689.041124841816	4908
5	434	5875.825162499051	4912
5	439	5947.561412439921	4911
5	443	5984.816515073954	4914
5	447	6084.942660463359	4915
5	450	6157.864151213418	4916
5	472	6558.550691345278	4920
5	474	6605.951240424705	4921
5	480	6646.983616713333	4919
5	481	6649.848865446632	4924
5	485	6731.573861484563	4922
5	486	6732.368410740376	4923
5	487	6734.450299525457	4926
5	511	7063.962618406642	4930
5	517	7238.768945930649	4928
5	535	7486.850360412272	4932
5	537	7488.386724472409	4936
5	544	7567.042108087441	4934
5	547	7590.844290626806	4935
5	549	7638.104413089363	4937
5	551	7639.886887533306	4938
5	574	7947.361048106381	4940
5	576	7981.823363149234	4944
5	583	8128.527650808461	4945
5	587	8295.521358395559	4946
5	611	8722.784824129267	4947
5	613	8756.494743757932	4950
5	622	8912.435778533814	4951
5	624	8931.752673862798	4955
5	627	8987.096022070037	4953
5	633	9060.450253704506	4956
5	640	9149.607311422429	4958
5	644	9190.998412465965	4957
5	651	9267.090471298368	4959
5	663	9377.956222370192	4961
5	666	9394.327301759816	4965
5	669	9432.377099425316	4966
5	691	9722.421654359827	4968
5	697	9820.311742309374	4971
5	706	9958.102226147661	4969
5	712	10047.460407942939	4973
5	714	10065.53605190068	4974
5	730	10316.806175416622	4976
5	734	10391.531861492411	4979
5	742	10507.789088533567	4980
5	753	10766.769996360011	4983
5	764	11180.201194888555	4985
5	766	11226.353459216601	4984
5	770	11291.747610012006	4986
5	774	11375.656746247462	4988
5	785	11525.318848248774	4989
5	789	11560.563366825896	4990
5	808	11716.869697340384	4991
5	819	11807.497969035253	4995
5	828	11880.738665467489	4993
5	829	11890.32030648572	4994
5	834	11924.222106495049	5001
5	844	12039.687030897656	4996
5	845	12041.528756006816	4997
5	846	12052.880328142336	5000
5	865	12343.970299750405	5005
5	866	12357.292371222089	5003
5	867	12375.762750692948	5002
5	870	12413.227882229441	5004
5	877	12478.903830740733	5006
5	885	12570.183840812359	5010
5	892	12653.026157562038	5011
5	896	12685.820335703598	5012
5	906	12867.119928207788	5009
5	912	12978.774202606318	5015
5	918	13058.076952788159	5016
5	920	13096.242138637317	5017
5	923	13137.577876753581	5014
5	951	13457.713864620688	5024
5	960	13568.529180382454	5020
5	962	13624.546044196559	5021
5	975	13852.830669939777	5026
5	983	13969.424315240551	5028
5	997	14154.522682962166	5033
5	999	14175.15972132546	5030
5	1009	14281.118174862934	5036
5	1024	14478.472307803986	5038
5	1040	14631.19919546245	5039
5	1046	14695.099242218549	5042
5	1052	14748.278080185972	5044
5	1063	14870.099118496654	5046
5	1065	14899.17333083444	5041
5	1080	15057.352521942229	5052
5	1086	15244.321582364402	5050
5	1092	15372.319481662947	5053
5	1096	15406.728897447088	5056
5	1099	15480.164818698169	5054
5	1101	15488.131046731225	5055
5	1103	15490.14129308735	5057
5	1122	15789.377234845992	5059
5	1130	15897.779164704067	5060
5	1140	16052.293812873126	5062
5	1142	16100.148018557915	5064
5	1144	16117.558089627617	5063
5	1152	16220.494208990728	5065
5	1155	16237.57407344136	5066
5	1156	16240.743840188763	5068
5	1160	16276.197199736268	5069
5	1164	16330.82404196859	5071
5	1172	16413.1031911863	5070
5	1180	16455.850080277041	5072
5	1183	16508.647987787131	5074
5	1185	16528.067430194275	5075
5	1209	16730.389311808757	5081
5	1217	16769.690000260959	5083
5	1220	16815.92071794952	5080
5	1231	16933.019891415833	5084
5	1233	16957.332666727832	5082
5	1237	17013.584009438435	5086
5	1245	17099.793728145775	5085
5	1254	17208.84835572895	5087
5	1264	17318.472724141698	5091
5	1272	17460.235544671687	5092
5	1282	17636.930758813524	5093
5	1293	17805.920944587024	5096
5	1304	17926.117996051209	5097
5	1305	17930.994791504431	5100
5	1309	17981.691744397519	5101
5	1310	17985.214001603501	5094
5	1312	18009.20025416825	5098
5	1342	18338.004352390606	5108
5	1346	18422.314243087525	5109
5	1351	18467.137755625096	5110
5	1358	18557.202467371915	5112
5	1360	18586.963406114871	5113
5	1361	18591.426069402314	5114
5	1371	18760.091482869192	5115
5	1387	18963.191627516627	5116
5	1405	19251.125289449699	5118
5	1411	19317.687197473029	5120
5	1415	19374.252621173718	5119
5	1416	19374.284024925187	5121
5	1418	19406.592305765613	5122
5	1421	19461.56644245601	5124
5	1424	19478.669915612025	5125
5	1428	19549.748268733135	5123
5	1443	19753.759626106315	5127
5	1446	19816.162473386325	5128
6	123	1128.241024427439	0
6	124	1129.871556658984	0
6	128	1174.848835799614	0
6	139	1347.621687808997	0
6	140	1373.680862352515	0
6	155	1567.606264700045	0
6	163	1663.173959865826	0
6	170	1725.782650996467	0
6	190	1900.868392804839	0
6	193	1944.82329433386	0
6	195	1962.25510945834	0
6	196	1967.912423178171	0
6	203	2033.738203655266	0
6	207	2063.106258311599	0
6	216	2144.218744617708	0
6	218	2166.222645401399	0
6	221	2178.338248851406	0
6	222	2189.808252461275	0
6	223	2201.164201714568	0
6	239	2411.43022688514	0
6	247	2516.928036217923	0
6	248	2553.630167492055	0
6	260	2970.758893458344	0
6	261	3055.169880772825	0
6	265	3158.851923367088	0
6	275	3429.505290924615	0
6	282	3535.496776595914	0
6	283	3543.397457249814	0
6	285	3599.492926169617	0
6	287	3633.199575016029	0
6	307	3914.415020333889	0
6	324	4086.597264880321	0
6	329	4139.596518660528	0
6	335	4192.339958496633	0
6	341	4249.319045647188	0
6	342	4264.874484282204	0
6	344	4293.266147849477	0
6	347	4305.440002771117	0
6	363	4543.595540944761	0
6	366	4591.465839486724	0
6	373	4814.520885160465	0
6	378	4968.961325001911	0
6	381	5042.379436459521	0
6	384	5117.477989958108	0
6	400	5380.041124841816	0
6	404	5400.450372672629	0
6	405	5425.425695753067	0
6	418	5638.561412439921	0
6	419	5648.406787063775	0
6	424	5694.974766121116	0
6	428	5778.419610156258	0
6	440	5978.825162499051	0
6	455	6258.036844721843	0
6	456	6260.864151213418	0
6	458	6337.983616713333	0
6	483	6708.951240424705	0
6	488	6737.241398741845	0
6	494	6834.573861484563	0
6	495	6835.368410740376	0
6	496	6837.450299525457	0
6	500	6929.768945930649	0
6	515	7166.962618406642	0
6	516	7236.407432925324	0
6	548	7591.386724472409	0
6	550	7638.361048106381	0
6	555	7689.910524675076	0
6	556	7693.844290626806	0
6	558	7741.104413089363	0
6	563	7788.908272805145	0
6	581	8084.823363149234	0
6	586	8231.527650808461	0
6	592	8398.521358395559	0
6	593	8413.784824129267	0
6	596	8456.810737280095	0
6	605	8603.435778533814	0
6	620	8859.494743757932	0
6	623	8914.558149216244	0
6	631	9034.752673862798	0
6	636	9090.096022070037	0
6	641	9163.450253704506	0
6	647	9229.06782501979	0
6	649	9252.607311422429	0
6	655	9293.998412465965	0
6	662	9370.090471298368	0
6	665	9393.541072277574	0
6	672	9480.956222370192	0
6	675	9497.327301759816	0
6	679	9535.377099425316	0
6	684	9606.385542848892	0
6	696	9818.055183122537	0
6	699	9830.581729313501	0
6	703	9923.311742309374	0
6	716	10123.085598134608	0
6	719	10150.460407942939	0
6	720	10168.53605190068	0
6	741	10494.531861492411	0
6	746	10610.789088533567	0
6	749	10673.378757284441	0
6	752	10752.317225685492	0
6	757	10869.769996360011	0
6	769	11283.201194888555	0
6	772	11329.353459216601	0
6	773	11333.868272077205	0
6	776	11394.747610012006	0
6	781	11478.656746247462	0
6	797	11628.318848248774	0
6	800	11649.863644699916	0
6	801	11663.563366825896	0
6	809	11730.687030897656	0
6	811	11732.528756006816	0
6	818	11806.940826855816	0
6	820	11811.955745993456	0
6	821	11819.869697340384	0
6	839	11993.32030648572	0
6	843	12027.222106495049	0
6	871	12425.238687050036	0
6	872	12446.970299750405	0
6	874	12460.292371222089	0
6	879	12516.227882229441	0
6	883	12558.119928207788	0
6	886	12581.903830740733	0
6	894	12673.183840812359	0
6	899	12756.026157562038	0
6	902	12788.820335703598	0
6	919	13081.774202606318	0
6	922	13129.485580584933	0
6	924	13155.284270537282	0
6	926	13161.076952788159	0
6	928	13199.242138637317	0
6	936	13259.529180382454	0
6	939	13315.546044196559	0
6	941	13336.1678958592	0
6	942	13348.045193784053	0
6	957	13547.216876134289	0
6	968	13688.561768871884	0
6	973	13777.307646902356	0
6	981	13955.830669939777	0
6	987	14050.091841783584	0
6	998	14155.175286746351	0
6	1003	14220.279319508586	0
6	1005	14257.522682962166	0
6	1008	14278.15972132546	0
6	1018	14384.118174862934	0
6	1028	14494.306486363824	0
6	1035	14590.17333083444	0
6	1048	14723.501402953443	0
6	1055	14771.896961676271	0
6	1057	14798.099242218549	0
6	1062	14851.278080185972	0
6	1070	14935.321582364402	0
6	1073	14973.099118496654	0
6	1076	15015.03332671279	0
6	1098	15475.319481662947	0
6	1104	15509.728897447088	0
6	1105	15527.956167103205	0
6	1109	15588.779164704067	0
6	1110	15591.131046731225	0
6	1125	15816.862912548207	0
6	1129	15892.377234845992	0
6	1147	16155.293812873126	0
6	1148	16159.171579212542	0
6	1153	16220.558089627617	0
6	1165	16340.57407344136	0
6	1166	16343.743840188763	0
6	1170	16379.197199736268	0
6	1175	16433.82404196859	0
6	1179	16447.724698943354	0
6	1184	16516.1031911863	0
6	1191	16558.850080277041	0
6	1198	16631.067430194275	0
6	1207	16704.630711122254	0
6	1222	16833.389311808757	0
6	1226	16872.690000260959	0
6	1230	16918.92071794952	0
6	1240	17036.019891415833	0
6	1253	17202.793728145775	0
6	1260	17284.42058412392	0
6	1263	17317.698536455908	0
6	1283	17676.214001603501	0
6	1289	17739.930758813524	0
6	1294	17821.813397834567	0
6	1302	17908.920944587024	0
6	1315	18029.117996051209	0
6	1316	18033.338047100701	0
6	1317	18033.994791504431	0
6	1319	18079.311179611467	0
6	1324	18112.20025416825	0
6	1334	18219.012120029414	0
6	1348	18441.004352390606	0
6	1354	18525.314243087525	0
6	1357	18556.568760174621	0
6	1359	18570.137755625096	0
6	1366	18660.202467371915	0
6	1368	18689.963406114871	0
6	1369	18694.426069402314	0
6	1380	18863.091482869192	0
6	1386	18948.383186860324	0
6	1419	19420.687197473029	0
6	1423	19477.284024925187	0
6	1433	19585.608335512667	0
6	1442	19747.298997381998	0
6	1445	19795.748828608445	0
6	1449	19856.759626106315	0
6	1452	19943.22344005864	0
7	123	1128.241024427439	3
7	124	1129.871556658984	3
7	128	1174.848835799614	3
7	139	1347.621687808997	3
7	140	1373.680862352515	3
7	155	1567.606264700045	3
7	163	1663.173959865826	3
7	170	1725.782650996467	3
7	190	1900.868392804839	3
7	193	1944.82329433386	3
7	195	1962.25510945834	3
7	196	1967.912423178171	3
7	203	2033.738203655266	3
7	207	2063.106258311599	3
7	216	2144.218744617708	3
7	218	2166.222645401399	3
7	221	2178.338248851406	3
7	222	2189.808252461275	3
7	223	2201.164201714568	3
7	239	2411.43022688514	3
7	247	2516.928036217923	3
7	248	2553.630167492055	3
7	260	2970.758893458344	3
7	261	3055.169880772825	3
7	265	3158.851923367088	3
7	275	3429.505290924615	3
7	282	3535.496776595914	3
7	283	3543.397457249814	3
7	285	3599.492926169617	3
7	287	3633.199575016029	3
7	307	3914.415020333889	3
7	324	4086.597264880321	3
7	329	4139.596518660528	3
7	335	4192.339958496633	3
7	341	4249.319045647188	3
7	342	4264.874484282204	3
7	344	4293.266147849477	3
7	347	4305.440002771117	3
7	363	4543.595540944761	3
7	366	4591.465839486724	3
7	373	4814.520885160465	3
7	378	4968.961325001911	3
7	381	5042.379436459521	3
7	384	5117.477989958108	3
7	400	5380.041124841816	3
7	404	5400.450372672629	3
7	405	5425.425695753067	3
7	418	5638.561412439921	3
7	419	5648.406787063775	3
7	424	5694.974766121116	3
7	428	5778.419610156258	3
7	440	5978.825162499051	3
7	455	6258.036844721843	3
7	456	6260.864151213418	3
7	458	6337.983616713333	3
7	483	6708.951240424705	3
7	488	6737.241398741845	3
7	494	6834.573861484563	3
7	495	6835.368410740376	3
7	496	6837.450299525457	3
7	500	6929.768945930649	3
7	515	7166.962618406642	3
7	516	7236.407432925324	3
7	548	7591.386724472409	3
7	550	7638.361048106381	3
7	555	7689.910524675076	3
7	556	7693.844290626806	3
7	558	7741.104413089363	3
7	563	7788.908272805145	3
7	581	8084.823363149234	3
7	586	8231.527650808461	3
7	592	8398.521358395559	3
7	593	8413.784824129267	3
7	596	8456.810737280095	3
7	605	8603.435778533814	3
7	620	8859.494743757932	3
7	623	8914.558149216244	3
7	631	9034.752673862798	3
7	636	9090.096022070037	3
7	641	9163.450253704506	3
7	647	9229.06782501979	3
7	649	9252.607311422429	3
7	655	9293.998412465965	3
7	662	9370.090471298368	3
7	665	9393.541072277574	3
7	672	9480.956222370192	3
7	675	9497.327301759816	3
7	679	9535.377099425316	3
7	684	9606.385542848892	3
7	696	9818.055183122537	3
7	699	9830.581729313501	3
7	703	9923.311742309374	3
7	716	10123.085598134608	3
7	719	10150.460407942939	3
7	720	10168.53605190068	3
7	741	10494.531861492411	3
7	746	10610.789088533567	3
7	749	10673.378757284441	3
7	752	10752.317225685492	3
7	757	10869.769996360011	3
7	769	11283.201194888555	3
7	772	11329.353459216601	3
7	773	11333.868272077205	3
7	776	11394.747610012006	3
7	781	11478.656746247462	3
7	797	11628.318848248774	3
7	800	11649.863644699916	3
7	801	11663.563366825896	3
7	809	11730.687030897656	3
7	811	11732.528756006816	3
7	818	11806.940826855816	3
7	820	11811.955745993456	3
7	821	11819.869697340384	3
7	839	11993.32030648572	3
7	843	12027.222106495049	3
7	871	12425.238687050036	3
7	872	12446.970299750405	3
7	874	12460.292371222089	3
7	879	12516.227882229441	3
7	883	12558.119928207788	3
7	886	12581.903830740733	3
7	894	12673.183840812359	3
7	899	12756.026157562038	3
7	902	12788.820335703598	3
7	919	13081.774202606318	3
7	922	13129.485580584933	3
7	924	13155.284270537282	3
7	926	13161.076952788159	3
7	928	13199.242138637317	3
7	936	13259.529180382454	3
7	939	13315.546044196559	3
7	941	13336.1678958592	3
7	942	13348.045193784053	3
7	957	13547.216876134289	3
7	968	13688.561768871884	3
7	973	13777.307646902356	3
7	981	13955.830669939777	3
7	987	14050.091841783584	3
7	998	14155.175286746351	3
7	1003	14220.279319508586	3
7	1005	14257.522682962166	3
7	1008	14278.15972132546	3
7	1018	14384.118174862934	3
7	1028	14494.306486363824	3
7	1035	14590.17333083444	3
7	1048	14723.501402953443	3
7	1055	14771.896961676271	3
7	1057	14798.099242218549	3
7	1062	14851.278080185972	3
7	1070	14935.321582364402	3
7	1073	14973.099118496654	3
7	1076	15015.03332671279	3
7	1098	15475.319481662947	3
7	1104	15509.728897447088	3
7	1105	15527.956167103205	3
7	1109	15588.779164704067	3
7	1110	15591.131046731225	3
7	1125	15816.862912548207	3
7	1129	15892.377234845992	3
7	1147	16155.293812873126	3
7	1148	16159.171579212542	3
7	1153	16220.558089627617	3
7	1165	16340.57407344136	3
7	1166	16343.743840188763	3
7	1170	16379.197199736268	3
7	1175	16433.82404196859	3
7	1179	16447.724698943354	3
7	1184	16516.1031911863	3
7	1191	16558.850080277041	3
7	1198	16631.067430194275	3
7	1207	16704.630711122254	3
7	1222	16833.389311808757	3
7	1226	16872.690000260959	3
7	1230	16918.92071794952	3
7	1240	17036.019891415833	3
7	1253	17202.793728145775	3
7	1260	17284.42058412392	3
7	1263	17317.698536455908	3
7	1283	17676.214001603501	3
7	1289	17739.930758813524	3
7	1294	17821.813397834567	3
7	1302	17908.920944587024	3
7	1315	18029.117996051209	3
7	1316	18033.338047100701	3
7	1317	18033.994791504431	3
7	1319	18079.311179611467	3
7	1324	18112.20025416825	3
7	1334	18219.012120029414	3
7	1348	18441.004352390606	3
7	1354	18525.314243087525	3
7	1357	18556.568760174621	3
7	1359	18570.137755625096	3
7	1366	18660.202467371915	3
7	1368	18689.963406114871	3
7	1369	18694.426069402314	3
7	1380	18863.091482869192	3
7	1386	18948.383186860324	3
7	1419	19420.687197473029	3
7	1423	19477.284024925187	3
7	1433	19585.608335512667	3
7	1442	19747.298997381998	3
7	1445	19795.748828608445	3
7	1449	19856.759626106315	3
7	1452	19943.22344005864	3
8	123	1128.241024427439	4848
8	124	1129.871556658984	4844
8	128	1174.848835799614	4846
8	139	1347.621687808997	4849
8	140	1373.680862352515	4851
8	155	1567.606264700045	4853
8	163	1663.173959865826	4852
8	170	1725.782650996467	4855
8	190	1900.868392804839	4859
8	193	1944.82329433386	4856
8	195	1962.25510945834	4862
8	196	1967.912423178171	4863
8	203	2033.738203655266	4861
8	207	2063.106258311599	4860
8	216	2144.218744617708	4867
8	218	2166.222645401399	4868
8	221	2178.338248851406	4864
8	222	2189.808252461275	4865
8	223	2201.164201714568	4866
8	239	2411.43022688514	4871
8	247	2516.928036217923	4873
8	248	2553.630167492055	4874
8	260	2970.758893458344	4875
8	261	3055.169880772825	4876
8	265	3158.851923367088	4877
8	275	3429.505290924615	4879
8	282	3535.496776595914	4880
8	283	3543.397457249814	4881
8	285	3599.492926169617	4878
8	287	3633.199575016029	4883
8	307	3914.415020333889	4884
8	324	4086.597264880321	4887
8	329	4139.596518660528	4890
8	335	4192.339958496633	4888
8	341	4249.319045647188	4895
8	342	4264.874484282204	4891
8	344	4293.266147849477	4893
8	347	4305.440002771117	4889
8	363	4543.595540944761	4897
8	366	4591.465839486724	4900
8	373	4814.520885160465	4901
8	378	4968.961325001911	4902
8	381	5042.379436459521	4904
8	384	5117.477989958108	4903
8	400	5380.041124841816	4908
8	404	5400.450372672629	4907
8	405	5425.425695753067	4906
8	418	5638.561412439921	4911
8	419	5648.406787063775	4910
8	424	5694.974766121116	4909
8	428	5778.419610156258	4913
8	440	5978.825162499051	4912
8	455	6258.036844721843	4917
8	456	6260.864151213418	4916
8	458	6337.983616713333	4919
8	483	6708.951240424705	4921
8	488	6737.241398741845	4927
8	494	6834.573861484563	4922
8	495	6835.368410740376	4923
8	496	6837.450299525457	4926
8	500	6929.768945930649	4928
8	515	7166.962618406642	4930
8	516	7236.407432925324	4931
8	548	7591.386724472409	4936
8	550	7638.361048106381	4940
8	555	7689.910524675076	4941
8	556	7693.844290626806	4935
8	558	7741.104413089363	4937
8	563	7788.908272805145	4942
8	581	8084.823363149234	4944
8	586	8231.527650808461	4945
8	592	8398.521358395559	4946
8	593	8413.784824129267	4947
8	596	8456.810737280095	4948
8	605	8603.435778533814	4951
8	620	8859.494743757932	4950
8	623	8914.558149216244	4954
8	631	9034.752673862798	4955
8	636	9090.096022070037	4953
8	641	9163.450253704506	4956
8	647	9229.06782501979	4960
8	649	9252.607311422429	4958
8	655	9293.998412465965	4957
8	662	9370.090471298368	4959
8	665	9393.541072277574	4964
8	672	9480.956222370192	4961
8	675	9497.327301759816	4965
8	679	9535.377099425316	4966
8	684	9606.385542848892	4967
8	696	9818.055183122537	4970
8	699	9830.581729313501	4972
8	703	9923.311742309374	4971
8	716	10123.085598134608	4975
8	719	10150.460407942939	4973
8	720	10168.53605190068	4974
8	741	10494.531861492411	4979
8	746	10610.789088533567	4980
8	749	10673.378757284441	4981
8	752	10752.317225685492	4982
8	757	10869.769996360011	4983
8	769	11283.201194888555	4985
8	772	11329.353459216601	4984
8	773	11333.868272077205	4987
8	776	11394.747610012006	4986
8	781	11478.656746247462	4988
8	797	11628.318848248774	4989
8	800	11649.863644699916	4992
8	801	11663.563366825896	4990
8	809	11730.687030897656	4996
8	811	11732.528756006816	4997
8	818	11806.940826855816	4998
8	820	11811.955745993456	4999
8	821	11819.869697340384	4991
8	839	11993.32030648572	4994
8	843	12027.222106495049	5001
8	871	12425.238687050036	5007
8	872	12446.970299750405	5005
8	874	12460.292371222089	5003
8	879	12516.227882229441	5004
8	883	12558.119928207788	5009
8	886	12581.903830740733	5006
8	894	12673.183840812359	5010
8	899	12756.026157562038	5011
8	902	12788.820335703598	5012
8	919	13081.774202606318	5015
8	922	13129.485580584933	5018
8	924	13155.284270537282	5019
8	926	13161.076952788159	5016
8	928	13199.242138637317	5017
8	936	13259.529180382454	5020
8	939	13315.546044196559	5021
8	941	13336.1678958592	5022
8	942	13348.045193784053	5023
8	957	13547.216876134289	5025
8	968	13688.561768871884	5027
8	973	13777.307646902356	5029
8	981	13955.830669939777	5026
8	987	14050.091841783584	5031
8	998	14155.175286746351	5034
8	1003	14220.279319508586	5035
8	1005	14257.522682962166	5033
8	1008	14278.15972132546	5030
8	1018	14384.118174862934	5036
8	1028	14494.306486363824	5040
8	1035	14590.17333083444	5041
8	1048	14723.501402953443	5047
8	1055	14771.896961676271	5048
8	1057	14798.099242218549	5042
8	1062	14851.278080185972	5044
8	1070	14935.321582364402	5050
8	1073	14973.099118496654	5046
8	1076	15015.03332671279	5051
8	1098	15475.319481662947	5053
8	1104	15509.728897447088	5056
8	1105	15527.956167103205	5058
8	1109	15588.779164704067	5060
8	1110	15591.131046731225	5055
8	1125	15816.862912548207	5061
8	1129	15892.377234845992	5059
8	1147	16155.293812873126	5062
8	1148	16159.171579212542	5067
8	1153	16220.558089627617	5063
8	1165	16340.57407344136	5066
8	1166	16343.743840188763	5068
8	1170	16379.197199736268	5069
8	1175	16433.82404196859	5071
8	1179	16447.724698943354	5073
8	1184	16516.1031911863	5070
8	1191	16558.850080277041	5072
8	1198	16631.067430194275	5075
8	1207	16704.630711122254	5079
8	1222	16833.389311808757	5081
8	1226	16872.690000260959	5083
8	1230	16918.92071794952	5080
8	1240	17036.019891415833	5084
8	1253	17202.793728145775	5085
8	1260	17284.42058412392	5089
8	1263	17317.698536455908	5090
8	1283	17676.214001603501	5094
8	1289	17739.930758813524	5093
8	1294	17821.813397834567	5099
8	1302	17908.920944587024	5096
8	1315	18029.117996051209	5097
8	1316	18033.338047100701	5103
8	1317	18033.994791504431	5100
8	1319	18079.311179611467	5105
8	1324	18112.20025416825	5098
8	1334	18219.012120029414	5107
8	1348	18441.004352390606	5108
8	1354	18525.314243087525	5109
8	1357	18556.568760174621	5111
8	1359	18570.137755625096	5110
8	1366	18660.202467371915	5112
8	1368	18689.963406114871	5113
8	1369	18694.426069402314	5114
8	1380	18863.091482869192	5115
8	1386	18948.383186860324	5117
8	1419	19420.687197473029	5120
8	1423	19477.284024925187	5121
8	1433	19585.608335512667	5126
8	1442	19747.298997381998	5129
8	1445	19795.748828608445	5130
8	1449	19856.759626106315	5127
8	1452	19943.22344005864	5131
9	111	1006.249345157004	0
9	112	1006.486748802596	0
9	130	1231.241024427439	0
9	131	1232.871556658984	0
9	138	1336.50076602931	0
9	144	1450.621687808997	0
9	147	1476.680862352515	0
9	160	1635.82329433386	0
9	164	1670.606264700045	0
9	179	1828.782650996467	0
9	202	2003.868392804839	0
9	208	2065.25510945834	0
9	210	2070.912423178171	0
9	215	2136.738203655266	0
9	228	2269.222645401399	0
9	244	2492.538710348599	0
9	246	2514.43022688514	0
9	251	2619.928036217923	0
9	252	2656.630167492055	0
9	263	3073.758893458344	0
9	264	3158.169880772825	0
9	270	3261.851923367088	0
9	271	3290.492926169617	0
9	280	3532.505290924615	0
9	290	3646.397457249814	0
9	295	3736.199575016029	0
9	316	3996.440002771117	0
9	323	4081.401565930966	0
9	340	4242.596518660528	0
9	348	4314.924108895059	0
9	361	4477.396498670635	0
9	364	4559.981515510128	0
9	382	5071.961325001911	0
9	383	5090.563324985112	0
9	386	5145.379436459521	0
9	391	5220.477989958108	0
9	409	5483.041124841816	0
9	420	5669.825162499051	0
9	425	5741.561412439921	0
9	429	5778.816515073954	0
9	432	5797.974766121116	0
9	435	5878.942660463359	0
9	436	5881.419610156258	0
9	460	6361.036844721843	0
9	464	6440.983616713333	0
9	484	6728.186909283816	0
9	491	6811.951240424705	0
9	497	6840.241398741845	0
9	504	6940.450299525457	0
9	506	6956.915402522294	0
9	508	7032.768945930649	0
9	518	7269.962618406642	0
9	521	7339.407432925324	0
9	528	7429.177476546211	0
9	543	7551.755843833298	0
9	559	7741.361048106381	0
9	564	7792.910524675076	0
9	565	7796.844290626806	0
9	570	7891.908272805145	0
9	589	8334.527650808461	0
9	597	8469.229761749752	0
9	600	8516.784824129267	0
9	602	8550.494743757932	0
9	603	8559.810737280095	0
9	607	8626.709118690581	0
9	610	8706.435778533814	0
9	630	9017.558149216244	0
9	639	9137.752673862798	0
9	657	9321.788606063813	0
9	658	9332.06782501979	0
9	664	9392.203228605577	0
9	671	9473.090471298368	0
9	686	9638.377099425316	0
9	688	9709.385542848892	0
9	694	9752.102226147661	0
9	702	9921.055183122537	0
9	704	9933.581729313501	0
9	710	10026.311742309374	0
9	725	10253.460407942939	0
9	726	10271.53605190068	0
9	729	10309.508954643573	0
9	745	10597.531861492411	0
9	754	10776.378757284441	0
9	756	10855.317225685492	0
9	775	11386.201194888555	0
9	778	11432.353459216601	0
9	779	11436.868272077205	0
9	783	11497.747610012006	0
9	791	11581.656746247462	0
9	802	11674.738665467489	0
9	803	11684.32030648572	0
9	810	11731.318848248774	0
9	814	11766.563366825896	0
9	823	11833.687030897656	0
9	825	11835.528756006816	0
9	826	11846.880328142336	0
9	830	11909.940826855816	0
9	832	11914.955745993456	0
9	833	11922.869697340384	0
9	850	12130.222106495049	0
9	855	12169.762750692948	0
9	880	12528.238687050036	0
9	893	12661.119928207788	0
9	897	12729.993149824728	0
9	908	12891.820335703598	0
9	909	12931.577876753581	0
9	930	13232.485580584933	0
9	935	13258.284270537282	0
9	937	13264.076952788159	0
9	945	13362.529180382454	0
9	947	13418.546044196559	0
9	948	13439.1678958592	0
9	950	13451.045193784053	0
9	963	13646.830669939777	0
9	964	13650.216876134289	0
9	972	13763.424315240551	0
9	974	13791.561768871884	0
9	978	13880.307646902356	0
9	982	13969.15972132546	0
9	996	14153.091841783584	0
9	1006	14258.175286746351	0
9	1010	14291.140518124008	0
9	1011	14323.279319508586	0
9	1014	14360.522682962166	0
9	1021	14425.19919546245	0
9	1037	14597.306486363824	0
9	1039	14629.317851188488	0
9	1043	14664.099118496654	0
9	1045	14693.17333083444	0
9	1059	14826.501402953443	0
9	1064	14874.896961676271	0
9	1071	14954.278080185972	0
9	1078	15038.321582364402	0
9	1106	15578.319481662947	0
9	1108	15583.377234845992	0
9	1112	15612.728897447088	0
9	1113	15630.956167103205	0
9	1116	15691.779164704067	0
9	1117	15694.131046731225	0
9	1128	15846.293812873126	0
9	1159	16262.171579212542	0
9	1163	16323.558089627617	0
9	1178	16446.743840188763	0
9	1186	16536.82404196859	0
9	1188	16542.48927374385	0
9	1190	16550.724698943354	0
9	1192	16591.77049081175	0
9	1199	16638.92099777671	0
9	1204	16661.850080277041	0
9	1210	16734.067430194275	0
9	1214	16751.332666727832	0
9	1219	16807.630711122254	0
9	1232	16936.389311808757	0
9	1234	16975.690000260959	0
9	1239	17021.92071794952	0
9	1249	17139.019891415833	0
9	1268	17387.42058412392	0
9	1269	17420.698536455908	0
9	1271	17430.930758813524	0
9	1284	17698.009197944942	0
9	1287	17720.117996051209	0
9	1290	17779.214001603501	0
9	1292	17803.20025416825	0
9	1303	17924.813397834567	0
9	1311	17997.478389973644	0
9	1313	18011.920944587024	0
9	1318	18077.180461575612	0
9	1329	18136.994791504431	0
9	1331	18182.311179611467	0
9	1332	18203.175838995181	0
9	1340	18322.012120029414	0
9	1356	18544.004352390606	0
9	1362	18628.314243087525	0
9	1364	18659.568760174621	0
9	1374	18763.202467371915	0
9	1375	18792.963406114871	0
9	1376	18797.426069402314	0
9	1388	18966.091482869192	0
9	1391	19045.125289449699	0
9	1392	19051.383186860324	0
9	1399	19168.252621173718	0
9	1412	19343.748268733135	0
9	1431	19580.284024925187	0
9	1439	19688.608335512667	0
9	1448	19850.298997381998	0
9	1450	19898.748828608445	0
9	1454	19959.759626106315	0
10	111	1006.249345157004	3
10	112	1006.486748802596	3
10	130	1231.241024427439	3
10	131	1232.871556658984	3
10	138	1336.50076602931	3
10	144	1450.621687808997	3
10	147	1476.680862352515	3
10	160	1635.82329433386	3
10	164	1670.606264700045	3
10	179	1828.782650996467	3
10	202	2003.868392804839	3
10	208	2065.25510945834	3
10	210	2070.912423178171	3
10	215	2136.738203655266	3
10	228	2269.222645401399	3
10	244	2492.538710348599	3
10	246	2514.43022688514	3
10	251	2619.928036217923	3
10	252	2656.630167492055	3
10	263	3073.758893458344	3
10	264	3158.169880772825	3
10	270	3261.851923367088	3
10	271	3290.492926169617	3
10	280	3532.505290924615	3
10	290	3646.397457249814	3
10	295	3736.199575016029	3
10	316	3996.440002771117	3
10	323	4081.401565930966	3
10	340	4242.596518660528	3
10	348	4314.924108895059	3
10	361	4477.396498670635	3
10	364	4559.981515510128	3
10	382	5071.961325001911	3
10	383	5090.563324985112	3
10	386	5145.379436459521	3
10	391	5220.477989958108	3
10	409	5483.041124841816	3
10	420	5669.825162499051	3
10	425	5741.561412439921	3
10	429	5778.816515073954	3
10	432	5797.974766121116	3
10	435	5878.942660463359	3
10	436	5881.419610156258	3
10	460	6361.036844721843	3
10	464	6440.983616713333	3
10	484	6728.186909283816	3
10	491	6811.951240424705	3
10	497	6840.241398741845	3
10	504	6940.450299525457	3
10	506	6956.915402522294	3
10	508	7032.768945930649	3
10	518	7269.962618406642	3
10	521	7339.407432925324	3
10	528	7429.177476546211	3
10	543	7551.755843833298	3
10	559	7741.361048106381	3
10	564	7792.910524675076	3
10	565	7796.844290626806	3
10	570	7891.908272805145	3
10	589	8334.527650808461	3
10	597	8469.229761749752	3
10	600	8516.784824129267	3
10	602	8550.494743757932	3
10	603	8559.810737280095	3
10	607	8626.709118690581	3
10	610	8706.435778533814	3
10	630	9017.558149216244	3
10	639	9137.752673862798	3
10	657	9321.788606063813	3
10	658	9332.06782501979	3
10	664	9392.203228605577	3
10	671	9473.090471298368	3
10	686	9638.377099425316	3
10	688	9709.385542848892	3
10	694	9752.102226147661	3
10	702	9921.055183122537	3
10	704	9933.581729313501	3
10	710	10026.311742309374	3
10	725	10253.460407942939	3
10	726	10271.53605190068	3
10	729	10309.508954643573	3
10	745	10597.531861492411	3
10	754	10776.378757284441	3
10	756	10855.317225685492	3
10	775	11386.201194888555	3
10	778	11432.353459216601	3
10	779	11436.868272077205	3
10	783	11497.747610012006	3
10	791	11581.656746247462	3
10	802	11674.738665467489	3
10	803	11684.32030648572	3
10	810	11731.318848248774	3
10	814	11766.563366825896	3
10	823	11833.687030897656	3
10	825	11835.528756006816	3
10	826	11846.880328142336	3
10	830	11909.940826855816	3
10	832	11914.955745993456	3
10	833	11922.869697340384	3
10	850	12130.222106495049	3
10	855	12169.762750692948	3
10	880	12528.238687050036	3
10	893	12661.119928207788	3
10	897	12729.993149824728	3
10	908	12891.820335703598	3
10	909	12931.577876753581	3
10	930	13232.485580584933	3
10	935	13258.284270537282	3
10	937	13264.076952788159	3
10	945	13362.529180382454	3
10	947	13418.546044196559	3
10	948	13439.1678958592	3
10	950	13451.045193784053	3
10	963	13646.830669939777	3
10	964	13650.216876134289	3
10	972	13763.424315240551	3
10	974	13791.561768871884	3
10	978	13880.307646902356	3
10	982	13969.15972132546	3
10	996	14153.091841783584	3
10	1006	14258.175286746351	3
10	1010	14291.140518124008	3
10	1011	14323.279319508586	3
10	1014	14360.522682962166	3
10	1021	14425.19919546245	3
10	1037	14597.306486363824	3
10	1039	14629.317851188488	3
10	1043	14664.099118496654	3
10	1045	14693.17333083444	3
10	1059	14826.501402953443	3
10	1064	14874.896961676271	3
10	1071	14954.278080185972	3
10	1078	15038.321582364402	3
10	1106	15578.319481662947	3
10	1108	15583.377234845992	3
10	1112	15612.728897447088	3
10	1113	15630.956167103205	3
10	1116	15691.779164704067	3
10	1117	15694.131046731225	3
10	1128	15846.293812873126	3
10	1159	16262.171579212542	3
10	1163	16323.558089627617	3
10	1178	16446.743840188763	3
10	1186	16536.82404196859	3
10	1188	16542.48927374385	3
10	1190	16550.724698943354	3
10	1192	16591.77049081175	3
10	1199	16638.92099777671	3
10	1204	16661.850080277041	3
10	1210	16734.067430194275	3
10	1214	16751.332666727832	3
10	1219	16807.630711122254	3
10	1232	16936.389311808757	3
10	1234	16975.690000260959	3
10	1239	17021.92071794952	3
10	1249	17139.019891415833	3
10	1268	17387.42058412392	3
10	1269	17420.698536455908	3
10	1271	17430.930758813524	3
10	1284	17698.009197944942	3
10	1287	17720.117996051209	3
10	1290	17779.214001603501	3
10	1292	17803.20025416825	3
10	1303	17924.813397834567	3
10	1311	17997.478389973644	3
10	1313	18011.920944587024	3
10	1318	18077.180461575612	3
10	1329	18136.994791504431	3
10	1331	18182.311179611467	3
10	1332	18203.175838995181	3
10	1340	18322.012120029414	3
10	1356	18544.004352390606	3
10	1362	18628.314243087525	3
10	1364	18659.568760174621	3
10	1374	18763.202467371915	3
10	1375	18792.963406114871	3
10	1376	18797.426069402314	3
10	1388	18966.091482869192	3
10	1391	19045.125289449699	3
10	1392	19051.383186860324	3
10	1399	19168.252621173718	3
10	1412	19343.748268733135	3
10	1431	19580.284024925187	3
10	1439	19688.608335512667	3
10	1448	19850.298997381998	3
10	1450	19898.748828608445	3
10	1454	19959.759626106315	3
11	111	1006.249345157004	4839
11	112	1006.486748802596	4838
11	130	1231.241024427439	4848
11	131	1232.871556658984	4844
11	138	1336.50076602931	4850
11	144	1450.621687808997	4849
11	147	1476.680862352515	4851
11	160	1635.82329433386	4856
11	164	1670.606264700045	4853
11	179	1828.782650996467	4855
11	202	2003.868392804839	4859
11	208	2065.25510945834	4862
11	210	2070.912423178171	4863
11	215	2136.738203655266	4861
11	228	2269.222645401399	4868
11	244	2492.538710348599	4872
11	246	2514.43022688514	4871
11	251	2619.928036217923	4873
11	252	2656.630167492055	4874
11	263	3073.758893458344	4875
11	264	3158.169880772825	4876
11	270	3261.851923367088	4877
11	271	3290.492926169617	4878
11	280	3532.505290924615	4879
11	290	3646.397457249814	4881
11	295	3736.199575016029	4883
11	316	3996.440002771117	4889
11	323	4081.401565930966	4892
11	340	4242.596518660528	4890
11	348	4314.924108895059	4896
11	361	4477.396498670635	4898
11	364	4559.981515510128	4899
11	382	5071.961325001911	4902
11	383	5090.563324985112	4905
11	386	5145.379436459521	4904
11	391	5220.477989958108	4903
11	409	5483.041124841816	4908
11	420	5669.825162499051	4912
11	425	5741.561412439921	4911
11	429	5778.816515073954	4914
11	432	5797.974766121116	4909
11	435	5878.942660463359	4915
11	436	5881.419610156258	4913
11	460	6361.036844721843	4917
11	464	6440.983616713333	4919
11	484	6728.186909283816	4925
11	491	6811.951240424705	4921
11	497	6840.241398741845	4927
11	504	6940.450299525457	4926
11	506	6956.915402522294	4929
11	508	7032.768945930649	4928
11	518	7269.962618406642	4930
11	521	7339.407432925324	4931
11	528	7429.177476546211	4933
11	543	7551.755843833298	4939
11	559	7741.361048106381	4940
11	564	7792.910524675076	4941
11	565	7796.844290626806	4935
11	570	7891.908272805145	4942
11	589	8334.527650808461	4945
11	597	8469.229761749752	4949
11	600	8516.784824129267	4947
11	602	8550.494743757932	4950
11	603	8559.810737280095	4948
11	607	8626.709118690581	4952
11	610	8706.435778533814	4951
11	630	9017.558149216244	4954
11	639	9137.752673862798	4955
11	657	9321.788606063813	4962
11	658	9332.06782501979	4960
11	664	9392.203228605577	4963
11	671	9473.090471298368	4959
11	686	9638.377099425316	4966
11	688	9709.385542848892	4967
11	694	9752.102226147661	4969
11	702	9921.055183122537	4970
11	704	9933.581729313501	4972
11	710	10026.311742309374	4971
11	725	10253.460407942939	4973
11	726	10271.53605190068	4974
11	729	10309.508954643573	4977
11	745	10597.531861492411	4979
11	754	10776.378757284441	4981
11	756	10855.317225685492	4982
11	775	11386.201194888555	4985
11	778	11432.353459216601	4984
11	779	11436.868272077205	4987
11	783	11497.747610012006	4986
11	791	11581.656746247462	4988
11	802	11674.738665467489	4993
11	803	11684.32030648572	4994
11	810	11731.318848248774	4989
11	814	11766.563366825896	4990
11	823	11833.687030897656	4996
11	825	11835.528756006816	4997
11	826	11846.880328142336	5000
11	830	11909.940826855816	4998
11	832	11914.955745993456	4999
11	833	11922.869697340384	4991
11	850	12130.222106495049	5001
11	855	12169.762750692948	5002
11	880	12528.238687050036	5007
11	893	12661.119928207788	5009
11	897	12729.993149824728	5013
11	908	12891.820335703598	5012
11	909	12931.577876753581	5014
11	930	13232.485580584933	5018
11	935	13258.284270537282	5019
11	937	13264.076952788159	5016
11	945	13362.529180382454	5020
11	947	13418.546044196559	5021
11	948	13439.1678958592	5022
11	950	13451.045193784053	5023
11	963	13646.830669939777	5026
11	964	13650.216876134289	5025
11	972	13763.424315240551	5028
11	974	13791.561768871884	5027
11	978	13880.307646902356	5029
11	982	13969.15972132546	5030
11	996	14153.091841783584	5031
11	1006	14258.175286746351	5034
11	1010	14291.140518124008	5037
11	1011	14323.279319508586	5035
11	1014	14360.522682962166	5033
11	1021	14425.19919546245	5039
11	1037	14597.306486363824	5040
11	1039	14629.317851188488	5043
11	1043	14664.099118496654	5046
11	1045	14693.17333083444	5041
11	1059	14826.501402953443	5047
11	1064	14874.896961676271	5048
11	1071	14954.278080185972	5044
11	1078	15038.321582364402	5050
11	1106	15578.319481662947	5053
11	1108	15583.377234845992	5059
11	1112	15612.728897447088	5056
11	1113	15630.956167103205	5058
11	1116	15691.779164704067	5060
11	1117	15694.131046731225	5055
11	1128	15846.293812873126	5062
11	1159	16262.171579212542	5067
11	1163	16323.558089627617	5063
11	1178	16446.743840188763	5068
11	1186	16536.82404196859	5071
11	1188	16542.48927374385	5076
11	1190	16550.724698943354	5073
11	1192	16591.77049081175	5077
11	1199	16638.92099777671	5078
11	1204	16661.850080277041	5072
11	1210	16734.067430194275	5075
11	1214	16751.332666727832	5082
11	1219	16807.630711122254	5079
11	1232	16936.389311808757	5081
11	1234	16975.690000260959	5083
11	1239	17021.92071794952	5080
11	1249	17139.019891415833	5084
11	1268	17387.42058412392	5089
11	1269	17420.698536455908	5090
11	1271	17430.930758813524	5093
11	1284	17698.009197944942	5095
11	1287	17720.117996051209	5097
11	1290	17779.214001603501	5094
11	1292	17803.20025416825	5098
11	1303	17924.813397834567	5099
11	1311	17997.478389973644	5102
11	1313	18011.920944587024	5096
11	1318	18077.180461575612	5104
11	1329	18136.994791504431	5100
11	1331	18182.311179611467	5105
11	1332	18203.175838995181	5106
11	1340	18322.012120029414	5107
11	1356	18544.004352390606	5108
11	1362	18628.314243087525	5109
11	1364	18659.568760174621	5111
11	1374	18763.202467371915	5112
11	1375	18792.963406114871	5113
11	1376	18797.426069402314	5114
11	1388	18966.091482869192	5115
11	1391	19045.125289449699	5118
11	1392	19051.383186860324	5117
11	1399	19168.252621173718	5119
11	1412	19343.748268733135	5123
11	1431	19580.284024925187	5121
11	1439	19688.608335512667	5126
11	1448	19850.298997381998	5129
11	1450	19898.748828608445	5130
11	1454	19959.759626106315	5127
12	125	1135.783963900934	203
12	142	1438.871556658984	512
12	162	1656.621687808997	512
12	204	2034.782650996467	512
12	229	2276.912423178171	409
12	243	2475.222645401399	409
12	372	4765.981515510128	306
12	448	6087.419610156258	409
12	473	6567.036844721843	409
12	501	6934.186909283816	306
12	514	7162.915402522294	306
12	534	7475.962618406642	512
12	542	7545.407432925324	409
12	562	7757.755843833298	306
12	678	9527.788606063813	306
12	680	9538.06782501979	409
12	701	9915.385542848892	409
12	718	10139.581729313501	409
12	739	10459.460407942939	512
12	755	10803.531861492411	512
12	793	11592.201194888555	512
12	817	11787.656746247462	512
12	849	12115.940826855816	409
12	864	12336.222106495049	512
12	921	13097.820335703598	512
12	993	14086.307646902356	409
12	1002	14202.880856896542	203
12	1013	14359.091841783584	409
12	1053	14757.740292968283	203
12	1212	16742.82404196859	512
12	1218	16797.77049081175	306
12	1266	17345.019891415833	512
12	1377	18834.314243087525	512
12	1390	19003.426069402314	512
13	125	1135.783963900934	3
13	142	1438.871556658984	12
13	162	1656.621687808997	12
13	204	2034.782650996467	12
13	229	2276.912423178171	9
13	243	2475.222645401399	9
13	372	4765.981515510128	6
13	448	6087.419610156258	9
13	473	6567.036844721843	9
13	501	6934.186909283816	6
13	514	7162.915402522294	6
13	534	7475.962618406642	12
13	542	7545.407432925324	9
13	562	7757.755843833298	6
13	678	9527.788606063813	6
13	680	9538.06782501979	9
13	701	9915.385542848892	9
13	718	10139.581729313501	9
13	739	10459.460407942939	12
13	755	10803.531861492411	12
13	793	11592.201194888555	12
13	817	11787.656746247462	12
13	849	12115.940826855816	9
13	864	12336.222106495049	12
13	921	13097.820335703598	12
13	993	14086.307646902356	9
13	1002	14202.880856896542	3
13	1013	14359.091841783584	9
13	1053	14757.740292968283	3
13	1212	16742.82404196859	12
13	1218	16797.77049081175	6
13	1266	17345.019891415833	12
13	1377	18834.314243087525	12
13	1390	19003.426069402314	12
14	125	1135.783963900934	1
14	142	1438.871556658984	4
14	162	1656.621687808997	4
14	204	2034.782650996467	4
14	229	2276.912423178171	3
14	243	2475.222645401399	3
14	372	4765.981515510128	2
14	448	6087.419610156258	3
14	473	6567.036844721843	3
14	501	6934.186909283816	2
14	514	7162.915402522294	2
14	534	7475.962618406642	4
14	542	7545.407432925324	3
14	562	7757.755843833298	2
14	678	9527.788606063813	2
14	680	9538.06782501979	3
14	701	9915.385542848892	3
14	718	10139.581729313501	3
14	739	10459.460407942939	4
14	755	10803.531861492411	4
14	793	11592.201194888555	4
14	817	11787.656746247462	4
14	849	12115.940826855816	3
14	864	12336.222106495049	4
14	921	13097.820335703598	4
14	993	14086.307646902356	3
14	1002	14202.880856896542	1
14	1013	14359.091841783584	3
14	1053	14757.740292968283	1
14	1212	16742.82404196859	4
14	1218	16797.77049081175	2
14	1266	17345.019891415833	4
14	1377	18834.314243087525	4
14	1390	19003.426069402314	4
15	127	1158.964982048525	306
15	161	1645.50076602931	409
15	198	1979.606264700045	512
15	200	1993.365928026603	306
15	241	2437.519265607019	203
15	297	3758.946853720693	306
15	311	3955.397457249814	512
15	317	4003.306804607342	203
15	356	4401.531029594888	306
15	408	5454.379436459521	512
15	431	5792.041124841816	512
15	444	6050.561412439921	512
15	449	6087.816515073954	409
15	482	6661.550691345278	306
15	489	6749.983616713333	512
15	490	6752.848865446632	203
15	580	8050.361048106381	512
15	617	8825.784824129267	512
15	629	9015.435778533814	512
15	737	10419.806175416622	306
15	831	11910.497969035253	306
15	911	12970.119928207788	512
15	966	13671.529180382454	512
15	1075	15002.17333083444	512
15	1084	15160.352521942229	203
15	1111	15593.14129308735	203
15	1150	16203.148018557915	203
15	1243	17060.332666727832	409
15	1247	17116.584009438435	203
15	1262	17311.84835572895	306
15	1320	18084.691744397519	203
15	1393	19066.191627516627	306
15	1422	19477.252621173718	409
15	1426	19509.592305765613	306
15	1430	19564.56644245601	306
15	1432	19581.669915612025	306
16	127	1158.964982048525	6
16	161	1645.50076602931	9
16	198	1979.606264700045	12
16	200	1993.365928026603	6
16	241	2437.519265607019	3
16	297	3758.946853720693	6
16	311	3955.397457249814	12
16	317	4003.306804607342	3
16	356	4401.531029594888	6
16	408	5454.379436459521	12
16	431	5792.041124841816	12
16	444	6050.561412439921	12
16	449	6087.816515073954	9
16	482	6661.550691345278	6
16	489	6749.983616713333	12
16	490	6752.848865446632	3
16	580	8050.361048106381	12
16	617	8825.784824129267	12
16	629	9015.435778533814	12
16	737	10419.806175416622	6
16	831	11910.497969035253	6
16	911	12970.119928207788	12
16	966	13671.529180382454	12
16	1075	15002.17333083444	12
16	1084	15160.352521942229	3
16	1111	15593.14129308735	3
16	1150	16203.148018557915	3
16	1243	17060.332666727832	9
16	1247	17116.584009438435	3
16	1262	17311.84835572895	6
16	1320	18084.691744397519	3
16	1393	19066.191627516627	6
16	1422	19477.252621173718	9
16	1426	19509.592305765613	6
16	1430	19564.56644245601	6
16	1432	19581.669915612025	6
17	127	1158.964982048525	2
17	161	1645.50076602931	3
17	198	1979.606264700045	4
17	200	1993.365928026603	2
17	241	2437.519265607019	1
17	297	3758.946853720693	2
17	311	3955.397457249814	4
17	317	4003.306804607342	1
17	356	4401.531029594888	2
17	408	5454.379436459521	4
17	431	5792.041124841816	4
17	444	6050.561412439921	4
17	449	6087.816515073954	3
17	482	6661.550691345278	2
17	489	6749.983616713333	4
17	490	6752.848865446632	1
17	580	8050.361048106381	4
17	617	8825.784824129267	4
17	629	9015.435778533814	4
17	737	10419.806175416622	2
17	831	11910.497969035253	2
17	911	12970.119928207788	4
17	966	13671.529180382454	4
17	1075	15002.17333083444	4
17	1084	15160.352521942229	1
17	1111	15593.14129308735	1
17	1150	16203.148018557915	1
17	1243	17060.332666727832	3
17	1247	17116.584009438435	1
17	1262	17311.84835572895	2
17	1320	18084.691744397519	1
17	1393	19066.191627516627	2
17	1422	19477.252621173718	3
17	1426	19509.592305765613	2
17	1430	19564.56644245601	2
17	1432	19581.669915612025	2
18	129	1207.712234459364	203
18	151	1540.241024427439	512
18	175	1784.079786983474	306
18	319	4026.627171668647	306
18	321	4045.199575016029	512
18	354	4390.401565930966	409
18	401	5380.961325001911	512
18	403	5399.563324985112	409
18	452	6187.942660463359	409
18	522	7341.768945930649	512
18	545	7589.850360412272	306
18	553	7670.042108087441	306
18	560	7742.886887533306	306
18	698	9825.421654359827	306
18	713	10061.102226147661	409
18	838	11983.738665467489	409
18	851	12142.687030897656	512
18	852	12144.528756006816	512
18	854	12155.880328142336	409
18	876	12478.762750692948	409
18	932	13240.577876753581	409
18	959	13560.713864620688	306
18	969	13727.546044196559	512
18	992	14072.424315240551	409
18	1034	14581.472307803986	306
18	1051	14734.19919546245	409
18	1091	15347.321582364402	512
18	1107	15583.164818698169	306
18	1136	16000.779164704067	512
18	1162	16323.494208990728	306
18	1194	16611.647987787131	203
18	1270	17421.472724141698	203
18	1276	17563.235544671687	306
18	1321	18088.214001603501	512
18	1413	19354.125289449699	409
18	1437	19652.748268733135	409
18	1451	19919.162473386325	306
19	129	1207.712234459364	3
19	151	1540.241024427439	12
19	175	1784.079786983474	6
19	319	4026.627171668647	6
19	321	4045.199575016029	12
19	354	4390.401565930966	9
19	401	5380.961325001911	12
19	403	5399.563324985112	9
19	452	6187.942660463359	9
19	522	7341.768945930649	12
19	545	7589.850360412272	6
19	553	7670.042108087441	6
19	560	7742.886887533306	6
19	698	9825.421654359827	6
19	713	10061.102226147661	9
19	838	11983.738665467489	9
19	851	12142.687030897656	12
19	852	12144.528756006816	12
19	854	12155.880328142336	9
19	876	12478.762750692948	9
19	932	13240.577876753581	9
19	959	13560.713864620688	6
19	969	13727.546044196559	12
19	992	14072.424315240551	9
19	1034	14581.472307803986	6
19	1051	14734.19919546245	9
19	1091	15347.321582364402	12
19	1107	15583.164818698169	6
19	1136	16000.779164704067	12
19	1162	16323.494208990728	6
19	1194	16611.647987787131	3
19	1270	17421.472724141698	3
19	1276	17563.235544671687	6
19	1321	18088.214001603501	12
19	1413	19354.125289449699	9
19	1437	19652.748268733135	9
19	1451	19919.162473386325	6
20	129	1207.712234459364	1
20	151	1540.241024427439	4
20	175	1784.079786983474	2
20	319	4026.627171668647	2
20	321	4045.199575016029	4
20	354	4390.401565930966	3
20	401	5380.961325001911	4
20	403	5399.563324985112	3
20	452	6187.942660463359	3
20	522	7341.768945930649	4
20	545	7589.850360412272	2
20	553	7670.042108087441	2
20	560	7742.886887533306	2
20	698	9825.421654359827	2
20	713	10061.102226147661	3
20	838	11983.738665467489	3
20	851	12142.687030897656	4
20	852	12144.528756006816	4
20	854	12155.880328142336	3
20	876	12478.762750692948	3
20	932	13240.577876753581	3
20	959	13560.713864620688	2
20	969	13727.546044196559	4
20	992	14072.424315240551	3
20	1034	14581.472307803986	2
20	1051	14734.19919546245	3
20	1091	15347.321582364402	4
20	1107	15583.164818698169	2
20	1136	16000.779164704067	4
20	1162	16323.494208990728	2
20	1194	16611.647987787131	1
20	1270	17421.472724141698	1
20	1276	17563.235544671687	2
20	1321	18088.214001603501	4
20	1413	19354.125289449699	3
20	1437	19652.748268733135	3
20	1451	19919.162473386325	2
21	135	1277.848835799614	306
21	233	2304.164201714568	409
21	289	3638.496776595914	203
21	351	4352.319045647188	203
21	352	4367.874484282204	409
21	368	4646.595540944761	409
21	376	4917.520885160465	306
21	412	5528.425695753067	409
21	426	5751.406787063775	306
21	446	6081.825162499051	512
21	566	7844.104413089363	409
21	598	8501.521358395559	409
21	645	9193.096022070037	409
21	650	9266.450253704506	409
21	667	9396.998412465965	409
21	683	9600.327301759816	306
21	724	10226.085598134608	203
21	751	10713.789088533567	409
21	760	10972.769996360011	306
21	848	12096.32030648572	512
21	884	12563.292371222089	409
21	889	12619.227882229441	409
21	901	12776.183840812359	306
21	1017	14381.15972132546	512
21	1132	15919.862912548207	203
21	1134	15995.377234845992	512
21	1158	16258.293812873126	512
21	1177	16443.57407344136	409
21	1181	16482.197199736268	306
21	1327	18132.117996051209	512
21	1333	18215.20025416825	512
21	1367	18673.137755625096	306
22	135	1277.848835799614	6
22	233	2304.164201714568	9
22	289	3638.496776595914	3
22	351	4352.319045647188	3
22	352	4367.874484282204	9
22	368	4646.595540944761	9
22	376	4917.520885160465	6
22	412	5528.425695753067	9
22	426	5751.406787063775	6
22	446	6081.825162499051	12
22	566	7844.104413089363	9
22	598	8501.521358395559	9
22	645	9193.096022070037	9
22	650	9266.450253704506	9
22	667	9396.998412465965	9
22	683	9600.327301759816	6
22	724	10226.085598134608	3
22	751	10713.789088533567	9
22	760	10972.769996360011	6
22	848	12096.32030648572	12
22	884	12563.292371222089	9
22	889	12619.227882229441	9
22	901	12776.183840812359	6
22	1017	14381.15972132546	12
22	1132	15919.862912548207	3
22	1134	15995.377234845992	12
22	1158	16258.293812873126	12
22	1177	16443.57407344136	9
22	1181	16482.197199736268	6
22	1327	18132.117996051209	12
22	1333	18215.20025416825	12
22	1367	18673.137755625096	6
23	135	1277.848835799614	2
23	233	2304.164201714568	3
23	289	3638.496776595914	1
23	351	4352.319045647188	1
23	352	4367.874484282204	3
23	368	4646.595540944761	3
23	376	4917.520885160465	2
23	412	5528.425695753067	3
23	426	5751.406787063775	2
23	446	6081.825162499051	4
23	566	7844.104413089363	3
23	598	8501.521358395559	3
23	645	9193.096022070037	3
23	650	9266.450253704506	3
23	667	9396.998412465965	3
23	683	9600.327301759816	2
23	724	10226.085598134608	1
23	751	10713.789088533567	3
23	760	10972.769996360011	2
23	848	12096.32030648572	4
23	884	12563.292371222089	3
23	889	12619.227882229441	3
23	901	12776.183840812359	2
23	1017	14381.15972132546	4
23	1132	15919.862912548207	1
23	1134	15995.377234845992	4
23	1158	16258.293812873126	4
23	1177	16443.57407344136	3
23	1181	16482.197199736268	2
23	1327	18132.117996051209	4
23	1333	18215.20025416825	4
23	1367	18673.137755625096	2
24	173	1766.173959865826	306
24	206	2047.82329433386	512
24	217	2166.106258311599	409
24	227	2247.218744617708	203
24	230	2281.338248851406	409
24	232	2292.808252461275	409
24	292	3702.492926169617	512
24	318	4017.415020333889	409
24	333	4189.597264880321	306
24	345	4295.339958496633	409
24	355	4396.266147849477	306
24	357	4408.440002771117	512
24	370	4694.465839486724	203
24	411	5503.450372672629	306
24	461	6363.864151213418	306
24	502	6937.573861484563	409
24	503	6938.368410740376	409
24	557	7694.386724472409	306
24	584	8187.823363149234	306
24	626	8962.494743757932	512
24	661	9355.607311422429	306
24	674	9496.541072277574	203
24	682	9583.956222370192	409
24	813	11752.863644699916	203
24	881	12549.970299750405	306
24	895	12684.903830740733	409
24	905	12859.026157562038	306
24	927	13184.774202606318	306
24	938	13302.242138637317	306
24	990	14058.830669939777	512
24	1025	14487.118174862934	306
24	1066	14901.099242218549	409
24	1081	15076.099118496654	512
24	1082	15118.03332671279	203
24	1196	16619.1031911863	409
24	1261	17305.793728145775	409
24	1297	17842.930758813524	512
24	1328	18136.338047100701	203
24	1427	19523.687197473029	409
25	173	1766.173959865826	6
25	206	2047.82329433386	12
25	217	2166.106258311599	9
25	227	2247.218744617708	3
25	230	2281.338248851406	9
25	232	2292.808252461275	9
25	292	3702.492926169617	12
25	318	4017.415020333889	9
25	333	4189.597264880321	6
25	345	4295.339958496633	9
25	355	4396.266147849477	6
25	357	4408.440002771117	12
25	370	4694.465839486724	3
25	411	5503.450372672629	6
25	461	6363.864151213418	6
25	502	6937.573861484563	9
25	503	6938.368410740376	9
25	557	7694.386724472409	6
25	584	8187.823363149234	6
25	626	8962.494743757932	12
25	661	9355.607311422429	6
25	674	9496.541072277574	3
25	682	9583.956222370192	9
25	813	11752.863644699916	3
25	881	12549.970299750405	6
25	895	12684.903830740733	9
25	905	12859.026157562038	6
25	927	13184.774202606318	6
25	938	13302.242138637317	6
25	990	14058.830669939777	12
25	1025	14487.118174862934	6
25	1066	14901.099242218549	9
25	1081	15076.099118496654	12
25	1082	15118.03332671279	3
25	1196	16619.1031911863	9
25	1261	17305.793728145775	9
25	1297	17842.930758813524	12
25	1328	18136.338047100701	3
25	1427	19523.687197473029	9
26	173	1766.173959865826	2
26	206	2047.82329433386	4
26	217	2166.106258311599	3
26	227	2247.218744617708	1
26	230	2281.338248851406	3
26	232	2292.808252461275	3
26	292	3702.492926169617	4
26	318	4017.415020333889	3
26	333	4189.597264880321	2
26	345	4295.339958496633	3
26	355	4396.266147849477	2
26	357	4408.440002771117	4
26	370	4694.465839486724	1
26	411	5503.450372672629	2
26	461	6363.864151213418	2
26	502	6937.573861484563	3
26	503	6938.368410740376	3
26	557	7694.386724472409	2
26	584	8187.823363149234	2
26	626	8962.494743757932	4
26	661	9355.607311422429	2
26	674	9496.541072277574	1
26	682	9583.956222370192	3
26	813	11752.863644699916	1
26	881	12549.970299750405	2
26	895	12684.903830740733	3
26	905	12859.026157562038	2
26	927	13184.774202606318	2
26	938	13302.242138637317	2
26	990	14058.830669939777	4
26	1025	14487.118174862934	2
26	1066	14901.099242218549	3
26	1081	15076.099118496654	4
26	1082	15118.03332671279	1
26	1196	16619.1031911863	3
26	1261	17305.793728145775	3
26	1297	17842.930758813524	4
26	1328	18136.338047100701	1
26	1427	19523.687197473029	3
27	122	1109.486748802596	512
27	219	2168.25510945834	306
27	226	2239.738203655266	409
27	250	2617.43022688514	306
27	255	2759.630167492055	306
27	288	3635.505290924615	409
27	358	4417.924108895059	203
27	499	6914.951240424705	512
27	505	6943.241398741845	306
27	538	7532.177476546211	203
27	572	7899.844290626806	512
27	594	8437.527650808461	512
27	609	8662.810737280095	306
27	673	9495.203228605577	203
27	681	9576.090471298368	512
27	693	9741.377099425316	409
27	758	10879.378757284441	306
27	794	11600.747610012006	409
27	824	11834.318848248774	512
27	827	11869.563366825896	409
27	841	12017.955745993456	306
27	955	13542.1678958592	306
27	958	13554.045193784053	306
27	1015	14361.175286746351	306
27	1019	14394.140518124008	203
27	1022	14426.279319508586	306
27	1050	14732.317851188488	203
27	1074	14977.896961676271	306
27	1114	15681.319481662947	512
27	1124	15797.131046731225	512
27	1169	16365.171579212542	306
27	1189	16549.743840188763	409
27	1244	17078.690000260959	409
27	1274	17523.698536455908	306
27	1314	18027.813397834567	306
27	1325	18114.920944587024	512
27	1336	18239.994791504431	409
27	1363	18647.004352390606	409
27	1398	19154.383186860324	306
27	1453	19953.298997381998	306
28	122	1109.486748802596	12
28	219	2168.25510945834	6
28	226	2239.738203655266	9
28	250	2617.43022688514	6
28	255	2759.630167492055	6
28	288	3635.505290924615	9
28	358	4417.924108895059	3
28	499	6914.951240424705	12
28	505	6943.241398741845	6
28	538	7532.177476546211	3
28	572	7899.844290626806	12
28	594	8437.527650808461	12
28	609	8662.810737280095	6
28	673	9495.203228605577	3
28	681	9576.090471298368	12
28	693	9741.377099425316	9
28	758	10879.378757284441	6
28	794	11600.747610012006	9
28	824	11834.318848248774	12
28	827	11869.563366825896	9
28	841	12017.955745993456	6
28	955	13542.1678958592	6
28	958	13554.045193784053	6
28	1015	14361.175286746351	6
28	1019	14394.140518124008	3
28	1022	14426.279319508586	6
28	1050	14732.317851188488	3
28	1074	14977.896961676271	6
28	1114	15681.319481662947	12
28	1124	15797.131046731225	12
28	1169	16365.171579212542	6
28	1189	16549.743840188763	9
28	1244	17078.690000260959	9
28	1274	17523.698536455908	6
28	1314	18027.813397834567	6
28	1325	18114.920944587024	12
28	1336	18239.994791504431	9
28	1363	18647.004352390606	9
28	1398	19154.383186860324	6
28	1453	19953.298997381998	6
29	122	1109.486748802596	4
29	219	2168.25510945834	2
29	226	2239.738203655266	3
29	250	2617.43022688514	2
29	255	2759.630167492055	2
29	288	3635.505290924615	3
29	358	4417.924108895059	1
29	499	6914.951240424705	4
29	505	6943.241398741845	2
29	538	7532.177476546211	1
29	572	7899.844290626806	4
29	594	8437.527650808461	4
29	609	8662.810737280095	2
29	673	9495.203228605577	1
29	681	9576.090471298368	4
29	693	9741.377099425316	3
29	758	10879.378757284441	2
29	794	11600.747610012006	3
29	824	11834.318848248774	4
29	827	11869.563366825896	3
29	841	12017.955745993456	2
29	955	13542.1678958592	2
29	958	13554.045193784053	2
29	1015	14361.175286746351	2
29	1019	14394.140518124008	1
29	1022	14426.279319508586	2
29	1050	14732.317851188488	1
29	1074	14977.896961676271	2
29	1114	15681.319481662947	4
29	1124	15797.131046731225	4
29	1169	16365.171579212542	2
29	1189	16549.743840188763	3
29	1244	17078.690000260959	3
29	1274	17523.698536455908	2
29	1314	18027.813397834567	2
29	1325	18114.920944587024	4
29	1336	18239.994791504431	3
29	1363	18647.004352390606	3
29	1398	19154.383186860324	2
29	1453	19953.298997381998	2
30	121	1109.249345157004	409
30	249	2595.538710348599	203
30	254	2722.928036217923	306
30	266	3176.758893458344	512
30	269	3261.169880772825	409
30	273	3364.851923367088	306
30	350	4345.596518660528	409
30	365	4580.396498670635	203
30	438	5900.974766121116	512
30	509	7043.450299525457	409
30	577	7994.908272805145	306
30	604	8572.229761749752	203
30	612	8729.709118690581	203
30	637	9120.558149216244	306
30	709	10024.055183122537	306
30	717	10129.311742309374	409
30	759	10958.317225685492	306
30	786	11535.353459216601	512
30	787	11539.868272077205	306
30	842	12025.869697340384	512
30	904	12832.993149824728	203
30	940	13335.485580584933	306
30	946	13367.076952788159	409
30	971	13753.216876134289	306
30	1023	14463.522682962166	409
30	1079	15057.278080185972	512
30	1173	16426.558089627617	512
30	1216	16764.850080277041	512
30	1223	16837.067430194275	409
30	1248	17124.92071794952	512
30	1291	17801.009197944942	203
30	1322	18100.478389973644	203
30	1382	18866.202467371915	409
30	1438	19683.284024925187	512
30	1444	19791.608335512667	306
31	121	1109.249345157004	9
31	249	2595.538710348599	3
31	254	2722.928036217923	6
31	266	3176.758893458344	12
31	269	3261.169880772825	9
31	273	3364.851923367088	6
31	350	4345.596518660528	9
31	365	4580.396498670635	3
31	438	5900.974766121116	12
31	509	7043.450299525457	9
31	577	7994.908272805145	6
31	604	8572.229761749752	3
31	612	8729.709118690581	3
31	637	9120.558149216244	6
31	709	10024.055183122537	6
31	717	10129.311742309374	9
31	759	10958.317225685492	6
31	786	11535.353459216601	12
31	787	11539.868272077205	6
31	842	12025.869697340384	12
31	904	12832.993149824728	3
31	940	13335.485580584933	6
31	946	13367.076952788159	9
31	971	13753.216876134289	6
31	1023	14463.522682962166	9
31	1079	15057.278080185972	12
31	1173	16426.558089627617	12
31	1216	16764.850080277041	12
31	1223	16837.067430194275	9
31	1248	17124.92071794952	12
31	1291	17801.009197944942	3
31	1322	18100.478389973644	3
31	1382	18866.202467371915	9
31	1438	19683.284024925187	12
31	1444	19791.608335512667	6
32	121	1109.249345157004	3
32	249	2595.538710348599	1
32	254	2722.928036217923	2
32	266	3176.758893458344	4
32	269	3261.169880772825	3
32	273	3364.851923367088	2
32	350	4345.596518660528	3
32	365	4580.396498670635	1
32	438	5900.974766121116	4
32	509	7043.450299525457	3
32	577	7994.908272805145	2
32	604	8572.229761749752	1
32	612	8729.709118690581	1
32	637	9120.558149216244	2
32	709	10024.055183122537	2
32	717	10129.311742309374	3
32	759	10958.317225685492	2
32	786	11535.353459216601	4
32	787	11539.868272077205	2
32	842	12025.869697340384	4
32	904	12832.993149824728	1
32	940	13335.485580584933	2
32	946	13367.076952788159	3
32	971	13753.216876134289	2
32	1023	14463.522682962166	3
32	1079	15057.278080185972	4
32	1173	16426.558089627617	4
32	1216	16764.850080277041	4
32	1223	16837.067430194275	3
32	1248	17124.92071794952	4
32	1291	17801.009197944942	1
32	1322	18100.478389973644	1
32	1382	18866.202467371915	3
32	1438	19683.284024925187	4
32	1444	19791.608335512667	2
33	113	1015.881823562788	306
33	117	1040.179361647989	306
33	166	1682.680862352515	409
33	177	1793.491225510345	203
33	224	2209.868392804839	512
33	245	2492.756068003064	203
33	406	5426.477989958108	512
33	463	6426.233464617819	203
33	575	7959.521257755328	203
33	578	7998.910524675076	409
33	660	9343.752673862798	512
33	738	10422.616440097137	203
33	740	10477.53605190068	512
33	743	10515.508954643573	306
33	888	12590.391288104362	203
33	898	12734.238687050036	409
33	952	13464.284270537282	409
33	985	13997.561768871884	409
33	1058	14803.306486363824	409
33	1069	14934.907431125092	203
33	1077	15032.501402953443	409
33	1126	15818.728897447088	512
33	1127	15836.956167103205	409
33	1213	16748.48927374385	306
33	1215	16756.724698943354	409
33	1224	16844.92099777671	306
33	1238	17013.630711122254	409
33	1250	17142.389311808757	512
33	1258	17256.592661573874	203
33	1278	17593.42058412392	409
33	1337	18283.180461575612	306
33	1344	18388.311179611467	409
33	1345	18409.175838995181	306
33	1355	18528.012120029414	409
33	1381	18865.568760174621	409
33	1389	18998.963406114871	512
33	1401	19172.091482869192	512
34	113	1015.881823562788	6
34	117	1040.179361647989	6
34	166	1682.680862352515	9
34	177	1793.491225510345	3
34	224	2209.868392804839	12
34	245	2492.756068003064	3
34	406	5426.477989958108	12
34	463	6426.233464617819	3
34	575	7959.521257755328	3
34	578	7998.910524675076	9
34	660	9343.752673862798	12
34	738	10422.616440097137	3
34	740	10477.53605190068	12
34	743	10515.508954643573	6
34	888	12590.391288104362	3
34	898	12734.238687050036	9
34	952	13464.284270537282	9
34	985	13997.561768871884	9
34	1058	14803.306486363824	9
34	1069	14934.907431125092	3
34	1077	15032.501402953443	9
34	1126	15818.728897447088	12
34	1127	15836.956167103205	9
34	1213	16748.48927374385	6
34	1215	16756.724698943354	9
34	1224	16844.92099777671	6
34	1238	17013.630711122254	9
34	1250	17142.389311808757	12
34	1258	17256.592661573874	3
34	1278	17593.42058412392	9
34	1337	18283.180461575612	6
34	1344	18388.311179611467	9
34	1345	18409.175838995181	6
34	1355	18528.012120029414	9
34	1381	18865.568760174621	9
34	1389	18998.963406114871	12
34	1401	19172.091482869192	12
35	113	1015.881823562788	2
35	117	1040.179361647989	2
35	166	1682.680862352515	3
35	177	1793.491225510345	1
35	224	2209.868392804839	4
35	245	2492.756068003064	1
35	406	5426.477989958108	4
35	463	6426.233464617819	1
35	575	7959.521257755328	1
35	578	7998.910524675076	3
35	660	9343.752673862798	4
35	738	10422.616440097137	1
35	740	10477.53605190068	4
35	743	10515.508954643573	2
35	888	12590.391288104362	1
35	898	12734.238687050036	3
35	952	13464.284270537282	3
35	985	13997.561768871884	3
35	1058	14803.306486363824	3
35	1069	14934.907431125092	1
35	1077	15032.501402953443	3
35	1126	15818.728897447088	4
35	1127	15836.956167103205	3
35	1213	16748.48927374385	2
35	1215	16756.724698943354	3
35	1224	16844.92099777671	2
35	1238	17013.630711122254	3
35	1250	17142.389311808757	4
35	1258	17256.592661573874	1
35	1278	17593.42058412392	3
35	1337	18283.180461575612	2
35	1344	18388.311179611467	3
35	1345	18409.175838995181	2
35	1355	18528.012120029414	3
35	1381	18865.568760174621	3
35	1389	18998.963406114871	4
35	1401	19172.091482869192	4

