version 3
run MediumLoad_Circle-39-20260125-17:51:01-1416
attr configname MediumLoad_Circle
attr datetime 20260125-17:51:01
attr datetimef 20260125-175101
attr experiment MediumLoad_Circle
attr inifile simulations/nwsim_project/omnetpp.ini
attr iterationvars ""
attr iterationvarsd ""
attr iterationvarsf ""
attr measurement ""
attr network CrossTraffic
attr processid 1416
attr repetition 39
attr replication #39
attr resultdir results
attr runnumber 39
attr seedset 39
config description "Medium Load - Circle Mode (50% more traffic)"
config *.Junc*.junctionMode "\"circle\""
config *.EndNW.spawnInterval exponential(533s)
config *.EndNE.spawnInterval exponential(800s)
config *.EndEN.spawnInterval exponential(667s)
config *.EndES.spawnInterval exponential(1000s)
config *.EndSE.spawnInterval exponential(600s)
config *.EndSW.spawnInterval exponential(733s)
config *.EndWS.spawnInterval exponential(867s)
config *.EndWN.spawnInterval exponential(933s)
config network CrossTraffic
config sim-time-limit 20000s
config warmup-period 1000s
config repeat 50
config **.scalar-recording true
config **.vector-recording true
config *.Junc*.junctionMode "\"queue\""
config *.EndNW.spawnInterval exponential(800s)
config *.EndNE.spawnInterval exponential(1200s)
config *.EndEN.spawnInterval exponential(1000s)
config *.EndES.spawnInterval exponential(1500s)
config *.EndSE.spawnInterval exponential(900s)
config *.EndSW.spawnInterval exponential(1100s)
config *.EndWS.spawnInterval exponential(1300s)
config *.EndWN.spawnInterval exponential(1400s)

vector 0 CrossTraffic.JuncNW queueLength:vector ETV
attr interpolationmode sample-hold
attr recordingmode vector
attr source queueLength
attr title "Queue Length"
vector 1 CrossTraffic.JuncNW junctionProcessingTime:vector ETV
attr recordingmode vector
attr source junctionProcessingTime
attr title "Junction Processing Time"
vector 2 CrossTraffic.JuncNW vehicleCount:vector ETV
attr recordingmode vector
attr source vehicleCount
attr title "Vehicle Count"
vector 3 CrossTraffic.JuncNE queueLength:vector ETV
attr interpolationmode sample-hold
attr recordingmode vector
attr source queueLength
attr title "Queue Length"
vector 4 CrossTraffic.JuncNE junctionProcessingTime:vector ETV
attr recordingmode vector
attr source junctionProcessingTime
attr title "Junction Processing Time"
vector 5 CrossTraffic.JuncNE vehicleCount:vector ETV
attr recordingmode vector
attr source vehicleCount
attr title "Vehicle Count"
vector 6 CrossTraffic.JuncSE queueLength:vector ETV
attr interpolationmode sample-hold
attr recordingmode vector
attr source queueLength
attr title "Queue Length"
vector 7 CrossTraffic.JuncSE junctionProcessingTime:vector ETV
attr recordingmode vector
attr source junctionProcessingTime
attr title "Junction Processing Time"
vector 8 CrossTraffic.JuncSE vehicleCount:vector ETV
attr recordingmode vector
attr source vehicleCount
attr title "Vehicle Count"
vector 9 CrossTraffic.JuncSW queueLength:vector ETV
attr interpolationmode sample-hold
attr recordingmode vector
attr source queueLength
attr title "Queue Length"
vector 10 CrossTraffic.JuncSW junctionProcessingTime:vector ETV
attr recordingmode vector
attr source junctionProcessingTime
attr title "Junction Processing Time"
vector 11 CrossTraffic.JuncSW vehicleCount:vector ETV
attr recordingmode vector
attr source vehicleCount
attr title "Vehicle Count"
vector 12 CrossTraffic.EndNW travelTime:vector ETV
attr recordingmode vector
attr source travelTime
attr title "Vehicle Travel Time"
vector 13 CrossTraffic.EndNW junctionTime:vector ETV
attr recordingmode vector
attr source junctionTime
attr title "Total Junction Time per Vehicle"
vector 14 CrossTraffic.EndNW junctionCount:vector ETV
attr recordingmode vector
attr source junctionCount
attr title "Junctions Visited per Vehicle"
vector 15 CrossTraffic.EndNE travelTime:vector ETV
attr recordingmode vector
attr source travelTime
attr title "Vehicle Travel Time"
vector 16 CrossTraffic.EndNE junctionTime:vector ETV
attr recordingmode vector
attr source junctionTime
attr title "Total Junction Time per Vehicle"
vector 17 CrossTraffic.EndNE junctionCount:vector ETV
attr recordingmode vector
attr source junctionCount
attr title "Junctions Visited per Vehicle"
vector 18 CrossTraffic.EndEN travelTime:vector ETV
attr recordingmode vector
attr source travelTime
attr title "Vehicle Travel Time"
vector 19 CrossTraffic.EndEN junctionTime:vector ETV
attr recordingmode vector
attr source junctionTime
attr title "Total Junction Time per Vehicle"
vector 20 CrossTraffic.EndEN junctionCount:vector ETV
attr recordingmode vector
attr source junctionCount
attr title "Junctions Visited per Vehicle"
vector 21 CrossTraffic.EndES travelTime:vector ETV
attr recordingmode vector
attr source travelTime
attr title "Vehicle Travel Time"
vector 22 CrossTraffic.EndES junctionTime:vector ETV
attr recordingmode vector
attr source junctionTime
attr title "Total Junction Time per Vehicle"
vector 23 CrossTraffic.EndES junctionCount:vector ETV
attr recordingmode vector
attr source junctionCount
attr title "Junctions Visited per Vehicle"
vector 24 CrossTraffic.EndSE travelTime:vector ETV
attr recordingmode vector
attr source travelTime
attr title "Vehicle Travel Time"
vector 25 CrossTraffic.EndSE junctionTime:vector ETV
attr recordingmode vector
attr source junctionTime
attr title "Total Junction Time per Vehicle"
vector 26 CrossTraffic.EndSE junctionCount:vector ETV
attr recordingmode vector
attr source junctionCount
attr title "Junctions Visited per Vehicle"
vector 27 CrossTraffic.EndSW travelTime:vector ETV
attr recordingmode vector
attr source travelTime
attr title "Vehicle Travel Time"
vector 28 CrossTraffic.EndSW junctionTime:vector ETV
attr recordingmode vector
attr source junctionTime
attr title "Total Junction Time per Vehicle"
vector 29 CrossTraffic.EndSW junctionCount:vector ETV
attr recordingmode vector
attr source junctionCount
attr title "Junctions Visited per Vehicle"
vector 30 CrossTraffic.EndWS travelTime:vector ETV
attr recordingmode vector
attr source travelTime
attr title "Vehicle Travel Time"
vector 31 CrossTraffic.EndWS junctionTime:vector ETV
attr recordingmode vector
attr source junctionTime
attr title "Total Junction Time per Vehicle"
vector 32 CrossTraffic.EndWS junctionCount:vector ETV
attr recordingmode vector
attr source junctionCount
attr title "Junctions Visited per Vehicle"
vector 33 CrossTraffic.EndWN travelTime:vector ETV
attr recordingmode vector
attr source travelTime
attr title "Vehicle Travel Time"
vector 34 CrossTraffic.EndWN junctionTime:vector ETV
attr recordingmode vector
attr source junctionTime
attr title "Total Junction Time per Vehicle"
vector 35 CrossTraffic.EndWN junctionCount:vector ETV
attr recordingmode vector
attr source junctionCount
attr title "Junctions Visited per Vehicle"
0	59	1259.872321424077	0
0	65	1441.859146893085	0
0	70	1598.324349472464	0
0	83	1865.494977930481	0
0	96	2070.756915054024	0
0	99	2099.615618390613	0
0	101	2141.441965011597	0
0	102	2150.657362119422	0
0	108	2217.599096224953	0
0	111	2261.392936403493	0
0	119	2364.475093148952	0
0	122	2451.679043410749	0
0	125	2501.244138656086	0
0	134	2610.389374484754	0
0	138	2685.518063108916	0
0	139	2708.910366525449	0
0	142	2764.976879874894	0
0	158	3218.802338299997	0
0	165	3290.639410207605	0
0	169	3340.900024880568	0
0	186	3469.115244219527	0
0	189	3539.871724855575	0
0	197	3567.325723584133	0
0	198	3569.582868739574	0
0	217	3766.468472872052	0
0	223	3824.409261646236	0
0	225	3855.346669345269	0
0	239	4082.211707719872	0
0	247	4204.476009539846	0
0	248	4224.803092113648	0
0	256	4402.452757709625	0
0	259	4495.089352800003	0
0	266	4622.596607157984	0
0	285	4957.490242539661	0
0	286	4965.901967635256	0
0	287	4971.342186077719	0
0	291	5045.971297865332	0
0	304	5323.197577885193	0
0	307	5430.278915504423	0
0	315	5900.399130025943	0
0	317	5928.575848478207	0
0	319	6019.31888650394	0
0	328	6227.980919910991	0
0	330	6297.172941366178	0
0	341	6506.133969589907	0
0	355	6964.283236959628	0
0	360	7137.745672952062	0
0	367	7274.248224731379	0
0	385	7618.384723776146	0
0	386	7618.659927330858	0
0	406	7899.22442225132	0
0	407	7900.730347340394	0
0	423	8063.651880176062	0
0	436	8343.801106686048	0
0	440	8382.425708977075	0
0	443	8456.107696226797	0
0	461	8689.874302360471	0
0	464	8714.362606772706	0
0	466	8718.621800804298	0
0	479	8886.454158406308	0
0	483	8920.55206700844	0
0	484	8927.548078268649	0
0	493	9048.187609052325	0
0	513	9463.439904447123	0
0	515	9526.854562914811	0
0	528	9713.138415487587	0
0	532	9767.134399338546	0
0	536	9811.950724357986	0
0	539	9835.173777461558	0
0	558	10128.604602050238	0
0	567	10329.914284763245	0
0	572	10455.238828492948	0
0	573	10467.35523101874	0
0	585	10800.930321590732	0
0	587	10808.142339591601	0
0	589	10817.151353555022	0
0	596	10954.173115419444	0
0	609	11308.948969690695	0
0	617	11602.750795640748	0
0	622	11710.443380152308	0
0	623	11737.251531818639	0
0	630	11849.403564227115	0
0	635	12010.435934681363	0
0	641	12125.520662529132	0
0	651	12349.655282581181	0
0	653	12402.690391378119	0
0	666	12648.432576440351	0
0	672	12761.894883128431	0
0	679	12981.030572525517	0
0	680	13004.58241061453	0
0	681	13033.108588859816	0
0	686	13151.359220398216	0
0	691	13253.612376971555	0
0	697	13397.531059968286	0
0	712	13678.196881315577	0
0	717	13713.974977520664	0
0	720	13776.788797751962	0
0	722	13780.550240433026	0
0	726	13792.124929496551	0
0	729	13825.83793809114	0
0	736	13893.902505352082	0
0	738	13916.905188109464	0
0	744	13986.941892377143	0
0	760	14321.872263867944	0
0	770	14588.137244432845	0
0	771	14589.616388148381	0
0	773	14613.769561367824	0
0	776	14700.229069078465	0
0	794	15415.301090570424	0
0	802	15567.421267687415	0
0	810	15716.545436984417	0
0	825	16049.713091274895	0
0	826	16056.654652907316	0
0	827	16101.245284258258	0
0	829	16109.360724489151	0
0	838	16210.831467682625	0
0	843	16269.11183566965	0
0	858	16513.40047440484	0
0	860	16576.542041049245	0
0	862	16599.327772779063	0
0	865	16674.758779671379	0
0	881	16943.007517020185	0
0	891	17121.848699321395	0
0	892	17146.191865853522	0
0	901	17275.116764532768	0
0	910	17408.369029805095	0
0	914	17478.687179359866	0
0	916	17511.154314891383	0
0	919	17550.633481298172	0
0	923	17621.459180758458	0
0	939	17892.016840361042	0
0	940	17910.050261507264	0
0	949	18043.512713927344	0
0	959	18150.03738101864	0
0	960	18157.517438463599	0
0	962	18180.38941863012	0
0	974	18320.719717631161	0
0	984	18491.591442786214	0
0	1002	19511.647289362524	0
0	1005	19588.093173827557	0
0	1009	19689.386327968866	0
0	1011	19691.997575033902	0
0	1029	19942.002577484242	0
1	59	1259.872321424077	3
1	65	1441.859146893085	3
1	70	1598.324349472464	3
1	83	1865.494977930481	3
1	96	2070.756915054024	3
1	99	2099.615618390613	3
1	101	2141.441965011597	3
1	102	2150.657362119422	3
1	108	2217.599096224953	3
1	111	2261.392936403493	3
1	119	2364.475093148952	3
1	122	2451.679043410749	3
1	125	2501.244138656086	3
1	134	2610.389374484754	3
1	138	2685.518063108916	3
1	139	2708.910366525449	3
1	142	2764.976879874894	3
1	158	3218.802338299997	3
1	165	3290.639410207605	3
1	169	3340.900024880568	3
1	186	3469.115244219527	3
1	189	3539.871724855575	3
1	197	3567.325723584133	3
1	198	3569.582868739574	3
1	217	3766.468472872052	3
1	223	3824.409261646236	3
1	225	3855.346669345269	3
1	239	4082.211707719872	3
1	247	4204.476009539846	3
1	248	4224.803092113648	3
1	256	4402.452757709625	3
1	259	4495.089352800003	3
1	266	4622.596607157984	3
1	285	4957.490242539661	3
1	286	4965.901967635256	3
1	287	4971.342186077719	3
1	291	5045.971297865332	3
1	304	5323.197577885193	3
1	307	5430.278915504423	3
1	315	5900.399130025943	3
1	317	5928.575848478207	3
1	319	6019.31888650394	3
1	328	6227.980919910991	3
1	330	6297.172941366178	3
1	341	6506.133969589907	3
1	355	6964.283236959628	3
1	360	7137.745672952062	3
1	367	7274.248224731379	3
1	385	7618.384723776146	3
1	386	7618.659927330858	3
1	406	7899.22442225132	3
1	407	7900.730347340394	3
1	423	8063.651880176062	3
1	436	8343.801106686048	3
1	440	8382.425708977075	3
1	443	8456.107696226797	3
1	461	8689.874302360471	3
1	464	8714.362606772706	3
1	466	8718.621800804298	3
1	479	8886.454158406308	3
1	483	8920.55206700844	3
1	484	8927.548078268649	3
1	493	9048.187609052325	3
1	513	9463.439904447123	3
1	515	9526.854562914811	3
1	528	9713.138415487587	3
1	532	9767.134399338546	3
1	536	9811.950724357986	3
1	539	9835.173777461558	3
1	558	10128.604602050238	3
1	567	10329.914284763245	3
1	572	10455.238828492948	3
1	573	10467.35523101874	3
1	585	10800.930321590732	3
1	587	10808.142339591601	3
1	589	10817.151353555022	3
1	596	10954.173115419444	3
1	609	11308.948969690695	3
1	617	11602.750795640748	3
1	622	11710.443380152308	3
1	623	11737.251531818639	3
1	630	11849.403564227115	3
1	635	12010.435934681363	3
1	641	12125.520662529132	3
1	651	12349.655282581181	3
1	653	12402.690391378119	3
1	666	12648.432576440351	3
1	672	12761.894883128431	3
1	679	12981.030572525517	3
1	680	13004.58241061453	3
1	681	13033.108588859816	3
1	686	13151.359220398216	3
1	691	13253.612376971555	3
1	697	13397.531059968286	3
1	712	13678.196881315577	3
1	717	13713.974977520664	3
1	720	13776.788797751962	3
1	722	13780.550240433026	3
1	726	13792.124929496551	3
1	729	13825.83793809114	3
1	736	13893.902505352082	3
1	738	13916.905188109464	3
1	744	13986.941892377143	3
1	760	14321.872263867944	3
1	770	14588.137244432845	3
1	771	14589.616388148381	3
1	773	14613.769561367824	3
1	776	14700.229069078465	3
1	794	15415.301090570424	3
1	802	15567.421267687415	3
1	810	15716.545436984417	3
1	825	16049.713091274895	3
1	826	16056.654652907316	3
1	827	16101.245284258258	3
1	829	16109.360724489151	3
1	838	16210.831467682625	3
1	843	16269.11183566965	3
1	858	16513.40047440484	3
1	860	16576.542041049245	3
1	862	16599.327772779063	3
1	865	16674.758779671379	3
1	881	16943.007517020185	3
1	891	17121.848699321395	3
1	892	17146.191865853522	3
1	901	17275.116764532768	3
1	910	17408.369029805095	3
1	914	17478.687179359866	3
1	916	17511.154314891383	3
1	919	17550.633481298172	3
1	923	17621.459180758458	3
1	939	17892.016840361042	3
1	940	17910.050261507264	3
1	949	18043.512713927344	3
1	959	18150.03738101864	3
1	960	18157.517438463599	3
1	962	18180.38941863012	3
1	974	18320.719717631161	3
1	984	18491.591442786214	3
1	1002	19511.647289362524	3
1	1005	19588.093173827557	3
1	1009	19689.386327968866	3
1	1011	19691.997575033902	3
1	1029	19942.002577484242	3
2	59	1259.872321424077	8897
2	65	1441.859146893085	8899
2	70	1598.324349472464	8900
2	83	1865.494977930481	8901
2	96	2070.756915054024	8905
2	99	2099.615618390613	8906
2	101	2141.441965011597	8904
2	102	2150.657362119422	8909
2	108	2217.599096224953	8908
2	111	2261.392936403493	8911
2	119	2364.475093148952	8907
2	122	2451.679043410749	8912
2	125	2501.244138656086	8910
2	134	2610.389374484754	8914
2	138	2685.518063108916	8916
2	139	2708.910366525449	8913
2	142	2764.976879874894	8915
2	158	3218.802338299997	8917
2	165	3290.639410207605	8920
2	169	3340.900024880568	8921
2	186	3469.115244219527	8919
2	189	3539.871724855575	8926
2	197	3567.325723584133	8924
2	198	3569.582868739574	8928
2	217	3766.468472872052	8929
2	223	3824.409261646236	8932
2	225	3855.346669345269	8934
2	239	4082.211707719872	8936
2	247	4204.476009539846	8935
2	248	4224.803092113648	8939
2	256	4402.452757709625	8937
2	259	4495.089352800003	8938
2	266	4622.596607157984	8940
2	285	4957.490242539661	8942
2	286	4965.901967635256	8948
2	287	4971.342186077719	8944
2	291	5045.971297865332	8947
2	304	5323.197577885193	8949
2	307	5430.278915504423	8950
2	315	5900.399130025943	8951
2	317	5928.575848478207	8952
2	319	6019.31888650394	8953
2	328	6227.980919910991	8954
2	330	6297.172941366178	8956
2	341	6506.133969589907	8957
2	355	6964.283236959628	8959
2	360	7137.745672952062	8961
2	367	7274.248224731379	8963
2	385	7618.384723776146	8965
2	386	7618.659927330858	8967
2	406	7899.22442225132	8968
2	407	7900.730347340394	8973
2	423	8063.651880176062	8974
2	436	8343.801106686048	8977
2	440	8382.425708977075	8976
2	443	8456.107696226797	8979
2	461	8689.874302360471	8981
2	464	8714.362606772706	8985
2	466	8718.621800804298	8980
2	479	8886.454158406308	8988
2	483	8920.55206700844	8987
2	484	8927.548078268649	8986
2	493	9048.187609052325	8989
2	513	9463.439904447123	8993
2	515	9526.854562914811	8992
2	528	9713.138415487587	8997
2	532	9767.134399338546	8995
2	536	9811.950724357986	8999
2	539	9835.173777461558	8998
2	558	10128.604602050238	9000
2	567	10329.914284763245	9001
2	572	10455.238828492948	9002
2	573	10467.35523101874	9004
2	585	10800.930321590732	9008
2	587	10808.142339591601	9009
2	589	10817.151353555022	9007
2	596	10954.173115419444	9010
2	609	11308.948969690695	9011
2	617	11602.750795640748	9012
2	622	11710.443380152308	9013
2	623	11737.251531818639	9015
2	630	11849.403564227115	9016
2	635	12010.435934681363	9017
2	641	12125.520662529132	9018
2	651	12349.655282581181	9020
2	653	12402.690391378119	9019
2	666	12648.432576440351	9021
2	672	12761.894883128431	9023
2	679	12981.030572525517	9026
2	680	13004.58241061453	9025
2	681	13033.108588859816	9024
2	686	13151.359220398216	9027
2	691	13253.612376971555	9028
2	697	13397.531059968286	9029
2	712	13678.196881315577	9033
2	717	13713.974977520664	9030
2	720	13776.788797751962	9035
2	722	13780.550240433026	9036
2	726	13792.124929496551	9031
2	729	13825.83793809114	9032
2	736	13893.902505352082	9034
2	738	13916.905188109464	9037
2	744	13986.941892377143	9040
2	760	14321.872263867944	9043
2	770	14588.137244432845	9044
2	771	14589.616388148381	9046
2	773	14613.769561367824	9045
2	776	14700.229069078465	9047
2	794	15415.301090570424	9051
2	802	15567.421267687415	9054
2	810	15716.545436984417	9057
2	825	16049.713091274895	9059
2	826	16056.654652907316	9061
2	827	16101.245284258258	9060
2	829	16109.360724489151	9058
2	838	16210.831467682625	9063
2	843	16269.11183566965	9065
2	858	16513.40047440484	9062
2	860	16576.542041049245	9068
2	862	16599.327772779063	9067
2	865	16674.758779671379	9069
2	881	16943.007517020185	9071
2	891	17121.848699321395	9075
2	892	17146.191865853522	9073
2	901	17275.116764532768	9076
2	910	17408.369029805095	9077
2	914	17478.687179359866	9080
2	916	17511.154314891383	9079
2	919	17550.633481298172	9078
2	923	17621.459180758458	9081
2	939	17892.016840361042	9082
2	940	17910.050261507264	9083
2	949	18043.512713927344	9085
2	959	18150.03738101864	9088
2	960	18157.517438463599	9086
2	962	18180.38941863012	9089
2	974	18320.719717631161	9090
2	984	18491.591442786214	9091
2	1002	19511.647289362524	9095
2	1005	19588.093173827557	9096
2	1009	19689.386327968866	9094
2	1011	19691.997575033902	9098
2	1029	19942.002577484242	9099
3	73	1690.948230872487	0
3	76	1742.060503519549	0
3	80	1832.441965011597	0
3	89	1968.494977930481	0
3	95	2055.475093148952	0
3	106	2192.244138656086	0
3	107	2202.615618390613	0
3	110	2253.657362119422	0
3	118	2364.392936403493	0
3	128	2554.679043410749	0
3	143	2788.518063108916	0
3	145	2867.976879874894	0
3	153	3080.258612212628	0
3	171	3347.119059531636	0
3	172	3358.268733975098	0
3	176	3393.639410207605	0
3	179	3443.900024880568	0
3	180	3445.91312571843	0
3	199	3572.115244219527	0
3	202	3642.871724855575	0
3	207	3665.634145503496	0
3	209	3670.325723584133	0
3	210	3672.582868739574	0
3	222	3817.309801190037	0
3	226	3869.468472872052	0
3	229	3895.476009539846	0
3	232	3958.346669345269	0
3	241	4093.452757709625	0
3	244	4185.211707719872	0
3	245	4186.089352800003	0
3	254	4327.803092113648	0
3	267	4637.505685090023	0
3	268	4648.490242539661	0
3	269	4673.314593947532	0
3	282	4912.605245560765	0
3	283	4923.415662239982	0
3	293	5068.901967635256	0
3	294	5074.342186077719	0
3	297	5148.971297865332	0
3	318	6003.399130025943	0
3	320	6031.575848478207	0
3	322	6122.31888650394	0
3	329	6273.739866959596	0
3	333	6330.980919910991	0
3	335	6400.172941366178	0
3	344	6609.133969589907	0
3	354	6938.546131567356	0
3	357	7035.698852042009	0
3	359	7067.283236959628	0
3	365	7240.745672952062	0
3	370	7377.248224731379	0
3	372	7419.311358262922	0
3	390	7697.41216845404	0
3	391	7706.337257358525	0
3	392	7715.606119193775	0
3	393	7721.384723776146	0
3	394	7721.659927330858	0
3	415	8002.22442225132	0
3	416	8003.730347340394	0
3	427	8166.651880176062	0
3	439	8378.422565817798	0
3	442	8446.801106686048	0
3	445	8485.425708977075	0
3	449	8559.107696226797	0
3	463	8700.222322731078	0
3	471	8792.874302360471	0
3	474	8817.362606772706	0
3	486	8989.454158406308	0
3	490	9023.55206700844	0
3	491	9030.548078268649	0
3	495	9114.432961133974	0
3	498	9146.365561045127	0
3	499	9151.187609052325	0
3	514	9485.712161006192	0
3	517	9566.439904447123	0
3	521	9629.854562914811	0
3	526	9695.392027233877	0
3	537	9816.138415487587	0
3	538	9819.604602050238	0
3	541	9870.134399338546	0
3	543	9914.950724357986	0
3	547	9938.173777461558	0
3	550	10020.914284763245	0
3	559	10146.238828492948	0
3	561	10174.145750523538	0
3	580	10704.988658280085	0
3	591	10903.930321590732	0
3	593	10911.142339591601	0
3	595	10920.151353555022	0
3	602	11057.173115419444	0
3	612	11411.948969690695	0
3	621	11705.750795640748	0
3	629	11840.251531818639	0
3	634	11952.403564227115	0
3	640	12113.435934681363	0
3	645	12228.520662529132	0
3	650	12339.432576440351	0
3	656	12452.655282581181	0
3	658	12466.604040386181	0
3	659	12505.690391378119	0
3	683	13084.030572525517	0
3	685	13136.108588859816	0
3	695	13356.612376971555	0
3	698	13404.974977520664	0
3	701	13483.124929496551	0
3	704	13516.83793809114	0
3	723	13781.196881315577	0
3	733	13883.550240433026	0
3	747	14019.905188109464	0
3	750	14089.941892377143	0
3	774	14691.137244432845	0
3	778	14716.769561367824	0
3	780	14803.229069078465	0
3	815	15819.545436984417	0
3	832	16152.713091274895	0
3	833	16159.654652907316	0
3	837	16204.40047440484	0
3	844	16287.722228822066	0
3	850	16372.11183566965	0
3	866	16679.542041049245	0
3	867	16702.327772779063	0
3	868	16732.699200669684	0
3	871	16777.758779671379	0
3	887	17046.007517020185	0
3	897	17224.848699321395	0
3	907	17378.116764532768	0
3	920	17581.687179359866	0
3	922	17614.154314891383	0
3	924	17653.633481298172	0
3	928	17724.459180758458	0
3	941	17930.19759110481	0
3	946	17995.016840361042	0
3	947	18013.050261507264	0
3	952	18055.102056635083	0
3	958	18146.512713927344	0
3	968	18253.03738101864	0
3	971	18283.38941863012	0
3	980	18420.14853954889	0
3	981	18423.719717631161	0
3	994	18821.315017587995	0
3	1007	19614.647289362524	0
3	1008	19632.164168210924	0
3	1010	19691.093173827557	0
3	1016	19792.386327968866	0
3	1018	19794.997575033902	0
4	73	1690.948230872487	3
4	76	1742.060503519549	3
4	80	1832.441965011597	3
4	89	1968.494977930481	3
4	95	2055.475093148952	3
4	106	2192.244138656086	3
4	107	2202.615618390613	3
4	110	2253.657362119422	3
4	118	2364.392936403493	3
4	128	2554.679043410749	3
4	143	2788.518063108916	3
4	145	2867.976879874894	3
4	153	3080.258612212628	3
4	171	3347.119059531636	3
4	172	3358.268733975098	3
4	176	3393.639410207605	3
4	179	3443.900024880568	3
4	180	3445.91312571843	3
4	199	3572.115244219527	3
4	202	3642.871724855575	3
4	207	3665.634145503496	3
4	209	3670.325723584133	3
4	210	3672.582868739574	3
4	222	3817.309801190037	3
4	226	3869.468472872052	3
4	229	3895.476009539846	3
4	232	3958.346669345269	3
4	241	4093.452757709625	3
4	244	4185.211707719872	3
4	245	4186.089352800003	3
4	254	4327.803092113648	3
4	267	4637.505685090023	3
4	268	4648.490242539661	3
4	269	4673.314593947532	3
4	282	4912.605245560765	3
4	283	4923.415662239982	3
4	293	5068.901967635256	3
4	294	5074.342186077719	3
4	297	5148.971297865332	3
4	318	6003.399130025943	3
4	320	6031.575848478207	3
4	322	6122.31888650394	3
4	329	6273.739866959596	3
4	333	6330.980919910991	3
4	335	6400.172941366178	3
4	344	6609.133969589907	3
4	354	6938.546131567356	3
4	357	7035.698852042009	3
4	359	7067.283236959628	3
4	365	7240.745672952062	3
4	370	7377.248224731379	3
4	372	7419.311358262922	3
4	390	7697.41216845404	3
4	391	7706.337257358525	3
4	392	7715.606119193775	3
4	393	7721.384723776146	3
4	394	7721.659927330858	3
4	415	8002.22442225132	3
4	416	8003.730347340394	3
4	427	8166.651880176062	3
4	439	8378.422565817798	3
4	442	8446.801106686048	3
4	445	8485.425708977075	3
4	449	8559.107696226797	3
4	463	8700.222322731078	3
4	471	8792.874302360471	3
4	474	8817.362606772706	3
4	486	8989.454158406308	3
4	490	9023.55206700844	3
4	491	9030.548078268649	3
4	495	9114.432961133974	3
4	498	9146.365561045127	3
4	499	9151.187609052325	3
4	514	9485.712161006192	3
4	517	9566.439904447123	3
4	521	9629.854562914811	3
4	526	9695.392027233877	3
4	537	9816.138415487587	3
4	538	9819.604602050238	3
4	541	9870.134399338546	3
4	543	9914.950724357986	3
4	547	9938.173777461558	3
4	550	10020.914284763245	3
4	559	10146.238828492948	3
4	561	10174.145750523538	3
4	580	10704.988658280085	3
4	591	10903.930321590732	3
4	593	10911.142339591601	3
4	595	10920.151353555022	3
4	602	11057.173115419444	3
4	612	11411.948969690695	3
4	621	11705.750795640748	3
4	629	11840.251531818639	3
4	634	11952.403564227115	3
4	640	12113.435934681363	3
4	645	12228.520662529132	3
4	650	12339.432576440351	3
4	656	12452.655282581181	3
4	658	12466.604040386181	3
4	659	12505.690391378119	3
4	683	13084.030572525517	3
4	685	13136.108588859816	3
4	695	13356.612376971555	3
4	698	13404.974977520664	3
4	701	13483.124929496551	3
4	704	13516.83793809114	3
4	723	13781.196881315577	3
4	733	13883.550240433026	3
4	747	14019.905188109464	3
4	750	14089.941892377143	3
4	774	14691.137244432845	3
4	778	14716.769561367824	3
4	780	14803.229069078465	3
4	815	15819.545436984417	3
4	832	16152.713091274895	3
4	833	16159.654652907316	3
4	837	16204.40047440484	3
4	844	16287.722228822066	3
4	850	16372.11183566965	3
4	866	16679.542041049245	3
4	867	16702.327772779063	3
4	868	16732.699200669684	3
4	871	16777.758779671379	3
4	887	17046.007517020185	3
4	897	17224.848699321395	3
4	907	17378.116764532768	3
4	920	17581.687179359866	3
4	922	17614.154314891383	3
4	924	17653.633481298172	3
4	928	17724.459180758458	3
4	941	17930.19759110481	3
4	946	17995.016840361042	3
4	947	18013.050261507264	3
4	952	18055.102056635083	3
4	958	18146.512713927344	3
4	968	18253.03738101864	3
4	971	18283.38941863012	3
4	980	18420.14853954889	3
4	981	18423.719717631161	3
4	994	18821.315017587995	3
4	1007	19614.647289362524	3
4	1008	19632.164168210924	3
4	1010	19691.093173827557	3
4	1016	19792.386327968866	3
4	1018	19794.997575033902	3
5	73	1690.948230872487	8902
5	76	1742.060503519549	8903
5	80	1832.441965011597	8904
5	89	1968.494977930481	8901
5	95	2055.475093148952	8907
5	106	2192.244138656086	8910
5	107	2202.615618390613	8906
5	110	2253.657362119422	8909
5	118	2364.392936403493	8911
5	128	2554.679043410749	8912
5	143	2788.518063108916	8916
5	145	2867.976879874894	8915
5	153	3080.258612212628	8918
5	171	3347.119059531636	8922
5	172	3358.268733975098	8923
5	176	3393.639410207605	8920
5	179	3443.900024880568	8921
5	180	3445.91312571843	8927
5	199	3572.115244219527	8919
5	202	3642.871724855575	8926
5	207	3665.634145503496	8931
5	209	3670.325723584133	8924
5	210	3672.582868739574	8928
5	222	3817.309801190037	8933
5	226	3869.468472872052	8929
5	229	3895.476009539846	8935
5	232	3958.346669345269	8934
5	241	4093.452757709625	8937
5	244	4185.211707719872	8936
5	245	4186.089352800003	8938
5	254	4327.803092113648	8939
5	267	4637.505685090023	8941
5	268	4648.490242539661	8942
5	269	4673.314593947532	8943
5	282	4912.605245560765	8945
5	283	4923.415662239982	8946
5	293	5068.901967635256	8948
5	294	5074.342186077719	8944
5	297	5148.971297865332	8947
5	318	6003.399130025943	8951
5	320	6031.575848478207	8952
5	322	6122.31888650394	8953
5	329	6273.739866959596	8955
5	333	6330.980919910991	8954
5	335	6400.172941366178	8956
5	344	6609.133969589907	8957
5	354	6938.546131567356	8960
5	357	7035.698852042009	8962
5	359	7067.283236959628	8959
5	365	7240.745672952062	8961
5	370	7377.248224731379	8963
5	372	7419.311358262922	8964
5	390	7697.41216845404	8969
5	391	7706.337257358525	8970
5	392	7715.606119193775	8971
5	393	7721.384723776146	8965
5	394	7721.659927330858	8967
5	415	8002.22442225132	8968
5	416	8003.730347340394	8973
5	427	8166.651880176062	8974
5	439	8378.422565817798	8978
5	442	8446.801106686048	8977
5	445	8485.425708977075	8976
5	449	8559.107696226797	8979
5	463	8700.222322731078	8984
5	471	8792.874302360471	8981
5	474	8817.362606772706	8985
5	486	8989.454158406308	8988
5	490	9023.55206700844	8987
5	491	9030.548078268649	8986
5	495	9114.432961133974	8990
5	498	9146.365561045127	8991
5	499	9151.187609052325	8989
5	514	9485.712161006192	8994
5	517	9566.439904447123	8993
5	521	9629.854562914811	8992
5	526	9695.392027233877	8996
5	537	9816.138415487587	8997
5	538	9819.604602050238	9000
5	541	9870.134399338546	8995
5	543	9914.950724357986	8999
5	547	9938.173777461558	8998
5	550	10020.914284763245	9001
5	559	10146.238828492948	9002
5	561	10174.145750523538	9003
5	580	10704.988658280085	9005
5	591	10903.930321590732	9008
5	593	10911.142339591601	9009
5	595	10920.151353555022	9007
5	602	11057.173115419444	9010
5	612	11411.948969690695	9011
5	621	11705.750795640748	9012
5	629	11840.251531818639	9015
5	634	11952.403564227115	9016
5	640	12113.435934681363	9017
5	645	12228.520662529132	9018
5	650	12339.432576440351	9021
5	656	12452.655282581181	9020
5	658	12466.604040386181	9022
5	659	12505.690391378119	9019
5	683	13084.030572525517	9026
5	685	13136.108588859816	9024
5	695	13356.612376971555	9028
5	698	13404.974977520664	9030
5	701	13483.124929496551	9031
5	704	13516.83793809114	9032
5	723	13781.196881315577	9033
5	733	13883.550240433026	9036
5	747	14019.905188109464	9037
5	750	14089.941892377143	9040
5	774	14691.137244432845	9044
5	778	14716.769561367824	9045
5	780	14803.229069078465	9047
5	815	15819.545436984417	9057
5	832	16152.713091274895	9059
5	833	16159.654652907316	9061
5	837	16204.40047440484	9062
5	844	16287.722228822066	9066
5	850	16372.11183566965	9065
5	866	16679.542041049245	9068
5	867	16702.327772779063	9067
5	868	16732.699200669684	9070
5	871	16777.758779671379	9069
5	887	17046.007517020185	9071
5	897	17224.848699321395	9075
5	907	17378.116764532768	9076
5	920	17581.687179359866	9080
5	922	17614.154314891383	9079
5	924	17653.633481298172	9078
5	928	17724.459180758458	9081
5	941	17930.19759110481	9084
5	946	17995.016840361042	9082
5	947	18013.050261507264	9083
5	952	18055.102056635083	9087
5	958	18146.512713927344	9085
5	968	18253.03738101864	9088
5	971	18283.38941863012	9089
5	980	18420.14853954889	9092
5	981	18423.719717631161	9090
5	994	18821.315017587995	9093
5	1007	19614.647289362524	9095
5	1008	19632.164168210924	9097
5	1010	19691.093173827557	9096
5	1016	19792.386327968866	9094
5	1018	19794.997575033902	9098
6	54	1053.872321424077	0
6	55	1101.611294989816	0
6	64	1392.324349472464	0
6	72	1659.494977930481	0
6	81	1845.060503519549	0
6	82	1864.756915054024	0
6	85	1935.441965011597	0
6	103	2158.475093148952	0
6	113	2295.244138656086	0
6	114	2305.615618390613	0
6	123	2467.392936403493	0
6	135	2657.679043410749	0
6	146	2891.518063108916	0
6	148	2970.976879874894	0
6	151	3012.802338299997	0
6	156	3183.258612212628	0
6	163	3263.115244219527	0
6	173	3361.325723584133	0
6	177	3410.346617477243	0
6	181	3450.119059531636	0
6	183	3461.268733975098	0
6	192	3548.91312571843	0
6	194	3560.468472872052	0
6	203	3646.437823728733	0
6	218	3768.634145503496	0
6	220	3775.582868739574	0
6	230	3920.309801190037	0
6	236	3998.476009539846	0
6	246	4196.452757709625	0
6	250	4289.089352800003	0
6	257	4416.596607157984	0
6	272	4751.490242539661	0
6	274	4776.314593947532	0
6	289	5015.605245560765	0
6	290	5026.415662239982	0
6	311	5694.399130025943	0
6	312	5722.575848478207	0
6	327	6225.31888650394	0
6	338	6433.980919910991	0
6	343	6563.56327548233	0
6	347	6712.133969589907	0
6	348	6758.283236959628	0
6	358	7041.546131567356	0
6	361	7138.698852042009	0
6	369	7343.745672952062	0
6	375	7480.248224731379	0
6	378	7522.311358262922	0
6	379	7527.315523741487	0
6	389	7693.22442225132	0
6	398	7800.41216845404	0
6	400	7809.337257358525	0
6	401	7818.606119193775	0
6	402	7824.384723776146	0
6	403	7824.659927330858	0
6	404	7833.43115627423	0
6	425	8106.730347340394	0
6	426	8127.41836517369	0
6	432	8269.651880176062	0
6	444	8481.422565817798	0
6	447	8512.621800804298	0
6	459	8662.107696226797	0
6	460	8671.260465445317	0
6	462	8691.325997155016	0
6	467	8721.548078268649	0
6	473	8803.222322731078	0
6	480	8895.874302360471	0
6	494	9092.454158406308	0
6	496	9126.55206700844	0
6	503	9249.365561045127	0
6	504	9254.187609052325	0
6	516	9561.134399338546	0
6	518	9588.712161006192	0
6	524	9669.439904447123	0
6	531	9732.854562914811	0
6	535	9798.392027233877	0
6	544	9919.138415487587	0
6	546	9922.604602050238	0
6	556	10123.914284763245	0
6	564	10249.238828492948	0
6	565	10261.35523101874	0
6	566	10277.145750523538	0
6	582	10713.280243802412	0
6	586	10807.988658280085	0
6	598	11006.930321590732	0
6	600	11014.142339591601	0
6	601	11023.151353555022	0
6	603	11102.948969690695	0
6	614	11504.443380152308	0
6	620	11674.517556961445	0
6	627	11808.750795640748	0
6	633	11943.251531818639	0
6	643	12196.690391378119	0
6	649	12331.520662529132	0
6	655	12442.432576440351	0
6	662	12555.655282581181	0
6	663	12555.894883128431	0
6	664	12569.604040386181	0
6	674	12827.108588859816	0
6	700	13459.612376971555	0
6	703	13507.974977520664	0
6	707	13586.124929496551	0
6	710	13619.83793809114	0
6	714	13687.902505352082	0
6	730	13873.445436878949	0
6	731	13877.402845772378	0
6	735	13884.196881315577	0
6	748	14034.137847706072	0
6	762	14382.137244432845	0
6	764	14407.769561367824	0
6	781	14807.112134669066	0
6	783	14906.229069078465	0
6	790	15189.311234265901	0
6	799	15523.969039039435	0
6	800	15555.003283146847	0
6	806	15655.388874804849	0
6	809	15694.431386935674	0
6	819	15903.360724489151	0
6	840	16237.589458803014	0
6	842	16262.654652907316	0
6	846	16307.40047440484	0
6	852	16393.327772779063	0
6	855	16475.11183566965	0
6	874	16835.699200669684	0
6	877	16868.600583315445	0
6	878	16880.758779671379	0
6	880	16940.191865853522	0
6	889	17073.532133088397	0
6	893	17149.007517020185	0
6	905	17327.848699321395	0
6	906	17344.633481298172	0
6	925	17684.687179359866	0
6	926	17686.016840361042	0
6	927	17717.154314891383	0
6	934	17827.459180758458	0
6	944	17951.517438463599	0
6	948	18033.19759110481	0
6	955	18116.050261507264	0
6	961	18158.102056635083	0
6	967	18249.512713927344	0
6	972	18285.591442786214	0
6	976	18356.03738101864	0
6	978	18386.38941863012	0
6	985	18523.14853954889	0
6	986	18526.719717631161	0
6	995	18924.315017587995	0
6	1000	19483.386327968866	0
6	1012	19717.647289362524	0
6	1013	19735.164168210924	0
6	1017	19794.093173827557	0
6	1023	19859.518955017382	0
6	1025	19896.045952396064	0
7	54	1053.872321424077	3
7	55	1101.611294989816	3
7	64	1392.324349472464	3
7	72	1659.494977930481	3
7	81	1845.060503519549	3
7	82	1864.756915054024	3
7	85	1935.441965011597	3
7	103	2158.475093148952	3
7	113	2295.244138656086	3
7	114	2305.615618390613	3
7	123	2467.392936403493	3
7	135	2657.679043410749	3
7	146	2891.518063108916	3
7	148	2970.976879874894	3
7	151	3012.802338299997	3
7	156	3183.258612212628	3
7	163	3263.115244219527	3
7	173	3361.325723584133	3
7	177	3410.346617477243	3
7	181	3450.119059531636	3
7	183	3461.268733975098	3
7	192	3548.91312571843	3
7	194	3560.468472872052	3
7	203	3646.437823728733	3
7	218	3768.634145503496	3
7	220	3775.582868739574	3
7	230	3920.309801190037	3
7	236	3998.476009539846	3
7	246	4196.452757709625	3
7	250	4289.089352800003	3
7	257	4416.596607157984	3
7	272	4751.490242539661	3
7	274	4776.314593947532	3
7	289	5015.605245560765	3
7	290	5026.415662239982	3
7	311	5694.399130025943	3
7	312	5722.575848478207	3
7	327	6225.31888650394	3
7	338	6433.980919910991	3
7	343	6563.56327548233	3
7	347	6712.133969589907	3
7	348	6758.283236959628	3
7	358	7041.546131567356	3
7	361	7138.698852042009	3
7	369	7343.745672952062	3
7	375	7480.248224731379	3
7	378	7522.311358262922	3
7	379	7527.315523741487	3
7	389	7693.22442225132	3
7	398	7800.41216845404	3
7	400	7809.337257358525	3
7	401	7818.606119193775	3
7	402	7824.384723776146	3
7	403	7824.659927330858	3
7	404	7833.43115627423	3
7	425	8106.730347340394	3
7	426	8127.41836517369	3
7	432	8269.651880176062	3
7	444	8481.422565817798	3
7	447	8512.621800804298	3
7	459	8662.107696226797	3
7	460	8671.260465445317	3
7	462	8691.325997155016	3
7	467	8721.548078268649	3
7	473	8803.222322731078	3
7	480	8895.874302360471	3
7	494	9092.454158406308	3
7	496	9126.55206700844	3
7	503	9249.365561045127	3
7	504	9254.187609052325	3
7	516	9561.134399338546	3
7	518	9588.712161006192	3
7	524	9669.439904447123	3
7	531	9732.854562914811	3
7	535	9798.392027233877	3
7	544	9919.138415487587	3
7	546	9922.604602050238	3
7	556	10123.914284763245	3
7	564	10249.238828492948	3
7	565	10261.35523101874	3
7	566	10277.145750523538	3
7	582	10713.280243802412	3
7	586	10807.988658280085	3
7	598	11006.930321590732	3
7	600	11014.142339591601	3
7	601	11023.151353555022	3
7	603	11102.948969690695	3
7	614	11504.443380152308	3
7	620	11674.517556961445	3
7	627	11808.750795640748	3
7	633	11943.251531818639	3
7	643	12196.690391378119	3
7	649	12331.520662529132	3
7	655	12442.432576440351	3
7	662	12555.655282581181	3
7	663	12555.894883128431	3
7	664	12569.604040386181	3
7	674	12827.108588859816	3
7	700	13459.612376971555	3
7	703	13507.974977520664	3
7	707	13586.124929496551	3
7	710	13619.83793809114	3
7	714	13687.902505352082	3
7	730	13873.445436878949	3
7	731	13877.402845772378	3
7	735	13884.196881315577	3
7	748	14034.137847706072	3
7	762	14382.137244432845	3
7	764	14407.769561367824	3
7	781	14807.112134669066	3
7	783	14906.229069078465	3
7	790	15189.311234265901	3
7	799	15523.969039039435	3
7	800	15555.003283146847	3
7	806	15655.388874804849	3
7	809	15694.431386935674	3
7	819	15903.360724489151	3
7	840	16237.589458803014	3
7	842	16262.654652907316	3
7	846	16307.40047440484	3
7	852	16393.327772779063	3
7	855	16475.11183566965	3
7	874	16835.699200669684	3
7	877	16868.600583315445	3
7	878	16880.758779671379	3
7	880	16940.191865853522	3
7	889	17073.532133088397	3
7	893	17149.007517020185	3
7	905	17327.848699321395	3
7	906	17344.633481298172	3
7	925	17684.687179359866	3
7	926	17686.016840361042	3
7	927	17717.154314891383	3
7	934	17827.459180758458	3
7	944	17951.517438463599	3
7	948	18033.19759110481	3
7	955	18116.050261507264	3
7	961	18158.102056635083	3
7	967	18249.512713927344	3
7	972	18285.591442786214	3
7	976	18356.03738101864	3
7	978	18386.38941863012	3
7	985	18523.14853954889	3
7	986	18526.719717631161	3
7	995	18924.315017587995	3
7	1000	19483.386327968866	3
7	1012	19717.647289362524	3
7	1013	19735.164168210924	3
7	1017	19794.093173827557	3
7	1023	19859.518955017382	3
7	1025	19896.045952396064	3
8	54	1053.872321424077	8897
8	55	1101.611294989816	8898
8	64	1392.324349472464	8900
8	72	1659.494977930481	8901
8	81	1845.060503519549	8903
8	82	1864.756915054024	8905
8	85	1935.441965011597	8904
8	103	2158.475093148952	8907
8	113	2295.244138656086	8910
8	114	2305.615618390613	8906
8	123	2467.392936403493	8911
8	135	2657.679043410749	8912
8	146	2891.518063108916	8916
8	148	2970.976879874894	8915
8	151	3012.802338299997	8917
8	156	3183.258612212628	8918
8	163	3263.115244219527	8919
8	173	3361.325723584133	8924
8	177	3410.346617477243	8925
8	181	3450.119059531636	8922
8	183	3461.268733975098	8923
8	192	3548.91312571843	8927
8	194	3560.468472872052	8929
8	203	3646.437823728733	8930
8	218	3768.634145503496	8931
8	220	3775.582868739574	8928
8	230	3920.309801190037	8933
8	236	3998.476009539846	8935
8	246	4196.452757709625	8937
8	250	4289.089352800003	8938
8	257	4416.596607157984	8940
8	272	4751.490242539661	8942
8	274	4776.314593947532	8943
8	289	5015.605245560765	8945
8	290	5026.415662239982	8946
8	311	5694.399130025943	8951
8	312	5722.575848478207	8952
8	327	6225.31888650394	8953
8	338	6433.980919910991	8954
8	343	6563.56327548233	8958
8	347	6712.133969589907	8957
8	348	6758.283236959628	8959
8	358	7041.546131567356	8960
8	361	7138.698852042009	8962
8	369	7343.745672952062	8961
8	375	7480.248224731379	8963
8	378	7522.311358262922	8964
8	379	7527.315523741487	8966
8	389	7693.22442225132	8968
8	398	7800.41216845404	8969
8	400	7809.337257358525	8970
8	401	7818.606119193775	8971
8	402	7824.384723776146	8965
8	403	7824.659927330858	8967
8	404	7833.43115627423	8972
8	425	8106.730347340394	8973
8	426	8127.41836517369	8975
8	432	8269.651880176062	8974
8	444	8481.422565817798	8978
8	447	8512.621800804298	8980
8	459	8662.107696226797	8979
8	460	8671.260465445317	8982
8	462	8691.325997155016	8983
8	467	8721.548078268649	8986
8	473	8803.222322731078	8984
8	480	8895.874302360471	8981
8	494	9092.454158406308	8988
8	496	9126.55206700844	8987
8	503	9249.365561045127	8991
8	504	9254.187609052325	8989
8	516	9561.134399338546	8995
8	518	9588.712161006192	8994
8	524	9669.439904447123	8993
8	531	9732.854562914811	8992
8	535	9798.392027233877	8996
8	544	9919.138415487587	8997
8	546	9922.604602050238	9000
8	556	10123.914284763245	9001
8	564	10249.238828492948	9002
8	565	10261.35523101874	9004
8	566	10277.145750523538	9003
8	582	10713.280243802412	9006
8	586	10807.988658280085	9005
8	598	11006.930321590732	9008
8	600	11014.142339591601	9009
8	601	11023.151353555022	9007
8	603	11102.948969690695	9011
8	614	11504.443380152308	9013
8	620	11674.517556961445	9014
8	627	11808.750795640748	9012
8	633	11943.251531818639	9015
8	643	12196.690391378119	9019
8	649	12331.520662529132	9018
8	655	12442.432576440351	9021
8	662	12555.655282581181	9020
8	663	12555.894883128431	9023
8	664	12569.604040386181	9022
8	674	12827.108588859816	9024
8	700	13459.612376971555	9028
8	703	13507.974977520664	9030
8	707	13586.124929496551	9031
8	710	13619.83793809114	9032
8	714	13687.902505352082	9034
8	730	13873.445436878949	9038
8	731	13877.402845772378	9039
8	735	13884.196881315577	9033
8	748	14034.137847706072	9041
8	762	14382.137244432845	9044
8	764	14407.769561367824	9045
8	781	14807.112134669066	9048
8	783	14906.229069078465	9047
8	790	15189.311234265901	9050
8	799	15523.969039039435	9052
8	800	15555.003283146847	9053
8	806	15655.388874804849	9055
8	809	15694.431386935674	9056
8	819	15903.360724489151	9058
8	840	16237.589458803014	9064
8	842	16262.654652907316	9061
8	846	16307.40047440484	9062
8	852	16393.327772779063	9067
8	855	16475.11183566965	9065
8	874	16835.699200669684	9070
8	877	16868.600583315445	9072
8	878	16880.758779671379	9069
8	880	16940.191865853522	9073
8	889	17073.532133088397	9074
8	893	17149.007517020185	9071
8	905	17327.848699321395	9075
8	906	17344.633481298172	9078
8	925	17684.687179359866	9080
8	926	17686.016840361042	9082
8	927	17717.154314891383	9079
8	934	17827.459180758458	9081
8	944	17951.517438463599	9086
8	948	18033.19759110481	9084
8	955	18116.050261507264	9083
8	961	18158.102056635083	9087
8	967	18249.512713927344	9085
8	972	18285.591442786214	9091
8	976	18356.03738101864	9088
8	978	18386.38941863012	9089
8	985	18523.14853954889	9092
8	986	18526.719717631161	9090
8	995	18924.315017587995	9093
8	1000	19483.386327968866	9094
8	1012	19717.647289362524	9095
8	1013	19735.164168210924	9097
8	1017	19794.093173827557	9096
8	1023	19859.518955017382	9100
8	1025	19896.045952396064	9101
9	56	1156.872321424077	0
9	57	1204.611294989816	0
9	62	1338.859146893085	0
9	66	1495.324349472464	0
9	77	1762.494977930481	0
9	86	1948.060503519549	0
9	88	1967.756915054024	0
9	90	1996.615618390613	0
9	92	2038.441965011597	0
9	100	2114.599096224953	0
9	112	2261.475093148952	0
9	120	2398.244138656086	0
9	130	2570.392936403493	0
9	133	2605.910366525449	0
9	136	2661.976879874894	0
9	154	3115.802338299997	0
9	174	3366.115244219527	0
9	178	3436.871724855575	0
9	184	3464.325723584133	0
9	185	3466.582868739574	0
9	188	3513.346617477243	0
9	193	3553.119059531636	0
9	195	3564.268733975098	0
9	206	3663.468472872052	0
9	213	3721.409261646236	0
9	215	3749.437823728733	0
9	242	4101.476009539846	0
9	251	4299.452757709625	0
9	255	4392.089352800003	0
9	261	4519.596607157984	0
9	278	4854.490242539661	0
9	280	4868.342186077719	0
9	281	4879.314593947532	0
9	284	4942.971297865332	0
9	295	5118.605245560765	0
9	296	5129.415662239982	0
9	313	5797.399130025943	0
9	314	5825.575848478207	0
9	332	6328.31888650394	0
9	336	6403.133969589907	0
9	351	6861.283236959628	0
9	356	7034.745672952062	0
9	376	7515.384723776146	0
9	388	7630.315523741487	0
9	397	7796.22442225132	0
9	408	7903.41216845404	0
9	409	7912.337257358525	0
9	410	7921.606119193775	0
9	412	7927.659927330858	0
9	413	7936.43115627423	0
9	414	7960.651880176062	0
9	430	8230.41836517369	0
9	434	8279.425708977075	0
9	452	8586.874302360471	0
9	457	8615.621800804298	0
9	468	8765.107696226797	0
9	475	8817.55206700844	0
9	477	8824.548078268649	0
9	481	8906.222322731078	0
9	507	9357.187609052325	0
9	510	9423.854562914811	0
9	523	9664.134399338546	0
9	525	9691.712161006192	0
9	530	9732.173777461558	0
9	551	10022.138415487587	0
9	552	10025.604602050238	0
9	562	10226.914284763245	0
9	568	10352.238828492948	0
9	569	10364.35523101874	0
9	583	10714.151353555022	0
9	588	10816.280243802412	0
9	590	10851.173115419444	0
9	592	10910.988658280085	0
9	608	11205.948969690695	0
9	613	11499.750795640748	0
9	618	11607.443380152308	0
9	631	11907.435934681363	0
9	647	12246.655282581181	0
9	648	12299.690391378119	0
9	654	12434.520662529132	0
9	661	12545.432576440351	0
9	668	12658.894883128431	0
9	677	12901.58241061453	0
9	678	12930.108588859816	0
9	693	13294.531059968286	0
9	709	13610.974977520664	0
9	715	13689.124929496551	0
9	718	13722.83793809114	0
9	725	13790.902505352082	0
9	727	13813.905188109464	0
9	734	13883.941892377143	0
9	741	13976.445436878949	0
9	752	14137.137847706072	0
9	757	14254.19495113823	0
9	766	14485.137244432845	0
9	767	14486.616388148381	0
9	769	14510.769561367824	0
9	772	14597.229069078465	0
9	784	14910.112134669066	0
9	789	15109.812915710939	0
9	805	15626.969039039435	0
9	812	15758.388874804849	0
9	821	15946.713091274895	0
9	823	15998.245284258258	0
9	824	16006.360724489151	0
9	848	16340.589458803014	0
9	853	16410.40047440484	0
9	857	16496.327772779063	0
9	875	16840.007517020185	0
9	882	16971.600583315445	0
9	886	17043.191865853522	0
9	894	17172.116764532768	0
9	895	17176.532133088397	0
9	903	17305.369029805095	0
9	909	17408.154314891383	0
9	913	17447.633481298172	0
9	918	17518.459180758458	0
9	930	17787.687179359866	0
9	931	17789.016840361042	0
9	943	17940.512713927344	0
9	951	18054.517438463599	0
9	957	18136.19759110481	0
9	964	18217.719717631161	0
9	970	18261.102056635083	0
9	979	18388.591442786214	0
9	982	18459.03738101864	0
9	983	18489.38941863012	0
9	990	18626.14853954889	0
9	996	19027.315017587995	0
9	1004	19586.386327968866	0
9	1020	19820.647289362524	0
9	1022	19839.002577484242	0
9	1026	19897.093173827557	0
9	1030	19962.518955017382	0
9	1031	19999.045952396064	0
10	56	1156.872321424077	3
10	57	1204.611294989816	3
10	62	1338.859146893085	3
10	66	1495.324349472464	3
10	77	1762.494977930481	3
10	86	1948.060503519549	3
10	88	1967.756915054024	3
10	90	1996.615618390613	3
10	92	2038.441965011597	3
10	100	2114.599096224953	3
10	112	2261.475093148952	3
10	120	2398.244138656086	3
10	130	2570.392936403493	3
10	133	2605.910366525449	3
10	136	2661.976879874894	3
10	154	3115.802338299997	3
10	174	3366.115244219527	3
10	178	3436.871724855575	3
10	184	3464.325723584133	3
10	185	3466.582868739574	3
10	188	3513.346617477243	3
10	193	3553.119059531636	3
10	195	3564.268733975098	3
10	206	3663.468472872052	3
10	213	3721.409261646236	3
10	215	3749.437823728733	3
10	242	4101.476009539846	3
10	251	4299.452757709625	3
10	255	4392.089352800003	3
10	261	4519.596607157984	3
10	278	4854.490242539661	3
10	280	4868.342186077719	3
10	281	4879.314593947532	3
10	284	4942.971297865332	3
10	295	5118.605245560765	3
10	296	5129.415662239982	3
10	313	5797.399130025943	3
10	314	5825.575848478207	3
10	332	6328.31888650394	3
10	336	6403.133969589907	3
10	351	6861.283236959628	3
10	356	7034.745672952062	3
10	376	7515.384723776146	3
10	388	7630.315523741487	3
10	397	7796.22442225132	3
10	408	7903.41216845404	3
10	409	7912.337257358525	3
10	410	7921.606119193775	3
10	412	7927.659927330858	3
10	413	7936.43115627423	3
10	414	7960.651880176062	3
10	430	8230.41836517369	3
10	434	8279.425708977075	3
10	452	8586.874302360471	3
10	457	8615.621800804298	3
10	468	8765.107696226797	3
10	475	8817.55206700844	3
10	477	8824.548078268649	3
10	481	8906.222322731078	3
10	507	9357.187609052325	3
10	510	9423.854562914811	3
10	523	9664.134399338546	3
10	525	9691.712161006192	3
10	530	9732.173777461558	3
10	551	10022.138415487587	3
10	552	10025.604602050238	3
10	562	10226.914284763245	3
10	568	10352.238828492948	3
10	569	10364.35523101874	3
10	583	10714.151353555022	3
10	588	10816.280243802412	3
10	590	10851.173115419444	3
10	592	10910.988658280085	3
10	608	11205.948969690695	3
10	613	11499.750795640748	3
10	618	11607.443380152308	3
10	631	11907.435934681363	3
10	647	12246.655282581181	3
10	648	12299.690391378119	3
10	654	12434.520662529132	3
10	661	12545.432576440351	3
10	668	12658.894883128431	3
10	677	12901.58241061453	3
10	678	12930.108588859816	3
10	693	13294.531059968286	3
10	709	13610.974977520664	3
10	715	13689.124929496551	3
10	718	13722.83793809114	3
10	725	13790.902505352082	3
10	727	13813.905188109464	3
10	734	13883.941892377143	3
10	741	13976.445436878949	3
10	752	14137.137847706072	3
10	757	14254.19495113823	3
10	766	14485.137244432845	3
10	767	14486.616388148381	3
10	769	14510.769561367824	3
10	772	14597.229069078465	3
10	784	14910.112134669066	3
10	789	15109.812915710939	3
10	805	15626.969039039435	3
10	812	15758.388874804849	3
10	821	15946.713091274895	3
10	823	15998.245284258258	3
10	824	16006.360724489151	3
10	848	16340.589458803014	3
10	853	16410.40047440484	3
10	857	16496.327772779063	3
10	875	16840.007517020185	3
10	882	16971.600583315445	3
10	886	17043.191865853522	3
10	894	17172.116764532768	3
10	895	17176.532133088397	3
10	903	17305.369029805095	3
10	909	17408.154314891383	3
10	913	17447.633481298172	3
10	918	17518.459180758458	3
10	930	17787.687179359866	3
10	931	17789.016840361042	3
10	943	17940.512713927344	3
10	951	18054.517438463599	3
10	957	18136.19759110481	3
10	964	18217.719717631161	3
10	970	18261.102056635083	3
10	979	18388.591442786214	3
10	982	18459.03738101864	3
10	983	18489.38941863012	3
10	990	18626.14853954889	3
10	996	19027.315017587995	3
10	1004	19586.386327968866	3
10	1020	19820.647289362524	3
10	1022	19839.002577484242	3
10	1026	19897.093173827557	3
10	1030	19962.518955017382	3
10	1031	19999.045952396064	3
11	56	1156.872321424077	8897
11	57	1204.611294989816	8898
11	62	1338.859146893085	8899
11	66	1495.324349472464	8900
11	77	1762.494977930481	8901
11	86	1948.060503519549	8903
11	88	1967.756915054024	8905
11	90	1996.615618390613	8906
11	92	2038.441965011597	8904
11	100	2114.599096224953	8908
11	112	2261.475093148952	8907
11	120	2398.244138656086	8910
11	130	2570.392936403493	8911
11	133	2605.910366525449	8913
11	136	2661.976879874894	8915
11	154	3115.802338299997	8917
11	174	3366.115244219527	8919
11	178	3436.871724855575	8926
11	184	3464.325723584133	8924
11	185	3466.582868739574	8928
11	188	3513.346617477243	8925
11	193	3553.119059531636	8922
11	195	3564.268733975098	8923
11	206	3663.468472872052	8929
11	213	3721.409261646236	8932
11	215	3749.437823728733	8930
11	242	4101.476009539846	8935
11	251	4299.452757709625	8937
11	255	4392.089352800003	8938
11	261	4519.596607157984	8940
11	278	4854.490242539661	8942
11	280	4868.342186077719	8944
11	281	4879.314593947532	8943
11	284	4942.971297865332	8947
11	295	5118.605245560765	8945
11	296	5129.415662239982	8946
11	313	5797.399130025943	8951
11	314	5825.575848478207	8952
11	332	6328.31888650394	8953
11	336	6403.133969589907	8957
11	351	6861.283236959628	8959
11	356	7034.745672952062	8961
11	376	7515.384723776146	8965
11	388	7630.315523741487	8966
11	397	7796.22442225132	8968
11	408	7903.41216845404	8969
11	409	7912.337257358525	8970
11	410	7921.606119193775	8971
11	412	7927.659927330858	8967
11	413	7936.43115627423	8972
11	414	7960.651880176062	8974
11	430	8230.41836517369	8975
11	434	8279.425708977075	8976
11	452	8586.874302360471	8981
11	457	8615.621800804298	8980
11	468	8765.107696226797	8979
11	475	8817.55206700844	8987
11	477	8824.548078268649	8986
11	481	8906.222322731078	8984
11	507	9357.187609052325	8989
11	510	9423.854562914811	8992
11	523	9664.134399338546	8995
11	525	9691.712161006192	8994
11	530	9732.173777461558	8998
11	551	10022.138415487587	8997
11	552	10025.604602050238	9000
11	562	10226.914284763245	9001
11	568	10352.238828492948	9002
11	569	10364.35523101874	9004
11	583	10714.151353555022	9007
11	588	10816.280243802412	9006
11	590	10851.173115419444	9010
11	592	10910.988658280085	9005
11	608	11205.948969690695	9011
11	613	11499.750795640748	9012
11	618	11607.443380152308	9013
11	631	11907.435934681363	9017
11	647	12246.655282581181	9020
11	648	12299.690391378119	9019
11	654	12434.520662529132	9018
11	661	12545.432576440351	9021
11	668	12658.894883128431	9023
11	677	12901.58241061453	9025
11	678	12930.108588859816	9024
11	693	13294.531059968286	9029
11	709	13610.974977520664	9030
11	715	13689.124929496551	9031
11	718	13722.83793809114	9032
11	725	13790.902505352082	9034
11	727	13813.905188109464	9037
11	734	13883.941892377143	9040
11	741	13976.445436878949	9038
11	752	14137.137847706072	9041
11	757	14254.19495113823	9042
11	766	14485.137244432845	9044
11	767	14486.616388148381	9046
11	769	14510.769561367824	9045
11	772	14597.229069078465	9047
11	784	14910.112134669066	9048
11	789	15109.812915710939	9049
11	805	15626.969039039435	9052
11	812	15758.388874804849	9055
11	821	15946.713091274895	9059
11	823	15998.245284258258	9060
11	824	16006.360724489151	9058
11	848	16340.589458803014	9064
11	853	16410.40047440484	9062
11	857	16496.327772779063	9067
11	875	16840.007517020185	9071
11	882	16971.600583315445	9072
11	886	17043.191865853522	9073
11	894	17172.116764532768	9076
11	895	17176.532133088397	9074
11	903	17305.369029805095	9077
11	909	17408.154314891383	9079
11	913	17447.633481298172	9078
11	918	17518.459180758458	9081
11	930	17787.687179359866	9080
11	931	17789.016840361042	9082
11	943	17940.512713927344	9085
11	951	18054.517438463599	9086
11	957	18136.19759110481	9084
11	964	18217.719717631161	9090
11	970	18261.102056635083	9087
11	979	18388.591442786214	9091
11	982	18459.03738101864	9088
11	983	18489.38941863012	9089
11	990	18626.14853954889	9092
11	996	19027.315017587995	9093
11	1004	19586.386327968866	9094
11	1020	19820.647289362524	9095
11	1022	19839.002577484242	9099
11	1026	19897.093173827557	9096
11	1030	19962.518955017382	9100
11	1031	19999.045952396064	9101
12	67	1544.859146893085	306
12	74	1701.324349472464	409
12	115	2320.599096224953	306
12	124	2467.475093148952	512
12	132	2604.244138656086	512
12	140	2713.389374484754	203
12	144	2811.910366525449	306
12	231	3927.409261646236	306
12	252	4307.476009539846	512
12	265	4598.089352800003	512
12	306	5426.197577885193	203
12	476	8821.621800804298	409
12	563	10231.604602050238	512
12	574	10558.238828492948	512
12	671	12751.432576440351	512
12	684	13107.58241061453	306
12	692	13254.359220398216	203
12	702	13500.531059968286	306
12	728	13816.974977520664	512
12	765	14424.872263867944	203
12	839	16212.360724489151	409
12	899	17249.191865853522	409
12	917	17511.369029805095	306
12	969	18260.517438463599	409
13	67	1544.859146893085	6
13	74	1701.324349472464	9
13	115	2320.599096224953	6
13	124	2467.475093148952	12
13	132	2604.244138656086	12
13	140	2713.389374484754	3
13	144	2811.910366525449	6
13	231	3927.409261646236	6
13	252	4307.476009539846	12
13	265	4598.089352800003	12
13	306	5426.197577885193	3
13	476	8821.621800804298	9
13	563	10231.604602050238	12
13	574	10558.238828492948	12
13	671	12751.432576440351	12
13	684	13107.58241061453	6
13	692	13254.359220398216	3
13	702	13500.531059968286	6
13	728	13816.974977520664	12
13	765	14424.872263867944	3
13	839	16212.360724489151	9
13	899	17249.191865853522	9
13	917	17511.369029805095	6
13	969	18260.517438463599	9
14	67	1544.859146893085	2
14	74	1701.324349472464	3
14	115	2320.599096224953	2
14	124	2467.475093148952	4
14	132	2604.244138656086	4
14	140	2713.389374484754	1
14	144	2811.910366525449	2
14	231	3927.409261646236	2
14	252	4307.476009539846	4
14	265	4598.089352800003	4
14	306	5426.197577885193	1
14	476	8821.621800804298	3
14	563	10231.604602050238	4
14	574	10558.238828492948	4
14	671	12751.432576440351	4
14	684	13107.58241061453	2
14	692	13254.359220398216	1
14	702	13500.531059968286	2
14	728	13816.974977520664	4
14	765	14424.872263867944	1
14	839	16212.360724489151	3
14	899	17249.191865853522	3
14	917	17511.369029805095	2
14	969	18260.517438463599	3
15	79	1793.948230872487	203
15	97	2071.494977930481	512
15	191	3546.900024880568	306
15	211	3675.115244219527	512
15	219	3773.325723584133	512
15	238	4061.346669345269	306
15	249	4288.211707719872	306
15	258	4430.803092113648	306
15	298	5171.901967635256	306
15	303	5251.971297865332	409
15	321	6106.399130025943	512
15	324	6134.575848478207	512
15	340	6503.172941366178	306
15	424	8105.22442225132	512
15	448	8549.801106686048	306
15	497	9133.548078268649	512
15	501	9217.432961133974	203
15	548	9973.134399338546	512
15	549	10017.950724357986	306
15	644	12216.435934681363	409
15	690	13239.108588859816	512
15	743	13986.550240433026	306
15	754	14192.941892377143	409
15	779	14794.137244432845	512
15	782	14819.769561367824	512
15	820	15922.545436984417	306
15	841	16255.713091274895	409
15	873	16805.327772779063	512
15	1024	19895.386327968866	512
15	1027	19897.997575033902	306
16	79	1793.948230872487	3
16	97	2071.494977930481	12
16	191	3546.900024880568	6
16	211	3675.115244219527	12
16	219	3773.325723584133	12
16	238	4061.346669345269	6
16	249	4288.211707719872	6
16	258	4430.803092113648	6
16	298	5171.901967635256	6
16	303	5251.971297865332	9
16	321	6106.399130025943	12
16	324	6134.575848478207	12
16	340	6503.172941366178	6
16	424	8105.22442225132	12
16	448	8549.801106686048	6
16	497	9133.548078268649	12
16	501	9217.432961133974	3
16	548	9973.134399338546	12
16	549	10017.950724357986	6
16	644	12216.435934681363	9
16	690	13239.108588859816	12
16	743	13986.550240433026	6
16	754	14192.941892377143	9
16	779	14794.137244432845	12
16	782	14819.769561367824	12
16	820	15922.545436984417	6
16	841	16255.713091274895	9
16	873	16805.327772779063	12
16	1024	19895.386327968866	12
16	1027	19897.997575033902	6
17	79	1793.948230872487	1
17	97	2071.494977930481	4
17	191	3546.900024880568	2
17	211	3675.115244219527	4
17	219	3773.325723584133	4
17	238	4061.346669345269	2
17	249	4288.211707719872	2
17	258	4430.803092113648	2
17	298	5171.901967635256	2
17	303	5251.971297865332	3
17	321	6106.399130025943	4
17	324	6134.575848478207	4
17	340	6503.172941366178	2
17	424	8105.22442225132	4
17	448	8549.801106686048	2
17	497	9133.548078268649	4
17	501	9217.432961133974	1
17	548	9973.134399338546	4
17	549	10017.950724357986	2
17	644	12216.435934681363	3
17	690	13239.108588859816	4
17	743	13986.550240433026	2
17	754	14192.941892377143	3
17	779	14794.137244432845	4
17	782	14819.769561367824	4
17	820	15922.545436984417	2
17	841	16255.713091274895	3
17	873	16805.327772779063	4
17	1024	19895.386327968866	4
17	1027	19897.997575033902	2
18	117	2356.657362119422	306
18	187	3496.639410207605	306
18	214	3745.871724855575	409
18	233	3972.468472872052	512
18	271	4740.505685090023	203
18	299	5177.342186077719	409
18	334	6376.739866959596	203
18	363	7170.283236959628	512
18	453	8588.425708977075	409
18	482	8920.362606772706	306
18	553	10041.173777461558	409
18	607	11160.173115419444	409
18	615	11514.948969690695	512
18	638	12055.403564227115	306
18	665	12608.690391378119	512
18	688	13187.030572525517	306
18	751	14122.905188109464	409
18	851	16390.722228822066	203
18	872	16782.542041049245	306
18	915	17481.116764532768	409
18	929	17756.633481298172	512
18	954	18098.016840361042	512
19	117	2356.657362119422	6
19	187	3496.639410207605	6
19	214	3745.871724855575	9
19	233	3972.468472872052	12
19	271	4740.505685090023	3
19	299	5177.342186077719	9
19	334	6376.739866959596	3
19	363	7170.283236959628	12
19	453	8588.425708977075	9
19	482	8920.362606772706	6
19	553	10041.173777461558	9
19	607	11160.173115419444	9
19	615	11514.948969690695	12
19	638	12055.403564227115	6
19	665	12608.690391378119	12
19	688	13187.030572525517	6
19	751	14122.905188109464	9
19	851	16390.722228822066	3
19	872	16782.542041049245	6
19	915	17481.116764532768	9
19	929	17756.633481298172	12
19	954	18098.016840361042	12
20	117	2356.657362119422	2
20	187	3496.639410207605	2
20	214	3745.871724855575	3
20	233	3972.468472872052	4
20	271	4740.505685090023	1
20	299	5177.342186077719	3
20	334	6376.739866959596	1
20	363	7170.283236959628	4
20	453	8588.425708977075	3
20	482	8920.362606772706	2
20	553	10041.173777461558	3
20	607	11160.173115419444	3
20	615	11514.948969690695	4
20	638	12055.403564227115	2
20	665	12608.690391378119	4
20	688	13187.030572525517	2
20	751	14122.905188109464	3
20	851	16390.722228822066	1
20	872	16782.542041049245	2
20	915	17481.116764532768	3
20	929	17756.633481298172	4
20	954	18098.016840361042	4
21	152	3073.976879874894	512
21	164	3286.258612212628	306
21	204	3651.91312571843	306
21	228	3878.582868739574	512
21	349	6815.133969589907	512
21	366	7241.698852042009	306
21	374	7446.745672952062	512
21	380	7583.248224731379	409
21	411	7927.384723776146	512
21	429	8209.730347340394	409
21	438	8372.651880176062	512
21	451	8584.422565817798	306
21	469	8774.260465445317	203
21	472	8794.325997155016	203
21	500	9195.454158406308	409
21	506	9352.365561045127	306
21	540	9835.854562914811	512
21	570	10380.145750523538	306
21	605	11117.142339591601	409
21	606	11126.151353555022	512
21	625	11777.517556961445	203
21	637	12046.251531818639	409
21	667	12658.655282581181	512
21	669	12672.604040386181	306
21	705	13562.612376971555	409
21	742	13980.402845772378	203
21	785	15009.229069078465	512
21	792	15292.311234265901	203
21	807	15658.003283146847	203
21	813	15797.431386935674	203
21	849	16365.654652907316	409
21	861	16578.11183566965	409
21	884	16983.758779671379	409
21	912	17430.848699321395	409
21	942	17930.459180758458	512
21	975	18352.512713927344	512
21	991	18629.719717631161	512
22	152	3073.976879874894	12
22	164	3286.258612212628	6
22	204	3651.91312571843	6
22	228	3878.582868739574	12
22	349	6815.133969589907	12
22	366	7241.698852042009	6
22	374	7446.745672952062	12
22	380	7583.248224731379	9
22	411	7927.384723776146	12
22	429	8209.730347340394	9
22	438	8372.651880176062	12
22	451	8584.422565817798	6
22	469	8774.260465445317	3
22	472	8794.325997155016	3
22	500	9195.454158406308	9
22	506	9352.365561045127	6
22	540	9835.854562914811	12
22	570	10380.145750523538	6
22	605	11117.142339591601	9
22	606	11126.151353555022	12
22	625	11777.517556961445	3
22	637	12046.251531818639	9
22	667	12658.655282581181	12
22	669	12672.604040386181	6
22	705	13562.612376971555	9
22	742	13980.402845772378	3
22	785	15009.229069078465	12
22	792	15292.311234265901	3
22	807	15658.003283146847	3
22	813	15797.431386935674	3
22	849	16365.654652907316	9
22	861	16578.11183566965	9
22	884	16983.758779671379	9
22	912	17430.848699321395	9
22	942	17930.459180758458	12
22	975	18352.512713927344	12
22	991	18629.719717631161	12
23	152	3073.976879874894	4
23	164	3286.258612212628	2
23	204	3651.91312571843	2
23	228	3878.582868739574	4
23	349	6815.133969589907	4
23	366	7241.698852042009	2
23	374	7446.745672952062	4
23	380	7583.248224731379	3
23	411	7927.384723776146	4
23	429	8209.730347340394	3
23	438	8372.651880176062	4
23	451	8584.422565817798	2
23	469	8774.260465445317	1
23	472	8794.325997155016	1
23	500	9195.454158406308	3
23	506	9352.365561045127	2
23	540	9835.854562914811	4
23	570	10380.145750523538	2
23	605	11117.142339591601	3
23	606	11126.151353555022	4
23	625	11777.517556961445	1
23	637	12046.251531818639	3
23	667	12658.655282581181	4
23	669	12672.604040386181	2
23	705	13562.612376971555	3
23	742	13980.402845772378	1
23	785	15009.229069078465	4
23	792	15292.311234265901	1
23	807	15658.003283146847	1
23	813	15797.431386935674	1
23	849	16365.654652907316	3
23	861	16578.11183566965	3
23	884	16983.758779671379	3
23	912	17430.848699321395	3
23	942	17930.459180758458	4
23	975	18352.512713927344	4
23	991	18629.719717631161	4
24	121	2408.615618390613	512
24	141	2760.679043410749	409
24	150	2994.518063108916	409
24	227	3871.634145503496	306
24	237	4023.309801190037	306
24	342	6536.980919910991	409
24	346	6666.56327548233	203
24	362	7144.546131567356	306
24	387	7625.311358262922	306
24	487	8998.874302360471	512
24	502	9229.55206700844	512
24	533	9772.439904447123	409
24	542	9901.392027233877	306
24	604	11109.930321590732	409
24	632	11911.750795640748	512
24	745	13987.196881315577	409
24	879	16938.699200669684	306
24	900	17252.007517020185	512
24	933	17820.154314891383	512
24	965	18219.050261507264	409
24	1021	19838.164168210924	306
25	121	2408.615618390613	12
25	141	2760.679043410749	9
25	150	2994.518063108916	9
25	227	3871.634145503496	6
25	237	4023.309801190037	6
25	342	6536.980919910991	9
25	346	6666.56327548233	3
25	362	7144.546131567356	6
25	387	7625.311358262922	6
25	487	8998.874302360471	12
25	502	9229.55206700844	12
25	533	9772.439904447123	9
25	542	9901.392027233877	6
25	604	11109.930321590732	9
25	632	11911.750795640748	12
25	745	13987.196881315577	9
25	879	16938.699200669684	6
25	900	17252.007517020185	12
25	933	17820.154314891383	12
25	965	18219.050261507264	9
25	1021	19838.164168210924	6
26	121	2408.615618390613	4
26	141	2760.679043410749	3
26	150	2994.518063108916	3
26	227	3871.634145503496	2
26	237	4023.309801190037	2
26	342	6536.980919910991	3
26	346	6666.56327548233	1
26	362	7144.546131567356	2
26	387	7625.311358262922	2
26	487	8998.874302360471	4
26	502	9229.55206700844	4
26	533	9772.439904447123	3
26	542	9901.392027233877	2
26	604	11109.930321590732	3
26	632	11911.750795640748	4
26	745	13987.196881315577	3
26	879	16938.699200669684	2
26	900	17252.007517020185	4
26	933	17820.154314891383	4
26	965	18219.050261507264	3
26	1021	19838.164168210924	2
27	61	1307.611294989816	306
27	200	3616.346617477243	306
27	208	3667.268733975098	409
27	224	3852.437823728733	306
27	288	4982.314593947532	409
27	395	7733.315523741487	306
27	419	8024.606119193775	409
27	435	8333.41836517369	306
27	488	9009.222322731078	409
27	511	9460.187609052325	512
27	534	9794.712161006192	409
27	594	10919.280243802412	306
27	761	14357.19495113823	203
27	787	15013.112134669066	306
27	811	15729.969039039435	306
27	902	17279.532133088397	306
27	966	18239.19759110481	409
27	997	19130.315017587995	409
28	61	1307.611294989816	6
28	200	3616.346617477243	6
28	208	3667.268733975098	9
28	224	3852.437823728733	6
28	288	4982.314593947532	9
28	395	7733.315523741487	6
28	419	8024.606119193775	9
28	435	8333.41836517369	6
28	488	9009.222322731078	9
28	511	9460.187609052325	12
28	534	9794.712161006192	9
28	594	10919.280243802412	6
28	761	14357.19495113823	3
28	787	15013.112134669066	6
28	811	15729.969039039435	6
28	902	17279.532133088397	6
28	966	18239.19759110481	9
28	997	19130.315017587995	9
29	61	1307.611294989816	2
29	200	3616.346617477243	2
29	208	3667.268733975098	3
29	224	3852.437823728733	2
29	288	4982.314593947532	3
29	395	7733.315523741487	2
29	419	8024.606119193775	3
29	435	8333.41836517369	2
29	488	9009.222322731078	3
29	511	9460.187609052325	4
29	534	9794.712161006192	3
29	594	10919.280243802412	2
29	761	14357.19495113823	1
29	787	15013.112134669066	2
29	811	15729.969039039435	2
29	902	17279.532133088397	2
29	966	18239.19759110481	3
29	997	19130.315017587995	3
30	53	1004.378582823511	512
30	94	2051.060503519549	409
30	137	2673.392936403493	512
30	205	3656.119059531636	409
30	300	5221.605245560765	409
30	302	5232.415662239982	409
30	337	6431.31888650394	512
30	417	8006.41216845404	409
30	418	8015.337257358525	409
30	421	8030.659927330858	512
30	422	8039.43115627423	306
30	478	8868.107696226797	512
30	557	10125.138415487587	512
30	599	11013.988658280085	409
30	660	12537.520662529132	512
30	749	14079.445436878949	306
30	756	14240.137847706072	306
30	791	15212.812915710939	203
30	817	15861.388874804849	306
30	854	16443.589458803014	306
30	890	17074.600583315445	306
30	938	17890.687179359866	512
30	977	18364.102056635083	409
30	987	18562.03738101864	512
30	988	18592.38941863012	512
30	993	18729.14853954889	409
30	1028	19923.647289362524	512
31	53	1004.378582823511	12
31	94	2051.060503519549	9
31	137	2673.392936403493	12
31	205	3656.119059531636	9
31	300	5221.605245560765	9
31	302	5232.415662239982	9
31	337	6431.31888650394	12
31	417	8006.41216845404	9
31	418	8015.337257358525	9
31	421	8030.659927330858	12
31	422	8039.43115627423	6
31	478	8868.107696226797	12
31	557	10125.138415487587	12
31	599	11013.988658280085	9
31	660	12537.520662529132	12
31	749	14079.445436878949	6
31	756	14240.137847706072	6
31	791	15212.812915710939	3
31	817	15861.388874804849	6
31	854	16443.589458803014	6
31	890	17074.600583315445	6
31	938	17890.687179359866	12
31	977	18364.102056635083	9
31	987	18562.03738101864	12
31	988	18592.38941863012	12
31	993	18729.14853954889	9
31	1028	19923.647289362524	12
32	53	1004.378582823511	4
32	94	2051.060503519549	3
32	137	2673.392936403493	4
32	205	3656.119059531636	3
32	300	5221.605245560765	3
32	302	5232.415662239982	3
32	337	6431.31888650394	4
32	417	8006.41216845404	3
32	418	8015.337257358525	3
32	421	8030.659927330858	4
32	422	8039.43115627423	2
32	478	8868.107696226797	4
32	557	10125.138415487587	4
32	599	11013.988658280085	3
32	660	12537.520662529132	4
32	749	14079.445436878949	2
32	756	14240.137847706072	2
32	791	15212.812915710939	1
32	817	15861.388874804849	2
32	854	16443.589458803014	2
32	890	17074.600583315445	2
32	938	17890.687179359866	4
32	977	18364.102056635083	3
32	987	18562.03738101864	4
32	988	18592.38941863012	4
32	993	18729.14853954889	3
32	1028	19923.647289362524	4
33	63	1362.872321424077	512
33	105	2173.756915054024	409
33	109	2244.441965011597	512
33	167	3321.802338299997	409
33	260	4505.452757709625	512
33	270	4725.596607157984	409
33	292	5060.490242539661	512
33	308	5533.278915504423	203
33	571	10432.914284763245	512
33	575	10570.35523101874	409
33	628	11813.443380152308	409
33	675	12864.894883128431	409
33	732	13879.788797751962	203
33	737	13895.124929496551	512
33	739	13928.83793809114	512
33	746	13996.902505352082	409
33	775	14692.616388148381	306
33	798	15518.301090570424	203
33	808	15670.421267687415	203
33	836	16204.245284258258	306
33	847	16313.831467682625	203
33	863	16616.40047440484	512
33	989	18594.591442786214	409
34	63	1362.872321424077	12
34	105	2173.756915054024	9
34	109	2244.441965011597	12
34	167	3321.802338299997	9
34	260	4505.452757709625	12
34	270	4725.596607157984	9
34	292	5060.490242539661	12
34	308	5533.278915504423	3
34	571	10432.914284763245	12
34	575	10570.35523101874	9
34	628	11813.443380152308	9
34	675	12864.894883128431	9
34	732	13879.788797751962	3
34	737	13895.124929496551	12
34	739	13928.83793809114	12
34	746	13996.902505352082	9
34	775	14692.616388148381	6
34	798	15518.301090570424	3
34	808	15670.421267687415	3
34	836	16204.245284258258	6
34	847	16313.831467682625	3
34	863	16616.40047440484	12
34	989	18594.591442786214	9
35	63	1362.872321424077	4
35	105	2173.756915054024	3
35	109	2244.441965011597	4
35	167	3321.802338299997	3
35	260	4505.452757709625	4
35	270	4725.596607157984	3
35	292	5060.490242539661	4
35	308	5533.278915504423	1
35	571	10432.914284763245	4
35	575	10570.35523101874	3
35	628	11813.443380152308	3
35	675	12864.894883128431	3
35	732	13879.788797751962	1
35	737	13895.124929496551	4
35	739	13928.83793809114	4
35	746	13996.902505352082	3
35	775	14692.616388148381	2
35	798	15518.301090570424	1
35	808	15670.421267687415	1
35	836	16204.245284258258	2
35	847	16313.831467682625	1
35	863	16616.40047440484	4
35	989	18594.591442786214	3

