version 3
run MediumLoad_Queue-36-20260125-17:51:21-1418
attr configname MediumLoad_Queue
attr datetime 20260125-17:51:21
attr datetimef 20260125-175121
attr experiment MediumLoad_Queue
attr inifile simulations/nwsim_project/omnetpp.ini
attr iterationvars ""
attr iterationvarsd ""
attr iterationvarsf ""
attr measurement ""
attr network CrossTraffic
attr processid 1418
attr repetition 36
attr replication #36
attr resultdir results
attr runnumber 36
attr seedset 36
config description "Medium Load - Queue Mode (50% more traffic)"
config *.Junc*.junctionMode "\"queue\""
config *.EndNW.spawnInterval exponential(533s)
config *.EndNE.spawnInterval exponential(800s)
config *.EndEN.spawnInterval exponential(667s)
config *.EndES.spawnInterval exponential(1000s)
config *.EndSE.spawnInterval exponential(600s)
config *.EndSW.spawnInterval exponential(733s)
config *.EndWS.spawnInterval exponential(867s)
config *.EndWN.spawnInterval exponential(933s)
config network CrossTraffic
config sim-time-limit 20000s
config warmup-period 1000s
config repeat 50
config **.scalar-recording true
config **.vector-recording true
config *.Junc*.junctionMode "\"queue\""
config *.EndNW.spawnInterval exponential(800s)
config *.EndNE.spawnInterval exponential(1200s)
config *.EndEN.spawnInterval exponential(1000s)
config *.EndES.spawnInterval exponential(1500s)
config *.EndSE.spawnInterval exponential(900s)
config *.EndSW.spawnInterval exponential(1100s)
config *.EndWS.spawnInterval exponential(1300s)
config *.EndWN.spawnInterval exponential(1400s)

vector 0 CrossTraffic.JuncNW queueLength:vector ETV
attr interpolationmode sample-hold
attr recordingmode vector
attr source queueLength
attr title "Queue Length"
vector 1 CrossTraffic.JuncNW junctionProcessingTime:vector ETV
attr recordingmode vector
attr source junctionProcessingTime
attr title "Junction Processing Time"
vector 2 CrossTraffic.JuncNW vehicleCount:vector ETV
attr recordingmode vector
attr source vehicleCount
attr title "Vehicle Count"
vector 3 CrossTraffic.JuncNE queueLength:vector ETV
attr interpolationmode sample-hold
attr recordingmode vector
attr source queueLength
attr title "Queue Length"
vector 4 CrossTraffic.JuncNE junctionProcessingTime:vector ETV
attr recordingmode vector
attr source junctionProcessingTime
attr title "Junction Processing Time"
vector 5 CrossTraffic.JuncNE vehicleCount:vector ETV
attr recordingmode vector
attr source vehicleCount
attr title "Vehicle Count"
vector 6 CrossTraffic.JuncSE queueLength:vector ETV
attr interpolationmode sample-hold
attr recordingmode vector
attr source queueLength
attr title "Queue Length"
vector 7 CrossTraffic.JuncSE junctionProcessingTime:vector ETV
attr recordingmode vector
attr source junctionProcessingTime
attr title "Junction Processing Time"
vector 8 CrossTraffic.JuncSE vehicleCount:vector ETV
attr recordingmode vector
attr source vehicleCount
attr title "Vehicle Count"
vector 9 CrossTraffic.JuncSW queueLength:vector ETV
attr interpolationmode sample-hold
attr recordingmode vector
attr source queueLength
attr title "Queue Length"
vector 10 CrossTraffic.JuncSW junctionProcessingTime:vector ETV
attr recordingmode vector
attr source junctionProcessingTime
attr title "Junction Processing Time"
vector 11 CrossTraffic.JuncSW vehicleCount:vector ETV
attr recordingmode vector
attr source vehicleCount
attr title "Vehicle Count"
vector 12 CrossTraffic.EndNW travelTime:vector ETV
attr recordingmode vector
attr source travelTime
attr title "Vehicle Travel Time"
vector 13 CrossTraffic.EndNW junctionTime:vector ETV
attr recordingmode vector
attr source junctionTime
attr title "Total Junction Time per Vehicle"
vector 14 CrossTraffic.EndNW junctionCount:vector ETV
attr recordingmode vector
attr source junctionCount
attr title "Junctions Visited per Vehicle"
vector 15 CrossTraffic.EndNE travelTime:vector ETV
attr recordingmode vector
attr source travelTime
attr title "Vehicle Travel Time"
vector 16 CrossTraffic.EndNE junctionTime:vector ETV
attr recordingmode vector
attr source junctionTime
attr title "Total Junction Time per Vehicle"
vector 17 CrossTraffic.EndNE junctionCount:vector ETV
attr recordingmode vector
attr source junctionCount
attr title "Junctions Visited per Vehicle"
vector 18 CrossTraffic.EndEN travelTime:vector ETV
attr recordingmode vector
attr source travelTime
attr title "Vehicle Travel Time"
vector 19 CrossTraffic.EndEN junctionTime:vector ETV
attr recordingmode vector
attr source junctionTime
attr title "Total Junction Time per Vehicle"
vector 20 CrossTraffic.EndEN junctionCount:vector ETV
attr recordingmode vector
attr source junctionCount
attr title "Junctions Visited per Vehicle"
vector 21 CrossTraffic.EndES travelTime:vector ETV
attr recordingmode vector
attr source travelTime
attr title "Vehicle Travel Time"
vector 22 CrossTraffic.EndES junctionTime:vector ETV
attr recordingmode vector
attr source junctionTime
attr title "Total Junction Time per Vehicle"
vector 23 CrossTraffic.EndES junctionCount:vector ETV
attr recordingmode vector
attr source junctionCount
attr title "Junctions Visited per Vehicle"
vector 24 CrossTraffic.EndSE travelTime:vector ETV
attr recordingmode vector
attr source travelTime
attr title "Vehicle Travel Time"
vector 25 CrossTraffic.EndSE junctionTime:vector ETV
attr recordingmode vector
attr source junctionTime
attr title "Total Junction Time per Vehicle"
vector 26 CrossTraffic.EndSE junctionCount:vector ETV
attr recordingmode vector
attr source junctionCount
attr title "Junctions Visited per Vehicle"
vector 27 CrossTraffic.EndSW travelTime:vector ETV
attr recordingmode vector
attr source travelTime
attr title "Vehicle Travel Time"
vector 28 CrossTraffic.EndSW junctionTime:vector ETV
attr recordingmode vector
attr source junctionTime
attr title "Total Junction Time per Vehicle"
vector 29 CrossTraffic.EndSW junctionCount:vector ETV
attr recordingmode vector
attr source junctionCount
attr title "Junctions Visited per Vehicle"
vector 30 CrossTraffic.EndWS travelTime:vector ETV
attr recordingmode vector
attr source travelTime
attr title "Vehicle Travel Time"
vector 31 CrossTraffic.EndWS junctionTime:vector ETV
attr recordingmode vector
attr source junctionTime
attr title "Total Junction Time per Vehicle"
vector 32 CrossTraffic.EndWS junctionCount:vector ETV
attr recordingmode vector
attr source junctionCount
attr title "Junctions Visited per Vehicle"
vector 33 CrossTraffic.EndWN travelTime:vector ETV
attr recordingmode vector
attr source travelTime
attr title "Vehicle Travel Time"
vector 34 CrossTraffic.EndWN junctionTime:vector ETV
attr recordingmode vector
attr source junctionTime
attr title "Total Junction Time per Vehicle"
vector 35 CrossTraffic.EndWN junctionCount:vector ETV
attr recordingmode vector
attr source junctionCount
attr title "Junctions Visited per Vehicle"
0	118	1294.200102931169	1
0	120	1297.200102931169	0
0	153	1635.740602211582	1
0	156	1638.740602211582	0
0	176	1771.48510410221	1
0	177	1774.48510410221	0
0	200	1942.467040462125	1
0	201	1945.467040462125	0
0	204	1981.264017737571	1
0	205	1984.264017737571	0
0	206	1994.520400398483	1
0	208	1997.520400398483	0
0	209	2008.242733613646	1
0	210	2011.242733613646	0
0	218	2095.325093431704	1
0	220	2098.325093431704	0
0	226	2133.903200850315	1
0	227	2136.903200850315	0
0	263	2436.966815143173	1
0	264	2439.966815143173	0
0	265	2447.142044642326	1
0	266	2450.142044642326	0
0	278	2584.177369481785	1
0	279	2587.177369481785	0
0	292	2721.926439156414	1
0	293	2724.926439156414	0
0	306	2844.278247852993	1
0	307	2847.278247852993	0
0	323	2975.500856818276	1
0	324	2978.500856818276	0
0	330	3051.110898270368	1
0	331	3051.912795035994	2
0	332	3054.110898270368	1
0	333	3060.110898270368	0
0	345	3165.465331155707	1
0	346	3168.465331155707	0
0	347	3210.433610074342	1
0	348	3213.433610074342	0
0	358	3403.694704227167	1
0	359	3406.694704227167	0
0	360	3446.577397187551	1
0	361	3449.577397187551	0
0	371	3586.511087488045	1
0	373	3589.511087488045	0
0	378	3680.788280796719	1
0	379	3683.788280796719	0
0	405	3961.425803863522	1
0	406	3964.425803863522	0
0	416	4078.836849724766	1
0	418	4081.836849724766	0
0	419	4082.088538003716	1
0	420	4085.088538003716	0
0	435	4387.103600653921	1
0	437	4390.103600653921	0
0	451	4719.202111850676	1
0	452	4722.202111850676	0
0	460	4923.49046367589	1
0	461	4926.49046367589	0
0	464	5011.960922580622	1
0	465	5014.960922580622	0
0	477	5392.015179309332	1
0	478	5395.015179309332	0
0	543	6162.022692312597	1
0	544	6165.022692312597	0
0	569	6744.603331657875	1
0	570	6747.603331657875	0
0	583	6977.770857165908	1
0	584	6980.770857165908	0
0	588	7061.258512444601	1
0	590	7064.258512444601	0
0	598	7204.810610263697	1
0	599	7207.810610263697	0
0	623	7489.689590668684	1
0	625	7492.689590668684	0
0	634	7585.009901088022	1
0	635	7588.009901088022	0
0	636	7591.009901088022	1
0	638	7594.009901088022	0
0	642	7654.991882436928	1
0	643	7657.991882436928	0
0	644	7662.028385694176	1
0	645	7665.028385694176	0
0	657	7880.183569888385	1
0	658	7883.183569888385	0
0	661	7954.869877887558	1
0	662	7957.869877887558	0
0	675	8120.967194441612	1
0	676	8123.967194441612	0
0	688	8393.984629255062	1
0	690	8396.984629255062	0
0	695	8498.334635325118	1
0	697	8501.334635325118	0
0	705	8628.852425412135	1
0	706	8631.852425412135	0
0	710	8700.83559773347	1
0	711	8703.83559773347	0
0	734	9179.679988319079	1
0	735	9182.679988319079	0
0	745	9338.802749981697	1
0	746	9341.802749981697	0
0	751	9414.776543664477	1
0	752	9417.776543664477	0
0	759	9578.47568077247	1
0	760	9581.47568077247	0
0	770	10071.550599556448	1
0	771	10074.550599556448	0
0	775	10159.311371887284	1
0	776	10162.311371887284	0
0	782	10247.094406135904	1
0	783	10250.094406135904	0
0	808	10578.492875726499	1
0	809	10581.492875726499	0
0	810	10636.343082649216	1
0	811	10639.343082649216	0
0	812	10648.368742221436	1
0	813	10651.368742221436	0
0	832	10897.531235600619	1
0	833	10900.531235600619	0
0	860	11647.770245099862	1
0	861	11650.770245099862	0
0	862	11654.646224525644	1
0	863	11657.646224525644	0
0	864	11680.731233139297	1
0	866	11683.731233139297	0
0	883	11805.84747540171	1
0	884	11808.84747540171	0
0	891	11902.780314054652	1
0	892	11905.780314054652	0
0	934	12669.610684189554	1
0	936	12672.610684189554	0
0	962	13104.608804725116	1
0	963	13107.608804725116	0
0	965	13129.765281139265	1
0	966	13132.765281139265	0
0	975	13253.486306913745	1
0	976	13256.486306913745	0
0	990	13503.199569196354	1
0	991	13506.199569196354	0
0	1011	13748.149385233068	1
0	1012	13751.149385233068	0
0	1013	13770.012675010837	1
0	1014	13773.012675010837	0
0	1021	13835.137589336734	1
0	1023	13838.137589336734	0
0	1038	14019.235979758196	1
0	1039	14022.235979758196	0
0	1040	14037.14549298064	1
0	1041	14040.14549298064	0
0	1053	14179.833346845702	1
0	1054	14182.833346845702	0
0	1066	14402.949000059319	1
0	1067	14405.949000059319	0
0	1080	14951.141664426828	1
0	1081	14954.141664426828	0
0	1084	14967.548767252162	1
0	1085	14970.548767252162	0
0	1096	15117.719187682217	1
0	1097	15120.719187682217	0
0	1100	15162.738009070279	1
0	1102	15165.738009070279	0
0	1113	15493.496661021811	1
0	1114	15496.496661021811	0
0	1134	15874.284192189168	1
0	1135	15877.284192189168	0
0	1146	16061.078380785887	1
0	1147	16064.078380785887	0
0	1170	16290.317230229096	1
0	1171	16293.317230229096	0
0	1181	16401.893260444309	1
0	1182	16404.893260444309	0
0	1194	16540.793743636884	1
0	1195	16543.793743636884	0
0	1208	16697.683112545185	1
0	1211	16700.683112545185	0
0	1227	16906.339547514727	1
0	1230	16909.339547514727	0
0	1238	17044.804053632874	1
0	1239	17047.804053632874	0
0	1255	17380.71289090246	1
0	1256	17383.71289090246	0
0	1258	17454.843909137036	1
0	1259	17457.843909137036	0
0	1262	17506.431443933694	1
0	1263	17509.431443933694	0
0	1273	17756.842470898859	1
0	1274	17759.842470898859	0
0	1283	17941.611372820958	1
0	1284	17944.611372820958	0
0	1289	18003.00464085233	1
0	1290	18006.00464085233	0
0	1306	18255.573082565068	1
0	1307	18258.573082565068	0
0	1309	18273.279608951389	1
0	1310	18276.279608951389	0
0	1321	18471.475622092257	1
0	1322	18474.475622092257	0
0	1345	18827.997138287439	1
0	1347	18830.997138287439	0
0	1348	18867.397629608775	1
0	1349	18870.397629608775	0
0	1370	19164.80755843968	1
0	1371	19167.80755843968	0
0	1396	19356.875055335997	1
0	1398	19359.875055335997	0
0	1407	19410.252846111617	1
0	1408	19413.252846111617	0
0	1432	19577.325164527567	1
0	1433	19580.325164527567	0
0	1435	19618.17841188528	1
0	1437	19621.17841188528	0
0	1444	19672.784478060668	1
0	1445	19675.784478060668	0
0	1461	19855.841350722722	1
0	1462	19858.841350722722	0
0	1470	19982.527947661595	1
0	1471	19985.527947661595	0
1	120	1297.200102931169	3
1	156	1638.740602211582	3
1	177	1774.48510410221	3
1	201	1945.467040462125	3
1	205	1984.264017737571	3
1	208	1997.520400398483	3
1	210	2011.242733613646	3
1	220	2098.325093431704	3
1	227	2136.903200850315	3
1	264	2439.966815143173	3
1	266	2450.142044642326	3
1	279	2587.177369481785	3
1	293	2724.926439156414	3
1	307	2847.278247852993	3
1	324	2978.500856818276	3
1	332	3054.110898270368	3
1	333	3060.110898270368	8.198103234374
1	346	3168.465331155707	3
1	348	3213.433610074342	3
1	359	3406.694704227167	3
1	361	3449.577397187551	3
1	373	3589.511087488045	3
1	379	3683.788280796719	3
1	406	3964.425803863522	3
1	418	4081.836849724766	3
1	420	4085.088538003716	3
1	437	4390.103600653921	3
1	452	4722.202111850676	3
1	461	4926.49046367589	3
1	465	5014.960922580622	3
1	478	5395.015179309332	3
1	544	6165.022692312597	3
1	570	6747.603331657875	3
1	584	6980.770857165908	3
1	590	7064.258512444601	3
1	599	7207.810610263697	3
1	625	7492.689590668684	3
1	635	7588.009901088022	3
1	638	7594.009901088022	3
1	643	7657.991882436928	3
1	645	7665.028385694176	3
1	658	7883.183569888385	3
1	662	7957.869877887558	3
1	676	8123.967194441612	3
1	690	8396.984629255062	3
1	697	8501.334635325118	3
1	706	8631.852425412135	3
1	711	8703.83559773347	3
1	735	9182.679988319079	3
1	746	9341.802749981697	3
1	752	9417.776543664477	3
1	760	9581.47568077247	3
1	771	10074.550599556448	3
1	776	10162.311371887284	3
1	783	10250.094406135904	3
1	809	10581.492875726499	3
1	811	10639.343082649216	3
1	813	10651.368742221436	3
1	833	10900.531235600619	3
1	861	11650.770245099862	3
1	863	11657.646224525644	3
1	866	11683.731233139297	3
1	884	11808.84747540171	3
1	892	11905.780314054652	3
1	936	12672.610684189554	3
1	963	13107.608804725116	3
1	966	13132.765281139265	3
1	976	13256.486306913745	3
1	991	13506.199569196354	3
1	1012	13751.149385233068	3
1	1014	13773.012675010837	3
1	1023	13838.137589336734	3
1	1039	14022.235979758196	3
1	1041	14040.14549298064	3
1	1054	14182.833346845702	3
1	1067	14405.949000059319	3
1	1081	14954.141664426828	3
1	1085	14970.548767252162	3
1	1097	15120.719187682217	3
1	1102	15165.738009070279	3
1	1114	15496.496661021811	3
1	1135	15877.284192189168	3
1	1147	16064.078380785887	3
1	1171	16293.317230229096	3
1	1182	16404.893260444309	3
1	1195	16543.793743636884	3
1	1211	16700.683112545185	3
1	1230	16909.339547514727	3
1	1239	17047.804053632874	3
1	1256	17383.71289090246	3
1	1259	17457.843909137036	3
1	1263	17509.431443933694	3
1	1274	17759.842470898859	3
1	1284	17944.611372820958	3
1	1290	18006.00464085233	3
1	1307	18258.573082565068	3
1	1310	18276.279608951389	3
1	1322	18474.475622092257	3
1	1347	18830.997138287439	3
1	1349	18870.397629608775	3
1	1371	19167.80755843968	3
1	1398	19359.875055335997	3
1	1408	19413.252846111617	3
1	1433	19580.325164527567	3
1	1437	19621.17841188528	3
1	1445	19675.784478060668	3
1	1462	19858.841350722722	3
1	1471	19985.527947661595	3
2	120	1297.200102931169	8217
2	156	1638.740602211582	8220
2	177	1774.48510410221	8228
2	201	1945.467040462125	8227
2	205	1984.264017737571	8229
2	208	1997.520400398483	8231
2	210	2011.242733613646	8232
2	220	2098.325093431704	8233
2	227	2136.903200850315	8230
2	264	2439.966815143173	8239
2	266	2450.142044642326	8240
2	279	2587.177369481785	8238
2	293	2724.926439156414	8244
2	307	2847.278247852993	8243
2	324	2978.500856818276	8246
2	332	3054.110898270368	8251
2	333	3060.110898270368	8249
2	346	3168.465331155707	8250
2	348	3213.433610074342	8252
2	359	3406.694704227167	8253
2	361	3449.577397187551	8254
2	373	3589.511087488045	8256
2	379	3683.788280796719	8258
2	406	3964.425803863522	8260
2	418	4081.836849724766	8264
2	420	4085.088538003716	8261
2	437	4390.103600653921	8265
2	452	4722.202111850676	8268
2	461	4926.49046367589	8270
2	465	5014.960922580622	8271
2	478	5395.015179309332	8273
2	544	6165.022692312597	8283
2	570	6747.603331657875	8287
2	584	6980.770857165908	8289
2	590	7064.258512444601	8291
2	599	7207.810610263697	8290
2	625	7492.689590668684	8293
2	635	7588.009901088022	8297
2	638	7594.009901088022	8294
2	643	7657.991882436928	8298
2	645	7665.028385694176	8299
2	658	7883.183569888385	8300
2	662	7957.869877887558	8302
2	676	8123.967194441612	8304
2	690	8396.984629255062	8305
2	697	8501.334635325118	8306
2	706	8631.852425412135	8307
2	711	8703.83559773347	8309
2	735	9182.679988319079	8313
2	746	9341.802749981697	8314
2	752	9417.776543664477	8316
2	760	9581.47568077247	8317
2	771	10074.550599556448	8319
2	776	10162.311371887284	8321
2	783	10250.094406135904	8320
2	809	10581.492875726499	8325
2	811	10639.343082649216	8324
2	813	10651.368742221436	8327
2	833	10900.531235600619	8329
2	861	11650.770245099862	8333
2	863	11657.646224525644	8336
2	866	11683.731233139297	8334
2	884	11808.84747540171	8338
2	892	11905.780314054652	8337
2	936	12672.610684189554	8346
2	963	13107.608804725116	8351
2	966	13132.765281139265	8352
2	976	13256.486306913745	8354
2	991	13506.199569196354	8355
2	1012	13751.149385233068	8357
2	1014	13773.012675010837	8360
2	1023	13838.137589336734	8359
2	1039	14022.235979758196	8363
2	1041	14040.14549298064	8364
2	1054	14182.833346845702	8366
2	1067	14405.949000059319	8369
2	1081	14954.141664426828	8371
2	1085	14970.548767252162	8372
2	1097	15120.719187682217	8370
2	1102	15165.738009070279	8373
2	1114	15496.496661021811	8375
2	1135	15877.284192189168	8379
2	1147	16064.078380785887	8380
2	1171	16293.317230229096	8384
2	1182	16404.893260444309	8385
2	1195	16543.793743636884	8388
2	1211	16700.683112545185	8391
2	1230	16909.339547514727	8393
2	1239	17047.804053632874	8396
2	1256	17383.71289090246	8398
2	1259	17457.843909137036	8397
2	1263	17509.431443933694	8399
2	1274	17759.842470898859	8400
2	1284	17944.611372820958	8403
2	1290	18006.00464085233	8402
2	1307	18258.573082565068	8405
2	1310	18276.279608951389	8406
2	1322	18474.475622092257	8408
2	1347	18830.997138287439	8412
2	1349	18870.397629608775	8413
2	1371	19167.80755843968	8417
2	1398	19359.875055335997	8419
2	1408	19413.252846111617	8423
2	1433	19580.325164527567	8426
2	1437	19621.17841188528	8427
2	1445	19675.784478060668	8425
2	1462	19858.841350722722	8428
2	1471	19985.527947661595	8431
3	98	1000.028918191366	0
3	104	1077.832399694039	1
3	105	1080.832399694039	0
3	123	1323.861141395202	1
3	124	1326.861141395202	0
3	138	1526.240534647634	1
3	139	1529.240534647634	0
3	140	1532.740602211582	1
3	142	1535.740602211582	0
3	157	1651.387349015867	1
3	158	1654.387349015867	0
3	162	1692.231020261937	1
3	163	1695.231020261937	0
3	166	1727.027942224132	1
3	167	1730.027942224132	0
3	174	1764.404287544365	1
3	175	1767.404287544365	0
3	185	1839.467040462125	1
3	186	1842.467040462125	0
3	187	1845.467040462125	1
3	188	1848.467040462125	0
3	192	1878.264017737571	1
3	193	1881.264017737571	0
3	212	2030.903200850315	1
3	213	2033.903200850315	0
3	219	2097.520400398483	1
3	221	2100.520400398483	0
3	237	2219.22455756093	1
3	238	2222.22455756093	0
3	250	2322.290856210627	1
3	251	2325.290856210627	0
3	267	2481.177369481785	1
3	268	2484.177369481785	0
3	269	2487.919776453163	1
3	270	2490.919776453163	0
3	290	2700.70620947863	1
3	291	2703.70620947863	0
3	296	2741.278247852993	1
3	297	2744.278247852993	0
3	310	2872.500856818276	1
3	311	2875.500856818276	0
3	318	2948.912795035994	1
3	320	2951.912795035994	0
3	334	3062.465331155707	1
3	335	3065.465331155707	0
3	340	3143.146078533749	1
3	341	3146.146078533749	0
3	380	3688.209319791708	1
3	382	3691.209319791708	0
3	410	3979.088538003716	1
3	411	3982.088538003716	0
3	428	4238.120150569388	1
3	429	4241.120150569388	0
3	442	4574.007991548339	1
3	443	4577.007991548339	0
3	449	4704.357721292063	1
3	450	4707.357721292063	0
3	466	5026.49046367589	1
3	467	5029.49046367589	0
3	482	5495.015179309332	1
3	483	5498.015179309332	0
3	484	5545.109788630378	1
3	485	5548.109788630378	0
3	498	5775.775297392991	1
3	499	5778.775297392991	0
3	502	5810.727417274725	1
3	504	5813.727417274725	0
3	516	5924.263295010898	1
3	517	5927.263295010898	0
3	525	6022.727417274725	1
3	526	6025.727417274725	0
3	530	6041.691236751263	1
3	531	6044.691236751263	0
3	535	6085.694026315414	1
3	536	6088.694026315414	0
3	548	6200.277140187211	1
3	549	6203.277140187211	0
3	553	6281.530275691663	1
3	554	6284.530275691663	0
3	574	6847.603331657875	1
3	575	6850.603331657875	0
3	592	7101.810610263697	1
3	593	7104.810610263697	0
3	600	7266.495861183369	1
3	601	7269.495861183369	0
3	612	7386.689590668684	1
3	613	7389.361762755516	2
3	614	7389.689590668684	1
3	615	7395.689590668684	0
3	620	7482.009901088022	1
3	621	7482.894302977326	2
3	622	7485.009901088022	1
3	624	7491.009901088022	0
3	630	7551.991882436928	1
3	631	7554.991882436928	0
3	632	7559.028385694176	1
3	633	7562.028385694176	0
3	640	7632.079184859753	1
3	641	7635.079184859753	0
3	659	7920.591005376787	1
3	660	7923.591005376787	0
3	689	8395.334635325118	1
3	691	8398.334635325118	0
3	698	8525.852425412135	1
3	699	8528.852425412135	0
3	707	8666.400497925831	1
3	709	8669.400497925831	0
3	717	8803.83559773347	1
3	718	8806.83559773347	0
3	725	9052.060380986025	1
3	727	9055.060380986025	0
3	773	10144.094406135904	1
3	774	10147.094406135904	0
3	784	10262.311371887284	1
3	785	10265.311371887284	0
3	787	10278.25092665257	1
3	788	10281.25092665257	0
3	800	10475.492875726499	1
3	801	10478.492875726499	0
3	802	10533.343082649216	1
3	803	10536.343082649216	0
3	806	10564.852094542916	1
3	807	10567.852094542916	0
3	826	10794.531235600619	1
3	827	10797.531235600619	0
3	830	10864.2101217429	1
3	831	10867.2101217429	0
3	848	11544.770245099862	1
3	849	11547.770245099862	0
3	851	11577.731233139297	1
3	853	11580.731233139297	0
3	870	11702.84747540171	1
3	871	11705.84747540171	0
3	881	11799.780314054652	1
3	882	11802.780314054652	0
3	907	12223.277165030323	1
3	908	12226.277165030323	0
3	914	12290.024668442933	1
3	915	12293.024668442933	0
3	918	12347.315420223139	1
3	919	12350.315420223139	0
3	927	12562.110575375476	1
3	928	12565.110575375476	0
3	938	12704.618249161021	1
3	939	12707.618249161021	0
3	971	13212.647625366684	1
3	972	13215.647625366684	0
3	973	13232.765281139265	1
3	974	13235.765281139265	0
3	997	13606.199569196354	1
3	998	13609.199569196354	0
3	1001	13645.149385233068	1
3	1002	13648.149385233068	0
3	1008	13732.137589336734	1
3	1010	13735.137589336734	0
3	1015	13798.704264181722	1
3	1016	13801.704264181722	0
3	1025	13873.012675010837	1
3	1026	13876.012675010837	0
3	1028	13916.235979758196	1
3	1029	13919.235979758196	0
3	1042	14040.660428666132	1
3	1044	14043.660428666132	0
3	1045	14072.525511718375	1
3	1046	14075.525511718375	0
3	1071	14505.949000059319	1
3	1072	14508.949000059319	0
3	1086	15014.719187682217	1
3	1087	15017.719187682217	0
3	1090	15059.738009070279	1
3	1092	15062.738009070279	0
3	1123	15707.545975271018	1
3	1124	15710.545975271018	0
3	1125	15728.737119885369	1
3	1126	15731.737119885369	0
3	1161	16187.317230229096	1
3	1162	16190.317230229096	0
3	1172	16298.893260444309	1
3	1173	16301.893260444309	0
3	1186	16437.793743636884	1
3	1187	16440.793743636884	0
3	1197	16566.068031134574	1
3	1198	16569.068031134574	0
3	1205	16652.199580217903	1
3	1206	16655.199580217903	0
3	1220	16803.339547514727	1
3	1222	16806.339547514727	0
3	1223	16848.825643113593	1
3	1224	16851.825643113593	0
3	1226	16904.627685193763	1
3	1228	16907.627685193763	0
3	1246	17214.281265408467	1
3	1247	17217.281265408467	0
3	1253	17351.843909137036	1
3	1254	17354.843909137036	0
3	1260	17483.71289090246	1
3	1261	17486.71289090246	0
3	1277	17843.54614511561	1
3	1278	17846.54614511561	0
3	1281	17900.00464085233	1
3	1282	17903.00464085233	0
3	1323	18497.587503121949	1
3	1324	18500.587503121949	0
3	1333	18621.845396758545	1
3	1335	18624.845396758545	0
3	1340	18724.997138287439	1
3	1342	18727.997138287439	0
3	1381	19253.875055335997	1
3	1382	19256.875055335997	0
3	1390	19294.268376542705	1
3	1391	19297.268376542705	0
3	1403	19387.635695155293	1
3	1405	19390.635695155293	0
3	1411	19440.601051265185	1
3	1412	19443.601051265185	0
3	1418	19474.325164527567	1
3	1419	19477.325164527567	0
3	1430	19569.784478060668	1
3	1431	19572.784478060668	0
3	1442	19659.024160255438	1
3	1443	19662.024160255438	0
3	1448	19721.17841188528	1
3	1449	19724.17841188528	0
3	1450	19731.708118143338	1
3	1451	19734.708118143338	0
3	1452	19752.841350722722	1
3	1453	19755.841350722722	0
3	1464	19879.527947661595	1
3	1465	19882.527947661595	0
4	98	1000.028918191366	3
4	105	1080.832399694039	3
4	124	1326.861141395202	3
4	139	1529.240534647634	3
4	142	1535.740602211582	3
4	158	1654.387349015867	3
4	163	1695.231020261937	3
4	167	1730.027942224132	3
4	175	1767.404287544365	3
4	186	1842.467040462125	3
4	188	1848.467040462125	3
4	193	1881.264017737571	3
4	213	2033.903200850315	3
4	221	2100.520400398483	3
4	238	2222.22455756093	3
4	251	2325.290856210627	3
4	268	2484.177369481785	3
4	270	2490.919776453163	3
4	291	2703.70620947863	3
4	297	2744.278247852993	3
4	311	2875.500856818276	3
4	320	2951.912795035994	3
4	335	3065.465331155707	3
4	341	3146.146078533749	3
4	382	3691.209319791708	3
4	411	3982.088538003716	3
4	429	4241.120150569388	3
4	443	4577.007991548339	3
4	450	4707.357721292063	3
4	467	5029.49046367589	3
4	483	5498.015179309332	3
4	485	5548.109788630378	3
4	499	5778.775297392991	3
4	504	5813.727417274725	3
4	517	5927.263295010898	3
4	526	6025.727417274725	3
4	531	6044.691236751263	3
4	536	6088.694026315414	3
4	549	6203.277140187211	3
4	554	6284.530275691663	3
4	575	6850.603331657875	3
4	593	7104.810610263697	3
4	601	7269.495861183369	3
4	614	7389.689590668684	3
4	615	7395.689590668684	6.327827913168
4	622	7485.009901088022	3
4	624	7491.009901088022	8.115598110696
4	631	7554.991882436928	3
4	633	7562.028385694176	3
4	641	7635.079184859753	3
4	660	7923.591005376787	3
4	691	8398.334635325118	3
4	699	8528.852425412135	3
4	709	8669.400497925831	3
4	718	8806.83559773347	3
4	727	9055.060380986025	3
4	774	10147.094406135904	3
4	785	10265.311371887284	3
4	788	10281.25092665257	3
4	801	10478.492875726499	3
4	803	10536.343082649216	3
4	807	10567.852094542916	3
4	827	10797.531235600619	3
4	831	10867.2101217429	3
4	849	11547.770245099862	3
4	853	11580.731233139297	3
4	871	11705.84747540171	3
4	882	11802.780314054652	3
4	908	12226.277165030323	3
4	915	12293.024668442933	3
4	919	12350.315420223139	3
4	928	12565.110575375476	3
4	939	12707.618249161021	3
4	972	13215.647625366684	3
4	974	13235.765281139265	3
4	998	13609.199569196354	3
4	1002	13648.149385233068	3
4	1010	13735.137589336734	3
4	1016	13801.704264181722	3
4	1026	13876.012675010837	3
4	1029	13919.235979758196	3
4	1044	14043.660428666132	3
4	1046	14075.525511718375	3
4	1072	14508.949000059319	3
4	1087	15017.719187682217	3
4	1092	15062.738009070279	3
4	1124	15710.545975271018	3
4	1126	15731.737119885369	3
4	1162	16190.317230229096	3
4	1173	16301.893260444309	3
4	1187	16440.793743636884	3
4	1198	16569.068031134574	3
4	1206	16655.199580217903	3
4	1222	16806.339547514727	3
4	1224	16851.825643113593	3
4	1228	16907.627685193763	3
4	1247	17217.281265408467	3
4	1254	17354.843909137036	3
4	1261	17486.71289090246	3
4	1278	17846.54614511561	3
4	1282	17903.00464085233	3
4	1324	18500.587503121949	3
4	1335	18624.845396758545	3
4	1342	18727.997138287439	3
4	1382	19256.875055335997	3
4	1391	19297.268376542705	3
4	1405	19390.635695155293	3
4	1412	19443.601051265185	3
4	1419	19477.325164527567	3
4	1431	19572.784478060668	3
4	1443	19662.024160255438	3
4	1449	19724.17841188528	3
4	1451	19734.708118143338	3
4	1453	19755.841350722722	3
4	1465	19882.527947661595	3
5	98	1000.028918191366	8214
5	105	1080.832399694039	8215
5	124	1326.861141395202	8216
5	139	1529.240534647634	8218
5	142	1535.740602211582	8220
5	158	1654.387349015867	8221
5	163	1695.231020261937	8225
5	167	1730.027942224132	8226
5	175	1767.404287544365	8224
5	186	1842.467040462125	8227
5	188	1848.467040462125	8223
5	193	1881.264017737571	8229
5	213	2033.903200850315	8230
5	221	2100.520400398483	8231
5	238	2222.22455756093	8234
5	251	2325.290856210627	8237
5	268	2484.177369481785	8238
5	270	2490.919776453163	8241
5	291	2703.70620947863	8242
5	297	2744.278247852993	8243
5	311	2875.500856818276	8246
5	320	2951.912795035994	8249
5	335	3065.465331155707	8250
5	341	3146.146078533749	8248
5	382	3691.209319791708	8255
5	411	3982.088538003716	8261
5	429	4241.120150569388	8263
5	443	4577.007991548339	8266
5	450	4707.357721292063	8267
5	467	5029.49046367589	8270
5	483	5498.015179309332	8273
5	485	5548.109788630378	8272
5	499	5778.775297392991	8274
5	504	5813.727417274725	8276
5	517	5927.263295010898	8278
5	526	6025.727417274725	8277
5	531	6044.691236751263	8279
5	536	6088.694026315414	8282
5	549	6203.277140187211	8284
5	554	6284.530275691663	8285
5	575	6850.603331657875	8287
5	593	7104.810610263697	8290
5	601	7269.495861183369	8292
5	614	7389.689590668684	8293
5	615	7395.689590668684	8295
5	622	7485.009901088022	8297
5	624	7491.009901088022	8294
5	631	7554.991882436928	8298
5	633	7562.028385694176	8299
5	641	7635.079184859753	8296
5	660	7923.591005376787	8301
5	691	8398.334635325118	8306
5	699	8528.852425412135	8307
5	709	8669.400497925831	8308
5	718	8806.83559773347	8309
5	727	9055.060380986025	8311
5	774	10147.094406135904	8320
5	785	10265.311371887284	8321
5	788	10281.25092665257	8323
5	801	10478.492875726499	8325
5	803	10536.343082649216	8324
5	807	10567.852094542916	8326
5	827	10797.531235600619	8329
5	831	10867.2101217429	8328
5	849	11547.770245099862	8333
5	853	11580.731233139297	8334
5	871	11705.84747540171	8338
5	882	11802.780314054652	8337
5	908	12226.277165030323	8340
5	915	12293.024668442933	8343
5	919	12350.315420223139	8342
5	928	12565.110575375476	8344
5	939	12707.618249161021	8347
5	972	13215.647625366684	8353
5	974	13235.765281139265	8352
5	998	13609.199569196354	8355
5	1002	13648.149385233068	8357
5	1010	13735.137589336734	8359
5	1016	13801.704264181722	8358
5	1026	13876.012675010837	8360
5	1029	13919.235979758196	8363
5	1044	14043.660428666132	8362
5	1046	14075.525511718375	8365
5	1072	14508.949000059319	8369
5	1087	15017.719187682217	8370
5	1092	15062.738009070279	8373
5	1124	15710.545975271018	8377
5	1126	15731.737119885369	8376
5	1162	16190.317230229096	8384
5	1173	16301.893260444309	8385
5	1187	16440.793743636884	8388
5	1198	16569.068031134574	8389
5	1206	16655.199580217903	8390
5	1222	16806.339547514727	8393
5	1224	16851.825643113593	8394
5	1228	16907.627685193763	8392
5	1247	17217.281265408467	8395
5	1254	17354.843909137036	8397
5	1261	17486.71289090246	8398
5	1278	17846.54614511561	8401
5	1282	17903.00464085233	8402
5	1324	18500.587503121949	8407
5	1335	18624.845396758545	8410
5	1342	18727.997138287439	8412
5	1382	19256.875055335997	8419
5	1391	19297.268376542705	8415
5	1405	19390.635695155293	8420
5	1412	19443.601051265185	8418
5	1419	19477.325164527567	8426
5	1431	19572.784478060668	8425
5	1443	19662.024160255438	8429
5	1449	19724.17841188528	8427
5	1451	19734.708118143338	8430
5	1453	19755.841350722722	8428
5	1465	19882.527947661595	8431
6	111	1180.832399694039	1
6	112	1183.832399694039	0
6	115	1220.861141395202	1
6	116	1223.861141395202	0
6	129	1423.240534647634	1
6	130	1426.240534647634	0
6	134	1498.116131945901	1
6	135	1501.116131945901	0
6	143	1548.387349015867	1
6	144	1551.387349015867	0
6	159	1661.404287544365	1
6	160	1664.404287544365	0
6	164	1717.979076256402	1
6	165	1720.979076256402	0
6	168	1736.467040462125	1
6	169	1737.868380247071	2
6	171	1739.467040462125	1
6	172	1745.467040462125	0
6	179	1795.231020261937	1
6	180	1798.231020261937	0
6	183	1830.027942224132	1
6	184	1833.027942224132	0
6	197	1927.903200850315	1
6	198	1930.903200850315	0
6	224	2116.22455756093	1
6	225	2119.22455756093	0
6	230	2192.437790318842	1
6	231	2195.437790318842	0
6	235	2214.242733613646	1
6	236	2217.242733613646	0
6	242	2291.745442051552	1
6	243	2294.745442051552	0
6	246	2301.325093431704	1
6	247	2304.325093431704	0
6	254	2378.177369481785	1
6	255	2381.177369481785	0
6	261	2425.290856210627	1
6	262	2428.290856210627	0
6	281	2597.70620947863	1
6	282	2600.70620947863	0
6	285	2638.278247852993	1
6	286	2641.278247852993	0
6	294	2736.153530697098	1
6	295	2739.153530697098	0
6	298	2769.500856818276	1
6	299	2772.500856818276	0
6	312	2907.468355738022	1
6	313	2910.468355738022	0
6	321	2959.465331155707	1
6	322	2962.465331155707	0
6	328	3040.146078533749	1
6	329	3043.146078533749	0
6	350	3257.110898270368	1
6	351	3260.110898270368	0
6	370	3585.209319791708	1
6	372	3588.209319791708	0
6	384	3716.746899649749	1
6	385	3719.746899649749	0
6	392	3792.511087488045	1
6	393	3795.511087488045	0
6	399	3876.088538003716	1
6	400	3879.088538003716	0
6	415	4077.927789421142	1
6	417	4080.927789421142	0
6	421	4135.120150569388	1
6	422	4138.120150569388	0
6	431	4284.836849724766	1
6	433	4287.836849724766	0
6	444	4601.357721292063	1
6	445	4604.357721292063	0
6	462	4934.043877241785	1
6	463	4937.043877241785	0
6	479	5442.109788630378	1
6	480	5445.109788630378	0
6	491	5672.775297392991	1
6	492	5675.775297392991	0
6	500	5799.318529228747	1
6	501	5802.318529228747	0
6	506	5821.263295010898	1
6	507	5824.263295010898	0
6	512	5913.727417274725	1
6	513	5914.902229742281	2
6	514	5916.727417274725	1
6	515	5922.727417274725	0
6	519	5938.691236751263	1
6	520	5941.691236751263	0
6	521	5945.409182487109	1
6	522	5948.409182487109	0
6	528	6033.969900886003	1
6	529	6036.969900886003	0
6	557	6303.277140187211	1
6	558	6306.277140187211	0
6	559	6368.022692312597	1
6	560	6371.022692312597	0
6	562	6393.1254837493	1
6	563	6396.1254837493	0
6	572	6831.613881667787	1
6	573	6834.613881667787	0
6	585	6998.810610263697	1
6	586	7001.810610263697	0
6	594	7163.495861183369	1
6	596	7166.495861183369	0
6	603	7283.689590668684	1
6	604	7286.689590668684	0
6	609	7379.894302977326	1
6	611	7382.894302977326	0
6	626	7495.689590668684	1
6	627	7498.689590668684	0
6	628	7529.079184859753	1
6	629	7532.079184859753	0
6	663	7974.613539917341	1
6	664	7977.613539917341	0
6	673	8086.183569888385	1
6	674	8089.183569888385	0
6	677	8160.869877887558	1
6	678	8163.869877887558	0
6	686	8326.967194441612	1
6	687	8329.967194441612	0
6	714	8767.472326840092	1
6	716	8770.472326840092	0
6	726	9053.416283495841	1
6	728	9056.416283495841	0
6	749	9401.007861389635	1
6	750	9404.007861389635	0
6	796	10430.343082649216	1
6	797	10433.343082649216	0
6	823	10761.2101217429	1
6	824	10764.2101217429	0
6	838	11403.853746227729	1
6	839	11406.853746227729	0
6	852	11580.48554509573	1
6	854	11583.48554509573	0
6	858	11616.171450924467	1
6	859	11619.171450924467	0
6	868	11696.780314054652	1
6	869	11699.780314054652	0
6	888	11860.646224525644	1
6	889	11863.646224525644	0
6	894	11917.939206760372	1
6	895	11920.939206760372	0
6	901	12120.277165030323	1
6	902	12123.277165030323	0
6	903	12130.194644346904	1
6	904	12133.194644346904	0
6	911	12244.315420223139	1
6	912	12247.315420223139	0
6	924	12459.110575375476	1
6	925	12462.110575375476	0
6	935	12669.862120233021	1
6	937	12672.862120233021	0
6	945	12807.618249161021	1
6	946	12810.618249161021	0
6	948	12892.257710067635	1
6	949	12895.257710067635	0
6	977	13310.608804725116	1
6	978	13313.608804725116	0
6	979	13315.647625366684	1
6	980	13318.647625366684	0
6	994	13542.149385233068	1
6	995	13545.149385233068	0
6	1004	13695.704264181722	1
6	1005	13698.704264181722	0
6	1032	13937.660428666132	1
6	1034	13940.660428666132	0
6	1061	14317.585666081618	1
6	1062	14317.724574071589	2
6	1063	14320.585666081618	1
6	1064	14326.585666081618	0
6	1078	14911.719187682217	1
6	1079	14914.719187682217	0
6	1091	15061.570409832321	1
6	1093	15064.570409832321	0
6	1098	15157.141664426828	1
6	1099	15160.141664426828	0
6	1119	15604.545975271018	1
6	1120	15607.545975271018	0
6	1121	15625.737119885369	1
6	1122	15628.737119885369	0
6	1131	15857.785926235542	1
6	1133	15860.785926235542	0
6	1154	16138.479984388692	1
6	1155	16141.479984388692	0
6	1156	16153.346463798288	1
6	1157	16156.346463798288	0
6	1163	16195.893260444309	1
6	1164	16198.893260444309	0
6	1175	16325.261003636413	1
6	1176	16328.261003636413	0
6	1183	16417.053798108884	1
6	1184	16420.053798108884	0
6	1188	16463.068031134574	1
6	1189	16466.068031134574	0
6	1210	16700.339547514727	1
6	1213	16703.339547514727	0
6	1216	16755.199580217903	1
6	1217	16758.199580217903	0
6	1219	16801.627685193763	1
6	1221	16804.627685193763	0
6	1232	16951.825643113593	1
6	1233	16954.825643113593	0
6	1241	17111.281265408467	1
6	1242	17114.281265408467	0
6	1248	17248.843909137036	1
6	1250	17251.843909137036	0
6	1285	17946.54614511561	1
6	1286	17949.54614511561	0
6	1287	17963.812542471786	1
6	1288	17966.812542471786	0
6	1317	18394.587503121949	1
6	1318	18397.587503121949	0
6	1327	18518.845396758545	1
6	1328	18521.845396758545	0
6	1331	18608.494475072601	1
6	1332	18611.494475072601	0
6	1344	18826.166271121069	1
6	1346	18829.166271121069	0
6	1362	19073.397629608775	1
6	1363	19076.397629608775	0
6	1376	19191.268376542705	1
6	1377	19194.268376542705	0
6	1386	19284.635695155293	1
6	1388	19287.635695155293	0
6	1394	19337.601051265185	1
6	1395	19340.601051265185	0
6	1409	19416.804603691492	1
6	1410	19419.804603691492	0
6	1414	19460.784478060668	1
6	1415	19462.247757885759	2
6	1416	19463.784478060668	1
6	1417	19469.784478060668	0
6	1434	19616.252846111617	1
6	1436	19619.252846111617	0
6	1440	19649.841350722722	1
6	1441	19652.841350722722	0
6	1454	19762.024160255438	1
6	1455	19765.024160255438	0
6	1459	19834.708118143338	1
6	1460	19837.708118143338	0
7	112	1183.832399694039	3
7	116	1223.861141395202	3
7	130	1426.240534647634	3
7	135	1501.116131945901	3
7	144	1551.387349015867	3
7	160	1664.404287544365	3
7	165	1720.979076256402	3
7	171	1739.467040462125	3
7	172	1745.467040462125	7.598660215054
7	180	1798.231020261937	3
7	184	1833.027942224132	3
7	198	1930.903200850315	3
7	225	2119.22455756093	3
7	231	2195.437790318842	3
7	236	2217.242733613646	3
7	243	2294.745442051552	3
7	247	2304.325093431704	3
7	255	2381.177369481785	3
7	262	2428.290856210627	3
7	282	2600.70620947863	3
7	286	2641.278247852993	3
7	295	2739.153530697098	3
7	299	2772.500856818276	3
7	313	2910.468355738022	3
7	322	2962.465331155707	3
7	329	3043.146078533749	3
7	351	3260.110898270368	3
7	372	3588.209319791708	3
7	385	3719.746899649749	3
7	393	3795.511087488045	3
7	400	3879.088538003716	3
7	417	4080.927789421142	3
7	422	4138.120150569388	3
7	433	4287.836849724766	3
7	445	4604.357721292063	3
7	463	4937.043877241785	3
7	480	5445.109788630378	3
7	492	5675.775297392991	3
7	501	5802.318529228747	3
7	507	5824.263295010898	3
7	514	5916.727417274725	3
7	515	5922.727417274725	7.825187532444
7	520	5941.691236751263	3
7	522	5948.409182487109	3
7	529	6036.969900886003	3
7	558	6306.277140187211	3
7	560	6371.022692312597	3
7	563	6396.1254837493	3
7	573	6834.613881667787	3
7	586	7001.810610263697	3
7	596	7166.495861183369	3
7	604	7286.689590668684	3
7	611	7382.894302977326	3
7	627	7498.689590668684	3
7	629	7532.079184859753	3
7	664	7977.613539917341	3
7	674	8089.183569888385	3
7	678	8163.869877887558	3
7	687	8329.967194441612	3
7	716	8770.472326840092	3
7	728	9056.416283495841	3
7	750	9404.007861389635	3
7	797	10433.343082649216	3
7	824	10764.2101217429	3
7	839	11406.853746227729	3
7	854	11583.48554509573	3
7	859	11619.171450924467	3
7	869	11699.780314054652	3
7	889	11863.646224525644	3
7	895	11920.939206760372	3
7	902	12123.277165030323	3
7	904	12133.194644346904	3
7	912	12247.315420223139	3
7	925	12462.110575375476	3
7	937	12672.862120233021	3
7	946	12810.618249161021	3
7	949	12895.257710067635	3
7	978	13313.608804725116	3
7	980	13318.647625366684	3
7	995	13545.149385233068	3
7	1005	13698.704264181722	3
7	1034	13940.660428666132	3
7	1063	14320.585666081618	3
7	1064	14326.585666081618	8.861092010029
7	1079	14914.719187682217	3
7	1093	15064.570409832321	3
7	1099	15160.141664426828	3
7	1120	15607.545975271018	3
7	1122	15628.737119885369	3
7	1133	15860.785926235542	3
7	1155	16141.479984388692	3
7	1157	16156.346463798288	3
7	1164	16198.893260444309	3
7	1176	16328.261003636413	3
7	1184	16420.053798108884	3
7	1189	16466.068031134574	3
7	1213	16703.339547514727	3
7	1217	16758.199580217903	3
7	1221	16804.627685193763	3
7	1233	16954.825643113593	3
7	1242	17114.281265408467	3
7	1250	17251.843909137036	3
7	1286	17949.54614511561	3
7	1288	17966.812542471786	3
7	1318	18397.587503121949	3
7	1328	18521.845396758545	3
7	1332	18611.494475072601	3
7	1346	18829.166271121069	3
7	1363	19076.397629608775	3
7	1377	19194.268376542705	3
7	1388	19287.635695155293	3
7	1395	19340.601051265185	3
7	1410	19419.804603691492	3
7	1416	19463.784478060668	3
7	1417	19469.784478060668	7.536720174909
7	1436	19619.252846111617	3
7	1441	19652.841350722722	3
7	1455	19765.024160255438	3
7	1460	19837.708118143338	3
8	112	1183.832399694039	8215
8	116	1223.861141395202	8216
8	130	1426.240534647634	8218
8	135	1501.116131945901	8219
8	144	1551.387349015867	8221
8	160	1664.404287544365	8224
8	165	1720.979076256402	8222
8	171	1739.467040462125	8227
8	172	1745.467040462125	8223
8	180	1798.231020261937	8225
8	184	1833.027942224132	8226
8	198	1930.903200850315	8230
8	225	2119.22455756093	8234
8	231	2195.437790318842	8236
8	236	2217.242733613646	8232
8	243	2294.745442051552	8235
8	247	2304.325093431704	8233
8	255	2381.177369481785	8238
8	262	2428.290856210627	8237
8	282	2600.70620947863	8242
8	286	2641.278247852993	8243
8	295	2739.153530697098	8245
8	299	2772.500856818276	8246
8	313	2910.468355738022	8247
8	322	2962.465331155707	8250
8	329	3043.146078533749	8248
8	351	3260.110898270368	8251
8	372	3588.209319791708	8255
8	385	3719.746899649749	8259
8	393	3795.511087488045	8256
8	400	3879.088538003716	8261
8	417	4080.927789421142	8262
8	422	4138.120150569388	8263
8	433	4287.836849724766	8264
8	445	4604.357721292063	8267
8	463	4937.043877241785	8269
8	480	5445.109788630378	8272
8	492	5675.775297392991	8274
8	501	5802.318529228747	8275
8	507	5824.263295010898	8278
8	514	5916.727417274725	8276
8	515	5922.727417274725	8277
8	520	5941.691236751263	8279
8	522	5948.409182487109	8280
8	529	6036.969900886003	8281
8	558	6306.277140187211	8284
8	560	6371.022692312597	8283
8	563	6396.1254837493	8286
8	573	6834.613881667787	8288
8	586	7001.810610263697	8290
8	596	7166.495861183369	8292
8	604	7286.689590668684	8293
8	611	7382.894302977326	8294
8	627	7498.689590668684	8295
8	629	7532.079184859753	8296
8	664	7977.613539917341	8303
8	674	8089.183569888385	8300
8	678	8163.869877887558	8302
8	687	8329.967194441612	8304
8	716	8770.472326840092	8310
8	728	9056.416283495841	8312
8	750	9404.007861389635	8315
8	797	10433.343082649216	8324
8	824	10764.2101217429	8328
8	839	11406.853746227729	8331
8	854	11583.48554509573	8335
8	859	11619.171450924467	8332
8	869	11699.780314054652	8337
8	889	11863.646224525644	8336
8	895	11920.939206760372	8339
8	902	12123.277165030323	8340
8	904	12133.194644346904	8341
8	912	12247.315420223139	8342
8	925	12462.110575375476	8344
8	937	12672.862120233021	8345
8	946	12810.618249161021	8347
8	949	12895.257710067635	8348
8	978	13313.608804725116	8351
8	980	13318.647625366684	8353
8	995	13545.149385233068	8357
8	1005	13698.704264181722	8358
8	1034	13940.660428666132	8362
8	1063	14320.585666081618	8367
8	1064	14326.585666081618	8368
8	1079	14914.719187682217	8370
8	1093	15064.570409832321	8374
8	1099	15160.141664426828	8371
8	1120	15607.545975271018	8377
8	1122	15628.737119885369	8376
8	1133	15860.785926235542	8378
8	1155	16141.479984388692	8381
8	1157	16156.346463798288	8382
8	1164	16198.893260444309	8385
8	1176	16328.261003636413	8386
8	1184	16420.053798108884	8387
8	1189	16466.068031134574	8389
8	1213	16703.339547514727	8393
8	1217	16758.199580217903	8390
8	1221	16804.627685193763	8392
8	1233	16954.825643113593	8394
8	1242	17114.281265408467	8395
8	1250	17251.843909137036	8397
8	1286	17949.54614511561	8401
8	1288	17966.812542471786	8404
8	1318	18397.587503121949	8407
8	1328	18521.845396758545	8410
8	1332	18611.494475072601	8409
8	1346	18829.166271121069	8411
8	1363	19076.397629608775	8413
8	1377	19194.268376542705	8415
8	1388	19287.635695155293	8420
8	1395	19340.601051265185	8418
8	1410	19419.804603691492	8424
8	1416	19463.784478060668	8422
8	1417	19469.784478060668	8425
8	1436	19619.252846111617	8423
8	1441	19652.841350722722	8428
8	1455	19765.024160255438	8429
8	1460	19837.708118143338	8430
9	100	1030.712082399389	1
9	101	1033.712082399389	0
9	102	1039.077636450275	1
9	103	1042.077636450275	0
9	107	1117.861141395202	1
9	108	1120.861141395202	0
9	121	1320.240534647634	1
9	122	1323.240534647634	0
9	125	1395.116131945901	1
9	126	1397.200102931169	2
9	127	1398.116131945901	1
9	128	1404.116131945901	0
9	148	1614.979076256402	1
9	149	1617.979076256402	0
9	152	1634.868380247071	1
9	155	1637.868380247071	0
9	190	1874.48510410221	1
9	191	1877.48510410221	0
9	222	2111.242733613646	1
9	223	2114.242733613646	0
9	228	2188.745442051552	1
9	229	2191.745442051552	0
9	232	2198.325093431704	1
9	234	2201.325093431704	0
9	244	2295.437790318842	1
9	245	2298.437790318842	0
9	271	2494.70620947863	1
9	272	2497.70620947863	0
9	276	2550.142044642326	1
9	277	2553.142044642326	0
9	304	2839.153530697098	1
9	305	2842.153530697098	0
9	314	2937.146078533749	1
9	315	2940.146078533749	0
9	326	3010.468355738022	1
9	327	3013.468355738022	0
9	337	3107.433610074342	1
9	338	3110.433610074342	0
9	342	3154.110898270368	1
9	343	3157.110898270368	0
9	362	3482.209319791708	1
9	363	3485.209319791708	0
9	365	3506.694704227167	1
9	366	3509.694704227167	0
9	376	3646.924585016479	1
9	377	3649.924585016479	0
9	381	3689.511087488045	1
9	383	3692.511087488045	0
9	389	3783.788280796719	1
9	390	3786.788280796719	0
9	394	3819.746899649749	1
9	395	3822.746899649749	0
9	396	3858.425803863522	1
9	397	3861.425803863522	0
9	407	3974.927789421142	1
9	408	3977.927789421142	0
9	412	4032.120150569388	1
9	413	4035.120150569388	0
9	424	4181.836849724766	1
9	426	4184.836849724766	0
9	430	4284.103600653921	1
9	432	4287.103600653921	0
9	446	4616.202111850676	1
9	447	4619.202111850676	0
9	457	4831.043877241785	1
9	458	4834.043877241785	0
9	469	5114.960922580622	1
9	470	5117.960922580622	0
9	475	5339.109788630378	1
9	476	5342.109788630378	0
9	486	5569.775297392991	1
9	487	5572.775297392991	0
9	493	5696.318529228747	1
9	494	5699.318529228747	0
9	503	5811.902229742281	1
9	505	5814.902229742281	0
9	532	6048.409182487109	1
9	533	6051.409182487109	0
9	539	6136.969900886003	1
9	540	6139.969900886003	0
9	551	6265.022692312597	1
9	552	6268.022692312597	0
9	555	6290.1254837493	1
9	556	6293.1254837493	0
9	576	6874.770857165908	1
9	577	6877.770857165908	0
9	579	6934.613881667787	1
9	580	6937.613881667787	0
9	616	7426.079184859753	1
9	617	7429.079184859753	0
9	649	7757.991882436928	1
9	650	7760.991882436928	0
9	665	7983.183569888385	1
9	666	7986.183569888385	0
9	669	8057.869877887558	1
9	670	8060.869877887558	0
9	671	8077.613539917341	1
9	672	8080.613539917341	0
9	681	8223.967194441612	1
9	682	8226.967194441612	0
9	694	8496.984629255062	1
9	696	8499.984629255062	0
9	703	8601.334635325118	1
9	704	8604.334635325118	0
9	719	8870.472326840092	1
9	720	8873.472326840092	0
9	732	9156.416283495841	1
9	733	9159.416283495841	0
9	737	9235.802749981697	1
9	738	9238.802749981697	0
9	740	9282.679988319079	1
9	741	9285.679988319079	0
9	742	9298.007861389635	1
9	743	9301.007861389635	0
9	754	9475.47568077247	1
9	755	9478.47568077247	0
9	757	9517.776543664477	1
9	758	9520.776543664477	0
9	764	9865.911929055309	1
9	765	9868.911929055309	0
9	777	10174.550599556448	1
9	778	10177.550599556448	0
9	780	10214.617469208352	1
9	781	10217.617469208352	0
9	791	10350.094406135904	1
9	792	10353.094406135904	0
9	814	10658.2101217429	1
9	815	10661.2101217429	0
9	817	10681.492875726499	1
9	818	10684.492875726499	0
9	828	10855.784891995292	1
9	829	10858.784891995292	0
9	844	11506.853746227729	1
9	845	11509.853746227729	0
9	846	11513.171450924467	1
9	847	11516.171450924467	0
9	865	11683.48554509573	1
9	867	11686.48554509573	0
9	874	11750.770245099862	1
9	875	11753.770245099862	0
9	876	11757.646224525644	1
9	877	11760.646224525644	0
9	878	11783.731233139297	1
9	880	11786.731233139297	0
9	885	11814.939206760372	1
9	886	11817.939206760372	0
9	909	12233.194644346904	1
9	910	12236.194644346904	0
9	920	12356.110575375476	1
9	921	12359.110575375476	0
9	929	12566.862120233021	1
9	931	12569.862120233021	0
9	940	12772.610684189554	1
9	942	12775.610684189554	0
9	950	12903.692327524056	1
9	951	12906.692327524056	0
9	954	12995.257710067635	1
9	955	12998.257710067635	0
9	959	13078.416013947267	1
9	960	13081.416013947267	0
9	969	13207.608804725116	1
9	970	13210.608804725116	0
9	982	13356.486306913745	1
9	983	13359.486306913745	0
9	992	13535.148002295616	1
9	993	13538.148002295616	0
9	1018	13819.894574750975	1
9	1019	13822.894574750975	0
9	1020	13834.660428666132	1
9	1022	13837.660428666132	0
9	1033	13938.137589336734	1
9	1035	13941.137589336734	0
9	1055	14214.585666081618	1
9	1056	14217.585666081618	0
9	1058	14282.833346845702	1
9	1059	14285.833346845702	0
9	1069	14426.585666081618	1
9	1070	14429.585666081618	0
9	1088	15054.141664426828	1
9	1089	15057.141664426828	0
9	1094	15070.548767252162	1
9	1095	15073.548767252162	0
9	1106	15265.738009070279	1
9	1107	15268.738009070279	0
9	1110	15390.496661021811	1
9	1111	15393.496661021811	0
9	1116	15522.737119885369	1
9	1117	15525.737119885369	0
9	1137	15958.078380785887	1
9	1138	15960.785926235542	2
9	1139	15961.078380785887	1
9	1140	15967.078380785887	0
9	1141	15977.284192189168	1
9	1142	15980.284192189168	0
9	1143	16035.479984388692	1
9	1144	16038.479984388692	0
9	1159	16173.581934746685	1
9	1160	16176.581934746685	0
9	1165	16222.261003636413	1
9	1166	16225.261003636413	0
9	1179	16393.317230229096	1
9	1180	16396.317230229096	0
9	1192	16520.053798108884	1
9	1193	16523.053798108884	0
9	1203	16643.793743636884	1
9	1204	16646.793743636884	0
9	1209	16698.627685193763	1
9	1212	16701.627685193763	0
9	1235	17008.281265408467	1
9	1237	17011.281265408467	0
9	1243	17147.804053632874	1
9	1245	17150.804053632874	0
9	1267	17609.431443933694	1
9	1268	17612.431443933694	0
9	1269	17653.842470898859	1
9	1270	17656.842470898859	0
9	1291	18044.611372820958	1
9	1292	18047.611372820958	0
9	1295	18066.812542471786	1
9	1296	18069.812542471786	0
9	1300	18152.573082565068	1
9	1301	18155.573082565068	0
9	1303	18170.279608951389	1
9	1304	18173.279608951389	0
9	1311	18291.587503121949	1
9	1312	18294.587503121949	0
9	1314	18368.475622092257	1
9	1315	18371.475622092257	0
9	1325	18505.494475072601	1
9	1326	18508.494475072601	0
9	1338	18723.166271121069	1
9	1341	18726.166271121069	0
9	1351	18930.997138287439	1
9	1352	18933.997138287439	0
9	1354	18970.397629608775	1
9	1355	18973.397629608775	0
9	1360	19066.202784492263	1
9	1361	19069.202784492263	0
9	1364	19088.268376542705	1
9	1365	19091.268376542705	0
9	1366	19098.453134539697	1
9	1367	19101.453134539697	0
9	1379	19234.601051265185	1
9	1380	19237.601051265185	0
9	1384	19267.80755843968	1
9	1385	19270.80755843968	0
9	1387	19286.64248905122	1
9	1389	19289.64248905122	0
9	1397	19357.784478060668	1
9	1399	19360.784478060668	0
9	1421	19513.252846111617	1
9	1422	19516.252846111617	0
9	1424	19519.804603691492	1
9	1425	19522.804603691492	0
10	101	1033.712082399389	3
10	103	1042.077636450275	3
10	108	1120.861141395202	3
10	122	1323.240534647634	3
10	127	1398.116131945901	3
10	128	1404.116131945901	6.916029014732
10	149	1617.979076256402	3
10	155	1637.868380247071	3
10	191	1877.48510410221	3
10	223	2114.242733613646	3
10	229	2191.745442051552	3
10	234	2201.325093431704	3
10	245	2298.437790318842	3
10	272	2497.70620947863	3
10	277	2553.142044642326	3
10	305	2842.153530697098	3
10	315	2940.146078533749	3
10	327	3013.468355738022	3
10	338	3110.433610074342	3
10	343	3157.110898270368	3
10	363	3485.209319791708	3
10	366	3509.694704227167	3
10	377	3649.924585016479	3
10	383	3692.511087488045	3
10	390	3786.788280796719	3
10	395	3822.746899649749	3
10	397	3861.425803863522	3
10	408	3977.927789421142	3
10	413	4035.120150569388	3
10	426	4184.836849724766	3
10	432	4287.103600653921	3
10	447	4619.202111850676	3
10	458	4834.043877241785	3
10	470	5117.960922580622	3
10	476	5342.109788630378	3
10	487	5572.775297392991	3
10	494	5699.318529228747	3
10	505	5814.902229742281	3
10	533	6051.409182487109	3
10	540	6139.969900886003	3
10	552	6268.022692312597	3
10	556	6293.1254837493	3
10	577	6877.770857165908	3
10	580	6937.613881667787	3
10	617	7429.079184859753	3
10	650	7760.991882436928	3
10	666	7986.183569888385	3
10	670	8060.869877887558	3
10	672	8080.613539917341	3
10	682	8226.967194441612	3
10	696	8499.984629255062	3
10	704	8604.334635325118	3
10	720	8873.472326840092	3
10	733	9159.416283495841	3
10	738	9238.802749981697	3
10	741	9285.679988319079	3
10	743	9301.007861389635	3
10	755	9478.47568077247	3
10	758	9520.776543664477	3
10	765	9868.911929055309	3
10	778	10177.550599556448	3
10	781	10217.617469208352	3
10	792	10353.094406135904	3
10	815	10661.2101217429	3
10	818	10684.492875726499	3
10	829	10858.784891995292	3
10	845	11509.853746227729	3
10	847	11516.171450924467	3
10	867	11686.48554509573	3
10	875	11753.770245099862	3
10	877	11760.646224525644	3
10	880	11786.731233139297	3
10	886	11817.939206760372	3
10	910	12236.194644346904	3
10	921	12359.110575375476	3
10	931	12569.862120233021	3
10	942	12775.610684189554	3
10	951	12906.692327524056	3
10	955	12998.257710067635	3
10	960	13081.416013947267	3
10	970	13210.608804725116	3
10	983	13359.486306913745	3
10	993	13538.148002295616	3
10	1019	13822.894574750975	3
10	1022	13837.660428666132	3
10	1035	13941.137589336734	3
10	1056	14217.585666081618	3
10	1059	14285.833346845702	3
10	1070	14429.585666081618	3
10	1089	15057.141664426828	3
10	1095	15073.548767252162	3
10	1107	15268.738009070279	3
10	1111	15393.496661021811	3
10	1117	15525.737119885369	3
10	1139	15961.078380785887	3
10	1140	15967.078380785887	6.292454550345
10	1142	15980.284192189168	3
10	1144	16038.479984388692	3
10	1160	16176.581934746685	3
10	1166	16225.261003636413	3
10	1180	16396.317230229096	3
10	1193	16523.053798108884	3
10	1204	16646.793743636884	3
10	1212	16701.627685193763	3
10	1237	17011.281265408467	3
10	1245	17150.804053632874	3
10	1268	17612.431443933694	3
10	1270	17656.842470898859	3
10	1292	18047.611372820958	3
10	1296	18069.812542471786	3
10	1301	18155.573082565068	3
10	1304	18173.279608951389	3
10	1312	18294.587503121949	3
10	1315	18371.475622092257	3
10	1326	18508.494475072601	3
10	1341	18726.166271121069	3
10	1352	18933.997138287439	3
10	1355	18973.397629608775	3
10	1361	19069.202784492263	3
10	1365	19091.268376542705	3
10	1367	19101.453134539697	3
10	1380	19237.601051265185	3
10	1385	19270.80755843968	3
10	1389	19289.64248905122	3
10	1399	19360.784478060668	3
10	1422	19516.252846111617	3
10	1425	19522.804603691492	3
11	101	1033.712082399389	8212
11	103	1042.077636450275	8213
11	108	1120.861141395202	8216
11	122	1323.240534647634	8218
11	127	1398.116131945901	8219
11	128	1404.116131945901	8217
11	149	1617.979076256402	8222
11	155	1637.868380247071	8223
11	191	1877.48510410221	8228
11	223	2114.242733613646	8232
11	229	2191.745442051552	8235
11	234	2201.325093431704	8233
11	245	2298.437790318842	8236
11	272	2497.70620947863	8242
11	277	2553.142044642326	8240
11	305	2842.153530697098	8245
11	315	2940.146078533749	8248
11	327	3013.468355738022	8247
11	338	3110.433610074342	8252
11	343	3157.110898270368	8251
11	363	3485.209319791708	8255
11	366	3509.694704227167	8253
11	377	3649.924585016479	8257
11	383	3692.511087488045	8256
11	390	3786.788280796719	8258
11	395	3822.746899649749	8259
11	397	3861.425803863522	8260
11	408	3977.927789421142	8262
11	413	4035.120150569388	8263
11	426	4184.836849724766	8264
11	432	4287.103600653921	8265
11	447	4619.202111850676	8268
11	458	4834.043877241785	8269
11	470	5117.960922580622	8271
11	476	5342.109788630378	8272
11	487	5572.775297392991	8274
11	494	5699.318529228747	8275
11	505	5814.902229742281	8277
11	533	6051.409182487109	8280
11	540	6139.969900886003	8281
11	552	6268.022692312597	8283
11	556	6293.1254837493	8286
11	577	6877.770857165908	8289
11	580	6937.613881667787	8288
11	617	7429.079184859753	8296
11	650	7760.991882436928	8298
11	666	7986.183569888385	8300
11	670	8060.869877887558	8302
11	672	8080.613539917341	8303
11	682	8226.967194441612	8304
11	696	8499.984629255062	8305
11	704	8604.334635325118	8306
11	720	8873.472326840092	8310
11	733	9159.416283495841	8312
11	738	9238.802749981697	8314
11	741	9285.679988319079	8313
11	743	9301.007861389635	8315
11	755	9478.47568077247	8317
11	758	9520.776543664477	8316
11	765	9868.911929055309	8318
11	778	10177.550599556448	8319
11	781	10217.617469208352	8322
11	792	10353.094406135904	8320
11	815	10661.2101217429	8328
11	818	10684.492875726499	8325
11	829	10858.784891995292	8330
11	845	11509.853746227729	8331
11	847	11516.171450924467	8332
11	867	11686.48554509573	8335
11	875	11753.770245099862	8333
11	877	11760.646224525644	8336
11	880	11786.731233139297	8334
11	886	11817.939206760372	8339
11	910	12236.194644346904	8341
11	921	12359.110575375476	8344
11	931	12569.862120233021	8345
11	942	12775.610684189554	8346
11	951	12906.692327524056	8349
11	955	12998.257710067635	8348
11	960	13081.416013947267	8350
11	970	13210.608804725116	8351
11	983	13359.486306913745	8354
11	993	13538.148002295616	8356
11	1019	13822.894574750975	8361
11	1022	13837.660428666132	8362
11	1035	13941.137589336734	8359
11	1056	14217.585666081618	8367
11	1059	14285.833346845702	8366
11	1070	14429.585666081618	8368
11	1089	15057.141664426828	8371
11	1095	15073.548767252162	8372
11	1107	15268.738009070279	8373
11	1111	15393.496661021811	8375
11	1117	15525.737119885369	8376
11	1139	15961.078380785887	8380
11	1140	15967.078380785887	8378
11	1142	15980.284192189168	8379
11	1144	16038.479984388692	8381
11	1160	16176.581934746685	8383
11	1166	16225.261003636413	8386
11	1180	16396.317230229096	8384
11	1193	16523.053798108884	8387
11	1204	16646.793743636884	8388
11	1212	16701.627685193763	8392
11	1237	17011.281265408467	8395
11	1245	17150.804053632874	8396
11	1268	17612.431443933694	8399
11	1270	17656.842470898859	8400
11	1292	18047.611372820958	8403
11	1296	18069.812542471786	8404
11	1301	18155.573082565068	8405
11	1304	18173.279608951389	8406
11	1312	18294.587503121949	8407
11	1315	18371.475622092257	8408
11	1326	18508.494475072601	8409
11	1341	18726.166271121069	8411
11	1352	18933.997138287439	8412
11	1355	18973.397629608775	8413
11	1361	19069.202784492263	8414
11	1365	19091.268376542705	8415
11	1367	19101.453134539697	8416
11	1380	19237.601051265185	8418
11	1385	19270.80755843968	8417
11	1389	19289.64248905122	8421
11	1399	19360.784478060668	8422
11	1422	19516.252846111617	8423
11	1425	19522.804603691492	8424
12	170	1738.740602211582	306
12	215	2084.264017737571	306
12	275	2539.966815143173	203
12	317	2947.278247852993	409
12	336	3078.500856818276	409
12	344	3160.110898270368	311.19810323437
12	352	3268.465331155707	409
12	414	4064.425803863522	306
12	455	4822.202111850676	306
12	646	7688.009901088022	306
12	753	9441.802749981697	306
12	762	9681.47568077247	306
12	836	11000.531235600619	306
12	897	12005.780314054652	409
12	1050	14140.14549298064	203
12	1104	15220.719187682217	409
12	1236	17009.339547514727	409
12	1265	17557.843909137036	409
12	1298	18106.00464085233	306
12	1313	18358.573082565068	306
12	1329	18574.475622092257	306
12	1413	19459.875055335997	306
12	1446	19680.325164527567	306
12	1468	19958.841350722722	409
13	170	1738.740602211582	6
13	215	2084.264017737571	6
13	275	2539.966815143173	3
13	317	2947.278247852993	9
13	336	3078.500856818276	9
13	344	3160.110898270368	11.198103234374
13	352	3268.465331155707	9
13	414	4064.425803863522	6
13	455	4822.202111850676	6
13	646	7688.009901088022	6
13	753	9441.802749981697	6
13	762	9681.47568077247	6
13	836	11000.531235600619	6
13	897	12005.780314054652	9
13	1050	14140.14549298064	3
13	1104	15220.719187682217	9
13	1236	17009.339547514727	9
13	1265	17557.843909137036	9
13	1298	18106.00464085233	6
13	1313	18358.573082565068	6
13	1329	18574.475622092257	6
13	1413	19459.875055335997	6
13	1446	19680.325164527567	6
13	1468	19958.841350722722	9
14	170	1738.740602211582	2
14	215	2084.264017737571	2
14	275	2539.966815143173	1
14	317	2947.278247852993	3
14	336	3078.500856818276	3
14	344	3160.110898270368	2
14	352	3268.465331155707	3
14	414	4064.425803863522	2
14	455	4822.202111850676	2
14	646	7688.009901088022	2
14	753	9441.802749981697	2
14	762	9681.47568077247	2
14	836	11000.531235600619	2
14	897	12005.780314054652	3
14	1050	14140.14549298064	1
14	1104	15220.719187682217	3
14	1236	17009.339547514727	3
14	1265	17557.843909137036	3
14	1298	18106.00464085233	2
14	1313	18358.573082565068	2
14	1329	18574.475622092257	2
14	1413	19459.875055335997	2
14	1446	19680.325164527567	2
14	1468	19958.841350722722	3
15	106	1100.028918191366	203
15	131	1426.861141395202	409
15	189	1867.404287544365	306
15	202	1948.467040462125	413.59866021505
15	233	2200.520400398483	306
15	300	2803.70620947863	409
15	349	3246.146078533749	409
15	391	3791.209319791708	409
15	454	4807.357721292063	306
15	471	5129.49046367589	306
15	490	5648.109788630378	409
15	510	5878.775297392991	409
15	527	6027.263295010898	306
15	546	6188.694026315414	203
15	561	6384.530275691663	203
15	668	8023.591005376787	203
15	721	8906.83559773347	306
15	731	9155.060380986025	203
15	793	10365.311371887284	306
15	795	10381.25092665257	203
15	816	10667.852094542916	203
15	835	10967.2101217429	409
15	916	12326.277165030323	306
15	933	12665.110575375476	409
15	1027	13901.704264181722	306
15	1051	14143.660428666132	409
15	1052	14175.525511718375	203
15	1074	14608.949000059319	306
15	1129	15810.545975271018	306
15	1130	15831.737119885369	409
15	1207	16669.068031134574	306
15	1252	17317.281265408467	409
15	1330	18600.587503121949	409
15	1420	19490.635695155293	306
15	1426	19543.601051265185	409
16	106	1100.028918191366	3
16	131	1426.861141395202	9
16	189	1867.404287544365	6
16	202	1948.467040462125	13.598660215054
16	233	2200.520400398483	6
16	300	2803.70620947863	9
16	349	3246.146078533749	9
16	391	3791.209319791708	9
16	454	4807.357721292063	6
16	471	5129.49046367589	6
16	490	5648.109788630378	9
16	510	5878.775297392991	9
16	527	6027.263295010898	6
16	546	6188.694026315414	3
16	561	6384.530275691663	3
16	668	8023.591005376787	3
16	721	8906.83559773347	6
16	731	9155.060380986025	3
16	793	10365.311371887284	6
16	795	10381.25092665257	3
16	816	10667.852094542916	3
16	835	10967.2101217429	9
16	916	12326.277165030323	6
16	933	12665.110575375476	9
16	1027	13901.704264181722	6
16	1051	14143.660428666132	9
16	1052	14175.525511718375	3
16	1074	14608.949000059319	6
16	1129	15810.545975271018	6
16	1130	15831.737119885369	9
16	1207	16669.068031134574	6
16	1252	17317.281265408467	9
16	1330	18600.587503121949	9
16	1420	19490.635695155293	6
16	1426	19543.601051265185	9
17	106	1100.028918191366	1
17	131	1426.861141395202	3
17	189	1867.404287544365	2
17	202	1948.467040462125	3
17	233	2200.520400398483	2
17	300	2803.70620947863	3
17	349	3246.146078533749	3
17	391	3791.209319791708	3
17	454	4807.357721292063	2
17	471	5129.49046367589	2
17	490	5648.109788630378	3
17	510	5878.775297392991	3
17	527	6027.263295010898	2
17	546	6188.694026315414	1
17	561	6384.530275691663	1
17	668	8023.591005376787	1
17	721	8906.83559773347	2
17	731	9155.060380986025	1
17	793	10365.311371887284	2
17	795	10381.25092665257	1
17	816	10667.852094542916	1
17	835	10967.2101217429	3
17	916	12326.277165030323	2
17	933	12665.110575375476	3
17	1027	13901.704264181722	2
17	1051	14143.660428666132	3
17	1052	14175.525511718375	1
17	1074	14608.949000059319	2
17	1129	15810.545975271018	2
17	1130	15831.737119885369	3
17	1207	16669.068031134574	2
17	1252	17317.281265408467	3
17	1330	18600.587503121949	3
17	1420	19490.635695155293	2
17	1426	19543.601051265185	3
18	151	1629.240534647634	409
18	173	1754.387349015867	306
18	249	2322.22455756093	306
18	280	2590.919776453163	203
18	434	4341.120150569388	409
18	448	4677.007991548339	203
18	489	5598.015179309332	306
18	538	6125.727417274725	413.82518753244
18	541	6144.691236751263	306
18	581	6950.603331657875	306
18	608	7369.495861183369	306
18	648	7735.079184859753	409
18	715	8769.400497925831	203
18	922	12393.024668442933	203
18	923	12450.315420223139	306
18	981	13335.765281139265	306
18	1006	13709.199569196354	306
18	1037	13976.012675010837	306
18	1234	17007.627685193763	409
18	1266	17586.71289090246	306
18	1339	18724.845396758545	306
18	1406	19397.268376542705	409
18	1458	19824.17841188528	306
19	151	1629.240534647634	9
19	173	1754.387349015867	6
19	249	2322.22455756093	6
19	280	2590.919776453163	3
19	434	4341.120150569388	9
19	448	4677.007991548339	3
19	489	5598.015179309332	6
19	538	6125.727417274725	13.825187532444
19	541	6144.691236751263	6
19	581	6950.603331657875	6
19	608	7369.495861183369	6
19	648	7735.079184859753	9
19	715	8769.400497925831	3
19	922	12393.024668442933	3
19	923	12450.315420223139	6
19	981	13335.765281139265	6
19	1006	13709.199569196354	6
19	1037	13976.012675010837	6
19	1234	17007.627685193763	9
19	1266	17586.71289090246	6
19	1339	18724.845396758545	6
19	1406	19397.268376542705	9
19	1458	19824.17841188528	6
20	151	1629.240534647634	3
20	173	1754.387349015867	2
20	249	2322.22455756093	2
20	280	2590.919776453163	1
20	434	4341.120150569388	3
20	448	4677.007991548339	1
20	489	5598.015179309332	2
20	538	6125.727417274725	3
20	541	6144.691236751263	2
20	581	6950.603331657875	2
20	608	7369.495861183369	2
20	648	7735.079184859753	3
20	715	8769.400497925831	1
20	922	12393.024668442933	1
20	923	12450.315420223139	2
20	981	13335.765281139265	2
20	1006	13709.199569196354	2
20	1037	13976.012675010837	2
20	1234	17007.627685193763	3
20	1266	17586.71289090246	2
20	1339	18724.845396758545	2
20	1406	19397.268376542705	3
20	1458	19824.17841188528	2
21	147	1601.116131945901	306
21	195	1898.231020261937	306
21	199	1933.027942224132	306
21	248	2317.242733613646	409
21	511	5902.318529228747	306
21	524	6016.727417274725	306
21	565	6471.022692312597	409
21	566	6496.1254837493	306
21	639	7598.689590668684	309.32782791317
21	693	8429.967194441612	409
21	756	9504.007861389635	306
21	873	11719.171450924467	306
21	896	11963.646224525644	409
21	1068	14420.585666081618	306
21	1101	15164.570409832321	203
21	1168	16256.346463798288	203
21	1185	16428.261003636413	306
21	1225	16858.199580217903	306
21	1240	17054.825643113593	306
21	1293	18049.54614511561	306
21	1337	18711.494475072601	306
21	1350	18929.166271121069	306
21	1373	19176.397629608775	409
21	1429	19563.784478060668	306
21	1466	19937.708118143338	306
22	147	1601.116131945901	6
22	195	1898.231020261937	6
22	199	1933.027942224132	6
22	248	2317.242733613646	9
22	511	5902.318529228747	6
22	524	6016.727417274725	6
22	565	6471.022692312597	9
22	566	6496.1254837493	6
22	639	7598.689590668684	9.327827913168
22	693	8429.967194441612	9
22	756	9504.007861389635	6
22	873	11719.171450924467	6
22	896	11963.646224525644	9
22	1068	14420.585666081618	6
22	1101	15164.570409832321	3
22	1168	16256.346463798288	3
22	1185	16428.261003636413	6
22	1225	16858.199580217903	6
22	1240	17054.825643113593	6
22	1293	18049.54614511561	6
22	1337	18711.494475072601	6
22	1350	18929.166271121069	6
22	1373	19176.397629608775	9
22	1429	19563.784478060668	6
22	1466	19937.708118143338	6
23	147	1601.116131945901	2
23	195	1898.231020261937	2
23	199	1933.027942224132	2
23	248	2317.242733613646	3
23	511	5902.318529228747	2
23	524	6016.727417274725	2
23	565	6471.022692312597	3
23	566	6496.1254837493	2
23	639	7598.689590668684	2
23	693	8429.967194441612	3
23	756	9504.007861389635	2
23	873	11719.171450924467	2
23	896	11963.646224525644	3
23	1068	14420.585666081618	2
23	1101	15164.570409832321	1
23	1168	16256.346463798288	1
23	1185	16428.261003636413	2
23	1225	16858.199580217903	2
23	1240	17054.825643113593	2
23	1293	18049.54614511561	2
23	1337	18711.494475072601	2
23	1350	18929.166271121069	2
23	1373	19176.397629608775	3
23	1429	19563.784478060668	2
23	1466	19937.708118143338	2
24	117	1283.832399694039	306
24	181	1820.979076256402	306
24	258	2394.745442051552	306
24	260	2404.325093431704	409
24	273	2528.290856210627	306
24	356	3360.110898270368	409
24	402	3895.511087488045	409
24	423	4180.927789421142	306
24	436	4387.836849724766	409
24	468	5037.043877241785	306
24	564	6406.277140187211	306
24	680	8189.183569888385	409
24	683	8263.869877887558	409
24	899	12020.939206760372	306
24	941	12772.862120233021	306
24	952	12910.618249161021	306
24	985	13413.608804725116	409
24	986	13418.647625366684	306
24	1105	15260.141664426828	409
24	1167	16241.479984388692	306
24	1447	19719.252846111617	409
24	1463	19865.024160255438	306
25	117	1283.832399694039	6
25	181	1820.979076256402	6
25	258	2394.745442051552	6
25	260	2404.325093431704	9
25	273	2528.290856210627	6
25	356	3360.110898270368	9
25	402	3895.511087488045	9
25	423	4180.927789421142	6
25	436	4387.836849724766	9
25	468	5037.043877241785	6
25	564	6406.277140187211	6
25	680	8189.183569888385	9
25	683	8263.869877887558	9
25	899	12020.939206760372	6
25	941	12772.862120233021	6
25	952	12910.618249161021	6
25	985	13413.608804725116	9
25	986	13418.647625366684	6
25	1105	15260.141664426828	9
25	1167	16241.479984388692	6
25	1447	19719.252846111617	9
25	1463	19865.024160255438	6
26	117	1283.832399694039	2
26	181	1820.979076256402	2
26	258	2394.745442051552	2
26	260	2404.325093431704	3
26	273	2528.290856210627	2
26	356	3360.110898270368	3
26	402	3895.511087488045	3
26	423	4180.927789421142	2
26	436	4387.836849724766	3
26	468	5037.043877241785	2
26	564	6406.277140187211	2
26	680	8189.183569888385	3
26	683	8263.869877887558	3
26	899	12020.939206760372	2
26	941	12772.862120233021	2
26	952	12910.618249161021	2
26	985	13413.608804725116	3
26	986	13418.647625366684	2
26	1105	15260.141664426828	3
26	1167	16241.479984388692	2
26	1447	19719.252846111617	3
26	1463	19865.024160255438	2
27	109	1133.712082399389	306
27	203	1977.48510410221	306
27	259	2398.437790318842	306
27	339	3113.468355738022	306
27	374	3609.694704227167	306
27	472	5217.960922580622	306
27	655	7860.991882436928	409
27	712	8704.334635325118	409
27	739	9259.416283495841	306
27	748	9385.679988319079	306
27	761	9620.776543664477	306
27	786	10277.550599556448	306
27	789	10317.617469208352	203
27	798	10453.094406135904	409
27	857	11609.853746227729	306
27	887	11853.770245099862	409
27	890	11886.731233139297	409
27	968	13181.416013947267	203
27	989	13459.486306913745	306
27	1109	15368.738009070279	409
27	1214	16746.793743636884	409
27	1249	17250.804053632874	306
27	1271	17712.431443933694	306
27	1372	19169.202784492263	203
27	1404	19389.64248905122	203
27	1438	19622.804603691492	306
28	109	1133.712082399389	6
28	203	1977.48510410221	6
28	259	2398.437790318842	6
28	339	3113.468355738022	6
28	374	3609.694704227167	6
28	472	5217.960922580622	6
28	655	7860.991882436928	9
28	712	8704.334635325118	9
28	739	9259.416283495841	6
28	748	9385.679988319079	6
28	761	9620.776543664477	6
28	786	10277.550599556448	6
28	789	10317.617469208352	3
28	798	10453.094406135904	9
28	857	11609.853746227729	6
28	887	11853.770245099862	9
28	890	11886.731233139297	9
28	968	13181.416013947267	3
28	989	13459.486306913745	6
28	1109	15368.738009070279	9
28	1214	16746.793743636884	9
28	1249	17250.804053632874	6
28	1271	17712.431443933694	6
28	1372	19169.202784492263	3
28	1404	19389.64248905122	3
28	1438	19622.804603691492	6
29	109	1133.712082399389	2
29	203	1977.48510410221	2
29	259	2398.437790318842	2
29	339	3113.468355738022	2
29	374	3609.694704227167	2
29	472	5217.960922580622	2
29	655	7860.991882436928	3
29	712	8704.334635325118	3
29	739	9259.416283495841	2
29	748	9385.679988319079	2
29	761	9620.776543664477	2
29	786	10277.550599556448	2
29	789	10317.617469208352	1
29	798	10453.094406135904	3
29	857	11609.853746227729	2
29	887	11853.770245099862	3
29	890	11886.731233139297	3
29	968	13181.416013947267	1
29	989	13459.486306913745	2
29	1109	15368.738009070279	3
29	1214	16746.793743636884	3
29	1249	17250.804053632874	2
29	1271	17712.431443933694	2
29	1372	19169.202784492263	1
29	1404	19389.64248905122	1
29	1438	19622.804603691492	2
30	110	1142.077636450275	306
30	136	1504.116131945901	309.91602901473
30	287	2653.142044642326	306
30	316	2942.153530697098	306
30	386	3749.924585016479	203
30	401	3886.788280796719	306
30	403	3922.746899649749	306
30	542	6151.409182487109	306
30	550	6239.969900886003	306
30	587	7037.613881667787	306
30	679	8180.613539917341	306
30	701	8599.984629255062	306
30	724	8973.472326840092	306
30	766	9968.911929055309	203
30	825	10784.492875726499	409
30	834	10958.784891995292	203
30	879	11786.48554509573	306
30	917	12336.194644346904	306
30	947	12875.610684189554	306
30	957	13006.692327524056	203
30	961	13098.257710067635	306
30	1000	13638.148002295616	203
30	1030	13922.894574750975	203
30	1043	14041.137589336734	409
30	1065	14385.833346845702	306
30	1073	14529.585666081618	311.86109201003
30	1103	15173.548767252162	306
30	1148	16067.078380785887	309.29245455034
30	1150	16080.284192189168	306
30	1169	16276.581934746685	203
30	1190	16496.317230229096	409
30	1202	16623.053798108884	306
30	1299	18147.611372820958	306
30	1302	18169.812542471786	306
30	1358	19033.997138287439	409
30	1378	19201.453134539697	203
30	1401	19370.80755843968	306
31	110	1142.077636450275	6
31	136	1504.116131945901	9.916029014732
31	287	2653.142044642326	6
31	316	2942.153530697098	6
31	386	3749.924585016479	3
31	401	3886.788280796719	6
31	403	3922.746899649749	6
31	542	6151.409182487109	6
31	550	6239.969900886003	6
31	587	7037.613881667787	6
31	679	8180.613539917341	6
31	701	8599.984629255062	6
31	724	8973.472326840092	6
31	766	9968.911929055309	3
31	825	10784.492875726499	9
31	834	10958.784891995292	3
31	879	11786.48554509573	6
31	917	12336.194644346904	6
31	947	12875.610684189554	6
31	957	13006.692327524056	3
31	961	13098.257710067635	6
31	1000	13638.148002295616	3
31	1030	13922.894574750975	3
31	1043	14041.137589336734	9
31	1065	14385.833346845702	6
31	1073	14529.585666081618	11.861092010029
31	1103	15173.548767252162	6
31	1148	16067.078380785887	9.292454550345
31	1150	16080.284192189168	6
31	1169	16276.581934746685	3
31	1190	16496.317230229096	9
31	1202	16623.053798108884	6
31	1299	18147.611372820958	6
31	1302	18169.812542471786	6
31	1358	19033.997138287439	9
31	1378	19201.453134539697	3
31	1401	19370.80755843968	6
32	110	1142.077636450275	2
32	136	1504.116131945901	2
32	287	2653.142044642326	2
32	316	2942.153530697098	2
32	386	3749.924585016479	1
32	401	3886.788280796719	2
32	403	3922.746899649749	2
32	542	6151.409182487109	2
32	550	6239.969900886003	2
32	587	7037.613881667787	2
32	679	8180.613539917341	2
32	701	8599.984629255062	2
32	724	8973.472326840092	2
32	766	9968.911929055309	1
32	825	10784.492875726499	3
32	834	10958.784891995292	1
32	879	11786.48554509573	2
32	917	12336.194644346904	2
32	947	12875.610684189554	2
32	957	13006.692327524056	1
32	961	13098.257710067635	2
32	1000	13638.148002295616	1
32	1030	13922.894574750975	1
32	1043	14041.137589336734	3
32	1065	14385.833346845702	2
32	1073	14529.585666081618	2
32	1103	15173.548767252162	2
32	1148	16067.078380785887	2
32	1150	16080.284192189168	2
32	1169	16276.581934746685	1
32	1190	16496.317230229096	3
32	1202	16623.053798108884	2
32	1299	18147.611372820958	2
32	1302	18169.812542471786	2
32	1358	19033.997138287439	3
32	1378	19201.453134539697	1
32	1401	19370.80755843968	2
33	214	2045.467040462125	409
33	240	2236.903200850315	409
33	289	2687.177369481785	409
33	302	2824.926439156414	203
33	354	3313.433610074342	306
33	368	3549.577397187551	203
33	427	4185.088538003716	409
33	439	4490.103600653921	306
33	591	7080.770857165908	306
33	595	7164.258512444601	203
33	606	7307.810610263697	409
33	637	7592.689590668684	409
33	647	7694.009901088022	414.1155981107
33	651	7765.028385694176	306
33	713	8731.852425412135	306
33	820	10739.343082649216	409
33	821	10751.368742221436	203
33	893	11908.84747540171	306
33	1024	13851.149385233068	409
33	1049	14122.235979758196	306
33	1118	15596.496661021811	306
33	1158	16164.078380785887	306
33	1191	16504.893260444309	409
33	1218	16800.683112545185	203
33	1279	17859.842470898859	306
33	1316	18376.279608951389	306
33	1456	19775.784478060668	413.53672017491
34	214	2045.467040462125	9
34	240	2236.903200850315	9
34	289	2687.177369481785	9
34	302	2824.926439156414	3
34	354	3313.433610074342	6
34	368	3549.577397187551	3
34	427	4185.088538003716	9
34	439	4490.103600653921	6
34	591	7080.770857165908	6
34	595	7164.258512444601	3
34	606	7307.810610263697	9
34	637	7592.689590668684	9
34	647	7694.009901088022	14.115598110696
34	651	7765.028385694176	6
34	713	8731.852425412135	6
34	820	10739.343082649216	9
34	821	10751.368742221436	3
34	893	11908.84747540171	6
34	1024	13851.149385233068	9
34	1049	14122.235979758196	6
34	1118	15596.496661021811	6
34	1158	16164.078380785887	6
34	1191	16504.893260444309	9
34	1218	16800.683112545185	3
34	1279	17859.842470898859	6
34	1316	18376.279608951389	6
34	1456	19775.784478060668	13.536720174909
35	214	2045.467040462125	3
35	240	2236.903200850315	3
35	289	2687.177369481785	3
35	302	2824.926439156414	1
35	354	3313.433610074342	2
35	368	3549.577397187551	1
35	427	4185.088538003716	3
35	439	4490.103600653921	2
35	591	7080.770857165908	2
35	595	7164.258512444601	1
35	606	7307.810610263697	3
35	637	7592.689590668684	3
35	647	7694.009901088022	3
35	651	7765.028385694176	2
35	713	8731.852425412135	2
35	820	10739.343082649216	3
35	821	10751.368742221436	1
35	893	11908.84747540171	2
35	1024	13851.149385233068	3
35	1049	14122.235979758196	2
35	1118	15596.496661021811	2
35	1158	16164.078380785887	2
35	1191	16504.893260444309	3
35	1218	16800.683112545185	1
35	1279	17859.842470898859	2
35	1316	18376.279608951389	2
35	1456	19775.784478060668	3

