version 3
run MediumLoad_Queue-30-20260125-17:51:21-1418
attr configname MediumLoad_Queue
attr datetime 20260125-17:51:21
attr datetimef 20260125-175121
attr experiment MediumLoad_Queue
attr inifile simulations/nwsim_project/omnetpp.ini
attr iterationvars ""
attr iterationvarsd ""
attr iterationvarsf ""
attr measurement ""
attr network CrossTraffic
attr processid 1418
attr repetition 30
attr replication #30
attr resultdir results
attr runnumber 30
attr seedset 30
config description "Medium Load - Queue Mode (50% more traffic)"
config *.Junc*.junctionMode "\"queue\""
config *.EndNW.spawnInterval exponential(533s)
config *.EndNE.spawnInterval exponential(800s)
config *.EndEN.spawnInterval exponential(667s)
config *.EndES.spawnInterval exponential(1000s)
config *.EndSE.spawnInterval exponential(600s)
config *.EndSW.spawnInterval exponential(733s)
config *.EndWS.spawnInterval exponential(867s)
config *.EndWN.spawnInterval exponential(933s)
config network CrossTraffic
config sim-time-limit 20000s
config warmup-period 1000s
config repeat 50
config **.scalar-recording true
config **.vector-recording true
config *.Junc*.junctionMode "\"queue\""
config *.EndNW.spawnInterval exponential(800s)
config *.EndNE.spawnInterval exponential(1200s)
config *.EndEN.spawnInterval exponential(1000s)
config *.EndES.spawnInterval exponential(1500s)
config *.EndSE.spawnInterval exponential(900s)
config *.EndSW.spawnInterval exponential(1100s)
config *.EndWS.spawnInterval exponential(1300s)
config *.EndWN.spawnInterval exponential(1400s)

vector 0 CrossTraffic.JuncNW queueLength:vector ETV
attr interpolationmode sample-hold
attr recordingmode vector
attr source queueLength
attr title "Queue Length"
vector 1 CrossTraffic.JuncNW junctionProcessingTime:vector ETV
attr recordingmode vector
attr source junctionProcessingTime
attr title "Junction Processing Time"
vector 2 CrossTraffic.JuncNW vehicleCount:vector ETV
attr recordingmode vector
attr source vehicleCount
attr title "Vehicle Count"
vector 3 CrossTraffic.JuncNE queueLength:vector ETV
attr interpolationmode sample-hold
attr recordingmode vector
attr source queueLength
attr title "Queue Length"
vector 4 CrossTraffic.JuncNE junctionProcessingTime:vector ETV
attr recordingmode vector
attr source junctionProcessingTime
attr title "Junction Processing Time"
vector 5 CrossTraffic.JuncNE vehicleCount:vector ETV
attr recordingmode vector
attr source vehicleCount
attr title "Vehicle Count"
vector 6 CrossTraffic.JuncSE queueLength:vector ETV
attr interpolationmode sample-hold
attr recordingmode vector
attr source queueLength
attr title "Queue Length"
vector 7 CrossTraffic.JuncSE junctionProcessingTime:vector ETV
attr recordingmode vector
attr source junctionProcessingTime
attr title "Junction Processing Time"
vector 8 CrossTraffic.JuncSE vehicleCount:vector ETV
attr recordingmode vector
attr source vehicleCount
attr title "Vehicle Count"
vector 9 CrossTraffic.JuncSW queueLength:vector ETV
attr interpolationmode sample-hold
attr recordingmode vector
attr source queueLength
attr title "Queue Length"
vector 10 CrossTraffic.JuncSW junctionProcessingTime:vector ETV
attr recordingmode vector
attr source junctionProcessingTime
attr title "Junction Processing Time"
vector 11 CrossTraffic.JuncSW vehicleCount:vector ETV
attr recordingmode vector
attr source vehicleCount
attr title "Vehicle Count"
vector 12 CrossTraffic.EndNW travelTime:vector ETV
attr recordingmode vector
attr source travelTime
attr title "Vehicle Travel Time"
vector 13 CrossTraffic.EndNW junctionTime:vector ETV
attr recordingmode vector
attr source junctionTime
attr title "Total Junction Time per Vehicle"
vector 14 CrossTraffic.EndNW junctionCount:vector ETV
attr recordingmode vector
attr source junctionCount
attr title "Junctions Visited per Vehicle"
vector 15 CrossTraffic.EndNE travelTime:vector ETV
attr recordingmode vector
attr source travelTime
attr title "Vehicle Travel Time"
vector 16 CrossTraffic.EndNE junctionTime:vector ETV
attr recordingmode vector
attr source junctionTime
attr title "Total Junction Time per Vehicle"
vector 17 CrossTraffic.EndNE junctionCount:vector ETV
attr recordingmode vector
attr source junctionCount
attr title "Junctions Visited per Vehicle"
vector 18 CrossTraffic.EndEN travelTime:vector ETV
attr recordingmode vector
attr source travelTime
attr title "Vehicle Travel Time"
vector 19 CrossTraffic.EndEN junctionTime:vector ETV
attr recordingmode vector
attr source junctionTime
attr title "Total Junction Time per Vehicle"
vector 20 CrossTraffic.EndEN junctionCount:vector ETV
attr recordingmode vector
attr source junctionCount
attr title "Junctions Visited per Vehicle"
vector 21 CrossTraffic.EndES travelTime:vector ETV
attr recordingmode vector
attr source travelTime
attr title "Vehicle Travel Time"
vector 22 CrossTraffic.EndES junctionTime:vector ETV
attr recordingmode vector
attr source junctionTime
attr title "Total Junction Time per Vehicle"
vector 23 CrossTraffic.EndES junctionCount:vector ETV
attr recordingmode vector
attr source junctionCount
attr title "Junctions Visited per Vehicle"
vector 24 CrossTraffic.EndSE travelTime:vector ETV
attr recordingmode vector
attr source travelTime
attr title "Vehicle Travel Time"
vector 25 CrossTraffic.EndSE junctionTime:vector ETV
attr recordingmode vector
attr source junctionTime
attr title "Total Junction Time per Vehicle"
vector 26 CrossTraffic.EndSE junctionCount:vector ETV
attr recordingmode vector
attr source junctionCount
attr title "Junctions Visited per Vehicle"
vector 27 CrossTraffic.EndSW travelTime:vector ETV
attr recordingmode vector
attr source travelTime
attr title "Vehicle Travel Time"
vector 28 CrossTraffic.EndSW junctionTime:vector ETV
attr recordingmode vector
attr source junctionTime
attr title "Total Junction Time per Vehicle"
vector 29 CrossTraffic.EndSW junctionCount:vector ETV
attr recordingmode vector
attr source junctionCount
attr title "Junctions Visited per Vehicle"
vector 30 CrossTraffic.EndWS travelTime:vector ETV
attr recordingmode vector
attr source travelTime
attr title "Vehicle Travel Time"
vector 31 CrossTraffic.EndWS junctionTime:vector ETV
attr recordingmode vector
attr source junctionTime
attr title "Total Junction Time per Vehicle"
vector 32 CrossTraffic.EndWS junctionCount:vector ETV
attr recordingmode vector
attr source junctionCount
attr title "Junctions Visited per Vehicle"
vector 33 CrossTraffic.EndWN travelTime:vector ETV
attr recordingmode vector
attr source travelTime
attr title "Vehicle Travel Time"
vector 34 CrossTraffic.EndWN junctionTime:vector ETV
attr recordingmode vector
attr source junctionTime
attr title "Total Junction Time per Vehicle"
vector 35 CrossTraffic.EndWN junctionCount:vector ETV
attr recordingmode vector
attr source junctionCount
attr title "Junctions Visited per Vehicle"
0	118	1044.405667038359	1
0	119	1047.405667038359	0
0	130	1374.638869646964	1
0	131	1377.638869646964	0
0	147	1952.341778326	1
0	148	1955.341778326	0
0	154	2112.023580357772	1
0	155	2115.023580357772	0
0	161	2266.895530056197	1
0	162	2269.895530056197	0
0	173	2452.811676521795	1
0	174	2455.811676521795	0
0	185	2576.129946327157	1
0	186	2579.129946327157	0
0	205	2707.653500852294	1
0	206	2710.653500852294	0
0	217	2823.910647236388	1
0	218	2826.910647236388	0
0	239	3076.343563453227	1
0	240	3079.343563453227	0
0	253	3272.978217627252	1
0	254	3275.978217627252	0
0	266	3474.334405045142	1
0	268	3477.334405045142	0
0	270	3516.14103614419	1
0	272	3519.14103614419	0
0	289	3808.56910210269	1
0	290	3811.56910210269	0
0	300	3959.360654701869	1
0	301	3962.360654701869	0
0	306	4033.458866268636	1
0	307	4036.458866268636	0
0	330	4243.949370840805	1
0	331	4246.949370840805	0
0	343	4396.555499765041	1
0	344	4399.555499765041	0
0	355	4632.198805649848	1
0	356	4635.198805649848	0
0	370	4859.304695246936	1
0	371	4862.304695246936	0
0	375	4930.323108155491	1
0	376	4933.323108155491	0
0	384	5012.955102013613	1
0	385	5015.955102013613	0
0	389	5036.899716114053	1
0	390	5039.899716114053	0
0	391	5044.312422407574	1
0	392	5047.312422407574	0
0	398	5136.325273112775	1
0	400	5139.325273112775	0
0	419	5305.77362889526	1
0	420	5308.77362889526	0
0	438	5439.775859523592	1
0	439	5442.775859523592	0
0	452	5548.488313596174	1
0	453	5551.488313596174	0
0	457	5629.174576552911	1
0	458	5632.174576552911	0
0	469	5771.685013434759	1
0	470	5774.685013434759	0
0	471	5788.458392358413	1
0	472	5791.458392358413	0
0	482	5977.334186897844	1
0	484	5980.334186897844	0
0	486	5997.628597467495	1
0	487	6000.628597467495	0
0	488	6063.360118214256	1
0	489	6066.360118214256	0
0	494	6168.521665814652	1
0	496	6171.521665814652	0
0	501	6313.988035332819	1
0	502	6316.988035332819	0
0	507	6482.424903554828	1
0	508	6485.424903554828	0
0	516	6844.651873808968	1
0	517	6847.651873808968	0
0	524	6968.754891629151	1
0	525	6971.754891629151	0
0	526	7036.013643752322	1
0	527	7039.013643752322	0
0	539	7234.341184121011	1
0	540	7237.341184121011	0
0	552	7366.596330462003	1
0	553	7369.596330462003	0
0	556	7409.844724043726	1
0	557	7412.844724043726	0
0	559	7436.494672152944	1
0	560	7439.494672152944	0
0	570	7524.125454211021	1
0	571	7527.125454211021	0
0	576	7601.023988877329	1
0	577	7604.023988877329	0
0	578	7609.326394386693	1
0	579	7612.326394386693	0
0	598	7863.271855624662	1
0	599	7866.271855624662	0
0	604	7917.448449590885	1
0	606	7920.448449590885	0
0	617	8047.606546993337	1
0	618	8050.606546993337	0
0	621	8079.107845623245	1
0	623	8082.107845623245	0
0	645	8505.745852394427	1
0	646	8508.745852394427	0
0	656	8654.568244875337	1
0	657	8657.568244875337	0
0	667	9016.829769399174	1
0	668	9019.829769399174	0
0	678	9340.93826104467	1
0	679	9343.93826104467	0
0	687	9476.098938977989	1
0	688	9479.098938977989	0
0	709	9682.087527821914	1
0	711	9685.087527821914	0
0	712	9698.556037875231	1
0	713	9701.556037875231	0
0	730	9813.566277953145	1
0	731	9816.566277953145	0
0	741	9848.020272903289	1
0	742	9851.020272903289	0
0	771	10087.522379137755	1
0	772	10090.522379137755	0
0	774	10136.519622468778	1
0	775	10139.519622468778	0
0	782	10275.225089369595	1
0	783	10278.225089369595	0
0	802	10706.99340879054	1
0	803	10709.99340879054	0
0	821	10905.368404201725	1
0	824	10908.368404201725	0
0	831	10958.633318081208	1
0	833	10961.633318081208	0
0	834	11000.792606740911	1
0	835	11003.792606740911	0
0	858	11144.109088237128	1
0	859	11147.109088237128	0
0	872	11318.359835805814	1
0	873	11321.359835805814	0
0	877	11380.405061833771	1
0	879	11383.405061833771	0
0	917	11821.897255875506	1
0	918	11824.897255875506	0
0	924	11920.162217803424	1
0	925	11923.162217803424	0
0	927	11962.046854751561	1
0	929	11965.046854751561	0
0	931	12062.270507454778	1
0	933	12065.270507454778	0
0	941	12566.519533287791	1
0	942	12569.519533287791	0
0	944	12624.637730547205	1
0	945	12627.637730547205	0
0	952	12760.073394487217	1
0	953	12763.073394487217	0
0	954	12792.178203201561	1
0	955	12795.178203201561	0
0	977	13139.415643497723	1
0	978	13142.415643497723	0
0	981	13209.221701795177	1
0	982	13212.221701795177	0
0	983	13221.679466584532	1
0	984	13224.679466584532	0
0	990	13358.656715211549	1
0	991	13361.656715211549	0
0	1004	13631.234225406803	1
0	1005	13633.628294195092	2
0	1006	13634.234225406803	1
0	1007	13640.234225406803	0
0	1017	13821.627338529912	1
0	1018	13824.627338529912	0
0	1027	13942.9713825013	1
0	1028	13945.9713825013	0
0	1031	13955.110154923582	1
0	1032	13958.110154923582	0
0	1046	14091.83658462312	1
0	1047	14094.83658462312	0
0	1051	14150.58350468417	1
0	1053	14153.58350468417	0
0	1055	14172.451183873157	1
0	1056	14175.451183873157	0
0	1062	14247.332372058559	1
0	1063	14250.332372058559	0
0	1070	14288.617159753906	1
0	1071	14291.617159753906	0
0	1084	14430.937011126717	1
0	1085	14433.937011126717	0
0	1101	14563.920910697575	1
0	1103	14566.920910697575	0
0	1110	14633.249177535415	1
0	1111	14636.249177535415	0
0	1117	14684.571133251045	1
0	1118	14687.571133251045	0
0	1142	14968.7825684113	1
0	1143	14971.7825684113	0
0	1150	15047.347454470142	1
0	1151	15050.347454470142	0
0	1156	15128.308957978047	1
0	1157	15131.308957978047	0
0	1171	15464.75712199956	1
0	1173	15467.75712199956	0
0	1206	15828.585643885705	1
0	1207	15831.585643885705	0
0	1222	16111.549537041076	1
0	1223	16114.549537041076	0
0	1231	16278.266851313881	1
0	1232	16281.266851313881	0
0	1240	16679.286584792965	1
0	1241	16682.286584792965	0
0	1259	17252.771334300804	1
0	1260	17255.771334300804	0
0	1278	17448.669895245677	1
0	1280	17451.669895245677	0
0	1294	17552.19581989021	1
0	1295	17555.19581989021	0
0	1301	17606.687387289376	1
0	1302	17609.687387289376	0
0	1303	17628.070817602792	1
0	1304	17631.070817602792	0
0	1353	18403.614279044933	1
0	1354	18406.614279044933	0
0	1375	19023.830993661753	1
0	1376	19026.830993661753	0
0	1389	19560.804471612205	1
0	1390	19563.804471612205	0
0	1403	19847.251196173876	1
0	1404	19850.251196173876	0
0	1409	19939.425815767647	1
0	1411	19942.425815767647	0
1	119	1047.405667038359	3
1	131	1377.638869646964	3
1	148	1955.341778326	3
1	155	2115.023580357772	3
1	162	2269.895530056197	3
1	174	2455.811676521795	3
1	186	2579.129946327157	3
1	206	2710.653500852294	3
1	218	2826.910647236388	3
1	240	3079.343563453227	3
1	254	3275.978217627252	3
1	268	3477.334405045142	3
1	272	3519.14103614419	3
1	290	3811.56910210269	3
1	301	3962.360654701869	3
1	307	4036.458866268636	3
1	331	4246.949370840805	3
1	344	4399.555499765041	3
1	356	4635.198805649848	3
1	371	4862.304695246936	3
1	376	4933.323108155491	3
1	385	5015.955102013613	3
1	390	5039.899716114053	3
1	392	5047.312422407574	3
1	400	5139.325273112775	3
1	420	5308.77362889526	3
1	439	5442.775859523592	3
1	453	5551.488313596174	3
1	458	5632.174576552911	3
1	470	5774.685013434759	3
1	472	5791.458392358413	3
1	484	5980.334186897844	3
1	487	6000.628597467495	3
1	489	6066.360118214256	3
1	496	6171.521665814652	3
1	502	6316.988035332819	3
1	508	6485.424903554828	3
1	517	6847.651873808968	3
1	525	6971.754891629151	3
1	527	7039.013643752322	3
1	540	7237.341184121011	3
1	553	7369.596330462003	3
1	557	7412.844724043726	3
1	560	7439.494672152944	3
1	571	7527.125454211021	3
1	577	7604.023988877329	3
1	579	7612.326394386693	3
1	599	7866.271855624662	3
1	606	7920.448449590885	3
1	618	8050.606546993337	3
1	623	8082.107845623245	3
1	646	8508.745852394427	3
1	657	8657.568244875337	3
1	668	9019.829769399174	3
1	679	9343.93826104467	3
1	688	9479.098938977989	3
1	711	9685.087527821914	3
1	713	9701.556037875231	3
1	731	9816.566277953145	3
1	742	9851.020272903289	3
1	772	10090.522379137755	3
1	775	10139.519622468778	3
1	783	10278.225089369595	3
1	803	10709.99340879054	3
1	824	10908.368404201725	3
1	833	10961.633318081208	3
1	835	11003.792606740911	3
1	859	11147.109088237128	3
1	873	11321.359835805814	3
1	879	11383.405061833771	3
1	918	11824.897255875506	3
1	925	11923.162217803424	3
1	929	11965.046854751561	3
1	933	12065.270507454778	3
1	942	12569.519533287791	3
1	945	12627.637730547205	3
1	953	12763.073394487217	3
1	955	12795.178203201561	3
1	978	13142.415643497723	3
1	982	13212.221701795177	3
1	984	13224.679466584532	3
1	991	13361.656715211549	3
1	1006	13634.234225406803	3
1	1007	13640.234225406803	6.605931211711
1	1018	13824.627338529912	3
1	1028	13945.9713825013	3
1	1032	13958.110154923582	3
1	1047	14094.83658462312	3
1	1053	14153.58350468417	3
1	1056	14175.451183873157	3
1	1063	14250.332372058559	3
1	1071	14291.617159753906	3
1	1085	14433.937011126717	3
1	1103	14566.920910697575	3
1	1111	14636.249177535415	3
1	1118	14687.571133251045	3
1	1143	14971.7825684113	3
1	1151	15050.347454470142	3
1	1157	15131.308957978047	3
1	1173	15467.75712199956	3
1	1207	15831.585643885705	3
1	1223	16114.549537041076	3
1	1232	16281.266851313881	3
1	1241	16682.286584792965	3
1	1260	17255.771334300804	3
1	1280	17451.669895245677	3
1	1295	17555.19581989021	3
1	1302	17609.687387289376	3
1	1304	17631.070817602792	3
1	1354	18406.614279044933	3
1	1376	19026.830993661753	3
1	1390	19563.804471612205	3
1	1404	19850.251196173876	3
1	1411	19942.425815767647	3
2	119	1047.405667038359	6879
2	131	1377.638869646964	6882
2	148	1955.341778326	6884
2	155	2115.023580357772	6886
2	162	2269.895530056197	6887
2	174	2455.811676521795	6890
2	186	2579.129946327157	6892
2	206	2710.653500852294	6896
2	218	2826.910647236388	6897
2	240	3079.343563453227	6899
2	254	3275.978217627252	6902
2	268	3477.334405045142	6905
2	272	3519.14103614419	6906
2	290	3811.56910210269	6908
2	301	3962.360654701869	6909
2	307	4036.458866268636	6912
2	331	4246.949370840805	6914
2	344	4399.555499765041	6918
2	356	4635.198805649848	6919
2	371	4862.304695246936	6921
2	376	4933.323108155491	6923
2	385	5015.955102013613	6926
2	390	5039.899716114053	6924
2	392	5047.312422407574	6927
2	400	5139.325273112775	6928
2	420	5308.77362889526	6931
2	439	5442.775859523592	6933
2	453	5551.488313596174	6936
2	458	5632.174576552911	6935
2	470	5774.685013434759	6938
2	472	5791.458392358413	6939
2	484	5980.334186897844	6941
2	487	6000.628597467495	6942
2	489	6066.360118214256	6940
2	496	6171.521665814652	6943
2	502	6316.988035332819	6944
2	508	6485.424903554828	6945
2	517	6847.651873808968	6946
2	525	6971.754891629151	6948
2	527	7039.013643752322	6949
2	540	7237.341184121011	6950
2	553	7369.596330462003	6951
2	557	7412.844724043726	6953
2	560	7439.494672152944	6954
2	571	7527.125454211021	6955
2	577	7604.023988877329	6956
2	579	7612.326394386693	6957
2	599	7866.271855624662	6958
2	606	7920.448449590885	6960
2	618	8050.606546993337	6962
2	623	8082.107845623245	6963
2	646	8508.745852394427	6965
2	657	8657.568244875337	6968
2	668	9019.829769399174	6969
2	679	9343.93826104467	6971
2	688	9479.098938977989	6973
2	711	9685.087527821914	6977
2	713	9701.556037875231	6978
2	731	9816.566277953145	6975
2	742	9851.020272903289	6983
2	772	10090.522379137755	6986
2	775	10139.519622468778	6987
2	783	10278.225089369595	6988
2	803	10709.99340879054	6989
2	824	10908.368404201725	6991
2	833	10961.633318081208	6996
2	835	11003.792606740911	6992
2	859	11147.109088237128	6999
2	873	11321.359835805814	7002
2	879	11383.405061833771	7001
2	918	11824.897255875506	7007
2	925	11923.162217803424	7010
2	929	11965.046854751561	7008
2	933	12065.270507454778	7011
2	942	12569.519533287791	7013
2	945	12627.637730547205	7012
2	953	12763.073394487217	7015
2	955	12795.178203201561	7014
2	978	13142.415643497723	7017
2	982	13212.221701795177	7016
2	984	13224.679466584532	7019
2	991	13361.656715211549	7020
2	1006	13634.234225406803	7021
2	1007	13640.234225406803	7022
2	1018	13824.627338529912	7024
2	1028	13945.9713825013	7027
2	1032	13958.110154923582	7026
2	1047	14094.83658462312	7029
2	1053	14153.58350468417	7030
2	1056	14175.451183873157	7028
2	1063	14250.332372058559	7032
2	1071	14291.617159753906	7033
2	1085	14433.937011126717	7034
2	1103	14566.920910697575	7035
2	1111	14636.249177535415	7036
2	1118	14687.571133251045	7040
2	1143	14971.7825684113	7044
2	1151	15050.347454470142	7046
2	1157	15131.308957978047	7045
2	1173	15467.75712199956	7047
2	1207	15831.585643885705	7053
2	1223	16114.549537041076	7055
2	1232	16281.266851313881	7056
2	1241	16682.286584792965	7059
2	1260	17255.771334300804	7063
2	1280	17451.669895245677	7065
2	1295	17555.19581989021	7066
2	1302	17609.687387289376	7068
2	1304	17631.070817602792	7071
2	1354	18406.614279044933	7077
2	1376	19026.830993661753	7081
2	1390	19563.804471612205	7084
2	1404	19850.251196173876	7087
2	1411	19942.425815767647	7086
3	132	1477.638869646964	1
3	133	1480.638869646964	0
3	139	1753.088367024337	1
3	140	1756.088367024337	0
3	142	1849.341778326	1
3	143	1852.341778326	0
3	157	2163.895530056197	1
3	158	2166.895530056197	0
3	159	2215.023580357772	1
3	160	2218.023580357772	0
3	178	2489.396917295688	1
3	179	2492.396917295688	0
3	181	2516.639559586629	1
3	182	2519.639559586629	0
3	198	2679.129946327157	1
3	199	2682.129946327157	0
3	200	2694.46768510984	1
3	202	2697.46768510984	0
3	207	2720.910647236388	1
3	208	2723.910647236388	0
3	230	2973.343563453227	1
3	231	2976.343563453227	0
3	234	3034.844928974643	1
3	235	3037.844928974643	0
3	243	3153.669210550007	1
3	244	3156.669210550007	0
3	245	3169.978217627252	1
3	246	3172.978217627252	0
3	265	3471.761032008406	1
3	267	3474.761032008406	0
3	277	3619.14103614419	1
3	279	3622.14103614419	0
3	292	3856.360654701869	1
3	293	3859.360654701869	0
3	295	3895.570760417107	1
3	296	3898.570760417107	0
3	319	4140.949370840805	1
3	320	4143.949370840805	0
3	324	4194.161726308829	1
3	325	4197.161726308829	0
3	357	4637.665343290068	1
3	358	4640.665343290068	0
3	363	4756.304695246936	1
3	364	4759.304695246936	0
3	424	5336.775859523592	1
3	425	5339.775859523592	0
3	430	5384.159193978561	1
3	432	5387.159193978561	0
3	446	5521.987246475052	1
3	447	5524.987246475052	0
3	448	5526.174576552911	1
3	449	5529.174576552911	0
3	460	5651.488313596174	1
3	461	5654.488313596174	0
3	462	5667.295374166341	1
3	463	5670.295374166341	0
3	474	5874.685013434759	1
3	476	5877.685013434759	0
3	477	5891.458392358413	1
3	478	5894.458392358413	0
3	480	5960.360118214256	1
3	481	5963.360118214256	0
3	505	6416.988035332819	1
3	506	6419.988035332819	0
3	510	6585.424903554828	1
3	511	6588.424903554828	0
3	514	6741.651873808968	1
3	515	6744.651873808968	0
3	528	7068.125905985287	1
3	529	7071.125905985287	0
3	543	7263.596330462003	1
3	544	7266.596330462003	0
3	564	7489.337922144727	1
3	565	7492.337922144727	0
3	572	7539.494672152944	1
3	573	7542.494672152944	0
3	608	7966.271855624662	1
3	609	7969.271855624662	0
3	613	8016.90383524159	1
3	614	8019.90383524159	0
3	629	8182.107845623245	1
3	630	8185.107845623245	0
3	638	8402.745852394427	1
3	639	8405.745852394427	0
3	647	8529.7812149835	1
3	648	8532.7812149835	0
3	650	8579.773235669131	1
3	651	8582.773235669131	0
3	660	8757.568244875337	1
3	661	8760.568244875337	0
3	664	8913.829769399174	1
3	665	8916.829769399174	0
3	673	9130.54085004869	1
3	674	9133.54085004869	0
3	685	9469.781155814305	1
3	686	9472.781155814305	0
3	691	9533.244617780835	1
3	692	9536.244617780835	0
3	697	9579.098938977989	1
3	699	9582.098938977989	0
3	716	9710.566277953145	1
3	717	9713.566277953145	0
3	728	9804.788193322155	1
3	729	9807.788193322155	0
3	733	9828.541033757383	1
3	734	9830.257866838697	2
3	735	9831.541033757383	1
3	736	9836.775948910867	2
3	737	9837.541033757383	1
3	739	9843.541033757383	0
3	760	9984.522379137755	1
3	761	9987.522379137755	0
3	786	10378.225089369595	1
3	787	10381.225089369595	0
3	794	10603.99340879054	1
3	795	10606.99340879054	0
3	806	10797.598625648945	1
3	808	10800.598625648945	0
3	809	10802.368404201725	1
3	811	10805.368404201725	0
3	818	10897.792606740911	1
3	820	10900.792606740911	0
3	838	11010.600636355199	1
3	840	11013.600636355199	0
3	841	11023.605001941034	1
3	842	11026.605001941034	0
3	845	11041.109088237128	1
3	846	11044.109088237128	0
3	850	11112.115450421537	1
3	852	11115.115450421537	0
3	868	11277.405061833771	1
3	870	11280.405061833771	0
3	907	11752.216377759807	1
3	908	11755.216377759807	0
3	913	11786.625508641367	1
3	914	11789.625508641367	0
3	920	11859.046854751561	1
3	921	11862.046854751561	0
3	934	12165.270507454778	1
3	935	12168.270507454778	0
3	939	12521.637730547205	1
3	940	12524.637730547205	0
3	968	13036.415643497723	1
3	969	13039.415643497723	0
3	971	13100.221701795177	1
3	972	13102.748040615146	2
3	973	13103.221701795177	1
3	974	13109.221701795177	0
3	998	13530.628294195092	1
3	1000	13533.628294195092	0
3	1023	13852.110154923582	1
3	1024	13855.110154923582	0
3	1029	13948.847051119608	1
3	1030	13951.847051119608	0
3	1043	14069.451183873157	1
3	1044	14072.451183873157	0
3	1072	14327.937011126717	1
3	1073	14330.937011126717	0
3	1074	14350.332372058559	1
3	1075	14353.332372058559	0
3	1079	14386.077024502756	1
3	1080	14389.077024502756	0
3	1120	14701.287959873203	1
3	1121	14704.287959873203	0
3	1123	14763.330977160309	1
3	1124	14766.330977160309	0
3	1146	15025.308957978047	1
3	1147	15028.308957978047	0
3	1148	15033.390304148142	1
3	1149	15036.390304148142	0
3	1154	15075.093078914347	1
3	1155	15078.093078914347	0
3	1159	15150.347454470142	1
3	1160	15153.347454470142	0
3	1182	15567.75712199956	1
3	1184	15570.75712199956	0
3	1190	15644.717338691934	1
3	1191	15647.717338691934	0
3	1192	15653.004857543241	1
3	1194	15656.004857543241	0
3	1199	15725.585643885705	1
3	1200	15728.585643885705	0
3	1213	15960.72028963771	1
3	1214	15963.72028963771	0
3	1224	16136.792712075309	1
3	1225	16139.792712075309	0
3	1226	16175.266851313881	1
3	1227	16178.266851313881	0
3	1238	16576.286584792965	1
3	1239	16579.286584792965	0
3	1246	17107.428581749447	1
3	1247	17110.428581749447	0
3	1254	17213.972725052155	1
3	1256	17216.972725052155	0
3	1266	17345.669895245677	1
3	1268	17348.669895245677	0
3	1279	17449.19581989021	1
3	1281	17452.19581989021	0
3	1305	17648.936618249046	1
3	1306	17651.936618249046	0
3	1317	17798.046744413514	1
3	1318	17801.046744413514	0
3	1324	18137.984707956201	1
3	1325	18140.984707956201	0
3	1340	18300.614279044933	1
3	1341	18303.614279044933	0
3	1343	18375.375862194037	1
3	1344	18378.375862194037	0
3	1367	18908.484841811484	1
3	1368	18911.484841811484	0
3	1373	19012.920871182471	1
3	1374	19015.920871182471	0
3	1383	19429.019226275268	1
3	1384	19432.019226275268	0
3	1399	19782.622113054288	1
3	1400	19785.622113054288	0
3	1401	19836.425815767647	1
3	1402	19839.425815767647	0
3	1405	19850.493525353331	1
3	1406	19853.493525353331	0
3	1412	19950.251196173876	1
3	1413	19953.251196173876	0
3	1416	19979.718451536149	1
3	1417	19982.718451536149	0
4	133	1480.638869646964	3
4	140	1756.088367024337	3
4	143	1852.341778326	3
4	158	2166.895530056197	3
4	160	2218.023580357772	3
4	179	2492.396917295688	3
4	182	2519.639559586629	3
4	199	2682.129946327157	3
4	202	2697.46768510984	3
4	208	2723.910647236388	3
4	231	2976.343563453227	3
4	235	3037.844928974643	3
4	244	3156.669210550007	3
4	246	3172.978217627252	3
4	267	3474.761032008406	3
4	279	3622.14103614419	3
4	293	3859.360654701869	3
4	296	3898.570760417107	3
4	320	4143.949370840805	3
4	325	4197.161726308829	3
4	358	4640.665343290068	3
4	364	4759.304695246936	3
4	425	5339.775859523592	3
4	432	5387.159193978561	3
4	447	5524.987246475052	3
4	449	5529.174576552911	3
4	461	5654.488313596174	3
4	463	5670.295374166341	3
4	476	5877.685013434759	3
4	478	5894.458392358413	3
4	481	5963.360118214256	3
4	506	6419.988035332819	3
4	511	6588.424903554828	3
4	515	6744.651873808968	3
4	529	7071.125905985287	3
4	544	7266.596330462003	3
4	565	7492.337922144727	3
4	573	7542.494672152944	3
4	609	7969.271855624662	3
4	614	8019.90383524159	3
4	630	8185.107845623245	3
4	639	8405.745852394427	3
4	648	8532.7812149835	3
4	651	8582.773235669131	3
4	661	8760.568244875337	3
4	665	8916.829769399174	3
4	674	9133.54085004869	3
4	686	9472.781155814305	3
4	692	9536.244617780835	3
4	699	9582.098938977989	3
4	717	9713.566277953145	3
4	729	9807.788193322155	3
4	735	9831.541033757383	3
4	737	9837.541033757383	7.283166918686
4	739	9843.541033757383	6.765084846516
4	761	9987.522379137755	3
4	787	10381.225089369595	3
4	795	10606.99340879054	3
4	808	10800.598625648945	3
4	811	10805.368404201725	3
4	820	10900.792606740911	3
4	840	11013.600636355199	3
4	842	11026.605001941034	3
4	846	11044.109088237128	3
4	852	11115.115450421537	3
4	870	11280.405061833771	3
4	908	11755.216377759807	3
4	914	11789.625508641367	3
4	921	11862.046854751561	3
4	935	12168.270507454778	3
4	940	12524.637730547205	3
4	969	13039.415643497723	3
4	973	13103.221701795177	3
4	974	13109.221701795177	6.473661180031
4	1000	13533.628294195092	3
4	1024	13855.110154923582	3
4	1030	13951.847051119608	3
4	1044	14072.451183873157	3
4	1073	14330.937011126717	3
4	1075	14353.332372058559	3
4	1080	14389.077024502756	3
4	1121	14704.287959873203	3
4	1124	14766.330977160309	3
4	1147	15028.308957978047	3
4	1149	15036.390304148142	3
4	1155	15078.093078914347	3
4	1160	15153.347454470142	3
4	1184	15570.75712199956	3
4	1191	15647.717338691934	3
4	1194	15656.004857543241	3
4	1200	15728.585643885705	3
4	1214	15963.72028963771	3
4	1225	16139.792712075309	3
4	1227	16178.266851313881	3
4	1239	16579.286584792965	3
4	1247	17110.428581749447	3
4	1256	17216.972725052155	3
4	1268	17348.669895245677	3
4	1281	17452.19581989021	3
4	1306	17651.936618249046	3
4	1318	17801.046744413514	3
4	1325	18140.984707956201	3
4	1341	18303.614279044933	3
4	1344	18378.375862194037	3
4	1368	18911.484841811484	3
4	1374	19015.920871182471	3
4	1384	19432.019226275268	3
4	1400	19785.622113054288	3
4	1402	19839.425815767647	3
4	1406	19853.493525353331	3
4	1413	19953.251196173876	3
4	1417	19982.718451536149	3
5	133	1480.638869646964	6882
5	140	1756.088367024337	6883
5	143	1852.341778326	6884
5	158	2166.895530056197	6887
5	160	2218.023580357772	6886
5	179	2492.396917295688	6891
5	182	2519.639559586629	6889
5	199	2682.129946327157	6892
5	202	2697.46768510984	6895
5	208	2723.910647236388	6897
5	231	2976.343563453227	6899
5	235	3037.844928974643	6900
5	244	3156.669210550007	6901
5	246	3172.978217627252	6902
5	267	3474.761032008406	6904
5	279	3622.14103614419	6906
5	293	3859.360654701869	6909
5	296	3898.570760417107	6910
5	320	4143.949370840805	6914
5	325	4197.161726308829	6915
5	358	4640.665343290068	6920
5	364	4759.304695246936	6921
5	425	5339.775859523592	6933
5	432	5387.159193978561	6930
5	447	5524.987246475052	6932
5	449	5529.174576552911	6935
5	461	5654.488313596174	6936
5	463	5670.295374166341	6937
5	476	5877.685013434759	6938
5	478	5894.458392358413	6939
5	481	5963.360118214256	6940
5	506	6419.988035332819	6944
5	511	6588.424903554828	6945
5	515	6744.651873808968	6946
5	529	7071.125905985287	6947
5	544	7266.596330462003	6951
5	565	7492.337922144727	6952
5	573	7542.494672152944	6954
5	609	7969.271855624662	6958
5	614	8019.90383524159	6959
5	630	8185.107845623245	6963
5	639	8405.745852394427	6965
5	648	8532.7812149835	6964
5	651	8582.773235669131	6967
5	661	8760.568244875337	6968
5	665	8916.829769399174	6969
5	674	9133.54085004869	6970
5	686	9472.781155814305	6972
5	692	9536.244617780835	6974
5	699	9582.098938977989	6973
5	717	9713.566277953145	6975
5	729	9807.788193322155	6979
5	735	9831.541033757383	6980
5	737	9837.541033757383	6981
5	739	9843.541033757383	6976
5	761	9987.522379137755	6986
5	787	10381.225089369595	6988
5	795	10606.99340879054	6989
5	808	10800.598625648945	6990
5	811	10805.368404201725	6991
5	820	10900.792606740911	6992
5	840	11013.600636355199	6993
5	842	11026.605001941034	6997
5	846	11044.109088237128	6999
5	852	11115.115450421537	6995
5	870	11280.405061833771	7001
5	908	11755.216377759807	7005
5	914	11789.625508641367	7006
5	921	11862.046854751561	7008
5	935	12168.270507454778	7011
5	940	12524.637730547205	7012
5	969	13039.415643497723	7017
5	973	13103.221701795177	7018
5	974	13109.221701795177	7016
5	1000	13533.628294195092	7022
5	1024	13855.110154923582	7026
5	1030	13951.847051119608	7025
5	1044	14072.451183873157	7028
5	1073	14330.937011126717	7034
5	1075	14353.332372058559	7032
5	1080	14389.077024502756	7031
5	1121	14704.287959873203	7041
5	1124	14766.330977160309	7037
5	1147	15028.308957978047	7045
5	1149	15036.390304148142	7043
5	1155	15078.093078914347	7042
5	1160	15153.347454470142	7046
5	1184	15570.75712199956	7047
5	1191	15647.717338691934	7052
5	1194	15656.004857543241	7050
5	1200	15728.585643885705	7053
5	1214	15963.72028963771	7054
5	1225	16139.792712075309	7057
5	1227	16178.266851313881	7056
5	1239	16579.286584792965	7059
5	1247	17110.428581749447	7060
5	1256	17216.972725052155	7062
5	1268	17348.669895245677	7065
5	1281	17452.19581989021	7066
5	1306	17651.936618249046	7069
5	1318	17801.046744413514	7072
5	1325	18140.984707956201	7073
5	1341	18303.614279044933	7077
5	1344	18378.375862194037	7074
5	1368	18911.484841811484	7080
5	1374	19015.920871182471	7082
5	1384	19432.019226275268	7083
5	1400	19785.622113054288	7085
5	1402	19839.425815767647	7086
5	1406	19853.493525353331	7088
5	1413	19953.251196173876	7087
5	1417	19982.718451536149	7089
6	136	1650.088367024337	1
6	137	1653.088367024337	0
6	145	1943.978744911319	1
6	146	1946.978744911319	0
6	168	2378.615485122736	1
6	169	2381.615485122736	0
6	171	2413.639559586629	1
6	172	2416.639559586629	0
6	188	2592.396917295688	1
6	190	2595.396917295688	0
6	191	2596.571527148177	1
6	192	2599.571527148177	0
6	196	2642.208489013914	1
6	197	2645.208489013914	0
6	212	2797.46768510984	1
6	213	2800.46768510984	0
6	223	2913.653500852294	1
6	224	2916.653500852294	0
6	228	2949.814235802239	1
6	229	2952.814235802239	0
6	248	3184.14657624117	1
6	249	3187.14657624117	0
6	250	3256.669210550007	1
6	251	3259.669210550007	0
6	258	3368.761032008406	1
6	259	3371.761032008406	0
6	276	3617.495175585279	1
6	278	3620.495175585279	0
6	280	3680.334405045142	1
6	281	3683.334405045142	0
6	304	3998.570760417107	1
6	305	4001.570760417107	0
6	309	4056.770615793963	1
6	310	4059.770615793963	0
6	326	4229.871594298078	1
6	327	4232.871594298078	0
6	328	4239.458866268636	1
6	329	4242.458866268636	0
6	332	4282.404773124093	1
6	333	4285.404773124093	0
6	335	4297.161726308829	1
6	336	4300.161726308829	0
6	361	4740.665343290068	1
6	362	4743.665343290068	0
6	372	4873.063634386798	1
6	373	4876.063634386798	0
6	397	5136.323108155491	1
6	399	5139.323108155491	0
6	408	5218.955102013613	1
6	409	5221.955102013613	0
6	414	5277.43199510975	1
6	415	5280.43199510975	0
6	416	5281.159193978561	1
6	418	5284.159193978561	0
6	426	5342.325273112775	1
6	427	5345.325273112775	0
6	429	5383.439755287188	1
6	431	5386.439755287188	0
6	435	5418.987246475052	1
6	436	5421.987246475052	0
6	444	5511.77362889526	1
6	445	5514.77362889526	0
6	522	6965.125905985287	1
6	523	6968.125905985287	0
6	537	7174.754891629151	1
6	538	7177.754891629151	0
6	541	7242.013643752322	1
6	542	7245.013643752322	0
6	554	7386.337922144727	1
6	555	7389.337922144727	0
6	588	7730.125454211021	1
6	589	7733.125454211021	0
6	591	7807.023988877329	1
6	592	7810.023988877329	0
6	594	7815.326394386693	1
6	596	7818.326394386693	0
6	602	7913.90383524159	1
6	603	7916.90383524159	0
6	610	7975.20117578454	1
6	611	7978.20117578454	0
6	640	8426.7812149835	1
6	641	8429.7812149835	0
6	643	8497.634613562734	1
6	644	8500.634613562734	0
6	669	9027.54085004869	1
6	670	9030.54085004869	0
6	693	9546.93826104467	1
6	694	9549.93826104467	0
6	695	9572.781155814305	1
6	696	9575.781155814305	0
6	702	9607.566277953145	1
6	703	9610.566277953145	0
6	714	9701.788193322155	1
6	715	9704.788193322155	0
6	720	9733.775948910867	1
6	721	9736.775948910867	0
6	738	9842.290009392699	1
6	740	9845.290009392699	0
6	744	9903.673575145908	1
6	746	9906.673575145908	0
6	751	9931.541033757383	1
6	752	9934.541033757383	0
6	753	9937.541033757383	1
6	754	9940.541033757383	0
6	763	10026.325025902634	1
6	764	10029.325025902634	0
6	769	10054.020272903289	1
6	770	10057.020272903289	0
6	790	10500.99340879054	1
6	791	10503.99340879054	0
6	796	10694.598625648945	1
6	798	10697.598625648945	0
6	799	10699.368404201725	1
6	800	10702.368404201725	0
6	805	10794.792606740911	1
6	807	10797.792606740911	0
6	823	10907.600636355199	1
6	826	10910.600636355199	0
6	830	10956.147144226303	1
6	832	10959.147144226303	0
6	837	11009.115450421537	1
6	839	11012.115450421537	0
6	843	11027.85448064692	1
6	844	11030.85448064692	0
6	853	11126.605001941034	1
6	854	11129.605001941034	0
6	865	11240.168869761487	1
6	866	11243.168869761487	0
6	880	11408.224309951582	1
6	881	11411.224309951582	0
6	887	11483.275434326141	1
6	889	11486.275434326141	0
6	898	11649.216377759807	1
6	899	11652.216377759807	0
6	902	11683.625508641367	1
6	903	11686.625508641367	0
6	909	11756.046854751561	1
6	910	11759.046854751561	0
6	962	12966.073394487217	1
6	963	12969.073394487217	0
6	964	12999.748040615146	1
6	966	13002.748040615146	0
6	979	13203.221701795177	1
6	980	13206.221701795177	0
6	1002	13599.647336699356	1
6	1003	13602.647336699356	0
6	1021	13845.847051119608	1
6	1022	13848.847051119608	0
6	1035	14027.627338529912	1
6	1036	14030.627338529912	0
6	1050	14148.9713825013	1
6	1052	14151.9713825013	0
6	1068	14283.077024502756	1
6	1069	14286.077024502756	0
6	1076	14356.58350468417	1
6	1077	14359.58350468417	0
6	1094	14494.617159753906	1
6	1095	14497.617159753906	0
6	1102	14564.940474512217	1
6	1104	14567.940474512217	0
6	1106	14594.269486980961	1
6	1107	14597.269486980961	0
6	1112	14660.330977160309	1
6	1113	14663.330977160309	0
6	1129	14804.287959873203	1
6	1130	14807.287959873203	0
6	1139	14930.390304148142	1
6	1140	14933.390304148142	0
6	1144	14972.093078914347	1
6	1145	14975.093078914347	0
6	1174	15491.485074861698	1
6	1175	15494.485074861698	0
6	1179	15550.004857543241	1
6	1180	15553.004857543241	0
6	1181	15566.914392647766	1
6	1183	15569.914392647766	0
6	1187	15613.429113345611	1
6	1188	15616.429113345611	0
6	1201	15747.717338691934	1
6	1202	15750.717338691934	0
6	1209	15857.72028963771	1
6	1210	15860.72028963771	0
6	1220	16072.266851313881	1
6	1221	16075.266851313881	0
6	1233	16351.306991893786	1
6	1234	16354.306991893786	0
6	1244	17004.428581749447	1
6	1245	17007.428581749447	0
6	1253	17212.615678092031	1
6	1255	17215.615678092031	0
6	1267	17346.19581989021	1
6	1269	17349.19581989021	0
6	1272	17371.530534384026	1
6	1273	17374.530534384026	0
6	1282	17458.771334300804	1
6	1283	17461.771334300804	0
6	1286	17498.978557596928	1
6	1287	17501.978557596928	0
6	1291	17545.936618249046	1
6	1292	17548.936618249046	0
6	1297	17575.43356517655	1
6	1298	17578.43356517655	0
6	1310	17695.046744413514	1
6	1311	17698.046744413514	0
6	1319	17834.070817602792	1
6	1320	17837.070817602792	0
6	1330	18240.984707956201	1
6	1331	18243.984707956201	0
6	1332	18272.375862194037	1
6	1333	18275.375862194037	0
6	1335	18284.604820621464	1
6	1336	18287.604820621464	0
6	1337	18288.368005784763	1
6	1338	18291.368005784763	0
6	1345	18379.973566310839	1
6	1346	18382.973566310839	0
6	1351	18395.505684277416	1
6	1352	18398.505684277416	0
6	1377	19115.920871182471	1
6	1378	19118.920871182471	0
6	1387	19532.019226275268	1
6	1388	19535.019226275268	0
6	1394	19679.622113054288	1
6	1395	19682.622113054288	0
6	1414	19953.493525353331	1
6	1415	19956.493525353331	0
7	137	1653.088367024337	3
7	146	1946.978744911319	3
7	169	2381.615485122736	3
7	172	2416.639559586629	3
7	190	2595.396917295688	3
7	192	2599.571527148177	3
7	197	2645.208489013914	3
7	213	2800.46768510984	3
7	224	2916.653500852294	3
7	229	2952.814235802239	3
7	249	3187.14657624117	3
7	251	3259.669210550007	3
7	259	3371.761032008406	3
7	278	3620.495175585279	3
7	281	3683.334405045142	3
7	305	4001.570760417107	3
7	310	4059.770615793963	3
7	327	4232.871594298078	3
7	329	4242.458866268636	3
7	333	4285.404773124093	3
7	336	4300.161726308829	3
7	362	4743.665343290068	3
7	373	4876.063634386798	3
7	399	5139.323108155491	3
7	409	5221.955102013613	3
7	415	5280.43199510975	3
7	418	5284.159193978561	3
7	427	5345.325273112775	3
7	431	5386.439755287188	3
7	436	5421.987246475052	3
7	445	5514.77362889526	3
7	523	6968.125905985287	3
7	538	7177.754891629151	3
7	542	7245.013643752322	3
7	555	7389.337922144727	3
7	589	7733.125454211021	3
7	592	7810.023988877329	3
7	596	7818.326394386693	3
7	603	7916.90383524159	3
7	611	7978.20117578454	3
7	641	8429.7812149835	3
7	644	8500.634613562734	3
7	670	9030.54085004869	3
7	694	9549.93826104467	3
7	696	9575.781155814305	3
7	703	9610.566277953145	3
7	715	9704.788193322155	3
7	721	9736.775948910867	3
7	740	9845.290009392699	3
7	746	9906.673575145908	3
7	752	9934.541033757383	3
7	754	9940.541033757383	3
7	764	10029.325025902634	3
7	770	10057.020272903289	3
7	791	10503.99340879054	3
7	798	10697.598625648945	3
7	800	10702.368404201725	3
7	807	10797.792606740911	3
7	826	10910.600636355199	3
7	832	10959.147144226303	3
7	839	11012.115450421537	3
7	844	11030.85448064692	3
7	854	11129.605001941034	3
7	866	11243.168869761487	3
7	881	11411.224309951582	3
7	889	11486.275434326141	3
7	899	11652.216377759807	3
7	903	11686.625508641367	3
7	910	11759.046854751561	3
7	963	12969.073394487217	3
7	966	13002.748040615146	3
7	980	13206.221701795177	3
7	1003	13602.647336699356	3
7	1022	13848.847051119608	3
7	1036	14030.627338529912	3
7	1052	14151.9713825013	3
7	1069	14286.077024502756	3
7	1077	14359.58350468417	3
7	1095	14497.617159753906	3
7	1104	14567.940474512217	3
7	1107	14597.269486980961	3
7	1113	14663.330977160309	3
7	1130	14807.287959873203	3
7	1140	14933.390304148142	3
7	1145	14975.093078914347	3
7	1175	15494.485074861698	3
7	1180	15553.004857543241	3
7	1183	15569.914392647766	3
7	1188	15616.429113345611	3
7	1202	15750.717338691934	3
7	1210	15860.72028963771	3
7	1221	16075.266851313881	3
7	1234	16354.306991893786	3
7	1245	17007.428581749447	3
7	1255	17215.615678092031	3
7	1269	17349.19581989021	3
7	1273	17374.530534384026	3
7	1283	17461.771334300804	3
7	1287	17501.978557596928	3
7	1292	17548.936618249046	3
7	1298	17578.43356517655	3
7	1311	17698.046744413514	3
7	1320	17837.070817602792	3
7	1331	18243.984707956201	3
7	1333	18275.375862194037	3
7	1336	18287.604820621464	3
7	1338	18291.368005784763	3
7	1346	18382.973566310839	3
7	1352	18398.505684277416	3
7	1378	19118.920871182471	3
7	1388	19535.019226275268	3
7	1395	19682.622113054288	3
7	1415	19956.493525353331	3
8	137	1653.088367024337	6883
8	146	1946.978744911319	6885
8	169	2381.615485122736	6888
8	172	2416.639559586629	6889
8	190	2595.396917295688	6891
8	192	2599.571527148177	6893
8	197	2645.208489013914	6894
8	213	2800.46768510984	6895
8	224	2916.653500852294	6896
8	229	2952.814235802239	6898
8	249	3187.14657624117	6903
8	251	3259.669210550007	6901
8	259	3371.761032008406	6904
8	278	3620.495175585279	6907
8	281	3683.334405045142	6905
8	305	4001.570760417107	6910
8	310	4059.770615793963	6913
8	327	4232.871594298078	6916
8	329	4242.458866268636	6912
8	333	4285.404773124093	6917
8	336	4300.161726308829	6915
8	362	4743.665343290068	6920
8	373	4876.063634386798	6922
8	399	5139.323108155491	6923
8	409	5221.955102013613	6926
8	415	5280.43199510975	6929
8	418	5284.159193978561	6930
8	427	5345.325273112775	6928
8	431	5386.439755287188	6934
8	436	5421.987246475052	6932
8	445	5514.77362889526	6931
8	523	6968.125905985287	6947
8	538	7177.754891629151	6948
8	542	7245.013643752322	6949
8	555	7389.337922144727	6952
8	589	7733.125454211021	6955
8	592	7810.023988877329	6956
8	596	7818.326394386693	6957
8	603	7916.90383524159	6959
8	611	7978.20117578454	6961
8	641	8429.7812149835	6964
8	644	8500.634613562734	6966
8	670	9030.54085004869	6970
8	694	9549.93826104467	6971
8	696	9575.781155814305	6972
8	703	9610.566277953145	6975
8	715	9704.788193322155	6979
8	721	9736.775948910867	6976
8	740	9845.290009392699	6982
8	746	9906.673575145908	6984
8	752	9934.541033757383	6980
8	754	9940.541033757383	6981
8	764	10029.325025902634	6985
8	770	10057.020272903289	6983
8	791	10503.99340879054	6989
8	798	10697.598625648945	6990
8	800	10702.368404201725	6991
8	807	10797.792606740911	6992
8	826	10910.600636355199	6993
8	832	10959.147144226303	6994
8	839	11012.115450421537	6995
8	844	11030.85448064692	6998
8	854	11129.605001941034	6997
8	866	11243.168869761487	7000
8	881	11411.224309951582	7004
8	889	11486.275434326141	7003
8	899	11652.216377759807	7005
8	903	11686.625508641367	7006
8	910	11759.046854751561	7008
8	963	12969.073394487217	7015
8	966	13002.748040615146	7016
8	980	13206.221701795177	7018
8	1003	13602.647336699356	7023
8	1022	13848.847051119608	7025
8	1036	14030.627338529912	7024
8	1052	14151.9713825013	7027
8	1069	14286.077024502756	7031
8	1077	14359.58350468417	7030
8	1095	14497.617159753906	7033
8	1104	14567.940474512217	7038
8	1107	14597.269486980961	7039
8	1113	14663.330977160309	7037
8	1130	14807.287959873203	7041
8	1140	14933.390304148142	7043
8	1145	14975.093078914347	7042
8	1175	15494.485074861698	7048
8	1180	15553.004857543241	7050
8	1183	15569.914392647766	7051
8	1188	15616.429113345611	7049
8	1202	15750.717338691934	7052
8	1210	15860.72028963771	7054
8	1221	16075.266851313881	7056
8	1234	16354.306991893786	7058
8	1245	17007.428581749447	7060
8	1255	17215.615678092031	7061
8	1269	17349.19581989021	7066
8	1273	17374.530534384026	7064
8	1283	17461.771334300804	7063
8	1287	17501.978557596928	7067
8	1292	17548.936618249046	7069
8	1298	17578.43356517655	7070
8	1311	17698.046744413514	7072
8	1320	17837.070817602792	7071
8	1331	18243.984707956201	7073
8	1333	18275.375862194037	7074
8	1336	18287.604820621464	7075
8	1338	18291.368005784763	7076
8	1346	18382.973566310839	7078
8	1352	18398.505684277416	7079
8	1378	19118.920871182471	7082
8	1388	19535.019226275268	7083
8	1395	19682.622113054288	7085
8	1415	19956.493525353331	7088
9	120	1054.482746467398	1
9	121	1057.482746467398	0
9	126	1188.780119206126	1
9	127	1191.780119206126	0
9	150	2046.978744911319	1
9	151	2049.978744911319	0
9	176	2481.615485122736	1
9	177	2484.615485122736	0
9	203	2699.571527148177	1
9	204	2702.571527148177	0
9	209	2745.208489013914	1
9	210	2748.208489013914	0
9	215	2810.653500852294	1
9	216	2813.653500852294	0
9	225	2926.910647236388	1
9	226	2929.910647236388	0
9	255	3287.14657624117	1
9	256	3290.14657624117	0
9	261	3375.978217627252	1
9	262	3378.978217627252	0
9	274	3577.334405045142	1
9	275	3580.334405045142	0
9	283	3720.495175585279	1
9	285	3723.495175585279	0
9	302	3988.734135506223	1
9	303	3991.734135506223	0
9	311	4062.360654701869	1
9	312	4065.360654701869	0
9	317	4136.458866268636	1
9	318	4139.458866268636	0
9	339	4346.949370840805	1
9	340	4349.949370840805	0
9	341	4385.404773124093	1
9	342	4388.404773124093	0
9	349	4499.555499765041	1
9	350	4502.555499765041	0
9	351	4529.198805649848	1
9	352	4532.198805649848	0
9	377	4933.899716114053	1
9	378	4936.899716114053	0
9	380	4956.847658188647	1
9	381	4959.847658188647	0
9	386	5033.323108155491	1
9	387	5036.323108155491	0
9	395	5115.955102013613	1
9	396	5118.955102013613	0
9	403	5174.43199510975	1
9	404	5177.43199510975	0
9	412	5239.325273112775	1
9	413	5242.325273112775	0
9	421	5315.987246475052	1
9	422	5318.987246475052	0
9	433	5408.77362889526	1
9	434	5411.77362889526	0
9	450	5542.775859523592	1
9	451	5545.775859523592	0
9	493	6166.360118214256	1
9	495	6169.360118214256	0
9	499	6271.521665814652	1
9	500	6274.521665814652	0
9	530	7071.754891629151	1
9	531	7074.754891629151	0
9	533	7139.013643752322	1
9	534	7142.013643752322	0
9	549	7337.341184121011	1
9	550	7340.341184121011	0
9	562	7469.596330462003	1
9	563	7472.596330462003	0
9	568	7512.844724043726	1
9	569	7515.844724043726	0
9	581	7627.125454211021	1
9	582	7630.125454211021	0
9	584	7704.023988877329	1
9	585	7707.023988877329	0
9	586	7712.326394386693	1
9	587	7715.326394386693	0
9	615	8020.448449590885	1
9	616	8023.448449590885	0
9	620	8078.20117578454	1
9	622	8081.20117578454	0
9	626	8150.606546993337	1
9	627	8153.606546993337	0
9	635	8323.7812149835	1
9	636	8326.7812149835	0
9	653	8608.745852394427	1
9	654	8611.745852394427	0
9	671	9119.829769399174	1
9	672	9122.829769399174	0
9	683	9443.93826104467	1
9	684	9446.93826104467	0
9	704	9630.775948910867	1
9	705	9633.775948910867	0
9	725	9801.556037875231	1
9	727	9804.556037875231	0
9	749	9923.325025902634	1
9	750	9926.325025902634	0
9	756	9945.290009392699	1
9	757	9948.290009392699	0
9	758	9951.020272903289	1
9	759	9954.020272903289	0
9	778	10190.522379137755	1
9	779	10193.522379137755	0
9	780	10239.519622468778	1
9	781	10242.519622468778	0
9	810	10804.600636355199	1
9	813	10807.600636355199	0
9	815	10853.147144226303	1
9	816	10856.147144226303	0
9	822	10906.115450421537	1
9	825	10909.115450421537	0
9	855	11130.85448064692	1
9	856	11133.85448064692	0
9	874	11343.168869761487	1
9	875	11346.168869761487	0
9	876	11380.275434326141	1
9	878	11383.275434326141	0
9	882	11421.359835805814	1
9	883	11424.359835805814	0
9	892	11546.216377759807	1
9	893	11549.216377759807	0
9	894	11580.625508641367	1
9	895	11583.625508641367	0
9	905	11718.897255875506	1
9	906	11721.897255875506	0
9	911	11768.838749591161	1
9	912	11771.838749591161	0
9	915	11817.162217803424	1
9	916	11820.162217803424	0
9	948	12689.178203201561	1
9	949	12692.178203201561	0
9	950	12727.637730547205	1
9	951	12730.637730547205	0
9	957	12863.073394487217	1
9	958	12866.073394487217	0
9	975	13118.679466584532	1
9	976	13121.679466584532	0
9	994	13461.656715211549	1
9	995	13464.656715211549	0
9	997	13528.234225406803	1
9	999	13531.234225406803	0
9	1008	13702.647336699356	1
9	1009	13705.647336699356	0
9	1012	13740.234225406803	1
9	1013	13743.234225406803	0
9	1025	13924.627338529912	1
9	1026	13927.627338529912	0
9	1037	14045.9713825013	1
9	1038	14048.9713825013	0
9	1041	14058.110154923582	1
9	1042	14061.110154923582	0
9	1057	14180.077024502756	1
9	1058	14183.077024502756	0
9	1065	14253.58350468417	1
9	1066	14256.58350468417	0
9	1081	14391.617159753906	1
9	1082	14394.617159753906	0
9	1089	14460.920910697575	1
9	1090	14463.920910697575	0
9	1096	14530.249177535415	1
9	1097	14533.249177535415	0
9	1099	14557.330977160309	1
9	1100	14560.330977160309	0
9	1115	14667.940474512217	1
9	1116	14670.940474512217	0
9	1127	14787.571133251045	1
9	1128	14790.571133251045	0
9	1134	14869.093078914347	1
9	1135	14872.093078914347	0
9	1152	15071.7825684113	1
9	1153	15074.7825684113	0
9	1163	15231.308957978047	1
9	1164	15234.308957978047	0
9	1176	15510.429113345611	1
9	1177	15513.429113345611	0
9	1185	15594.485074861698	1
9	1186	15597.485074861698	0
9	1203	15754.72028963771	1
9	1205	15757.72028963771	0
9	1216	16008.549537041076	1
9	1217	16011.549537041076	0
9	1261	17268.530534384026	1
9	1262	17271.530534384026	0
9	1263	17315.615678092031	1
9	1265	17318.615678092031	0
9	1270	17355.771334300804	1
9	1271	17358.771334300804	0
9	1288	17503.687387289376	1
9	1289	17506.687387289376	0
9	1308	17678.43356517655	1
9	1309	17681.43356517655	0
9	1313	17731.070817602792	1
9	1314	17734.070817602792	0
9	1347	18387.604820621464	1
9	1348	18390.604820621464	0
9	1349	18391.368005784763	1
9	1350	18394.368005784763	0
9	1356	18482.973566310839	1
9	1357	18485.973566310839	0
9	1361	18506.614279044933	1
9	1362	18509.614279044933	0
9	1370	18920.830993661753	1
9	1371	18923.830993661753	0
9	1385	19457.804471612205	1
9	1386	19460.804471612205	0
10	121	1057.482746467398	3
10	127	1191.780119206126	3
10	151	2049.978744911319	3
10	177	2484.615485122736	3
10	204	2702.571527148177	3
10	210	2748.208489013914	3
10	216	2813.653500852294	3
10	226	2929.910647236388	3
10	256	3290.14657624117	3
10	262	3378.978217627252	3
10	275	3580.334405045142	3
10	285	3723.495175585279	3
10	303	3991.734135506223	3
10	312	4065.360654701869	3
10	318	4139.458866268636	3
10	340	4349.949370840805	3
10	342	4388.404773124093	3
10	350	4502.555499765041	3
10	352	4532.198805649848	3
10	378	4936.899716114053	3
10	381	4959.847658188647	3
10	387	5036.323108155491	3
10	396	5118.955102013613	3
10	404	5177.43199510975	3
10	413	5242.325273112775	3
10	422	5318.987246475052	3
10	434	5411.77362889526	3
10	451	5545.775859523592	3
10	495	6169.360118214256	3
10	500	6274.521665814652	3
10	531	7074.754891629151	3
10	534	7142.013643752322	3
10	550	7340.341184121011	3
10	563	7472.596330462003	3
10	569	7515.844724043726	3
10	582	7630.125454211021	3
10	585	7707.023988877329	3
10	587	7715.326394386693	3
10	616	8023.448449590885	3
10	622	8081.20117578454	3
10	627	8153.606546993337	3
10	636	8326.7812149835	3
10	654	8611.745852394427	3
10	672	9122.829769399174	3
10	684	9446.93826104467	3
10	705	9633.775948910867	3
10	727	9804.556037875231	3
10	750	9926.325025902634	3
10	757	9948.290009392699	3
10	759	9954.020272903289	3
10	779	10193.522379137755	3
10	781	10242.519622468778	3
10	813	10807.600636355199	3
10	816	10856.147144226303	3
10	825	10909.115450421537	3
10	856	11133.85448064692	3
10	875	11346.168869761487	3
10	878	11383.275434326141	3
10	883	11424.359835805814	3
10	893	11549.216377759807	3
10	895	11583.625508641367	3
10	906	11721.897255875506	3
10	912	11771.838749591161	3
10	916	11820.162217803424	3
10	949	12692.178203201561	3
10	951	12730.637730547205	3
10	958	12866.073394487217	3
10	976	13121.679466584532	3
10	995	13464.656715211549	3
10	999	13531.234225406803	3
10	1009	13705.647336699356	3
10	1013	13743.234225406803	3
10	1026	13927.627338529912	3
10	1038	14048.9713825013	3
10	1042	14061.110154923582	3
10	1058	14183.077024502756	3
10	1066	14256.58350468417	3
10	1082	14394.617159753906	3
10	1090	14463.920910697575	3
10	1097	14533.249177535415	3
10	1100	14560.330977160309	3
10	1116	14670.940474512217	3
10	1128	14790.571133251045	3
10	1135	14872.093078914347	3
10	1153	15074.7825684113	3
10	1164	15234.308957978047	3
10	1177	15513.429113345611	3
10	1186	15597.485074861698	3
10	1205	15757.72028963771	3
10	1217	16011.549537041076	3
10	1262	17271.530534384026	3
10	1265	17318.615678092031	3
10	1271	17358.771334300804	3
10	1289	17506.687387289376	3
10	1309	17681.43356517655	3
10	1314	17734.070817602792	3
10	1348	18390.604820621464	3
10	1350	18394.368005784763	3
10	1357	18485.973566310839	3
10	1362	18509.614279044933	3
10	1371	18923.830993661753	3
10	1386	19460.804471612205	3
11	121	1057.482746467398	6880
11	127	1191.780119206126	6881
11	151	2049.978744911319	6885
11	177	2484.615485122736	6888
11	204	2702.571527148177	6893
11	210	2748.208489013914	6894
11	216	2813.653500852294	6896
11	226	2929.910647236388	6897
11	256	3290.14657624117	6903
11	262	3378.978217627252	6902
11	275	3580.334405045142	6905
11	285	3723.495175585279	6907
11	303	3991.734135506223	6911
11	312	4065.360654701869	6909
11	318	4139.458866268636	6912
11	340	4349.949370840805	6914
11	342	4388.404773124093	6917
11	350	4502.555499765041	6918
11	352	4532.198805649848	6919
11	378	4936.899716114053	6924
11	381	4959.847658188647	6925
11	387	5036.323108155491	6923
11	396	5118.955102013613	6926
11	404	5177.43199510975	6929
11	413	5242.325273112775	6928
11	422	5318.987246475052	6932
11	434	5411.77362889526	6931
11	451	5545.775859523592	6933
11	495	6169.360118214256	6940
11	500	6274.521665814652	6943
11	531	7074.754891629151	6948
11	534	7142.013643752322	6949
11	550	7340.341184121011	6950
11	563	7472.596330462003	6951
11	569	7515.844724043726	6953
11	582	7630.125454211021	6955
11	585	7707.023988877329	6956
11	587	7715.326394386693	6957
11	616	8023.448449590885	6960
11	622	8081.20117578454	6961
11	627	8153.606546993337	6962
11	636	8326.7812149835	6964
11	654	8611.745852394427	6965
11	672	9122.829769399174	6969
11	684	9446.93826104467	6971
11	705	9633.775948910867	6976
11	727	9804.556037875231	6978
11	750	9926.325025902634	6985
11	757	9948.290009392699	6982
11	759	9954.020272903289	6983
11	779	10193.522379137755	6986
11	781	10242.519622468778	6987
11	813	10807.600636355199	6993
11	816	10856.147144226303	6994
11	825	10909.115450421537	6995
11	856	11133.85448064692	6998
11	875	11346.168869761487	7000
11	878	11383.275434326141	7003
11	883	11424.359835805814	7002
11	893	11549.216377759807	7005
11	895	11583.625508641367	7006
11	906	11721.897255875506	7007
11	912	11771.838749591161	7009
11	916	11820.162217803424	7010
11	949	12692.178203201561	7014
11	951	12730.637730547205	7012
11	958	12866.073394487217	7015
11	976	13121.679466584532	7019
11	995	13464.656715211549	7020
11	999	13531.234225406803	7021
11	1009	13705.647336699356	7023
11	1013	13743.234225406803	7022
11	1026	13927.627338529912	7024
11	1038	14048.9713825013	7027
11	1042	14061.110154923582	7026
11	1058	14183.077024502756	7031
11	1066	14256.58350468417	7030
11	1082	14394.617159753906	7033
11	1090	14463.920910697575	7035
11	1097	14533.249177535415	7036
11	1100	14560.330977160309	7037
11	1116	14670.940474512217	7038
11	1128	14790.571133251045	7040
11	1135	14872.093078914347	7042
11	1153	15074.7825684113	7044
11	1164	15234.308957978047	7045
11	1177	15513.429113345611	7049
11	1186	15597.485074861698	7048
11	1205	15757.72028963771	7054
11	1217	16011.549537041076	7055
11	1262	17271.530534384026	7064
11	1265	17318.615678092031	7061
11	1271	17358.771334300804	7063
11	1289	17506.687387289376	7068
11	1309	17681.43356517655	7070
11	1314	17734.070817602792	7071
11	1348	18390.604820621464	7075
11	1350	18394.368005784763	7076
11	1357	18485.973566310839	7078
11	1362	18509.614279044933	7077
11	1371	18923.830993661753	7081
11	1386	19460.804471612205	7084
12	124	1147.405667038359	306
12	152	2055.341778326	306
12	247	3179.343563453227	306
12	491	6080.334186897844	203
12	748	9916.566277953145	409
12	814	10809.99340879054	409
12	836	11008.368404201725	409
12	849	11103.792606740911	409
12	888	11483.405061833771	306
12	926	11924.897255875506	306
12	930	12023.162217803424	306
12	985	13242.415643497723	306
12	989	13324.679466584532	306
12	1011	13734.234225406803	306
12	1067	14275.451183873157	306
12	1098	14533.937011126717	306
12	1114	14666.920910697575	306
12	1212	15931.585643885705	306
12	1228	16214.549537041076	306
12	1235	16381.266851313881	409
12	1242	16782.286584792965	306
12	1293	17551.669895245677	306
12	1307	17655.19581989021	409
12	1379	19126.830993661753	306
12	1393	19663.804471612205	306
13	124	1147.405667038359	6
13	152	2055.341778326	6
13	247	3179.343563453227	6
13	491	6080.334186897844	3
13	748	9916.566277953145	9
13	814	10809.99340879054	9
13	836	11008.368404201725	9
13	849	11103.792606740911	9
13	888	11483.405061833771	6
13	926	11924.897255875506	6
13	930	12023.162217803424	6
13	985	13242.415643497723	6
13	989	13324.679466584532	6
13	1011	13734.234225406803	6
13	1067	14275.451183873157	6
13	1098	14533.937011126717	6
13	1114	14666.920910697575	6
13	1212	15931.585643885705	6
13	1228	16214.549537041076	6
13	1235	16381.266851313881	9
13	1242	16782.286584792965	6
13	1293	17551.669895245677	6
13	1307	17655.19581989021	9
13	1379	19126.830993661753	6
13	1393	19663.804471612205	6
14	124	1147.405667038359	2
14	152	2055.341778326	2
14	247	3179.343563453227	2
14	491	6080.334186897844	1
14	748	9916.566277953145	3
14	814	10809.99340879054	3
14	836	11008.368404201725	3
14	849	11103.792606740911	3
14	888	11483.405061833771	2
14	926	11924.897255875506	2
14	930	12023.162217803424	2
14	985	13242.415643497723	2
14	989	13324.679466584532	2
14	1011	13734.234225406803	2
14	1067	14275.451183873157	2
14	1098	14533.937011126717	2
14	1114	14666.920910697575	2
14	1212	15931.585643885705	2
14	1228	16214.549537041076	2
14	1235	16381.266851313881	3
14	1242	16782.286584792965	2
14	1293	17551.669895245677	2
14	1307	17655.19581989021	3
14	1379	19126.830993661753	2
14	1393	19663.804471612205	2
15	144	1856.088367024337	306
15	165	2318.023580357772	306
15	242	3137.844928974643	203
15	456	5624.987246475052	409
15	467	5754.488313596174	306
15	509	6519.988035332819	306
15	536	7171.125905985287	306
15	624	8119.90383524159	306
15	633	8285.107845623245	306
15	655	8632.7812149835	409
15	663	8860.568244875337	306
15	676	9233.54085004869	306
15	710	9682.098938977989	306
15	747	9907.788193322155	306
15	755	9943.541033757383	412.76508484652
15	819	10900.598625648945	306
15	851	11113.600636355199	409
15	919	11855.216377759807	409
15	1040	14051.847051119608	306
15	1158	15136.390304148142	306
15	1196	15670.75712199956	306
15	1204	15756.004857543241	306
15	1219	16063.72028963771	409
15	1252	17210.428581749447	306
15	1321	17901.046744413514	306
15	1355	18478.375862194037	306
16	144	1856.088367024337	6
16	165	2318.023580357772	6
16	242	3137.844928974643	3
16	456	5624.987246475052	9
16	467	5754.488313596174	6
16	509	6519.988035332819	6
16	536	7171.125905985287	6
16	624	8119.90383524159	6
16	633	8285.107845623245	6
16	655	8632.7812149835	9
16	663	8860.568244875337	6
16	676	9233.54085004869	6
16	710	9682.098938977989	6
16	747	9907.788193322155	6
16	755	9943.541033757383	12.765084846516
16	819	10900.598625648945	6
16	851	11113.600636355199	9
16	919	11855.216377759807	9
16	1040	14051.847051119608	6
16	1158	15136.390304148142	6
16	1196	15670.75712199956	6
16	1204	15756.004857543241	6
16	1219	16063.72028963771	9
16	1252	17210.428581749447	6
16	1321	17901.046744413514	6
16	1355	18478.375862194037	6
17	144	1856.088367024337	2
17	165	2318.023580357772	2
17	242	3137.844928974643	1
17	456	5624.987246475052	3
17	467	5754.488313596174	2
17	509	6519.988035332819	2
17	536	7171.125905985287	2
17	624	8119.90383524159	2
17	633	8285.107845623245	2
17	655	8632.7812149835	3
17	663	8860.568244875337	2
17	676	9233.54085004869	2
17	710	9682.098938977989	2
17	747	9907.788193322155	2
17	755	9943.541033757383	3
17	819	10900.598625648945	2
17	851	11113.600636355199	3
17	919	11855.216377759807	3
17	1040	14051.847051119608	2
17	1158	15136.390304148142	2
17	1196	15670.75712199956	2
17	1204	15756.004857543241	2
17	1219	16063.72028963771	3
17	1252	17210.428581749447	2
17	1321	17901.046744413514	2
17	1355	18478.375862194037	2
18	135	1580.638869646964	306
18	194	2619.639559586629	306
18	211	2782.129946327157	306
18	273	3574.761032008406	306
18	284	3722.14103614419	306
18	443	5487.159193978561	306
18	468	5770.295374166341	203
18	483	5977.685013434759	306
18	485	5994.458392358413	306
18	513	6688.424903554828	306
18	575	7592.337922144727	306
18	583	7642.494672152944	306
18	619	8069.271855624662	306
18	658	8682.773235669131	203
18	706	9636.244617780835	203
18	789	10481.225089369595	306
18	861	11215.115450421537	409
18	923	11889.625508641367	409
18	936	12268.270507454778	306
18	1086	14453.332372058559	306
18	1092	14489.077024502756	409
18	1132	14866.330977160309	409
18	1162	15178.093078914347	409
18	1165	15253.347454470142	306
18	1229	16239.792712075309	203
18	1264	17316.972725052155	203
18	1315	17751.936618249046	306
18	1372	19011.484841811484	203
18	1408	19885.622113054288	306
19	135	1580.638869646964	6
19	194	2619.639559586629	6
19	211	2782.129946327157	6
19	273	3574.761032008406	6
19	284	3722.14103614419	6
19	443	5487.159193978561	6
19	468	5770.295374166341	3
19	483	5977.685013434759	6
19	485	5994.458392358413	6
19	513	6688.424903554828	6
19	575	7592.337922144727	6
19	583	7642.494672152944	6
19	619	8069.271855624662	6
19	658	8682.773235669131	3
19	706	9636.244617780835	3
19	789	10481.225089369595	6
19	861	11215.115450421537	9
19	923	11889.625508641367	9
19	936	12268.270507454778	6
19	1086	14453.332372058559	6
19	1092	14489.077024502756	9
19	1132	14866.330977160309	9
19	1162	15178.093078914347	9
19	1165	15253.347454470142	6
19	1229	16239.792712075309	3
19	1264	17316.972725052155	3
19	1315	17751.936618249046	6
19	1372	19011.484841811484	3
19	1408	19885.622113054288	6
20	135	1580.638869646964	2
20	194	2619.639559586629	2
20	211	2782.129946327157	2
20	273	3574.761032008406	2
20	284	3722.14103614419	2
20	443	5487.159193978561	2
20	468	5770.295374166341	1
20	483	5977.685013434759	2
20	485	5994.458392358413	2
20	513	6688.424903554828	2
20	575	7592.337922144727	2
20	583	7642.494672152944	2
20	619	8069.271855624662	2
20	658	8682.773235669131	1
20	706	9636.244617780835	1
20	789	10481.225089369595	2
20	861	11215.115450421537	3
20	923	11889.625508641367	3
20	936	12268.270507454778	2
20	1086	14453.332372058559	2
20	1092	14489.077024502756	3
20	1132	14866.330977160309	3
20	1162	15178.093078914347	3
20	1165	15253.347454470142	2
20	1229	16239.792712075309	1
20	1264	17316.972725052155	1
20	1315	17751.936618249046	2
20	1372	19011.484841811484	1
20	1408	19885.622113054288	2
21	117	1039.174228173215	306
21	236	3052.814235802239	203
21	321	4159.770615793963	203
21	368	4843.665343290068	306
21	383	4976.063634386798	203
21	411	5239.323108155491	409
21	423	5321.955102013613	409
21	455	5614.77362889526	409
21	545	7277.754891629151	409
21	551	7345.013643752322	409
21	605	7918.326394386693	409
21	707	9649.93826104467	409
21	762	10006.673575145908	203
21	765	10034.541033757383	306
21	767	10040.541033757383	310.28316691869
21	773	10129.325025902634	306
21	890	11511.224309951582	203
21	970	13069.073394487217	409
21	987	13306.221701795177	306
21	1048	14130.627338529912	409
21	1064	14251.9713825013	409
21	1119	14697.269486980961	203
21	1137	14907.287959873203	306
21	1195	15669.914392647766	203
21	1208	15850.717338691934	306
21	1236	16454.306991893786	203
21	1296	17561.771334300804	409
21	1300	17601.978557596928	203
21	1322	17937.070817602792	409
21	1342	18343.984707956201	306
21	1380	19218.920871182471	306
21	1392	19635.019226275268	306
22	117	1039.174228173215	6
22	236	3052.814235802239	3
22	321	4159.770615793963	3
22	368	4843.665343290068	6
22	383	4976.063634386798	3
22	411	5239.323108155491	9
22	423	5321.955102013613	9
22	455	5614.77362889526	9
22	545	7277.754891629151	9
22	551	7345.013643752322	9
22	605	7918.326394386693	9
22	707	9649.93826104467	9
22	762	10006.673575145908	3
22	765	10034.541033757383	6
22	767	10040.541033757383	10.283166918686
22	773	10129.325025902634	6
22	890	11511.224309951582	3
22	970	13069.073394487217	9
22	987	13306.221701795177	6
22	1048	14130.627338529912	9
22	1064	14251.9713825013	9
22	1119	14697.269486980961	3
22	1137	14907.287959873203	6
22	1195	15669.914392647766	3
22	1208	15850.717338691934	6
22	1236	16454.306991893786	3
22	1296	17561.771334300804	9
22	1300	17601.978557596928	3
22	1322	17937.070817602792	9
22	1342	18343.984707956201	6
22	1380	19218.920871182471	6
22	1392	19635.019226275268	6
23	117	1039.174228173215	2
23	236	3052.814235802239	1
23	321	4159.770615793963	1
23	368	4843.665343290068	2
23	383	4976.063634386798	1
23	411	5239.323108155491	3
23	423	5321.955102013613	3
23	455	5614.77362889526	3
23	545	7277.754891629151	3
23	551	7345.013643752322	3
23	605	7918.326394386693	3
23	707	9649.93826104467	3
23	762	10006.673575145908	1
23	765	10034.541033757383	2
23	767	10040.541033757383	2
23	773	10129.325025902634	2
23	890	11511.224309951582	1
23	970	13069.073394487217	3
23	987	13306.221701795177	2
23	1048	14130.627338529912	3
23	1064	14251.9713825013	3
23	1119	14697.269486980961	1
23	1137	14907.287959873203	2
23	1195	15669.914392647766	1
23	1208	15850.717338691934	2
23	1236	16454.306991893786	1
23	1296	17561.771334300804	3
23	1300	17601.978557596928	1
23	1322	17937.070817602792	3
23	1342	18343.984707956201	2
23	1380	19218.920871182471	2
23	1392	19635.019226275268	2
24	201	2695.396917295688	306
24	222	2900.46768510984	306
24	232	3016.653500852294	409
24	257	3359.669210550007	306
24	287	3783.334405045142	409
24	315	4101.570760417107	306
24	337	4332.871594298078	203
24	338	4342.458866268636	409
24	345	4400.161726308829	306
24	428	5380.43199510975	306
24	440	5445.325273112775	409
24	442	5486.439755287188	203
24	597	7833.125454211021	409
24	601	7910.023988877329	409
24	652	8600.634613562734	203
24	708	9675.781155814305	306
24	776	10157.020272903289	409
24	847	11059.147144226303	306
24	863	11229.605001941034	306
24	896	11586.275434326141	306
24	1088	14459.58350468417	409
24	1108	14597.617159753906	409
24	1198	15716.429113345611	306
24	1284	17474.530534384026	306
24	1360	18498.505684277416	203
25	201	2695.396917295688	6
25	222	2900.46768510984	6
25	232	3016.653500852294	9
25	257	3359.669210550007	6
25	287	3783.334405045142	9
25	315	4101.570760417107	6
25	337	4332.871594298078	3
25	338	4342.458866268636	9
25	345	4400.161726308829	6
25	428	5380.43199510975	6
25	440	5445.325273112775	9
25	442	5486.439755287188	3
25	597	7833.125454211021	9
25	601	7910.023988877329	9
25	652	8600.634613562734	3
25	708	9675.781155814305	6
25	776	10157.020272903289	9
25	847	11059.147144226303	6
25	863	11229.605001941034	6
25	896	11586.275434326141	6
25	1088	14459.58350468417	9
25	1108	14597.617159753906	9
25	1198	15716.429113345611	6
25	1284	17474.530534384026	6
25	1360	18498.505684277416	3
26	201	2695.396917295688	2
26	222	2900.46768510984	2
26	232	3016.653500852294	3
26	257	3359.669210550007	2
26	287	3783.334405045142	3
26	315	4101.570760417107	2
26	337	4332.871594298078	1
26	338	4342.458866268636	3
26	345	4400.161726308829	2
26	428	5380.43199510975	2
26	440	5445.325273112775	3
26	442	5486.439755287188	1
26	597	7833.125454211021	3
26	601	7910.023988877329	3
26	652	8600.634613562734	1
26	708	9675.781155814305	2
26	776	10157.020272903289	3
26	847	11059.147144226303	2
26	863	11229.605001941034	2
26	896	11586.275434326141	2
26	1088	14459.58350468417	3
26	1108	14597.617159753906	3
26	1198	15716.429113345611	2
26	1284	17474.530534384026	2
26	1360	18498.505684277416	1
27	156	2149.978744911319	306
27	214	2802.571527148177	306
27	233	3029.910647236388	409
27	263	3390.14657624117	306
27	269	3478.978217627252	409
27	313	4091.734135506223	203
27	322	4165.360654701869	409
27	347	4449.949370840805	409
27	348	4488.404773124093	306
27	498	6269.360118214256	409
27	503	6374.521665814652	306
27	574	7572.596330462003	409
27	659	8711.745852394427	409
27	768	10048.290009392699	306
27	785	10342.519622468778	306
27	864	11233.85448064692	306
27	884	11446.168869761487	306
27	922	11871.838749591161	203
27	1001	13564.656715211549	306
27	1016	13805.647336699356	306
27	1136	14890.571133251045	306
27	1161	15174.7825684113	306
27	1166	15334.308957978047	409
27	1358	18490.604820621464	306
27	1363	18585.973566310839	306
27	1364	18609.614279044933	409
28	156	2149.978744911319	6
28	214	2802.571527148177	6
28	233	3029.910647236388	9
28	263	3390.14657624117	6
28	269	3478.978217627252	9
28	313	4091.734135506223	3
28	322	4165.360654701869	9
28	347	4449.949370840805	9
28	348	4488.404773124093	6
28	498	6269.360118214256	9
28	503	6374.521665814652	6
28	574	7572.596330462003	9
28	659	8711.745852394427	9
28	768	10048.290009392699	6
28	785	10342.519622468778	6
28	864	11233.85448064692	6
28	884	11446.168869761487	6
28	922	11871.838749591161	3
28	1001	13564.656715211549	6
28	1016	13805.647336699356	6
28	1136	14890.571133251045	6
28	1161	15174.7825684113	6
28	1166	15334.308957978047	9
28	1358	18490.604820621464	6
28	1363	18585.973566310839	6
28	1364	18609.614279044933	9
29	156	2149.978744911319	2
29	214	2802.571527148177	2
29	233	3029.910647236388	3
29	263	3390.14657624117	2
29	269	3478.978217627252	3
29	313	4091.734135506223	1
29	322	4165.360654701869	3
29	347	4449.949370840805	3
29	348	4488.404773124093	2
29	498	6269.360118214256	3
29	503	6374.521665814652	2
29	574	7572.596330462003	3
29	659	8711.745852394427	3
29	768	10048.290009392699	2
29	785	10342.519622468778	2
29	864	11233.85448064692	2
29	884	11446.168869761487	2
29	922	11871.838749591161	1
29	1001	13564.656715211549	2
29	1016	13805.647336699356	2
29	1136	14890.571133251045	2
29	1161	15174.7825684113	2
29	1166	15334.308957978047	3
29	1358	18490.604820621464	2
29	1363	18585.973566310839	2
29	1364	18609.614279044933	3
30	125	1157.482746467398	306
30	129	1291.780119206126	203
30	187	2584.615485122736	306
30	219	2848.208489013914	306
30	291	3823.495175585279	306
30	354	4602.555499765041	306
30	393	5059.847658188647	203
30	459	5645.775859523592	409
30	561	7440.341184121011	306
30	580	7615.844724043726	306
30	625	8123.448449590885	306
30	628	8181.20117578454	306
30	632	8253.606546993337	306
30	675	9222.829769399174	409
30	745	9904.556037875231	306
30	784	10293.522379137755	409
30	891	11524.359835805814	306
30	956	12830.637730547205	409
30	1020	13843.234225406803	412.60593121171
30	1054	14161.110154923582	409
30	1126	14770.940474512217	306
30	1197	15697.485074861698	306
30	1276	17418.615678092031	306
30	1316	17781.43356517655	306
30	1359	18494.368005784763	306
31	125	1157.482746467398	6
31	129	1291.780119206126	3
31	187	2584.615485122736	6
31	219	2848.208489013914	6
31	291	3823.495175585279	6
31	354	4602.555499765041	6
31	393	5059.847658188647	3
31	459	5645.775859523592	9
31	561	7440.341184121011	6
31	580	7615.844724043726	6
31	625	8123.448449590885	6
31	628	8181.20117578454	6
31	632	8253.606546993337	6
31	675	9222.829769399174	9
31	745	9904.556037875231	6
31	784	10293.522379137755	9
31	891	11524.359835805814	6
31	956	12830.637730547205	9
31	1020	13843.234225406803	12.605931211711
31	1054	14161.110154923582	9
31	1126	14770.940474512217	6
31	1197	15697.485074861698	6
31	1276	17418.615678092031	6
31	1316	17781.43356517655	6
31	1359	18494.368005784763	6
32	125	1157.482746467398	2
32	129	1291.780119206126	1
32	187	2584.615485122736	2
32	219	2848.208489013914	2
32	291	3823.495175585279	2
32	354	4602.555499765041	2
32	393	5059.847658188647	1
32	459	5645.775859523592	3
32	561	7440.341184121011	2
32	580	7615.844724043726	2
32	625	8123.448449590885	2
32	628	8181.20117578454	2
32	632	8253.606546993337	2
32	675	9222.829769399174	3
32	745	9904.556037875231	2
32	784	10293.522379137755	3
32	891	11524.359835805814	2
32	956	12830.637730547205	3
32	1020	13843.234225406803	3
32	1054	14161.110154923582	3
32	1126	14770.940474512217	2
32	1197	15697.485074861698	2
32	1276	17418.615678092031	2
32	1316	17781.43356517655	2
32	1359	18494.368005784763	2
33	122	1064.474717359819	306
33	167	2369.895530056197	306
33	184	2555.811676521795	203
33	297	3911.56910210269	203
33	360	4735.198805649848	306
33	382	4962.304695246936	306
33	401	5139.899716114053	306
33	402	5147.312422407574	203
33	466	5732.174576552911	306
33	492	6100.628597467495	203
33	521	6947.651873808968	306
33	724	9785.087527821914	203
33	848	11061.633318081208	203
33	867	11247.109088237128	306
33	932	12065.046854751561	409
33	947	12669.519533287791	203
33	959	12895.178203201561	306
33	988	13312.221701795177	412.47366118003
33	1060	14194.83658462312	203
33	1122	14736.249177535415	306
33	1312	17709.687387289376	306
34	122	1064.474717359819	6
34	167	2369.895530056197	6
34	184	2555.811676521795	3
34	297	3911.56910210269	3
34	360	4735.198805649848	6
34	382	4962.304695246936	6
34	401	5139.899716114053	6
34	402	5147.312422407574	3
34	466	5732.174576552911	6
34	492	6100.628597467495	3
34	521	6947.651873808968	6
34	724	9785.087527821914	3
34	848	11061.633318081208	3
34	867	11247.109088237128	6
34	932	12065.046854751561	9
34	947	12669.519533287791	3
34	959	12895.178203201561	6
34	988	13312.221701795177	12.473661180031
34	1060	14194.83658462312	3
34	1122	14736.249177535415	6
34	1312	17709.687387289376	6
35	122	1064.474717359819	2
35	167	2369.895530056197	2
35	184	2555.811676521795	1
35	297	3911.56910210269	1
35	360	4735.198805649848	2
35	382	4962.304695246936	2
35	401	5139.899716114053	2
35	402	5147.312422407574	1
35	466	5732.174576552911	2
35	492	6100.628597467495	1
35	521	6947.651873808968	2
35	724	9785.087527821914	1
35	848	11061.633318081208	1
35	867	11247.109088237128	2
35	932	12065.046854751561	3
35	947	12669.519533287791	1
35	959	12895.178203201561	2
35	988	13312.221701795177	3
35	1060	14194.83658462312	1
35	1122	14736.249177535415	2
35	1312	17709.687387289376	2

