version 3
run MediumLoad_Circle-40-20260125-17:51:01-1416
attr configname MediumLoad_Circle
attr datetime 20260125-17:51:01
attr datetimef 20260125-175101
attr experiment MediumLoad_Circle
attr inifile simulations/nwsim_project/omnetpp.ini
attr iterationvars ""
attr iterationvarsd ""
attr iterationvarsf ""
attr measurement ""
attr network CrossTraffic
attr processid 1416
attr repetition 40
attr replication #40
attr resultdir results
attr runnumber 40
attr seedset 40
config description "Medium Load - Circle Mode (50% more traffic)"
config *.Junc*.junctionMode "\"circle\""
config *.EndNW.spawnInterval exponential(533s)
config *.EndNE.spawnInterval exponential(800s)
config *.EndEN.spawnInterval exponential(667s)
config *.EndES.spawnInterval exponential(1000s)
config *.EndSE.spawnInterval exponential(600s)
config *.EndSW.spawnInterval exponential(733s)
config *.EndWS.spawnInterval exponential(867s)
config *.EndWN.spawnInterval exponential(933s)
config network CrossTraffic
config sim-time-limit 20000s
config warmup-period 1000s
config repeat 50
config **.scalar-recording true
config **.vector-recording true
config *.Junc*.junctionMode "\"queue\""
config *.EndNW.spawnInterval exponential(800s)
config *.EndNE.spawnInterval exponential(1200s)
config *.EndEN.spawnInterval exponential(1000s)
config *.EndES.spawnInterval exponential(1500s)
config *.EndSE.spawnInterval exponential(900s)
config *.EndSW.spawnInterval exponential(1100s)
config *.EndWS.spawnInterval exponential(1300s)
config *.EndWN.spawnInterval exponential(1400s)

vector 0 CrossTraffic.JuncNW queueLength:vector ETV
attr interpolationmode sample-hold
attr recordingmode vector
attr source queueLength
attr title "Queue Length"
vector 1 CrossTraffic.JuncNW junctionProcessingTime:vector ETV
attr recordingmode vector
attr source junctionProcessingTime
attr title "Junction Processing Time"
vector 2 CrossTraffic.JuncNW vehicleCount:vector ETV
attr recordingmode vector
attr source vehicleCount
attr title "Vehicle Count"
vector 3 CrossTraffic.JuncNE queueLength:vector ETV
attr interpolationmode sample-hold
attr recordingmode vector
attr source queueLength
attr title "Queue Length"
vector 4 CrossTraffic.JuncNE junctionProcessingTime:vector ETV
attr recordingmode vector
attr source junctionProcessingTime
attr title "Junction Processing Time"
vector 5 CrossTraffic.JuncNE vehicleCount:vector ETV
attr recordingmode vector
attr source vehicleCount
attr title "Vehicle Count"
vector 6 CrossTraffic.JuncSE queueLength:vector ETV
attr interpolationmode sample-hold
attr recordingmode vector
attr source queueLength
attr title "Queue Length"
vector 7 CrossTraffic.JuncSE junctionProcessingTime:vector ETV
attr recordingmode vector
attr source junctionProcessingTime
attr title "Junction Processing Time"
vector 8 CrossTraffic.JuncSE vehicleCount:vector ETV
attr recordingmode vector
attr source vehicleCount
attr title "Vehicle Count"
vector 9 CrossTraffic.JuncSW queueLength:vector ETV
attr interpolationmode sample-hold
attr recordingmode vector
attr source queueLength
attr title "Queue Length"
vector 10 CrossTraffic.JuncSW junctionProcessingTime:vector ETV
attr recordingmode vector
attr source junctionProcessingTime
attr title "Junction Processing Time"
vector 11 CrossTraffic.JuncSW vehicleCount:vector ETV
attr recordingmode vector
attr source vehicleCount
attr title "Vehicle Count"
vector 12 CrossTraffic.EndNW travelTime:vector ETV
attr recordingmode vector
attr source travelTime
attr title "Vehicle Travel Time"
vector 13 CrossTraffic.EndNW junctionTime:vector ETV
attr recordingmode vector
attr source junctionTime
attr title "Total Junction Time per Vehicle"
vector 14 CrossTraffic.EndNW junctionCount:vector ETV
attr recordingmode vector
attr source junctionCount
attr title "Junctions Visited per Vehicle"
vector 15 CrossTraffic.EndNE travelTime:vector ETV
attr recordingmode vector
attr source travelTime
attr title "Vehicle Travel Time"
vector 16 CrossTraffic.EndNE junctionTime:vector ETV
attr recordingmode vector
attr source junctionTime
attr title "Total Junction Time per Vehicle"
vector 17 CrossTraffic.EndNE junctionCount:vector ETV
attr recordingmode vector
attr source junctionCount
attr title "Junctions Visited per Vehicle"
vector 18 CrossTraffic.EndEN travelTime:vector ETV
attr recordingmode vector
attr source travelTime
attr title "Vehicle Travel Time"
vector 19 CrossTraffic.EndEN junctionTime:vector ETV
attr recordingmode vector
attr source junctionTime
attr title "Total Junction Time per Vehicle"
vector 20 CrossTraffic.EndEN junctionCount:vector ETV
attr recordingmode vector
attr source junctionCount
attr title "Junctions Visited per Vehicle"
vector 21 CrossTraffic.EndES travelTime:vector ETV
attr recordingmode vector
attr source travelTime
attr title "Vehicle Travel Time"
vector 22 CrossTraffic.EndES junctionTime:vector ETV
attr recordingmode vector
attr source junctionTime
attr title "Total Junction Time per Vehicle"
vector 23 CrossTraffic.EndES junctionCount:vector ETV
attr recordingmode vector
attr source junctionCount
attr title "Junctions Visited per Vehicle"
vector 24 CrossTraffic.EndSE travelTime:vector ETV
attr recordingmode vector
attr source travelTime
attr title "Vehicle Travel Time"
vector 25 CrossTraffic.EndSE junctionTime:vector ETV
attr recordingmode vector
attr source junctionTime
attr title "Total Junction Time per Vehicle"
vector 26 CrossTraffic.EndSE junctionCount:vector ETV
attr recordingmode vector
attr source junctionCount
attr title "Junctions Visited per Vehicle"
vector 27 CrossTraffic.EndSW travelTime:vector ETV
attr recordingmode vector
attr source travelTime
attr title "Vehicle Travel Time"
vector 28 CrossTraffic.EndSW junctionTime:vector ETV
attr recordingmode vector
attr source junctionTime
attr title "Total Junction Time per Vehicle"
vector 29 CrossTraffic.EndSW junctionCount:vector ETV
attr recordingmode vector
attr source junctionCount
attr title "Junctions Visited per Vehicle"
vector 30 CrossTraffic.EndWS travelTime:vector ETV
attr recordingmode vector
attr source travelTime
attr title "Vehicle Travel Time"
vector 31 CrossTraffic.EndWS junctionTime:vector ETV
attr recordingmode vector
attr source junctionTime
attr title "Total Junction Time per Vehicle"
vector 32 CrossTraffic.EndWS junctionCount:vector ETV
attr recordingmode vector
attr source junctionCount
attr title "Junctions Visited per Vehicle"
vector 33 CrossTraffic.EndWN travelTime:vector ETV
attr recordingmode vector
attr source travelTime
attr title "Vehicle Travel Time"
vector 34 CrossTraffic.EndWN junctionTime:vector ETV
attr recordingmode vector
attr source junctionTime
attr title "Total Junction Time per Vehicle"
vector 35 CrossTraffic.EndWN junctionCount:vector ETV
attr recordingmode vector
attr source junctionCount
attr title "Junctions Visited per Vehicle"
0	60	1001.479293228297	0
0	80	1669.156142073016	0
0	81	1682.124868645081	0
0	88	1805.577122847656	0
0	89	1835.72547378126	0
0	90	1841.509436303571	0
0	109	2151.792971240931	0
0	110	2159.618369811415	0
0	111	2159.624975898808	0
0	125	2432.28395065363	0
0	139	2575.81307148261	0
0	140	2608.477978964199	0
0	148	2763.650687181334	0
0	164	3061.032944969957	0
0	165	3077.852688304046	0
0	173	3181.955970031837	0
0	175	3210.765020847907	0
0	181	3309.325567524787	0
0	195	3543.828049172146	0
0	199	3640.118505415648	0
0	201	3700.634177775331	0
0	211	4035.444855013754	0
0	218	4162.448536040373	0
0	221	4247.923536332065	0
0	240	4569.94033198351	0
0	243	4655.33138801823	0
0	258	4915.5528421988	0
0	265	5010.624279882342	0
0	269	5022.69209738461	0
0	282	5213.149689600627	0
0	284	5221.770901616964	0
0	294	5404.987301523204	0
0	298	5427.051447814859	0
0	303	5508.196697830687	0
0	311	5620.677985185688	0
0	319	5728.798218353298	0
0	324	5759.580662652378	0
0	326	5797.771446677218	0
0	339	5923.329805554825	0
0	346	5986.527038272527	0
0	351	6060.936008580211	0
0	377	6557.37603190354	0
0	381	6668.116722676848	0
0	384	6743.950380407391	0
0	406	7100.485674976584	0
0	407	7117.293623172463	0
0	422	7355.165652858679	0
0	425	7428.052859805224	0
0	429	7473.470187563422	0
0	438	7640.378284044497	0
0	454	8006.21297601093	0
0	460	8489.016077983712	0
0	468	8857.902791898545	0
0	477	9194.813360092194	0
0	479	9231.878615242469	0
0	490	9449.982445215523	0
0	493	9515.088286613726	0
0	505	9679.773980527866	0
0	520	9901.675702542613	0
0	521	9914.932542671754	0
0	531	10043.724451942988	0
0	537	10120.239403984788	0
0	539	10143.836993160934	0
0	543	10218.03408644901	0
0	556	10364.75958818298	0
0	566	10477.422836476555	0
0	576	10615.454331935803	0
0	583	10773.00654849572	0
0	592	11004.806049618785	0
0	596	11108.868117936381	0
0	611	11476.400363981979	0
0	612	11525.006854117418	0
0	613	11533.869299876606	0
0	623	11737.372274024191	0
0	630	11843.30863748473	0
0	637	11954.239985302247	0
0	645	12081.982271356179	0
0	655	12250.323294709922	0
0	662	12401.880220712082	0
0	667	12492.228517809539	0
0	669	12549.343851736753	0
0	673	12593.754755956142	0
0	676	12659.28905738138	0
0	682	12768.450919298072	0
0	688	12930.770017805784	0
0	695	13115.455951890828	0
0	697	13140.386647964817	0
0	717	13637.051420329812	0
0	730	13900.604463803546	0
0	731	13927.548501427573	0
0	739	14066.222751110922	0
0	746	14173.307503068603	0
0	750	14236.867897955787	0
0	755	14393.373345859964	0
0	765	14828.56192048984	0
0	774	15086.673440772979	0
0	783	15234.898905034761	0
0	785	15308.11443852146	0
0	789	15400.242392345998	0
0	795	15570.784389684602	0
0	807	15887.962775291161	0
0	808	15890.544372298015	0
0	812	15936.825457095385	0
0	816	16003.181003449248	0
0	823	16104.623224328615	0
0	845	16450.830230103815	0
0	848	16503.113852833948	0
0	860	16741.469176181432	0
0	862	16744.375769891912	0
0	875	17036.914309379337	0
0	883	17285.281728005254	0
0	888	17387.80492315411	0
0	891	17430.470052111806	0
0	898	17584.674950656647	0
0	906	17897.168889158064	0
0	910	18033.712781029801	0
0	911	18072.112699214603	0
0	918	18208.575703522814	0
0	938	18440.484936949815	0
0	940	18450.696751385987	0
0	941	18468.947501858695	0
0	954	18635.719113306344	0
0	955	18637.101874948085	0
0	957	18646.56529285204	0
0	958	18656.699089473922	0
0	978	19087.084096218701	0
0	979	19105.198123871257	0
0	982	19115.65726688353	0
0	999	19347.242491526787	0
0	1005	19450.315146095281	0
0	1006	19480.398725879606	0
0	1007	19511.221087122951	0
0	1013	19645.511879028563	0
0	1016	19691.761993230627	0
1	60	1001.479293228297	3
1	80	1669.156142073016	3
1	81	1682.124868645081	3
1	88	1805.577122847656	3
1	89	1835.72547378126	3
1	90	1841.509436303571	3
1	109	2151.792971240931	3
1	110	2159.618369811415	3
1	111	2159.624975898808	3
1	125	2432.28395065363	3
1	139	2575.81307148261	3
1	140	2608.477978964199	3
1	148	2763.650687181334	3
1	164	3061.032944969957	3
1	165	3077.852688304046	3
1	173	3181.955970031837	3
1	175	3210.765020847907	3
1	181	3309.325567524787	3
1	195	3543.828049172146	3
1	199	3640.118505415648	3
1	201	3700.634177775331	3
1	211	4035.444855013754	3
1	218	4162.448536040373	3
1	221	4247.923536332065	3
1	240	4569.94033198351	3
1	243	4655.33138801823	3
1	258	4915.5528421988	3
1	265	5010.624279882342	3
1	269	5022.69209738461	3
1	282	5213.149689600627	3
1	284	5221.770901616964	3
1	294	5404.987301523204	3
1	298	5427.051447814859	3
1	303	5508.196697830687	3
1	311	5620.677985185688	3
1	319	5728.798218353298	3
1	324	5759.580662652378	3
1	326	5797.771446677218	3
1	339	5923.329805554825	3
1	346	5986.527038272527	3
1	351	6060.936008580211	3
1	377	6557.37603190354	3
1	381	6668.116722676848	3
1	384	6743.950380407391	3
1	406	7100.485674976584	3
1	407	7117.293623172463	3
1	422	7355.165652858679	3
1	425	7428.052859805224	3
1	429	7473.470187563422	3
1	438	7640.378284044497	3
1	454	8006.21297601093	3
1	460	8489.016077983712	3
1	468	8857.902791898545	3
1	477	9194.813360092194	3
1	479	9231.878615242469	3
1	490	9449.982445215523	3
1	493	9515.088286613726	3
1	505	9679.773980527866	3
1	520	9901.675702542613	3
1	521	9914.932542671754	3
1	531	10043.724451942988	3
1	537	10120.239403984788	3
1	539	10143.836993160934	3
1	543	10218.03408644901	3
1	556	10364.75958818298	3
1	566	10477.422836476555	3
1	576	10615.454331935803	3
1	583	10773.00654849572	3
1	592	11004.806049618785	3
1	596	11108.868117936381	3
1	611	11476.400363981979	3
1	612	11525.006854117418	3
1	613	11533.869299876606	3
1	623	11737.372274024191	3
1	630	11843.30863748473	3
1	637	11954.239985302247	3
1	645	12081.982271356179	3
1	655	12250.323294709922	3
1	662	12401.880220712082	3
1	667	12492.228517809539	3
1	669	12549.343851736753	3
1	673	12593.754755956142	3
1	676	12659.28905738138	3
1	682	12768.450919298072	3
1	688	12930.770017805784	3
1	695	13115.455951890828	3
1	697	13140.386647964817	3
1	717	13637.051420329812	3
1	730	13900.604463803546	3
1	731	13927.548501427573	3
1	739	14066.222751110922	3
1	746	14173.307503068603	3
1	750	14236.867897955787	3
1	755	14393.373345859964	3
1	765	14828.56192048984	3
1	774	15086.673440772979	3
1	783	15234.898905034761	3
1	785	15308.11443852146	3
1	789	15400.242392345998	3
1	795	15570.784389684602	3
1	807	15887.962775291161	3
1	808	15890.544372298015	3
1	812	15936.825457095385	3
1	816	16003.181003449248	3
1	823	16104.623224328615	3
1	845	16450.830230103815	3
1	848	16503.113852833948	3
1	860	16741.469176181432	3
1	862	16744.375769891912	3
1	875	17036.914309379337	3
1	883	17285.281728005254	3
1	888	17387.80492315411	3
1	891	17430.470052111806	3
1	898	17584.674950656647	3
1	906	17897.168889158064	3
1	910	18033.712781029801	3
1	911	18072.112699214603	3
1	918	18208.575703522814	3
1	938	18440.484936949815	3
1	940	18450.696751385987	3
1	941	18468.947501858695	3
1	954	18635.719113306344	3
1	955	18637.101874948085	3
1	957	18646.56529285204	3
1	958	18656.699089473922	3
1	978	19087.084096218701	3
1	979	19105.198123871257	3
1	982	19115.65726688353	3
1	999	19347.242491526787	3
1	1005	19450.315146095281	3
1	1006	19480.398725879606	3
1	1007	19511.221087122951	3
1	1013	19645.511879028563	3
1	1016	19691.761993230627	3
2	60	1001.479293228297	9114
2	80	1669.156142073016	9122
2	81	1682.124868645081	9120
2	88	1805.577122847656	9121
2	89	1835.72547378126	9123
2	90	1841.509436303571	9124
2	109	2151.792971240931	9127
2	110	2159.618369811415	9128
2	111	2159.624975898808	9126
2	125	2432.28395065363	9130
2	139	2575.81307148261	9135
2	140	2608.477978964199	9136
2	148	2763.650687181334	9133
2	164	3061.032944969957	9140
2	165	3077.852688304046	9141
2	173	3181.955970031837	9143
2	175	3210.765020847907	9142
2	181	3309.325567524787	9144
2	195	3543.828049172146	9147
2	199	3640.118505415648	9149
2	201	3700.634177775331	9146
2	211	4035.444855013754	9150
2	218	4162.448536040373	9152
2	221	4247.923536332065	9151
2	240	4569.94033198351	9157
2	243	4655.33138801823	9156
2	258	4915.5528421988	9159
2	265	5010.624279882342	9165
2	269	5022.69209738461	9160
2	282	5213.149689600627	9164
2	284	5221.770901616964	9166
2	294	5404.987301523204	9168
2	298	5427.051447814859	9170
2	303	5508.196697830687	9169
2	311	5620.677985185688	9173
2	319	5728.798218353298	9171
2	324	5759.580662652378	9175
2	326	5797.771446677218	9172
2	339	5923.329805554825	9180
2	346	5986.527038272527	9182
2	351	6060.936008580211	9179
2	377	6557.37603190354	9186
2	381	6668.116722676848	9187
2	384	6743.950380407391	9188
2	406	7100.485674976584	9195
2	407	7117.293623172463	9191
2	422	7355.165652858679	9192
2	425	7428.052859805224	9198
2	429	7473.470187563422	9197
2	438	7640.378284044497	9199
2	454	8006.21297601093	9202
2	460	8489.016077983712	9204
2	468	8857.902791898545	9205
2	477	9194.813360092194	9207
2	479	9231.878615242469	9208
2	490	9449.982445215523	9210
2	493	9515.088286613726	9209
2	505	9679.773980527866	9215
2	520	9901.675702542613	9218
2	521	9914.932542671754	9216
2	531	10043.724451942988	9219
2	537	10120.239403984788	9222
2	539	10143.836993160934	9220
2	543	10218.03408644901	9221
2	556	10364.75958818298	9226
2	566	10477.422836476555	9224
2	576	10615.454331935803	9228
2	583	10773.00654849572	9231
2	592	11004.806049618785	9233
2	596	11108.868117936381	9232
2	611	11476.400363981979	9236
2	612	11525.006854117418	9237
2	613	11533.869299876606	9235
2	623	11737.372274024191	9239
2	630	11843.30863748473	9240
2	637	11954.239985302247	9244
2	645	12081.982271356179	9241
2	655	12250.323294709922	9243
2	662	12401.880220712082	9245
2	667	12492.228517809539	9246
2	669	12549.343851736753	9247
2	673	12593.754755956142	9248
2	676	12659.28905738138	9249
2	682	12768.450919298072	9251
2	688	12930.770017805784	9252
2	695	13115.455951890828	9254
2	697	13140.386647964817	9255
2	717	13637.051420329812	9256
2	730	13900.604463803546	9261
2	731	13927.548501427573	9259
2	739	14066.222751110922	9260
2	746	14173.307503068603	9263
2	750	14236.867897955787	9264
2	755	14393.373345859964	9266
2	765	14828.56192048984	9268
2	774	15086.673440772979	9269
2	783	15234.898905034761	9270
2	785	15308.11443852146	9272
2	789	15400.242392345998	9273
2	795	15570.784389684602	9275
2	807	15887.962775291161	9278
2	808	15890.544372298015	9279
2	812	15936.825457095385	9281
2	816	16003.181003449248	9280
2	823	16104.623224328615	9283
2	845	16450.830230103815	9284
2	848	16503.113852833948	9287
2	860	16741.469176181432	9289
2	862	16744.375769891912	9288
2	875	17036.914309379337	9292
2	883	17285.281728005254	9293
2	888	17387.80492315411	9295
2	891	17430.470052111806	9297
2	898	17584.674950656647	9298
2	906	17897.168889158064	9299
2	910	18033.712781029801	9301
2	911	18072.112699214603	9300
2	918	18208.575703522814	9302
2	938	18440.484936949815	9304
2	940	18450.696751385987	9305
2	941	18468.947501858695	9306
2	954	18635.719113306344	9311
2	955	18637.101874948085	9307
2	957	18646.56529285204	9309
2	958	18656.699089473922	9312
2	978	19087.084096218701	9314
2	979	19105.198123871257	9315
2	982	19115.65726688353	9317
2	999	19347.242491526787	9318
2	1005	19450.315146095281	9320
2	1006	19480.398725879606	9322
2	1007	19511.221087122951	9321
2	1013	19645.511879028563	9323
2	1016	19691.761993230627	9324
3	64	1102.194742241099	0
3	66	1150.745664921184	0
3	68	1201.740715837511	0
3	85	1772.156142073016	0
3	86	1785.124868645081	0
3	94	1889.808964601509	0
3	96	1938.72547378126	0
3	97	1944.509436303571	0
3	114	2254.792971240931	0
3	115	2262.618369811415	0
3	116	2262.624975898808	0
3	133	2535.28395065363	0
3	137	2565.57219293923	0
3	144	2678.81307148261	0
3	145	2711.477978964199	0
3	171	3164.032944969957	0
3	172	3180.852688304046	0
3	182	3313.765020847907	0
3	185	3391.634177775331	0
3	186	3412.325567524787	0
3	197	3612.274689130516	0
3	203	3726.444855013754	0
3	204	3743.118505415648	0
3	220	4238.936561321538	0
3	222	4265.448536040373	0
3	227	4350.923536332065	0
3	244	4672.94033198351	0
3	263	4991.382125189468	0
3	267	5018.5528421988	0
3	274	5113.624279882342	0
3	276	5118.84828131972	0
3	289	5316.149689600627	0
3	291	5324.770901616964	0
3	302	5507.987301523204	0
3	306	5530.051447814859	0
3	318	5723.677985185688	0
3	325	5794.262618809764	0
3	332	5846.444750852462	0
3	334	5862.580662652378	0
3	338	5900.771446677218	0
3	344	5968.412484768865	0
3	349	6026.329805554825	0
3	355	6082.655376115385	0
3	356	6089.527038272527	0
3	359	6163.936008580211	0
3	362	6178.327285998075	0
3	380	6660.37603190354	0
3	386	6771.116722676848	0
3	387	6772.622018090517	0
3	388	6802.50135463476	0
3	389	6846.950380407391	0
3	402	7046.165652858679	0
3	403	7049.55230621149	0
3	412	7203.485674976584	0
3	414	7246.063102393795	0
3	431	7531.052859805224	0
3	435	7576.470187563422	0
3	436	7629.93402691656	0
3	439	7660.253143645841	0
3	444	7743.378284044497	0
3	451	7887.570151081267	0
3	456	8109.21297601093	0
3	461	8548.902791898545	0
3	478	9206.088286613726	0
3	481	9297.813360092194	0
3	489	9445.368518010289	0
3	498	9589.009151527373	0
3	499	9589.293797776606	0
3	511	9742.822555666038	0
3	512	9782.773980527866	0
3	526	10004.675702542613	0
3	528	10017.932542671754	0
3	540	10146.724451942988	0
3	541	10153.343862666784	0
3	542	10168.422836476555	0
3	544	10223.239403984788	0
3	546	10246.836993160934	0
3	551	10321.03408644901	0
3	564	10467.75958818298	0
3	567	10492.93250407827	0
3	572	10575.684211731639	0
3	585	10799.868117936381	0
3	588	10876.00654849572	0
3	595	11107.806049618785	0
3	601	11224.869299876606	0
3	616	11628.006854117418	0
3	621	11707.077424406309	0
3	626	11772.982271356179	0
3	628	11840.372274024191	0
3	632	11861.818798150929	0
3	634	11941.323294709922	0
3	636	11946.30863748473	0
3	643	12057.239985302247	0
3	675	12652.343851736753	0
3	679	12696.754755956142	0
3	681	12762.28905738138	0
3	692	13033.770017805784	0
3	694	13041.134043770908	0
3	699	13218.455951890828	0
3	701	13243.386647964817	0
3	704	13328.051420329812	0
3	723	13757.222751110922	0
3	729	13874.108709983003	0
3	763	14777.673440772979	0
3	768	14931.56192048984	0
3	773	15078.822602655641	0
3	786	15321.549823884116	0
3	787	15337.898905034761	0
3	794	15503.242392345998	0
3	805	15833.503137065436	0
3	814	15990.962775291161	0
3	815	15993.544372298015	0
3	819	16039.825457095385	0
3	824	16106.181003449248	0
3	831	16207.623224328615	0
3	852	16553.830230103815	0
3	853	16606.113852833948	0
3	859	16709.441494291916	0
3	865	16842.715736854722	0
3	866	16844.469176181432	0
3	867	16847.375769891912	0
3	878	17139.914309379337	0
3	882	17271.43632371381	0
3	889	17388.281728005254	0
3	897	17533.470052111806	0
3	901	17687.674950656647	0
3	909	18000.168889158064	0
3	914	18136.712781029801	0
3	915	18175.112699214603	0
3	923	18277.746752667626	0
3	951	18571.947501858695	0
3	962	18738.719113306344	0
3	963	18740.101874948085	0
3	965	18759.699089473922	0
3	985	19190.084096218701	0
3	988	19208.198123871257	0
3	990	19218.65726688353	0
3	1009	19553.315146095281	0
3	1010	19583.398725879606	0
3	1017	19748.511879028563	0
3	1025	19873.683346187669	0
4	64	1102.194742241099	3
4	66	1150.745664921184	3
4	68	1201.740715837511	3
4	85	1772.156142073016	3
4	86	1785.124868645081	3
4	94	1889.808964601509	3
4	96	1938.72547378126	3
4	97	1944.509436303571	3
4	114	2254.792971240931	3
4	115	2262.618369811415	3
4	116	2262.624975898808	3
4	133	2535.28395065363	3
4	137	2565.57219293923	3
4	144	2678.81307148261	3
4	145	2711.477978964199	3
4	171	3164.032944969957	3
4	172	3180.852688304046	3
4	182	3313.765020847907	3
4	185	3391.634177775331	3
4	186	3412.325567524787	3
4	197	3612.274689130516	3
4	203	3726.444855013754	3
4	204	3743.118505415648	3
4	220	4238.936561321538	3
4	222	4265.448536040373	3
4	227	4350.923536332065	3
4	244	4672.94033198351	3
4	263	4991.382125189468	3
4	267	5018.5528421988	3
4	274	5113.624279882342	3
4	276	5118.84828131972	3
4	289	5316.149689600627	3
4	291	5324.770901616964	3
4	302	5507.987301523204	3
4	306	5530.051447814859	3
4	318	5723.677985185688	3
4	325	5794.262618809764	3
4	332	5846.444750852462	3
4	334	5862.580662652378	3
4	338	5900.771446677218	3
4	344	5968.412484768865	3
4	349	6026.329805554825	3
4	355	6082.655376115385	3
4	356	6089.527038272527	3
4	359	6163.936008580211	3
4	362	6178.327285998075	3
4	380	6660.37603190354	3
4	386	6771.116722676848	3
4	387	6772.622018090517	3
4	388	6802.50135463476	3
4	389	6846.950380407391	3
4	402	7046.165652858679	3
4	403	7049.55230621149	3
4	412	7203.485674976584	3
4	414	7246.063102393795	3
4	431	7531.052859805224	3
4	435	7576.470187563422	3
4	436	7629.93402691656	3
4	439	7660.253143645841	3
4	444	7743.378284044497	3
4	451	7887.570151081267	3
4	456	8109.21297601093	3
4	461	8548.902791898545	3
4	478	9206.088286613726	3
4	481	9297.813360092194	3
4	489	9445.368518010289	3
4	498	9589.009151527373	3
4	499	9589.293797776606	3
4	511	9742.822555666038	3
4	512	9782.773980527866	3
4	526	10004.675702542613	3
4	528	10017.932542671754	3
4	540	10146.724451942988	3
4	541	10153.343862666784	3
4	542	10168.422836476555	3
4	544	10223.239403984788	3
4	546	10246.836993160934	3
4	551	10321.03408644901	3
4	564	10467.75958818298	3
4	567	10492.93250407827	3
4	572	10575.684211731639	3
4	585	10799.868117936381	3
4	588	10876.00654849572	3
4	595	11107.806049618785	3
4	601	11224.869299876606	3
4	616	11628.006854117418	3
4	621	11707.077424406309	3
4	626	11772.982271356179	3
4	628	11840.372274024191	3
4	632	11861.818798150929	3
4	634	11941.323294709922	3
4	636	11946.30863748473	3
4	643	12057.239985302247	3
4	675	12652.343851736753	3
4	679	12696.754755956142	3
4	681	12762.28905738138	3
4	692	13033.770017805784	3
4	694	13041.134043770908	3
4	699	13218.455951890828	3
4	701	13243.386647964817	3
4	704	13328.051420329812	3
4	723	13757.222751110922	3
4	729	13874.108709983003	3
4	763	14777.673440772979	3
4	768	14931.56192048984	3
4	773	15078.822602655641	3
4	786	15321.549823884116	3
4	787	15337.898905034761	3
4	794	15503.242392345998	3
4	805	15833.503137065436	3
4	814	15990.962775291161	3
4	815	15993.544372298015	3
4	819	16039.825457095385	3
4	824	16106.181003449248	3
4	831	16207.623224328615	3
4	852	16553.830230103815	3
4	853	16606.113852833948	3
4	859	16709.441494291916	3
4	865	16842.715736854722	3
4	866	16844.469176181432	3
4	867	16847.375769891912	3
4	878	17139.914309379337	3
4	882	17271.43632371381	3
4	889	17388.281728005254	3
4	897	17533.470052111806	3
4	901	17687.674950656647	3
4	909	18000.168889158064	3
4	914	18136.712781029801	3
4	915	18175.112699214603	3
4	923	18277.746752667626	3
4	951	18571.947501858695	3
4	962	18738.719113306344	3
4	963	18740.101874948085	3
4	965	18759.699089473922	3
4	985	19190.084096218701	3
4	988	19208.198123871257	3
4	990	19218.65726688353	3
4	1009	19553.315146095281	3
4	1010	19583.398725879606	3
4	1017	19748.511879028563	3
4	1025	19873.683346187669	3
5	64	1102.194742241099	9116
5	66	1150.745664921184	9118
5	68	1201.740715837511	9119
5	85	1772.156142073016	9122
5	86	1785.124868645081	9120
5	94	1889.808964601509	9125
5	96	1938.72547378126	9123
5	97	1944.509436303571	9124
5	114	2254.792971240931	9127
5	115	2262.618369811415	9128
5	116	2262.624975898808	9126
5	133	2535.28395065363	9130
5	137	2565.57219293923	9134
5	144	2678.81307148261	9135
5	145	2711.477978964199	9136
5	171	3164.032944969957	9140
5	172	3180.852688304046	9141
5	182	3313.765020847907	9142
5	185	3391.634177775331	9146
5	186	3412.325567524787	9144
5	197	3612.274689130516	9148
5	203	3726.444855013754	9150
5	204	3743.118505415648	9149
5	220	4238.936561321538	9153
5	222	4265.448536040373	9152
5	227	4350.923536332065	9151
5	244	4672.94033198351	9157
5	263	4991.382125189468	9163
5	267	5018.5528421988	9159
5	274	5113.624279882342	9165
5	276	5118.84828131972	9167
5	289	5316.149689600627	9164
5	291	5324.770901616964	9166
5	302	5507.987301523204	9168
5	306	5530.051447814859	9170
5	318	5723.677985185688	9173
5	325	5794.262618809764	9176
5	332	5846.444750852462	9178
5	334	5862.580662652378	9175
5	338	5900.771446677218	9172
5	344	5968.412484768865	9181
5	349	6026.329805554825	9180
5	355	6082.655376115385	9183
5	356	6089.527038272527	9182
5	359	6163.936008580211	9179
5	362	6178.327285998075	9184
5	380	6660.37603190354	9186
5	386	6771.116722676848	9187
5	387	6772.622018090517	9189
5	388	6802.50135463476	9190
5	389	6846.950380407391	9188
5	402	7046.165652858679	9192
5	403	7049.55230621149	9193
5	412	7203.485674976584	9195
5	414	7246.063102393795	9196
5	431	7531.052859805224	9198
5	435	7576.470187563422	9197
5	436	7629.93402691656	9200
5	439	7660.253143645841	9201
5	444	7743.378284044497	9199
5	451	7887.570151081267	9203
5	456	8109.21297601093	9202
5	461	8548.902791898545	9205
5	478	9206.088286613726	9209
5	481	9297.813360092194	9207
5	489	9445.368518010289	9211
5	498	9589.009151527373	9213
5	499	9589.293797776606	9214
5	511	9742.822555666038	9217
5	512	9782.773980527866	9215
5	526	10004.675702542613	9218
5	528	10017.932542671754	9216
5	540	10146.724451942988	9219
5	541	10153.343862666784	9223
5	542	10168.422836476555	9224
5	544	10223.239403984788	9222
5	546	10246.836993160934	9220
5	551	10321.03408644901	9221
5	564	10467.75958818298	9226
5	567	10492.93250407827	9227
5	572	10575.684211731639	9229
5	585	10799.868117936381	9232
5	588	10876.00654849572	9231
5	595	11107.806049618785	9233
5	601	11224.869299876606	9235
5	616	11628.006854117418	9237
5	621	11707.077424406309	9238
5	626	11772.982271356179	9241
5	628	11840.372274024191	9239
5	632	11861.818798150929	9242
5	634	11941.323294709922	9243
5	636	11946.30863748473	9240
5	643	12057.239985302247	9244
5	675	12652.343851736753	9247
5	679	12696.754755956142	9248
5	681	12762.28905738138	9249
5	692	13033.770017805784	9252
5	694	13041.134043770908	9253
5	699	13218.455951890828	9254
5	701	13243.386647964817	9255
5	704	13328.051420329812	9256
5	723	13757.222751110922	9260
5	729	13874.108709983003	9262
5	763	14777.673440772979	9269
5	768	14931.56192048984	9268
5	773	15078.822602655641	9271
5	786	15321.549823884116	9274
5	787	15337.898905034761	9270
5	794	15503.242392345998	9273
5	805	15833.503137065436	9277
5	814	15990.962775291161	9278
5	815	15993.544372298015	9279
5	819	16039.825457095385	9281
5	824	16106.181003449248	9280
5	831	16207.623224328615	9283
5	852	16553.830230103815	9284
5	853	16606.113852833948	9287
5	859	16709.441494291916	9290
5	865	16842.715736854722	9291
5	866	16844.469176181432	9289
5	867	16847.375769891912	9288
5	878	17139.914309379337	9292
5	882	17271.43632371381	9294
5	889	17388.281728005254	9293
5	897	17533.470052111806	9297
5	901	17687.674950656647	9298
5	909	18000.168889158064	9299
5	914	18136.712781029801	9301
5	915	18175.112699214603	9300
5	923	18277.746752667626	9303
5	951	18571.947501858695	9306
5	962	18738.719113306344	9311
5	963	18740.101874948085	9307
5	965	18759.699089473922	9312
5	985	19190.084096218701	9314
5	988	19208.198123871257	9315
5	990	19218.65726688353	9317
5	1009	19553.315146095281	9320
5	1010	19583.398725879606	9322
5	1017	19748.511879028563	9323
5	1025	19873.683346187669	9325
6	70	1253.745664921184	0
6	71	1304.740715837511	0
6	79	1599.577122847656	0
6	92	1875.156142073016	0
6	98	1953.624975898808	0
6	100	1992.808964601509	0
6	102	2047.509436303571	0
6	112	2223.553505375505	0
6	120	2357.792971240931	0
6	126	2453.325676986451	0
6	135	2557.650687181334	0
6	141	2638.28395065363	0
6	143	2668.57219293923	0
6	150	2781.81307148261	0
6	153	2847.716175249814	0
6	157	2930.954713670082	0
6	177	3267.032944969957	0
6	183	3334.120666665219	0
6	190	3494.634177775331	0
6	202	3715.274689130516	0
6	207	3829.444855013754	0
6	208	3846.118505415648	0
6	229	4368.448536040373	0
6	232	4417.865259831391	0
6	233	4449.33138801823	0
6	237	4495.325113733361	0
6	252	4816.69209738461	0
6	253	4872.194017373158	0
6	262	4978.440245090726	0
6	264	5007.149689600627	0
6	266	5015.770901616964	0
6	271	5094.382125189468	0
6	280	5198.987301523204	0
6	283	5216.624279882342	0
6	285	5221.84828131972	0
6	288	5302.196697830687	0
6	305	5522.798218353298	0
6	307	5591.771446677218	0
6	313	5633.051447814859	0
6	331	5840.227664907239	0
6	333	5854.936008580211	0
6	337	5897.262618809764	0
6	341	5949.444750852462	0
6	343	5965.580662652378	0
6	353	6071.412484768865	0
6	358	6129.329805554825	0
6	363	6185.655376115385	0
6	364	6192.527038272527	0
6	391	6875.622018090517	0
6	392	6905.50135463476	0
6	404	7063.259798069236	0
6	409	7149.165652858679	0
6	410	7152.55230621149	0
6	421	7349.063102393795	0
6	426	7434.378284044497	0
6	437	7634.052859805224	0
6	442	7732.93402691656	0
6	447	7800.21297601093	0
6	453	7990.570151081267	0
6	464	8651.902791898545	0
6	465	8662.197474018528	0
6	480	9243.982445215523	0
6	482	9309.088286613726	0
6	494	9532.657098741961	0
6	495	9548.368518010289	0
6	506	9692.009151527373	0
6	507	9692.293797776606	0
6	509	9708.932542671754	0
6	518	9845.822555666038	0
6	519	9885.773980527866	0
6	547	10249.724451942988	0
6	550	10271.422836476555	0
6	552	10326.239403984788	0
6	553	10345.777364516116	0
6	554	10349.836993160934	0
6	574	10595.93250407827	0
6	575	10602.874567114862	0
6	578	10678.684211731639	0
6	590	10902.868117936381	0
6	598	11142.512565647746	0
6	599	11210.806049618785	0
6	606	11327.869299876606	0
6	633	11875.982271356179	0
6	635	11943.372274024191	0
6	638	11964.818798150929	0
6	640	12044.323294709922	0
6	642	12049.30863748473	0
6	654	12195.880220712082	0
6	656	12286.228517809539	0
6	683	12799.754755956142	0
6	685	12865.28905738138	0
6	703	13321.455951890828	0
6	705	13346.386647964817	0
6	709	13431.051420329812	0
6	712	13510.10552231477	0
6	721	13721.548501427573	0
6	727	13860.222751110922	0
6	734	13967.307503068603	0
6	735	13977.108709983003	0
6	738	14030.867897955787	0
6	749	14187.373345859964	0
6	758	14618.973601986267	0
6	766	14880.673440772979	0
6	771	15028.898905034761	0
6	772	15034.56192048984	0
6	796	15606.242392345998	0
6	804	15832.088680466742	0
6	811	15936.503137065436	0
6	820	16076.199247509272	0
6	821	16093.962775291161	0
6	822	16096.544372298015	0
6	832	16209.181003449248	0
6	833	16244.830230103815	0
6	834	16254.518084255629	0
6	837	16310.623224328615	0
6	850	16538.375769891912	0
6	858	16709.113852833948	0
6	864	16812.441494291916	0
6	871	16945.715736854722	0
6	877	17079.281728005254	0
6	887	17374.43632371381	0
6	890	17396.695864023863	0
6	912	18103.168889158064	0
6	924	18278.112699214603	0
6	932	18380.746752667626	0
6	935	18431.101874948085	0
6	937	18437.305296438838	0
6	939	18440.56529285204	0
6	943	18528.173313456936	0
6	959	18674.947501858695	0
6	960	18733.556427867589	0
6	981	19113.830983272669	0
6	983	19141.242491526787	0
6	992	19244.315146095281	0
6	993	19293.084096218701	0
6	994	19305.221087122951	0
6	1015	19686.398725879606	0
6	1027	19942.202354126829	0
6	1028	19943.523587995107	0
6	1029	19976.683346187669	0
7	70	1253.745664921184	3
7	71	1304.740715837511	3
7	79	1599.577122847656	3
7	92	1875.156142073016	3
7	98	1953.624975898808	3
7	100	1992.808964601509	3
7	102	2047.509436303571	3
7	112	2223.553505375505	3
7	120	2357.792971240931	3
7	126	2453.325676986451	3
7	135	2557.650687181334	3
7	141	2638.28395065363	3
7	143	2668.57219293923	3
7	150	2781.81307148261	3
7	153	2847.716175249814	3
7	157	2930.954713670082	3
7	177	3267.032944969957	3
7	183	3334.120666665219	3
7	190	3494.634177775331	3
7	202	3715.274689130516	3
7	207	3829.444855013754	3
7	208	3846.118505415648	3
7	229	4368.448536040373	3
7	232	4417.865259831391	3
7	233	4449.33138801823	3
7	237	4495.325113733361	3
7	252	4816.69209738461	3
7	253	4872.194017373158	3
7	262	4978.440245090726	3
7	264	5007.149689600627	3
7	266	5015.770901616964	3
7	271	5094.382125189468	3
7	280	5198.987301523204	3
7	283	5216.624279882342	3
7	285	5221.84828131972	3
7	288	5302.196697830687	3
7	305	5522.798218353298	3
7	307	5591.771446677218	3
7	313	5633.051447814859	3
7	331	5840.227664907239	3
7	333	5854.936008580211	3
7	337	5897.262618809764	3
7	341	5949.444750852462	3
7	343	5965.580662652378	3
7	353	6071.412484768865	3
7	358	6129.329805554825	3
7	363	6185.655376115385	3
7	364	6192.527038272527	3
7	391	6875.622018090517	3
7	392	6905.50135463476	3
7	404	7063.259798069236	3
7	409	7149.165652858679	3
7	410	7152.55230621149	3
7	421	7349.063102393795	3
7	426	7434.378284044497	3
7	437	7634.052859805224	3
7	442	7732.93402691656	3
7	447	7800.21297601093	3
7	453	7990.570151081267	3
7	464	8651.902791898545	3
7	465	8662.197474018528	3
7	480	9243.982445215523	3
7	482	9309.088286613726	3
7	494	9532.657098741961	3
7	495	9548.368518010289	3
7	506	9692.009151527373	3
7	507	9692.293797776606	3
7	509	9708.932542671754	3
7	518	9845.822555666038	3
7	519	9885.773980527866	3
7	547	10249.724451942988	3
7	550	10271.422836476555	3
7	552	10326.239403984788	3
7	553	10345.777364516116	3
7	554	10349.836993160934	3
7	574	10595.93250407827	3
7	575	10602.874567114862	3
7	578	10678.684211731639	3
7	590	10902.868117936381	3
7	598	11142.512565647746	3
7	599	11210.806049618785	3
7	606	11327.869299876606	3
7	633	11875.982271356179	3
7	635	11943.372274024191	3
7	638	11964.818798150929	3
7	640	12044.323294709922	3
7	642	12049.30863748473	3
7	654	12195.880220712082	3
7	656	12286.228517809539	3
7	683	12799.754755956142	3
7	685	12865.28905738138	3
7	703	13321.455951890828	3
7	705	13346.386647964817	3
7	709	13431.051420329812	3
7	712	13510.10552231477	3
7	721	13721.548501427573	3
7	727	13860.222751110922	3
7	734	13967.307503068603	3
7	735	13977.108709983003	3
7	738	14030.867897955787	3
7	749	14187.373345859964	3
7	758	14618.973601986267	3
7	766	14880.673440772979	3
7	771	15028.898905034761	3
7	772	15034.56192048984	3
7	796	15606.242392345998	3
7	804	15832.088680466742	3
7	811	15936.503137065436	3
7	820	16076.199247509272	3
7	821	16093.962775291161	3
7	822	16096.544372298015	3
7	832	16209.181003449248	3
7	833	16244.830230103815	3
7	834	16254.518084255629	3
7	837	16310.623224328615	3
7	850	16538.375769891912	3
7	858	16709.113852833948	3
7	864	16812.441494291916	3
7	871	16945.715736854722	3
7	877	17079.281728005254	3
7	887	17374.43632371381	3
7	890	17396.695864023863	3
7	912	18103.168889158064	3
7	924	18278.112699214603	3
7	932	18380.746752667626	3
7	935	18431.101874948085	3
7	937	18437.305296438838	3
7	939	18440.56529285204	3
7	943	18528.173313456936	3
7	959	18674.947501858695	3
7	960	18733.556427867589	3
7	981	19113.830983272669	3
7	983	19141.242491526787	3
7	992	19244.315146095281	3
7	993	19293.084096218701	3
7	994	19305.221087122951	3
7	1015	19686.398725879606	3
7	1027	19942.202354126829	3
7	1028	19943.523587995107	3
7	1029	19976.683346187669	3
8	70	1253.745664921184	9118
8	71	1304.740715837511	9119
8	79	1599.577122847656	9121
8	92	1875.156142073016	9122
8	98	1953.624975898808	9126
8	100	1992.808964601509	9125
8	102	2047.509436303571	9124
8	112	2223.553505375505	9129
8	120	2357.792971240931	9127
8	126	2453.325676986451	9131
8	135	2557.650687181334	9133
8	141	2638.28395065363	9130
8	143	2668.57219293923	9134
8	150	2781.81307148261	9135
8	153	2847.716175249814	9137
8	157	2930.954713670082	9138
8	177	3267.032944969957	9140
8	183	3334.120666665219	9145
8	190	3494.634177775331	9146
8	202	3715.274689130516	9148
8	207	3829.444855013754	9150
8	208	3846.118505415648	9149
8	229	4368.448536040373	9152
8	232	4417.865259831391	9155
8	233	4449.33138801823	9156
8	237	4495.325113733361	9158
8	252	4816.69209738461	9160
8	253	4872.194017373158	9161
8	262	4978.440245090726	9162
8	264	5007.149689600627	9164
8	266	5015.770901616964	9166
8	271	5094.382125189468	9163
8	280	5198.987301523204	9168
8	283	5216.624279882342	9165
8	285	5221.84828131972	9167
8	288	5302.196697830687	9169
8	305	5522.798218353298	9171
8	307	5591.771446677218	9172
8	313	5633.051447814859	9170
8	331	5840.227664907239	9177
8	333	5854.936008580211	9179
8	337	5897.262618809764	9176
8	341	5949.444750852462	9178
8	343	5965.580662652378	9175
8	353	6071.412484768865	9181
8	358	6129.329805554825	9180
8	363	6185.655376115385	9183
8	364	6192.527038272527	9182
8	391	6875.622018090517	9189
8	392	6905.50135463476	9190
8	404	7063.259798069236	9194
8	409	7149.165652858679	9192
8	410	7152.55230621149	9193
8	421	7349.063102393795	9196
8	426	7434.378284044497	9199
8	437	7634.052859805224	9198
8	442	7732.93402691656	9200
8	447	7800.21297601093	9202
8	453	7990.570151081267	9203
8	464	8651.902791898545	9205
8	465	8662.197474018528	9206
8	480	9243.982445215523	9210
8	482	9309.088286613726	9209
8	494	9532.657098741961	9212
8	495	9548.368518010289	9211
8	506	9692.009151527373	9213
8	507	9692.293797776606	9214
8	509	9708.932542671754	9216
8	518	9845.822555666038	9217
8	519	9885.773980527866	9215
8	547	10249.724451942988	9219
8	550	10271.422836476555	9224
8	552	10326.239403984788	9222
8	553	10345.777364516116	9225
8	554	10349.836993160934	9220
8	574	10595.93250407827	9227
8	575	10602.874567114862	9230
8	578	10678.684211731639	9229
8	590	10902.868117936381	9232
8	598	11142.512565647746	9234
8	599	11210.806049618785	9233
8	606	11327.869299876606	9235
8	633	11875.982271356179	9241
8	635	11943.372274024191	9239
8	638	11964.818798150929	9242
8	640	12044.323294709922	9243
8	642	12049.30863748473	9240
8	654	12195.880220712082	9245
8	656	12286.228517809539	9246
8	683	12799.754755956142	9248
8	685	12865.28905738138	9249
8	703	13321.455951890828	9254
8	705	13346.386647964817	9255
8	709	13431.051420329812	9256
8	712	13510.10552231477	9258
8	721	13721.548501427573	9259
8	727	13860.222751110922	9260
8	734	13967.307503068603	9263
8	735	13977.108709983003	9262
8	738	14030.867897955787	9264
8	749	14187.373345859964	9266
8	758	14618.973601986267	9267
8	766	14880.673440772979	9269
8	771	15028.898905034761	9270
8	772	15034.56192048984	9268
8	796	15606.242392345998	9273
8	804	15832.088680466742	9276
8	811	15936.503137065436	9277
8	820	16076.199247509272	9282
8	821	16093.962775291161	9278
8	822	16096.544372298015	9279
8	832	16209.181003449248	9280
8	833	16244.830230103815	9284
8	834	16254.518084255629	9285
8	837	16310.623224328615	9283
8	850	16538.375769891912	9288
8	858	16709.113852833948	9287
8	864	16812.441494291916	9290
8	871	16945.715736854722	9291
8	877	17079.281728005254	9293
8	887	17374.43632371381	9294
8	890	17396.695864023863	9296
8	912	18103.168889158064	9299
8	924	18278.112699214603	9300
8	932	18380.746752667626	9303
8	935	18431.101874948085	9307
8	937	18437.305296438838	9308
8	939	18440.56529285204	9309
8	943	18528.173313456936	9310
8	959	18674.947501858695	9306
8	960	18733.556427867589	9313
8	981	19113.830983272669	9316
8	983	19141.242491526787	9318
8	992	19244.315146095281	9320
8	993	19293.084096218701	9314
8	994	19305.221087122951	9321
8	1015	19686.398725879606	9322
8	1027	19942.202354126829	9327
8	1028	19943.523587995107	9328
8	1029	19976.683346187669	9325
9	62	1062.143656585175	0
9	72	1356.745664921184	0
9	78	1579.124868645081	0
9	82	1702.577122847656	0
9	104	2056.624975898808	0
9	117	2326.553505375505	0
9	118	2329.28395065363	0
9	128	2460.792971240931	0
9	129	2465.093015631801	0
9	142	2660.650687181334	0
9	161	3002.75604252578	0
9	163	3033.954713670082	0
9	169	3107.765020847907	0
9	174	3206.325567524787	0
9	188	3437.120666665219	0
9	196	3597.634177775331	0
9	209	3932.444855013754	0
9	210	3949.118505415648	0
9	217	4144.923536332065	0
9	223	4308.18478057543	0
9	235	4466.94033198351	0
9	238	4520.865259831391	0
9	239	4552.33138801823	0
9	241	4598.325113733361	0
9	251	4812.5528421988	0
9	260	4919.69209738461	0
9	273	5110.149689600627	0
9	275	5118.770901616964	0
9	279	5197.382125189468	0
9	287	5301.987301523204	0
9	292	5324.84828131972	0
9	295	5405.196697830687	0
9	312	5625.798218353298	0
9	316	5694.771446677218	0
9	317	5700.092463649972	0
9	342	5957.936008580211	0
9	347	6000.262618809764	0
9	352	6068.580662652378	0
9	361	6174.412484768865	0
9	366	6232.329805554825	0
9	372	6320.35052190181	0
9	378	6565.116722676848	0
9	398	6978.622018090517	0
9	401	7014.293623172463	0
9	415	7252.165652858679	0
9	416	7255.55230621149	0
9	424	7370.470187563422	0
9	427	7452.063102393795	0
9	432	7537.378284044497	0
9	443	7737.052859805224	0
9	452	7903.21297601093	0
9	466	8754.902791898545	0
9	467	8765.197474018528	0
9	473	9091.813360092194	0
9	475	9128.878615242469	0
9	485	9346.982445215523	0
9	487	9412.088286613726	0
9	502	9635.657098741961	0
9	515	9798.675702542613	0
9	516	9811.932542671754	0
9	522	9940.724451942988	0
9	525	9988.773980527866	0
9	530	10040.836993160934	0
9	536	10115.03408644901	0
9	557	10374.422836476555	0
9	562	10448.777364516116	0
9	569	10512.454331935803	0
9	581	10705.874567114862	0
9	589	10901.806049618785	0
9	593	11005.868117936381	0
9	602	11245.512565647746	0
9	608	11373.400363981979	0
9	609	11422.006854117418	0
9	610	11430.869299876606	0
9	624	11740.30863748473	0
9	639	11978.982271356179	0
9	641	12046.372274024191	0
9	644	12067.818798150929	0
9	647	12147.323294709922	0
9	657	12298.880220712082	0
9	660	12389.228517809539	0
9	663	12446.343851736753	0
9	666	12490.754755956142	0
9	670	12556.28905738138	0
9	672	12578.37970785582	0
9	677	12665.450919298072	0
9	706	13357.804302506233	0
9	710	13449.386647964817	0
9	713	13534.051420329812	0
9	715	13613.10552231477	0
9	725	13797.604463803546	0
9	726	13824.548501427573	0
9	733	13963.222751110922	0
9	740	14070.307503068603	0
9	742	14080.108709983003	0
9	744	14133.867897955787	0
9	747	14176.744651222425	0
9	753	14290.373345859964	0
9	761	14721.973601986267	0
9	762	14725.56192048984	0
9	770	14983.673440772979	0
9	776	15131.898905034761	0
9	781	15205.11443852146	0
9	784	15297.242392345998	0
9	793	15467.784389684602	0
9	809	15900.181003449248	0
9	828	16179.199247509272	0
9	839	16347.830230103815	0
9	840	16357.518084255629	0
9	841	16371.19513493484	0
9	843	16413.623224328615	0
9	855	16638.469176181432	0
9	856	16641.375769891912	0
9	863	16812.113852833948	0
9	880	17182.281728005254	0
9	896	17499.695864023863	0
9	904	17794.168889158064	0
9	908	17969.112699214603	0
9	928	18337.484936949815	0
9	930	18347.696751385987	0
9	931	18365.947501858695	0
9	944	18532.719113306344	0
9	945	18534.101874948085	0
9	946	18540.305296438838	0
9	948	18543.56529285204	0
9	952	18631.173313456936	0
9	967	18836.556427867589	0
9	973	18984.084096218701	0
9	987	19208.08400884738	0
9	989	19216.830983272669	0
9	991	19244.242491526787	0
9	1000	19347.315146095281	0
9	1003	19408.221087122951	0
9	1026	19936.690688614627	0
10	62	1062.143656585175	3
10	72	1356.745664921184	3
10	78	1579.124868645081	3
10	82	1702.577122847656	3
10	104	2056.624975898808	3
10	117	2326.553505375505	3
10	118	2329.28395065363	3
10	128	2460.792971240931	3
10	129	2465.093015631801	3
10	142	2660.650687181334	3
10	161	3002.75604252578	3
10	163	3033.954713670082	3
10	169	3107.765020847907	3
10	174	3206.325567524787	3
10	188	3437.120666665219	3
10	196	3597.634177775331	3
10	209	3932.444855013754	3
10	210	3949.118505415648	3
10	217	4144.923536332065	3
10	223	4308.18478057543	3
10	235	4466.94033198351	3
10	238	4520.865259831391	3
10	239	4552.33138801823	3
10	241	4598.325113733361	3
10	251	4812.5528421988	3
10	260	4919.69209738461	3
10	273	5110.149689600627	3
10	275	5118.770901616964	3
10	279	5197.382125189468	3
10	287	5301.987301523204	3
10	292	5324.84828131972	3
10	295	5405.196697830687	3
10	312	5625.798218353298	3
10	316	5694.771446677218	3
10	317	5700.092463649972	3
10	342	5957.936008580211	3
10	347	6000.262618809764	3
10	352	6068.580662652378	3
10	361	6174.412484768865	3
10	366	6232.329805554825	3
10	372	6320.35052190181	3
10	378	6565.116722676848	3
10	398	6978.622018090517	3
10	401	7014.293623172463	3
10	415	7252.165652858679	3
10	416	7255.55230621149	3
10	424	7370.470187563422	3
10	427	7452.063102393795	3
10	432	7537.378284044497	3
10	443	7737.052859805224	3
10	452	7903.21297601093	3
10	466	8754.902791898545	3
10	467	8765.197474018528	3
10	473	9091.813360092194	3
10	475	9128.878615242469	3
10	485	9346.982445215523	3
10	487	9412.088286613726	3
10	502	9635.657098741961	3
10	515	9798.675702542613	3
10	516	9811.932542671754	3
10	522	9940.724451942988	3
10	525	9988.773980527866	3
10	530	10040.836993160934	3
10	536	10115.03408644901	3
10	557	10374.422836476555	3
10	562	10448.777364516116	3
10	569	10512.454331935803	3
10	581	10705.874567114862	3
10	589	10901.806049618785	3
10	593	11005.868117936381	3
10	602	11245.512565647746	3
10	608	11373.400363981979	3
10	609	11422.006854117418	3
10	610	11430.869299876606	3
10	624	11740.30863748473	3
10	639	11978.982271356179	3
10	641	12046.372274024191	3
10	644	12067.818798150929	3
10	647	12147.323294709922	3
10	657	12298.880220712082	3
10	660	12389.228517809539	3
10	663	12446.343851736753	3
10	666	12490.754755956142	3
10	670	12556.28905738138	3
10	672	12578.37970785582	3
10	677	12665.450919298072	3
10	706	13357.804302506233	3
10	710	13449.386647964817	3
10	713	13534.051420329812	3
10	715	13613.10552231477	3
10	725	13797.604463803546	3
10	726	13824.548501427573	3
10	733	13963.222751110922	3
10	740	14070.307503068603	3
10	742	14080.108709983003	3
10	744	14133.867897955787	3
10	747	14176.744651222425	3
10	753	14290.373345859964	3
10	761	14721.973601986267	3
10	762	14725.56192048984	3
10	770	14983.673440772979	3
10	776	15131.898905034761	3
10	781	15205.11443852146	3
10	784	15297.242392345998	3
10	793	15467.784389684602	3
10	809	15900.181003449248	3
10	828	16179.199247509272	3
10	839	16347.830230103815	3
10	840	16357.518084255629	3
10	841	16371.19513493484	3
10	843	16413.623224328615	3
10	855	16638.469176181432	3
10	856	16641.375769891912	3
10	863	16812.113852833948	3
10	880	17182.281728005254	3
10	896	17499.695864023863	3
10	904	17794.168889158064	3
10	908	17969.112699214603	3
10	928	18337.484936949815	3
10	930	18347.696751385987	3
10	931	18365.947501858695	3
10	944	18532.719113306344	3
10	945	18534.101874948085	3
10	946	18540.305296438838	3
10	948	18543.56529285204	3
10	952	18631.173313456936	3
10	967	18836.556427867589	3
10	973	18984.084096218701	3
10	987	19208.08400884738	3
10	989	19216.830983272669	3
10	991	19244.242491526787	3
10	1000	19347.315146095281	3
10	1003	19408.221087122951	3
10	1026	19936.690688614627	3
11	62	1062.143656585175	9117
11	72	1356.745664921184	9118
11	78	1579.124868645081	9120
11	82	1702.577122847656	9121
11	104	2056.624975898808	9126
11	117	2326.553505375505	9129
11	118	2329.28395065363	9130
11	128	2460.792971240931	9127
11	129	2465.093015631801	9132
11	142	2660.650687181334	9133
11	161	3002.75604252578	9139
11	163	3033.954713670082	9138
11	169	3107.765020847907	9142
11	174	3206.325567524787	9144
11	188	3437.120666665219	9145
11	196	3597.634177775331	9146
11	209	3932.444855013754	9150
11	210	3949.118505415648	9149
11	217	4144.923536332065	9151
11	223	4308.18478057543	9154
11	235	4466.94033198351	9157
11	238	4520.865259831391	9155
11	239	4552.33138801823	9156
11	241	4598.325113733361	9158
11	251	4812.5528421988	9159
11	260	4919.69209738461	9160
11	273	5110.149689600627	9164
11	275	5118.770901616964	9166
11	279	5197.382125189468	9163
11	287	5301.987301523204	9168
11	292	5324.84828131972	9167
11	295	5405.196697830687	9169
11	312	5625.798218353298	9171
11	316	5694.771446677218	9172
11	317	5700.092463649972	9174
11	342	5957.936008580211	9179
11	347	6000.262618809764	9176
11	352	6068.580662652378	9175
11	361	6174.412484768865	9181
11	366	6232.329805554825	9180
11	372	6320.35052190181	9185
11	378	6565.116722676848	9187
11	398	6978.622018090517	9189
11	401	7014.293623172463	9191
11	415	7252.165652858679	9192
11	416	7255.55230621149	9193
11	424	7370.470187563422	9197
11	427	7452.063102393795	9196
11	432	7537.378284044497	9199
11	443	7737.052859805224	9198
11	452	7903.21297601093	9202
11	466	8754.902791898545	9205
11	467	8765.197474018528	9206
11	473	9091.813360092194	9207
11	475	9128.878615242469	9208
11	485	9346.982445215523	9210
11	487	9412.088286613726	9209
11	502	9635.657098741961	9212
11	515	9798.675702542613	9218
11	516	9811.932542671754	9216
11	522	9940.724451942988	9219
11	525	9988.773980527866	9215
11	530	10040.836993160934	9220
11	536	10115.03408644901	9221
11	557	10374.422836476555	9224
11	562	10448.777364516116	9225
11	569	10512.454331935803	9228
11	581	10705.874567114862	9230
11	589	10901.806049618785	9233
11	593	11005.868117936381	9232
11	602	11245.512565647746	9234
11	608	11373.400363981979	9236
11	609	11422.006854117418	9237
11	610	11430.869299876606	9235
11	624	11740.30863748473	9240
11	639	11978.982271356179	9241
11	641	12046.372274024191	9239
11	644	12067.818798150929	9242
11	647	12147.323294709922	9243
11	657	12298.880220712082	9245
11	660	12389.228517809539	9246
11	663	12446.343851736753	9247
11	666	12490.754755956142	9248
11	670	12556.28905738138	9249
11	672	12578.37970785582	9250
11	677	12665.450919298072	9251
11	706	13357.804302506233	9257
11	710	13449.386647964817	9255
11	713	13534.051420329812	9256
11	715	13613.10552231477	9258
11	725	13797.604463803546	9261
11	726	13824.548501427573	9259
11	733	13963.222751110922	9260
11	740	14070.307503068603	9263
11	742	14080.108709983003	9262
11	744	14133.867897955787	9264
11	747	14176.744651222425	9265
11	753	14290.373345859964	9266
11	761	14721.973601986267	9267
11	762	14725.56192048984	9268
11	770	14983.673440772979	9269
11	776	15131.898905034761	9270
11	781	15205.11443852146	9272
11	784	15297.242392345998	9273
11	793	15467.784389684602	9275
11	809	15900.181003449248	9280
11	828	16179.199247509272	9282
11	839	16347.830230103815	9284
11	840	16357.518084255629	9285
11	841	16371.19513493484	9286
11	843	16413.623224328615	9283
11	855	16638.469176181432	9289
11	856	16641.375769891912	9288
11	863	16812.113852833948	9287
11	880	17182.281728005254	9293
11	896	17499.695864023863	9296
11	904	17794.168889158064	9299
11	908	17969.112699214603	9300
11	928	18337.484936949815	9304
11	930	18347.696751385987	9305
11	931	18365.947501858695	9306
11	944	18532.719113306344	9311
11	945	18534.101874948085	9307
11	946	18540.305296438838	9308
11	948	18543.56529285204	9309
11	952	18631.173313456936	9310
11	967	18836.556427867589	9313
11	973	18984.084096218701	9314
11	987	19208.08400884738	9319
11	989	19216.830983272669	9316
11	991	19244.242491526787	9318
11	1000	19347.315146095281	9320
11	1003	19408.221087122951	9321
11	1026	19936.690688614627	9326
12	179	3284.955970031837	203
12	205	3803.634177775331	512
12	248	4758.33138801823	409
12	310	5611.196697830687	409
12	330	5831.798218353298	409
12	413	7220.293623172463	306
12	428	7458.165652858679	512
12	470	8960.902791898545	512
12	483	9334.878615242469	306
12	501	9618.088286613726	512
12	614	11579.400363981979	306
12	659	12353.323294709922	512
12	674	12595.228517809539	409
12	686	12871.450919298072	306
12	722	13740.051420329812	512
12	737	14030.548501427573	409
12	745	14169.222751110922	512
12	751	14276.307503068603	409
12	756	14496.373345859964	409
12	779	15189.673440772979	512
12	790	15411.11443852146	306
12	797	15673.784389684602	306
12	925	18311.575703522814	203
12	947	18543.484936949815	306
12	964	18749.56529285204	409
12	1020	19794.761993230627	203
13	179	3284.955970031837	3
13	205	3803.634177775331	12
13	248	4758.33138801823	9
13	310	5611.196697830687	9
13	330	5831.798218353298	9
13	413	7220.293623172463	6
13	428	7458.165652858679	12
13	470	8960.902791898545	12
13	483	9334.878615242469	6
13	501	9618.088286613726	12
13	614	11579.400363981979	6
13	659	12353.323294709922	12
13	674	12595.228517809539	9
13	686	12871.450919298072	6
13	722	13740.051420329812	12
13	737	14030.548501427573	9
13	745	14169.222751110922	12
13	751	14276.307503068603	9
13	756	14496.373345859964	9
13	779	15189.673440772979	12
13	790	15411.11443852146	6
13	797	15673.784389684602	6
13	925	18311.575703522814	3
13	947	18543.484936949815	6
13	964	18749.56529285204	9
13	1020	19794.761993230627	3
14	179	3284.955970031837	1
14	205	3803.634177775331	4
14	248	4758.33138801823	3
14	310	5611.196697830687	3
14	330	5831.798218353298	3
14	413	7220.293623172463	2
14	428	7458.165652858679	4
14	470	8960.902791898545	4
14	483	9334.878615242469	2
14	501	9618.088286613726	4
14	614	11579.400363981979	2
14	659	12353.323294709922	4
14	674	12595.228517809539	3
14	686	12871.450919298072	2
14	722	13740.051420329812	4
14	737	14030.548501427573	3
14	745	14169.222751110922	4
14	751	14276.307503068603	3
14	756	14496.373345859964	3
14	779	15189.673440772979	4
14	790	15411.11443852146	2
14	797	15673.784389684602	2
14	925	18311.575703522814	1
14	947	18543.484936949815	2
14	964	18749.56529285204	3
14	1020	19794.761993230627	1
15	69	1205.194742241099	409
15	178	3283.852688304046	306
15	187	3416.765020847907	409
15	299	5427.770901616964	512
15	348	6003.771446677218	512
15	367	6266.936008580211	512
15	390	6874.116722676848	409
15	396	6949.950380407391	306
15	450	7846.378284044497	512
15	457	8212.21297601093	512
15	486	9400.813360092194	409
15	535	10107.675702542613	409
15	538	10120.932542671754	512
15	548	10256.343862666784	203
15	571	10570.75958818298	306
15	622	11731.006854117418	409
15	680	12755.343851736753	409
15	698	13144.134043770908	203
15	792	15440.898905034761	512
15	872	16947.469176181432	409
15	873	16950.375769891912	512
15	881	17242.914309379337	306
15	895	17491.281728005254	512
15	900	17636.470052111806	306
15	970	18862.699089473922	306
15	996	19311.198123871257	306
15	1024	19851.511879028563	306
16	69	1205.194742241099	9
16	178	3283.852688304046	6
16	187	3416.765020847907	9
16	299	5427.770901616964	12
16	348	6003.771446677218	12
16	367	6266.936008580211	12
16	390	6874.116722676848	9
16	396	6949.950380407391	6
16	450	7846.378284044497	12
16	457	8212.21297601093	12
16	486	9400.813360092194	9
16	535	10107.675702542613	9
16	538	10120.932542671754	12
16	548	10256.343862666784	3
16	571	10570.75958818298	6
16	622	11731.006854117418	9
16	680	12755.343851736753	9
16	698	13144.134043770908	3
16	792	15440.898905034761	12
16	872	16947.469176181432	9
16	873	16950.375769891912	12
16	881	17242.914309379337	6
16	895	17491.281728005254	12
16	900	17636.470052111806	6
16	970	18862.699089473922	6
16	996	19311.198123871257	6
16	1024	19851.511879028563	6
17	69	1205.194742241099	3
17	178	3283.852688304046	2
17	187	3416.765020847907	3
17	299	5427.770901616964	4
17	348	6003.771446677218	4
17	367	6266.936008580211	4
17	390	6874.116722676848	3
17	396	6949.950380407391	2
17	450	7846.378284044497	4
17	457	8212.21297601093	4
17	486	9400.813360092194	3
17	535	10107.675702542613	3
17	538	10120.932542671754	4
17	548	10256.343862666784	1
17	571	10570.75958818298	2
17	622	11731.006854117418	3
17	680	12755.343851736753	3
17	698	13144.134043770908	1
17	792	15440.898905034761	4
17	872	16947.469176181432	3
17	873	16950.375769891912	4
17	881	17242.914309379337	2
17	895	17491.281728005254	4
17	900	17636.470052111806	2
17	970	18862.699089473922	2
17	996	19311.198123871257	2
17	1024	19851.511879028563	2
18	93	1888.124868645081	409
18	101	2041.72547378126	306
18	122	2365.618369811415	306
18	123	2365.624975898808	512
18	151	2814.477978964199	306
18	192	3515.325567524787	409
18	225	4341.936561321538	203
18	234	4453.923536332065	409
18	250	4775.94033198351	409
18	277	5121.5528421988	409
18	296	5419.149689600627	512
18	309	5610.987301523204	512
18	329	5826.677985185688	306
18	369	6281.327285998075	203
18	385	6763.37603190354	306
18	418	7306.485674976584	306
18	440	7679.470187563422	409
18	445	7763.253143645841	203
18	560	10424.03408644901	409
18	591	10979.00654849572	306
18	627	11810.077424406309	203
18	650	12160.239985302247	306
18	696	13136.770017805784	306
18	778	15181.822602655641	203
18	791	15424.549823884116	203
18	825	16142.825457095385	306
18	857	16656.830230103815	512
18	903	17790.674950656647	306
18	920	18239.712781029801	306
18	968	18841.719113306344	409
18	969	18843.101874948085	512
18	998	19321.65726688353	306
18	1014	19656.315146095281	512
19	93	1888.124868645081	9
19	101	2041.72547378126	6
19	122	2365.618369811415	6
19	123	2365.624975898808	12
19	151	2814.477978964199	6
19	192	3515.325567524787	9
19	225	4341.936561321538	3
19	234	4453.923536332065	9
19	250	4775.94033198351	9
19	277	5121.5528421988	9
19	296	5419.149689600627	12
19	309	5610.987301523204	12
19	329	5826.677985185688	6
19	369	6281.327285998075	3
19	385	6763.37603190354	6
19	418	7306.485674976584	6
19	440	7679.470187563422	9
19	445	7763.253143645841	3
19	560	10424.03408644901	9
19	591	10979.00654849572	6
19	627	11810.077424406309	3
19	650	12160.239985302247	6
19	696	13136.770017805784	6
19	778	15181.822602655641	3
19	791	15424.549823884116	3
19	825	16142.825457095385	6
19	857	16656.830230103815	12
19	903	17790.674950656647	6
19	920	18239.712781029801	6
19	968	18841.719113306344	9
19	969	18843.101874948085	12
19	998	19321.65726688353	6
19	1014	19656.315146095281	12
20	93	1888.124868645081	3
20	101	2041.72547378126	2
20	122	2365.618369811415	2
20	123	2365.624975898808	4
20	151	2814.477978964199	2
20	192	3515.325567524787	3
20	225	4341.936561321538	1
20	234	4453.923536332065	3
20	250	4775.94033198351	3
20	277	5121.5528421988	3
20	296	5419.149689600627	4
20	309	5610.987301523204	4
20	329	5826.677985185688	2
20	369	6281.327285998075	1
20	385	6763.37603190354	2
20	418	7306.485674976584	2
20	440	7679.470187563422	3
20	445	7763.253143645841	1
20	560	10424.03408644901	3
20	591	10979.00654849572	2
20	627	11810.077424406309	1
20	650	12160.239985302247	2
20	696	13136.770017805784	2
20	778	15181.822602655641	1
20	791	15424.549823884116	1
20	825	16142.825457095385	2
20	857	16656.830230103815	4
20	903	17790.674950656647	2
20	920	18239.712781029801	2
20	968	18841.719113306344	3
20	969	18843.101874948085	4
20	998	19321.65726688353	2
20	1014	19656.315146095281	4
21	73	1407.740715837511	306
21	106	2095.808964601509	306
21	108	2150.509436303571	409
21	134	2556.325676986451	203
21	146	2741.28395065363	512
21	155	2884.81307148261	409
21	184	3370.032944969957	409
21	206	3818.274689130516	306
21	261	4975.194017373158	203
21	270	5081.440245090726	203
21	320	5736.051447814859	409
21	340	5943.227664907239	203
21	371	6295.527038272527	409
21	400	7008.50135463476	306
21	411	7166.259798069236	203
21	455	8093.570151081267	306
21	513	9795.009151527373	306
21	555	10352.724451942988	512
21	563	10452.836993160934	512
21	584	10781.684211731639	306
21	649	12152.30863748473	512
21	690	12968.28905738138	512
21	708	13424.455951890828	409
21	777	15137.56192048984	512
21	810	15935.088680466742	203
21	830	16199.544372298015	409
21	838	16312.181003449248	512
21	876	17048.715736854722	306
21	933	18381.112699214603	512
21	966	18777.947501858695	512
22	73	1407.740715837511	6
22	106	2095.808964601509	6
22	108	2150.509436303571	9
22	134	2556.325676986451	3
22	146	2741.28395065363	12
22	155	2884.81307148261	9
22	184	3370.032944969957	9
22	206	3818.274689130516	6
22	261	4975.194017373158	3
22	270	5081.440245090726	3
22	320	5736.051447814859	9
22	340	5943.227664907239	3
22	371	6295.527038272527	9
22	400	7008.50135463476	6
22	411	7166.259798069236	3
22	455	8093.570151081267	6
22	513	9795.009151527373	6
22	555	10352.724451942988	12
22	563	10452.836993160934	12
22	584	10781.684211731639	6
22	649	12152.30863748473	12
22	690	12968.28905738138	12
22	708	13424.455951890828	9
22	777	15137.56192048984	12
22	810	15935.088680466742	3
22	830	16199.544372298015	9
22	838	16312.181003449248	12
22	876	17048.715736854722	6
22	933	18381.112699214603	12
22	966	18777.947501858695	12
23	73	1407.740715837511	2
23	106	2095.808964601509	2
23	108	2150.509436303571	3
23	134	2556.325676986451	1
23	146	2741.28395065363	4
23	155	2884.81307148261	3
23	184	3370.032944969957	3
23	206	3818.274689130516	2
23	261	4975.194017373158	1
23	270	5081.440245090726	1
23	320	5736.051447814859	3
23	340	5943.227664907239	1
23	371	6295.527038272527	3
23	400	7008.50135463476	2
23	411	7166.259798069236	1
23	455	8093.570151081267	2
23	513	9795.009151527373	2
23	555	10352.724451942988	4
23	563	10452.836993160934	4
23	584	10781.684211731639	2
23	649	12152.30863748473	4
23	690	12968.28905738138	4
23	708	13424.455951890828	3
23	777	15137.56192048984	4
23	810	15935.088680466742	1
23	830	16199.544372298015	3
23	838	16312.181003449248	4
23	876	17048.715736854722	2
23	933	18381.112699214603	4
23	966	18777.947501858695	4
24	99	1978.156142073016	409
24	149	2771.57219293923	306
24	158	2950.716175249814	203
24	236	4471.448536040373	409
24	290	5319.624279882342	409
24	350	6052.444750852462	306
24	370	6288.655376115385	306
24	448	7835.93402691656	306
24	504	9651.368518010289	306
24	514	9795.293797776606	306
24	524	9948.822555666038	306
24	561	10429.239403984788	409
24	579	10698.93250407827	306
24	604	11313.806049618785	512
24	687	12902.754755956142	512
24	798	15709.242392345998	512
24	818	16039.503137065436	306
24	829	16196.962775291161	409
24	869	16915.441494291916	306
24	892	17477.43632371381	306
24	917	18206.168889158064	512
24	942	18483.746752667626	306
24	1002	19396.084096218701	512
24	1019	19789.398725879606	409
25	99	1978.156142073016	9
25	149	2771.57219293923	6
25	158	2950.716175249814	3
25	236	4471.448536040373	9
25	290	5319.624279882342	9
25	350	6052.444750852462	6
25	370	6288.655376115385	6
25	448	7835.93402691656	6
25	504	9651.368518010289	6
25	514	9795.293797776606	6
25	524	9948.822555666038	6
25	561	10429.239403984788	9
25	579	10698.93250407827	6
25	604	11313.806049618785	12
25	687	12902.754755956142	12
25	798	15709.242392345998	12
25	818	16039.503137065436	6
25	829	16196.962775291161	9
25	869	16915.441494291916	6
25	892	17477.43632371381	6
25	917	18206.168889158064	12
25	942	18483.746752667626	6
25	1002	19396.084096218701	12
25	1019	19789.398725879606	9
26	99	1978.156142073016	3
26	149	2771.57219293923	2
26	158	2950.716175249814	1
26	236	4471.448536040373	3
26	290	5319.624279882342	3
26	350	6052.444750852462	2
26	370	6288.655376115385	2
26	448	7835.93402691656	2
26	504	9651.368518010289	2
26	514	9795.293797776606	2
26	524	9948.822555666038	2
26	561	10429.239403984788	3
26	579	10698.93250407827	2
26	604	11313.806049618785	4
26	687	12902.754755956142	4
26	798	15709.242392345998	4
26	818	16039.503137065436	2
26	829	16196.962775291161	3
26	869	16915.441494291916	2
26	892	17477.43632371381	2
26	917	18206.168889158064	4
26	942	18483.746752667626	2
26	1002	19396.084096218701	4
26	1019	19789.398725879606	3
27	67	1165.143656585175	203
27	124	2429.553505375505	306
27	138	2568.093015631801	203
27	170	3136.954713670082	306
27	213	4052.118505415648	512
27	231	4411.18478057543	203
27	245	4701.325113733361	306
27	357	6103.262618809764	409
27	360	6171.580662652378	512
27	423	7358.55230621149	409
27	449	7840.052859805224	512
27	570	10551.777364516116	306
27	587	10808.874567114862	306
27	607	11348.512565647746	306
27	651	12170.818798150929	409
27	836	16282.199247509272	306
27	846	16460.518084255629	306
27	847	16474.19513493484	203
27	956	18643.305296438838	306
27	972	18939.556427867589	306
28	67	1165.143656585175	3
28	124	2429.553505375505	6
28	138	2568.093015631801	3
28	170	3136.954713670082	6
28	213	4052.118505415648	12
28	231	4411.18478057543	3
28	245	4701.325113733361	6
28	357	6103.262618809764	9
28	360	6171.580662652378	12
28	423	7358.55230621149	9
28	449	7840.052859805224	12
28	570	10551.777364516116	6
28	587	10808.874567114862	6
28	607	11348.512565647746	6
28	651	12170.818798150929	9
28	836	16282.199247509272	6
28	846	16460.518084255629	6
28	847	16474.19513493484	3
28	956	18643.305296438838	6
28	972	18939.556427867589	6
29	67	1165.143656585175	1
29	124	2429.553505375505	2
29	138	2568.093015631801	1
29	170	3136.954713670082	2
29	213	4052.118505415648	4
29	231	4411.18478057543	1
29	245	4701.325113733361	2
29	357	6103.262618809764	3
29	360	6171.580662652378	4
29	423	7358.55230621149	3
29	449	7840.052859805224	4
29	570	10551.777364516116	2
29	587	10808.874567114862	2
29	607	11348.512565647746	2
29	651	12170.818798150929	3
29	836	16282.199247509272	2
29	846	16460.518084255629	2
29	847	16474.19513493484	1
29	956	18643.305296438838	2
29	972	18939.556427867589	2
30	74	1459.745664921184	409
30	136	2563.792971240931	512
30	167	3105.75604252578	203
30	194	3540.120666665219	306
30	242	4623.865259831391	306
30	286	5300.382125189468	409
30	300	5427.84828131972	409
30	327	5803.092463649972	203
30	368	6277.412484768865	409
30	373	6335.329805554825	512
30	374	6423.35052190181	203
30	405	7081.622018090517	409
30	433	7555.063102393795	409
30	469	8868.197474018528	306
30	510	9738.657098741961	306
30	534	10091.773980527866	512
30	648	12149.372274024191	512
30	678	12681.37970785582	203
30	711	13460.804302506233	203
30	714	13552.386647964817	512
30	720	13716.10552231477	306
30	748	14183.108709983003	409
30	752	14279.744651222425	203
30	764	14824.973601986267	306
30	849	16516.623224328615	512
30	868	16915.113852833948	512
30	899	17602.695864023863	306
30	961	18734.173313456936	306
30	995	19311.08400884738	203
30	997	19319.830983272669	306
31	74	1459.745664921184	9
31	136	2563.792971240931	12
31	167	3105.75604252578	3
31	194	3540.120666665219	6
31	242	4623.865259831391	6
31	286	5300.382125189468	9
31	300	5427.84828131972	9
31	327	5803.092463649972	3
31	368	6277.412484768865	9
31	373	6335.329805554825	12
31	374	6423.35052190181	3
31	405	7081.622018090517	9
31	433	7555.063102393795	9
31	469	8868.197474018528	6
31	510	9738.657098741961	6
31	534	10091.773980527866	12
31	648	12149.372274024191	12
31	678	12681.37970785582	3
31	711	13460.804302506233	3
31	714	13552.386647964817	12
31	720	13716.10552231477	6
31	748	14183.108709983003	9
31	752	14279.744651222425	3
31	764	14824.973601986267	6
31	849	16516.623224328615	12
31	868	16915.113852833948	12
31	899	17602.695864023863	6
31	961	18734.173313456936	6
31	995	19311.08400884738	3
31	997	19319.830983272669	6
32	74	1459.745664921184	3
32	136	2563.792971240931	4
32	167	3105.75604252578	1
32	194	3540.120666665219	2
32	242	4623.865259831391	2
32	286	5300.382125189468	3
32	300	5427.84828131972	3
32	327	5803.092463649972	1
32	368	6277.412484768865	3
32	373	6335.329805554825	4
32	374	6423.35052190181	1
32	405	7081.622018090517	3
32	433	7555.063102393795	3
32	469	8868.197474018528	2
32	510	9738.657098741961	2
32	534	10091.773980527866	4
32	648	12149.372274024191	4
32	678	12681.37970785582	1
32	711	13460.804302506233	1
32	714	13552.386647964817	4
32	720	13716.10552231477	2
32	748	14183.108709983003	3
32	752	14279.744651222425	1
32	764	14824.973601986267	2
32	849	16516.623224328615	4
32	868	16915.113852833948	4
32	899	17602.695864023863	2
32	961	18734.173313456936	2
32	995	19311.08400884738	1
32	997	19319.830983272669	2
33	65	1104.479293228297	409
33	95	1908.577122847656	409
33	154	2866.650687181334	409
33	200	3646.828049172146	203
33	215	4138.444855013754	512
33	278	5125.69209738461	409
33	463	8592.016077983712	203
33	496	9552.982445215523	409
33	573	10580.422836476555	512
33	582	10718.454331935803	306
33	600	11211.868117936381	512
33	617	11636.869299876606	512
33	652	12184.982271356179	512
33	668	12504.880220712082	409
33	736	14003.604463803546	306
33	754	14339.867897955787	409
33	894	17490.80492315411	203
33	949	18553.696751385987	306
33	1004	19450.242491526787	409
33	1012	19614.221087122951	409
34	65	1104.479293228297	9
34	95	1908.577122847656	9
34	154	2866.650687181334	9
34	200	3646.828049172146	3
34	215	4138.444855013754	12
34	278	5125.69209738461	9
34	463	8592.016077983712	3
34	496	9552.982445215523	9
34	573	10580.422836476555	12
34	582	10718.454331935803	6
34	600	11211.868117936381	12
34	617	11636.869299876606	12
34	652	12184.982271356179	12
34	668	12504.880220712082	9
34	736	14003.604463803546	6
34	754	14339.867897955787	9
34	894	17490.80492315411	3
34	949	18553.696751385987	6
34	1004	19450.242491526787	9
34	1012	19614.221087122951	9
35	65	1104.479293228297	3
35	95	1908.577122847656	3
35	154	2866.650687181334	3
35	200	3646.828049172146	1
35	215	4138.444855013754	4
35	278	5125.69209738461	3
35	463	8592.016077983712	1
35	496	9552.982445215523	3
35	573	10580.422836476555	4
35	582	10718.454331935803	2
35	600	11211.868117936381	4
35	617	11636.869299876606	4
35	652	12184.982271356179	4
35	668	12504.880220712082	3
35	736	14003.604463803546	2
35	754	14339.867897955787	3
35	894	17490.80492315411	1
35	949	18553.696751385987	2
35	1004	19450.242491526787	3
35	1012	19614.221087122951	3

