version 3
run MediumLoad_Queue-49-20260125-17:51:22-1418
attr configname MediumLoad_Queue
attr datetime 20260125-17:51:22
attr datetimef 20260125-175122
attr experiment MediumLoad_Queue
attr inifile simulations/nwsim_project/omnetpp.ini
attr iterationvars ""
attr iterationvarsd ""
attr iterationvarsf ""
attr measurement ""
attr network CrossTraffic
attr processid 1418
attr repetition 49
attr replication #49
attr resultdir results
attr runnumber 49
attr seedset 49
config description "Medium Load - Queue Mode (50% more traffic)"
config *.Junc*.junctionMode "\"queue\""
config *.EndNW.spawnInterval exponential(533s)
config *.EndNE.spawnInterval exponential(800s)
config *.EndEN.spawnInterval exponential(667s)
config *.EndES.spawnInterval exponential(1000s)
config *.EndSE.spawnInterval exponential(600s)
config *.EndSW.spawnInterval exponential(733s)
config *.EndWS.spawnInterval exponential(867s)
config *.EndWN.spawnInterval exponential(933s)
config network CrossTraffic
config sim-time-limit 20000s
config warmup-period 1000s
config repeat 50
config **.scalar-recording true
config **.vector-recording true
config *.Junc*.junctionMode "\"queue\""
config *.EndNW.spawnInterval exponential(800s)
config *.EndNE.spawnInterval exponential(1200s)
config *.EndEN.spawnInterval exponential(1000s)
config *.EndES.spawnInterval exponential(1500s)
config *.EndSE.spawnInterval exponential(900s)
config *.EndSW.spawnInterval exponential(1100s)
config *.EndWS.spawnInterval exponential(1300s)
config *.EndWN.spawnInterval exponential(1400s)

vector 0 CrossTraffic.JuncNW queueLength:vector ETV
attr interpolationmode sample-hold
attr recordingmode vector
attr source queueLength
attr title "Queue Length"
vector 1 CrossTraffic.JuncNW junctionProcessingTime:vector ETV
attr recordingmode vector
attr source junctionProcessingTime
attr title "Junction Processing Time"
vector 2 CrossTraffic.JuncNW vehicleCount:vector ETV
attr recordingmode vector
attr source vehicleCount
attr title "Vehicle Count"
vector 3 CrossTraffic.JuncNE queueLength:vector ETV
attr interpolationmode sample-hold
attr recordingmode vector
attr source queueLength
attr title "Queue Length"
vector 4 CrossTraffic.JuncNE junctionProcessingTime:vector ETV
attr recordingmode vector
attr source junctionProcessingTime
attr title "Junction Processing Time"
vector 5 CrossTraffic.JuncNE vehicleCount:vector ETV
attr recordingmode vector
attr source vehicleCount
attr title "Vehicle Count"
vector 6 CrossTraffic.JuncSE queueLength:vector ETV
attr interpolationmode sample-hold
attr recordingmode vector
attr source queueLength
attr title "Queue Length"
vector 7 CrossTraffic.JuncSE junctionProcessingTime:vector ETV
attr recordingmode vector
attr source junctionProcessingTime
attr title "Junction Processing Time"
vector 8 CrossTraffic.JuncSE vehicleCount:vector ETV
attr recordingmode vector
attr source vehicleCount
attr title "Vehicle Count"
vector 9 CrossTraffic.JuncSW queueLength:vector ETV
attr interpolationmode sample-hold
attr recordingmode vector
attr source queueLength
attr title "Queue Length"
vector 10 CrossTraffic.JuncSW junctionProcessingTime:vector ETV
attr recordingmode vector
attr source junctionProcessingTime
attr title "Junction Processing Time"
vector 11 CrossTraffic.JuncSW vehicleCount:vector ETV
attr recordingmode vector
attr source vehicleCount
attr title "Vehicle Count"
vector 12 CrossTraffic.EndNW travelTime:vector ETV
attr recordingmode vector
attr source travelTime
attr title "Vehicle Travel Time"
vector 13 CrossTraffic.EndNW junctionTime:vector ETV
attr recordingmode vector
attr source junctionTime
attr title "Total Junction Time per Vehicle"
vector 14 CrossTraffic.EndNW junctionCount:vector ETV
attr recordingmode vector
attr source junctionCount
attr title "Junctions Visited per Vehicle"
vector 15 CrossTraffic.EndNE travelTime:vector ETV
attr recordingmode vector
attr source travelTime
attr title "Vehicle Travel Time"
vector 16 CrossTraffic.EndNE junctionTime:vector ETV
attr recordingmode vector
attr source junctionTime
attr title "Total Junction Time per Vehicle"
vector 17 CrossTraffic.EndNE junctionCount:vector ETV
attr recordingmode vector
attr source junctionCount
attr title "Junctions Visited per Vehicle"
vector 18 CrossTraffic.EndEN travelTime:vector ETV
attr recordingmode vector
attr source travelTime
attr title "Vehicle Travel Time"
vector 19 CrossTraffic.EndEN junctionTime:vector ETV
attr recordingmode vector
attr source junctionTime
attr title "Total Junction Time per Vehicle"
vector 20 CrossTraffic.EndEN junctionCount:vector ETV
attr recordingmode vector
attr source junctionCount
attr title "Junctions Visited per Vehicle"
vector 21 CrossTraffic.EndES travelTime:vector ETV
attr recordingmode vector
attr source travelTime
attr title "Vehicle Travel Time"
vector 22 CrossTraffic.EndES junctionTime:vector ETV
attr recordingmode vector
attr source junctionTime
attr title "Total Junction Time per Vehicle"
vector 23 CrossTraffic.EndES junctionCount:vector ETV
attr recordingmode vector
attr source junctionCount
attr title "Junctions Visited per Vehicle"
vector 24 CrossTraffic.EndSE travelTime:vector ETV
attr recordingmode vector
attr source travelTime
attr title "Vehicle Travel Time"
vector 25 CrossTraffic.EndSE junctionTime:vector ETV
attr recordingmode vector
attr source junctionTime
attr title "Total Junction Time per Vehicle"
vector 26 CrossTraffic.EndSE junctionCount:vector ETV
attr recordingmode vector
attr source junctionCount
attr title "Junctions Visited per Vehicle"
vector 27 CrossTraffic.EndSW travelTime:vector ETV
attr recordingmode vector
attr source travelTime
attr title "Vehicle Travel Time"
vector 28 CrossTraffic.EndSW junctionTime:vector ETV
attr recordingmode vector
attr source junctionTime
attr title "Total Junction Time per Vehicle"
vector 29 CrossTraffic.EndSW junctionCount:vector ETV
attr recordingmode vector
attr source junctionCount
attr title "Junctions Visited per Vehicle"
vector 30 CrossTraffic.EndWS travelTime:vector ETV
attr recordingmode vector
attr source travelTime
attr title "Vehicle Travel Time"
vector 31 CrossTraffic.EndWS junctionTime:vector ETV
attr recordingmode vector
attr source junctionTime
attr title "Total Junction Time per Vehicle"
vector 32 CrossTraffic.EndWS junctionCount:vector ETV
attr recordingmode vector
attr source junctionCount
attr title "Junctions Visited per Vehicle"
vector 33 CrossTraffic.EndWN travelTime:vector ETV
attr recordingmode vector
attr source travelTime
attr title "Vehicle Travel Time"
vector 34 CrossTraffic.EndWN junctionTime:vector ETV
attr recordingmode vector
attr source junctionTime
attr title "Total Junction Time per Vehicle"
vector 35 CrossTraffic.EndWN junctionCount:vector ETV
attr recordingmode vector
attr source junctionCount
attr title "Junctions Visited per Vehicle"
0	120	1018.648139482489	1
0	121	1021.648139482489	0
0	130	1219.667836233749	1
0	131	1222.667836233749	0
0	135	1315.416133483344	1
0	136	1318.416133483344	0
0	138	1370.910008652621	1
0	139	1373.910008652621	0
0	166	1641.720158271754	1
0	167	1644.720158271754	0
0	190	1913.019129019774	1
0	192	1916.019129019774	0
0	201	2578.513853517439	1
0	202	2581.513853517439	0
0	203	2582.487838186127	1
0	204	2585.487838186127	0
0	238	3333.553461689251	1
0	239	3336.553461689251	0
0	241	3373.009491823891	1
0	242	3376.009491823891	0
0	259	3543.049223583119	1
0	260	3546.049223583119	0
0	265	3589.232087968606	1
0	266	3592.232087968606	0
0	297	4084.018586159317	1
0	298	4087.018586159317	0
0	301	4104.427654138723	1
0	302	4107.427654138723	0
0	313	4312.052379165278	1
0	314	4315.052379165278	0
0	325	4587.438931350575	1
0	326	4590.438931350575	0
0	329	4681.673097264254	1
0	330	4684.673097264254	0
0	342	4852.391713280303	1
0	343	4855.391713280303	0
0	354	5021.111248265289	1
0	355	5024.111248265289	0
0	376	5415.387015114447	1
0	379	5418.387015114447	0
0	380	5419.510448254316	1
0	382	5422.510448254316	0
0	394	5621.081703376152	1
0	395	5624.081703376152	0
0	426	6153.782918930348	1
0	427	6156.782918930348	0
0	438	6291.763284748828	1
0	440	6294.763284748828	0
0	461	6603.582995518603	1
0	462	6606.582995518603	0
0	488	7050.692138425558	1
0	489	7053.692138425558	0
0	503	7397.143795841228	1
0	504	7400.143795841228	0
0	516	7578.492450943874	1
0	518	7581.492450943874	0
0	528	7709.896439644048	1
0	529	7712.896439644048	0
0	530	7714.591958928165	1
0	532	7717.591958928165	0
0	572	8311.015364488843	1
0	573	8314.015364488843	0
0	586	8585.186416591474	1
0	587	8588.186416591474	0
0	590	8626.948237462547	1
0	591	8629.948237462547	0
0	593	8712.894107050851	1
0	594	8715.894107050851	0
0	599	8923.943133129162	1
0	600	8926.943133129162	0
0	605	9081.9963262305	1
0	606	9084.9963262305	0
0	617	9395.494263721985	1
0	618	9398.494263721985	0
0	639	9677.742767338966	1
0	640	9680.742767338966	0
0	645	9728.220414471537	1
0	646	9731.220414471537	0
0	659	9836.264140006207	1
0	661	9839.264140006207	0
0	675	9953.317933121483	1
0	677	9956.317933121483	0
0	678	9972.259477098163	1
0	679	9975.259477098163	0
0	694	10086.778744797788	1
0	695	10089.778744797788	0
0	700	10159.090973682614	1
0	703	10162.090973682614	0
0	712	10234.83875126762	1
0	713	10237.83875126762	0
0	714	10259.62447194965	1
0	717	10262.62447194965	0
0	746	10741.839172692783	1
0	747	10744.839172692783	0
0	772	11166.194515555614	1
0	773	11169.194515555614	0
0	792	11384.479086286636	1
0	793	11387.479086286636	0
0	794	11407.280155289478	1
0	795	11410.280155289478	0
0	796	11432.137080396185	1
0	797	11435.137080396185	0
0	798	11448.165983551266	1
0	799	11451.165983551266	0
0	800	11480.224953209599	1
0	801	11483.224953209599	0
0	823	11701.443635182722	1
0	824	11704.443635182722	0
0	842	11911.396111852058	1
0	843	11914.396111852058	0
0	845	11991.357736295678	1
0	846	11994.357736295678	0
0	866	12345.252129138374	1
0	867	12348.252129138374	0
0	872	12406.725691189103	1
0	873	12409.725691189103	0
0	876	12438.037197818116	1
0	877	12441.037197818116	0
0	883	12476.595069184412	1
0	884	12479.595069184412	0
0	893	12552.151312403873	1
0	894	12555.151312403873	0
0	895	12555.29954446257	1
0	896	12558.29954446257	0
0	902	12590.482824166062	1
0	903	12593.482824166062	0
0	904	12603.495189803711	1
0	905	12606.495189803711	0
0	922	12753.600720124661	1
0	923	12756.600720124661	0
0	924	12757.505906950153	1
0	925	12760.505906950153	0
0	949	13173.193525152327	1
0	950	13176.193525152327	0
0	962	13279.203866596475	1
0	963	13282.203866596475	0
0	966	13323.008187362759	1
0	968	13326.008187362759	0
0	969	13359.126481309653	1
0	970	13362.126481309653	0
0	997	13895.666259629738	1
0	998	13898.666259629738	0
0	1006	14014.304996901569	1
0	1007	14017.304996901569	0
0	1009	14029.557274571273	1
0	1010	14032.557274571273	0
0	1026	14193.303023488503	1
0	1027	14194.031075799164	2
0	1028	14196.303023488503	1
0	1029	14197.058274240582	2
0	1030	14202.303023488503	1
0	1031	14208.303023488503	0
0	1050	14493.069023854602	1
0	1051	14496.069023854602	0
0	1059	14624.278638581134	1
0	1060	14627.278638581134	0
0	1068	14763.192159362668	1
0	1069	14766.192159362668	0
0	1094	15445.648715488599	1
0	1095	15448.648715488599	0
0	1100	15529.22154859895	1
0	1101	15532.22154859895	0
0	1126	15743.549360545129	1
0	1127	15746.549360545129	0
0	1130	15759.769243171339	1
0	1132	15762.769243171339	0
0	1133	15784.755703141631	1
0	1134	15787.755703141631	0
0	1150	15948.530344951609	1
0	1152	15951.530344951609	0
0	1163	16056.550740156556	1
0	1165	16059.550740156556	0
0	1191	16523.620905239475	1
0	1192	16526.620905239475	0
0	1212	16793.521387858124	1
0	1213	16796.521387858124	0
0	1214	16830.032680249684	1
0	1215	16833.032680249684	0
0	1229	17053.12732401295	1
0	1230	17056.12732401295	0
0	1237	17158.451558824473	1
0	1239	17161.451558824473	0
0	1241	17172.340023669006	1
0	1242	17175.340023669006	0
0	1246	17265.12732401295	1
0	1247	17268.12732401295	0
0	1257	17401.287260845902	1
0	1258	17404.287260845902	0
0	1266	17589.251471700466	1
0	1267	17592.251471700466	0
0	1270	17634.748281446166	1
0	1271	17637.748281446166	0
0	1275	17727.021662002805	1
0	1276	17730.021662002805	0
0	1280	17748.368300752944	1
0	1281	17751.368300752944	0
0	1295	17919.051314246022	1
0	1296	17922.051314246022	0
0	1300	17949.024461446711	1
0	1301	17952.024461446711	0
0	1327	18249.575804839939	1
0	1329	18252.575804839939	0
0	1339	18344.279482808728	1
0	1340	18347.279482808728	0
0	1356	18455.255315005203	1
0	1358	18458.255315005203	0
0	1379	18709.316102235806	1
0	1380	18712.316102235806	0
0	1386	18799.953263245854	1
0	1388	18802.953263245854	0
0	1397	18902.823158019328	1
0	1399	18905.823158019328	0
0	1404	18952.813336144144	1
0	1405	18955.813336144144	0
0	1411	19042.447703168854	1
0	1412	19045.447703168854	0
0	1424	19194.955339109134	1
0	1425	19197.955339109134	0
0	1428	19255.706716289363	1
0	1429	19258.706716289363	0
0	1447	19465.331573671133	1
0	1448	19468.331573671133	0
0	1461	19679.828082395055	1
0	1462	19682.828082395055	0
1	121	1021.648139482489	3
1	131	1222.667836233749	3
1	136	1318.416133483344	3
1	139	1373.910008652621	3
1	167	1644.720158271754	3
1	192	1916.019129019774	3
1	202	2581.513853517439	3
1	204	2585.487838186127	3
1	239	3336.553461689251	3
1	242	3376.009491823891	3
1	260	3546.049223583119	3
1	266	3592.232087968606	3
1	298	4087.018586159317	3
1	302	4107.427654138723	3
1	314	4315.052379165278	3
1	326	4590.438931350575	3
1	330	4684.673097264254	3
1	343	4855.391713280303	3
1	355	5024.111248265289	3
1	379	5418.387015114447	3
1	382	5422.510448254316	3
1	395	5624.081703376152	3
1	427	6156.782918930348	3
1	440	6294.763284748828	3
1	462	6606.582995518603	3
1	489	7053.692138425558	3
1	504	7400.143795841228	3
1	518	7581.492450943874	3
1	529	7712.896439644048	3
1	532	7717.591958928165	3
1	573	8314.015364488843	3
1	587	8588.186416591474	3
1	591	8629.948237462547	3
1	594	8715.894107050851	3
1	600	8926.943133129162	3
1	606	9084.9963262305	3
1	618	9398.494263721985	3
1	640	9680.742767338966	3
1	646	9731.220414471537	3
1	661	9839.264140006207	3
1	677	9956.317933121483	3
1	679	9975.259477098163	3
1	695	10089.778744797788	3
1	703	10162.090973682614	3
1	713	10237.83875126762	3
1	717	10262.62447194965	3
1	747	10744.839172692783	3
1	773	11169.194515555614	3
1	793	11387.479086286636	3
1	795	11410.280155289478	3
1	797	11435.137080396185	3
1	799	11451.165983551266	3
1	801	11483.224953209599	3
1	824	11704.443635182722	3
1	843	11914.396111852058	3
1	846	11994.357736295678	3
1	867	12348.252129138374	3
1	873	12409.725691189103	3
1	877	12441.037197818116	3
1	884	12479.595069184412	3
1	894	12555.151312403873	3
1	896	12558.29954446257	3
1	903	12593.482824166062	3
1	905	12606.495189803711	3
1	923	12756.600720124661	3
1	925	12760.505906950153	3
1	950	13176.193525152327	3
1	963	13282.203866596475	3
1	968	13326.008187362759	3
1	970	13362.126481309653	3
1	998	13898.666259629738	3
1	1007	14017.304996901569	3
1	1010	14032.557274571273	3
1	1028	14196.303023488503	3
1	1030	14202.303023488503	8.271947689339
1	1031	14208.303023488503	11.244749247921
1	1051	14496.069023854602	3
1	1060	14627.278638581134	3
1	1069	14766.192159362668	3
1	1095	15448.648715488599	3
1	1101	15532.22154859895	3
1	1127	15746.549360545129	3
1	1132	15762.769243171339	3
1	1134	15787.755703141631	3
1	1152	15951.530344951609	3
1	1165	16059.550740156556	3
1	1192	16526.620905239475	3
1	1213	16796.521387858124	3
1	1215	16833.032680249684	3
1	1230	17056.12732401295	3
1	1239	17161.451558824473	3
1	1242	17175.340023669006	3
1	1247	17268.12732401295	3
1	1258	17404.287260845902	3
1	1267	17592.251471700466	3
1	1271	17637.748281446166	3
1	1276	17730.021662002805	3
1	1281	17751.368300752944	3
1	1296	17922.051314246022	3
1	1301	17952.024461446711	3
1	1329	18252.575804839939	3
1	1340	18347.279482808728	3
1	1358	18458.255315005203	3
1	1380	18712.316102235806	3
1	1388	18802.953263245854	3
1	1399	18905.823158019328	3
1	1405	18955.813336144144	3
1	1412	19045.447703168854	3
1	1425	19197.955339109134	3
1	1429	19258.706716289363	3
1	1448	19468.331573671133	3
1	1462	19682.828082395055	3
2	121	1021.648139482489	11106
2	131	1222.667836233749	11108
2	136	1318.416133483344	11110
2	139	1373.910008652621	11111
2	167	1644.720158271754	11116
2	192	1916.019129019774	11118
2	202	2581.513853517439	11121
2	204	2585.487838186127	11122
2	239	3336.553461689251	11126
2	242	3376.009491823891	11127
2	260	3546.049223583119	11131
2	266	3592.232087968606	11128
2	298	4087.018586159317	11135
2	302	4107.427654138723	11136
2	314	4315.052379165278	11139
2	326	4590.438931350575	11141
2	330	4684.673097264254	11140
2	343	4855.391713280303	11144
2	355	5024.111248265289	11146
2	379	5418.387015114447	11149
2	382	5422.510448254316	11148
2	395	5624.081703376152	11151
2	427	6156.782918930348	11157
2	440	6294.763284748828	11161
2	462	6606.582995518603	11164
2	489	7053.692138425558	11169
2	504	7400.143795841228	11170
2	518	7581.492450943874	11172
2	529	7712.896439644048	11174
2	532	7717.591958928165	11175
2	573	8314.015364488843	11182
2	587	8588.186416591474	11184
2	591	8629.948237462547	11183
2	594	8715.894107050851	11185
2	600	8926.943133129162	11186
2	606	9084.9963262305	11187
2	618	9398.494263721985	11189
2	640	9680.742767338966	11192
2	646	9731.220414471537	11191
2	661	9839.264140006207	11194
2	677	9956.317933121483	11198
2	679	9975.259477098163	11199
2	695	10089.778744797788	11197
2	703	10162.090973682614	11202
2	713	10237.83875126762	11204
2	717	10262.62447194965	11200
2	747	10744.839172692783	11207
2	773	11169.194515555614	11213
2	793	11387.479086286636	11215
2	795	11410.280155289478	11217
2	797	11435.137080396185	11218
2	799	11451.165983551266	11216
2	801	11483.224953209599	11219
2	824	11704.443635182722	11220
2	843	11914.396111852058	11225
2	846	11994.357736295678	11223
2	867	12348.252129138374	11227
2	873	12409.725691189103	11228
2	877	12441.037197818116	11231
2	884	12479.595069184412	11233
2	894	12555.151312403873	11232
2	896	12558.29954446257	11234
2	903	12593.482824166062	11236
2	905	12606.495189803711	11229
2	923	12756.600720124661	11237
2	925	12760.505906950153	11239
2	950	13176.193525152327	11241
2	963	13282.203866596475	11243
2	968	13326.008187362759	11244
2	970	13362.126481309653	11245
2	998	13898.666259629738	11249
2	1007	14017.304996901569	11251
2	1010	14032.557274571273	11252
2	1028	14196.303023488503	11256
2	1030	14202.303023488503	11254
2	1031	14208.303023488503	11257
2	1051	14496.069023854602	11258
2	1060	14627.278638581134	11260
2	1069	14766.192159362668	11261
2	1095	15448.648715488599	11265
2	1101	15532.22154859895	11267
2	1127	15746.549360545129	11269
2	1132	15762.769243171339	11270
2	1134	15787.755703141631	11271
2	1152	15951.530344951609	11274
2	1165	16059.550740156556	11275
2	1192	16526.620905239475	11280
2	1213	16796.521387858124	11282
2	1215	16833.032680249684	11283
2	1230	17056.12732401295	11286
2	1239	17161.451558824473	11288
2	1242	17175.340023669006	11289
2	1247	17268.12732401295	11287
2	1258	17404.287260845902	11291
2	1267	17592.251471700466	11292
2	1271	17637.748281446166	11293
2	1276	17730.021662002805	11294
2	1281	17751.368300752944	11295
2	1296	17922.051314246022	11297
2	1301	17952.024461446711	11298
2	1329	18252.575804839939	11303
2	1340	18347.279482808728	11301
2	1358	18458.255315005203	11302
2	1380	18712.316102235806	11309
2	1388	18802.953263245854	11310
2	1399	18905.823158019328	11313
2	1405	18955.813336144144	11312
2	1412	19045.447703168854	11314
2	1425	19197.955339109134	11316
2	1429	19258.706716289363	11317
2	1448	19468.331573671133	11319
2	1462	19682.828082395055	11321
3	118	1000.830968640989	0
3	161	1619.726652578681	1
3	162	1621.639584194852	2
3	163	1622.726652578681	1
3	164	1628.726652578681	0
3	168	1669.096433010249	1
3	169	1672.096433010249	0
3	171	1703.157207894548	1
3	172	1706.157207894548	0
3	179	1744.720158271754	1
3	180	1747.720158271754	0
3	199	2556.44153704842	1
3	200	2559.44153704842	0
3	222	2809.148078949999	1
3	223	2812.148078949999	0
3	234	3230.553461689251	1
3	235	3233.553461689251	0
3	249	3468.149859768781	1
3	250	3471.149859768781	0
3	251	3476.009491823891	1
3	252	3479.009491823891	0
3	253	3486.232087968606	1
3	254	3489.232087968606	0
3	256	3529.727140095394	1
3	257	3532.727140095394	0
3	272	3646.049223583119	1
3	273	3649.049223583119	0
3	299	4094.722441185922	1
3	300	4097.722441185922	0
3	310	4277.189727443111	1
3	311	4280.189727443111	0
3	317	4415.052379165278	1
3	318	4418.052379165278	0
3	323	4578.673097264254	1
3	324	4581.673097264254	0
3	340	4838.173809694367	1
3	341	4841.173809694367	0
3	345	4908.114063847761	1
3	346	4911.114063847761	0
3	349	4955.391713280303	1
3	350	4958.391713280303	0
3	362	5166.696506082277	1
3	363	5169.696506082277	0
3	364	5208.589475207942	1
3	365	5211.589475207942	0
3	372	5316.510448254316	1
3	374	5319.510448254316	0
3	384	5518.081703376152	1
3	385	5518.387015114447	2
3	386	5521.081703376152	1
3	390	5527.081703376152	0
3	405	5766.251396195145	1
3	407	5769.251396195145	0
3	413	5891.856626116448	1
3	414	5894.856626116448	0
3	420	6050.782918930348	1
3	421	6053.782918930348	0
3	422	6060.406273339901	1
3	424	6063.406273339901	0
3	446	6394.763284748828	1
3	448	6397.763284748828	0
3	451	6491.358547661284	1
3	452	6494.358547661284	0
3	458	6581.160555825292	1
3	459	6584.160555825292	0
3	463	6638.618778441466	1
3	464	6641.618778441466	0
3	465	6667.291575922384	1
3	466	6670.291575922384	0
3	490	7083.286472653398	1
3	491	7086.286472653398	0
3	507	7475.492450943874	1
3	509	7478.492450943874	0
3	523	7613.807803041118	1
3	525	7616.807803041118	0
3	542	7869.492064240938	1
3	543	7872.492064240938	0
3	545	7955.656764330557	1
3	546	7958.656764330557	0
3	547	7966.842581626632	1
3	548	7969.842581626632	0
3	566	8208.015364488843	1
3	567	8211.015364488843	0
3	568	8234.14932996913	1
3	569	8237.14932996913	0
3	576	8396.927630869939	1
3	577	8399.927630869939	0
3	584	8523.948237462547	1
3	585	8526.948237462547	0
3	613	9292.494263721985	1
3	614	9295.494263721985	0
3	629	9574.742767338966	1
3	630	9577.742767338966	0
3	635	9625.220414471537	1
3	636	9628.220414471537	0
3	647	9733.264140006207	1
3	649	9736.264140006207	0
3	668	9890.143777959998	1
3	669	9893.143777959998	0
3	673	9941.791254388862	1
3	674	9944.791254388862	0
3	680	9983.778744797788	1
3	681	9986.778744797788	0
3	699	10156.62447194965	1
3	702	10159.62447194965	0
3	715	10262.090973682614	1
3	718	10265.090973682614	0
3	723	10337.83875126762	1
3	724	10340.83875126762	0
3	727	10397.568533049983	1
3	728	10400.568533049983	0
3	738	10638.839172692783	1
3	739	10641.839172692783	0
3	744	10732.369468961809	1
3	745	10735.369468961809	0
3	748	10776.454283668158	1
3	749	10779.454283668158	0
3	758	10890.852336315472	1
3	759	10893.852336315472	0
3	787	11345.165983551266	1
3	788	11348.165983551266	0
3	804	11510.280155289478	1
3	805	11513.280155289478	0
3	807	11535.137080396185	1
3	808	11538.137080396185	0
3	813	11598.443635182722	1
3	814	11601.443635182722	0
3	827	11737.590119539215	1
3	828	11740.590119539215	0
3	837	11888.357736295678	1
3	838	11891.357736295678	0
3	862	12303.725691189103	1
3	863	12306.725691189103	0
3	879	12449.151312403873	1
3	880	12452.151312403873	0
3	886	12500.495189803711	1
3	887	12503.495189803711	0
3	907	12650.600720124661	1
3	908	12653.600720124661	0
3	913	12672.05138294774	1
3	915	12675.05138294774	0
3	937	12993.899710333389	1
3	938	12996.899710333389	0
3	940	13070.193525152327	1
3	941	13073.193525152327	0
3	951	13176.203866596475	1
3	952	13179.203866596475	0
3	955	13220.008187362759	1
3	956	13223.008187362759	0
3	957	13256.126481309653	1
3	958	13259.126481309653	0
3	971	13369.849145937649	1
3	972	13372.849145937649	0
3	983	13527.338128682125	1
3	985	13530.338128682125	0
3	994	13792.666259629738	1
3	995	13795.666259629738	0
3	1014	14091.031075799164	1
3	1016	14094.031075799164	0
3	1037	14296.303023488503	1
3	1038	14299.303023488503	0
3	1055	14580.937451002629	1
3	1056	14583.937451002629	0
3	1061	14660.192159362668	1
3	1062	14663.192159362668	0
3	1074	15013.933081724614	1
3	1075	15016.933081724614	0
3	1086	15342.648715488599	1
3	1088	15345.648715488599	0
3	1098	15507.348431299645	1
3	1099	15510.348431299645	0
3	1113	15640.549360545129	1
3	1114	15643.463918281684	2
3	1115	15643.549360545129	1
3	1116	15649.549360545129	0
3	1119	15658.156801105427	1
3	1121	15661.156801105427	0
3	1135	15809.480601154262	1
3	1136	15812.480601154262	0
3	1161	16051.530344951609	1
3	1162	16054.530344951609	0
3	1164	16058.549360545129	1
3	1166	16061.549360545129	0
3	1194	16571.445064425789	1
3	1195	16574.445064425789	0
3	1199	16627.895305252333	1
3	1200	16630.895305252333	0
3	1203	16690.521387858124	1
3	1204	16693.521387858124	0
3	1224	16950.12732401295	1
3	1225	16953.12732401295	0
3	1244	17261.451558824473	1
3	1245	17264.451558824473	0
3	1248	17275.340023669006	1
3	1250	17278.340023669006	0
3	1262	17504.287260845902	1
3	1263	17507.287260845902	0
3	1292	17851.368300752944	1
3	1293	17854.368300752944	0
3	1319	18177.738548530458	1
3	1320	18180.738548530458	0
3	1330	18268.078029129571	1
3	1331	18271.078029129571	0
3	1334	18301.273080126058	1
3	1336	18304.273080126058	0
3	1341	18352.255315005203	1
3	1343	18355.255315005203	0
3	1347	18403.784461179114	1
3	1349	18406.784461179114	0
3	1366	18542.586864099949	1
3	1367	18545.586864099949	0
3	1370	18606.316102235806	1
3	1371	18609.316102235806	0
3	1381	18715.592877130276	1
3	1383	18718.592877130276	0
3	1394	18849.813336144144	1
3	1395	18852.813336144144	0
3	1402	18939.447703168854	1
3	1403	18942.447703168854	0
3	1408	19005.823158019328	1
3	1409	19008.823158019328	0
3	1431	19297.955339109134	1
3	1432	19300.955339109134	0
3	1438	19362.331573671133	1
3	1439	19365.331573671133	0
3	1456	19576.828082395055	1
3	1457	19579.828082395055	0
3	1463	19741.025905656737	1
3	1464	19744.025905656737	0
3	1472	19961.165693940033	1
3	1473	19964.165693940033	0
4	118	1000.830968640989	3
4	163	1622.726652578681	3
4	164	1628.726652578681	7.087068383829
4	169	1672.096433010249	3
4	172	1706.157207894548	3
4	180	1747.720158271754	3
4	200	2559.44153704842	3
4	223	2812.148078949999	3
4	235	3233.553461689251	3
4	250	3471.149859768781	3
4	252	3479.009491823891	3
4	254	3489.232087968606	3
4	257	3532.727140095394	3
4	273	3649.049223583119	3
4	300	4097.722441185922	3
4	311	4280.189727443111	3
4	318	4418.052379165278	3
4	324	4581.673097264254	3
4	341	4841.173809694367	3
4	346	4911.114063847761	3
4	350	4958.391713280303	3
4	363	5169.696506082277	3
4	365	5211.589475207942	3
4	374	5319.510448254316	3
4	386	5521.081703376152	3
4	390	5527.081703376152	8.694688261705
4	407	5769.251396195145	3
4	414	5894.856626116448	3
4	421	6053.782918930348	3
4	424	6063.406273339901	3
4	448	6397.763284748828	3
4	452	6494.358547661284	3
4	459	6584.160555825292	3
4	464	6641.618778441466	3
4	466	6670.291575922384	3
4	491	7086.286472653398	3
4	509	7478.492450943874	3
4	525	7616.807803041118	3
4	543	7872.492064240938	3
4	546	7958.656764330557	3
4	548	7969.842581626632	3
4	567	8211.015364488843	3
4	569	8237.14932996913	3
4	577	8399.927630869939	3
4	585	8526.948237462547	3
4	614	9295.494263721985	3
4	630	9577.742767338966	3
4	636	9628.220414471537	3
4	649	9736.264140006207	3
4	669	9893.143777959998	3
4	674	9944.791254388862	3
4	681	9986.778744797788	3
4	702	10159.62447194965	3
4	718	10265.090973682614	3
4	724	10340.83875126762	3
4	728	10400.568533049983	3
4	739	10641.839172692783	3
4	745	10735.369468961809	3
4	749	10779.454283668158	3
4	759	10893.852336315472	3
4	788	11348.165983551266	3
4	805	11513.280155289478	3
4	808	11538.137080396185	3
4	814	11601.443635182722	3
4	828	11740.590119539215	3
4	838	11891.357736295678	3
4	863	12306.725691189103	3
4	880	12452.151312403873	3
4	887	12503.495189803711	3
4	908	12653.600720124661	3
4	915	12675.05138294774	3
4	938	12996.899710333389	3
4	941	13073.193525152327	3
4	952	13179.203866596475	3
4	956	13223.008187362759	3
4	958	13259.126481309653	3
4	972	13372.849145937649	3
4	985	13530.338128682125	3
4	995	13795.666259629738	3
4	1016	14094.031075799164	3
4	1038	14299.303023488503	3
4	1056	14583.937451002629	3
4	1062	14663.192159362668	3
4	1075	15016.933081724614	3
4	1088	15345.648715488599	3
4	1099	15510.348431299645	3
4	1115	15643.549360545129	3
4	1116	15649.549360545129	6.085442263445
4	1121	15661.156801105427	3
4	1136	15812.480601154262	3
4	1162	16054.530344951609	3
4	1166	16061.549360545129	3
4	1195	16574.445064425789	3
4	1200	16630.895305252333	3
4	1204	16693.521387858124	3
4	1225	16953.12732401295	3
4	1245	17264.451558824473	3
4	1250	17278.340023669006	3
4	1263	17507.287260845902	3
4	1293	17854.368300752944	3
4	1320	18180.738548530458	3
4	1331	18271.078029129571	3
4	1336	18304.273080126058	3
4	1343	18355.255315005203	3
4	1349	18406.784461179114	3
4	1367	18545.586864099949	3
4	1371	18609.316102235806	3
4	1383	18718.592877130276	3
4	1395	18852.813336144144	3
4	1403	18942.447703168854	3
4	1409	19008.823158019328	3
4	1432	19300.955339109134	3
4	1439	19365.331573671133	3
4	1457	19579.828082395055	3
4	1464	19744.025905656737	3
4	1473	19964.165693940033	3
5	118	1000.830968640989	11107
5	163	1622.726652578681	11115
5	164	1628.726652578681	11113
5	169	1672.096433010249	11114
5	172	1706.157207894548	11112
5	180	1747.720158271754	11116
5	200	2559.44153704842	11120
5	223	2812.148078949999	11124
5	235	3233.553461689251	11126
5	250	3471.149859768781	11129
5	252	3479.009491823891	11127
5	254	3489.232087968606	11128
5	257	3532.727140095394	11130
5	273	3649.049223583119	11131
5	300	4097.722441185922	11138
5	311	4280.189727443111	11137
5	318	4418.052379165278	11139
5	324	4581.673097264254	11140
5	341	4841.173809694367	11143
5	346	4911.114063847761	11142
5	350	4958.391713280303	11144
5	363	5169.696506082277	11147
5	365	5211.589475207942	11145
5	374	5319.510448254316	11148
5	386	5521.081703376152	11151
5	390	5527.081703376152	11149
5	407	5769.251396195145	11154
5	414	5894.856626116448	11155
5	421	6053.782918930348	11157
5	424	6063.406273339901	11158
5	448	6397.763284748828	11161
5	452	6494.358547661284	11162
5	459	6584.160555825292	11163
5	464	6641.618778441466	11165
5	466	6670.291575922384	11166
5	491	7086.286472653398	11167
5	509	7478.492450943874	11172
5	525	7616.807803041118	11171
5	543	7872.492064240938	11178
5	546	7958.656764330557	11176
5	548	7969.842581626632	11177
5	567	8211.015364488843	11182
5	569	8237.14932996913	11180
5	577	8399.927630869939	11181
5	585	8526.948237462547	11183
5	614	9295.494263721985	11189
5	630	9577.742767338966	11192
5	636	9628.220414471537	11191
5	649	9736.264140006207	11194
5	669	9893.143777959998	11193
5	674	9944.791254388862	11195
5	681	9986.778744797788	11197
5	702	10159.62447194965	11200
5	718	10265.090973682614	11202
5	724	10340.83875126762	11204
5	728	10400.568533049983	11205
5	739	10641.839172692783	11207
5	745	10735.369468961809	11208
5	749	10779.454283668158	11209
5	759	10893.852336315472	11210
5	788	11348.165983551266	11216
5	805	11513.280155289478	11217
5	808	11538.137080396185	11218
5	814	11601.443635182722	11220
5	828	11740.590119539215	11222
5	838	11891.357736295678	11223
5	863	12306.725691189103	11228
5	880	12452.151312403873	11232
5	887	12503.495189803711	11229
5	908	12653.600720124661	11237
5	915	12675.05138294774	11235
5	938	12996.899710333389	11240
5	941	13073.193525152327	11241
5	952	13179.203866596475	11243
5	956	13223.008187362759	11244
5	958	13259.126481309653	11245
5	972	13372.849145937649	11242
5	985	13530.338128682125	11247
5	995	13795.666259629738	11249
5	1016	14094.031075799164	11254
5	1038	14299.303023488503	11256
5	1056	14583.937451002629	11259
5	1062	14663.192159362668	11261
5	1075	15016.933081724614	11262
5	1088	15345.648715488599	11265
5	1099	15510.348431299645	11264
5	1115	15643.549360545129	11269
5	1116	15649.549360545129	11268
5	1121	15661.156801105427	11266
5	1136	15812.480601154262	11272
5	1162	16054.530344951609	11274
5	1166	16061.549360545129	11273
5	1195	16574.445064425789	11279
5	1200	16630.895305252333	11281
5	1204	16693.521387858124	11282
5	1225	16953.12732401295	11286
5	1245	17264.451558824473	11288
5	1250	17278.340023669006	11289
5	1263	17507.287260845902	11291
5	1293	17854.368300752944	11295
5	1320	18180.738548530458	11300
5	1331	18271.078029129571	11299
5	1336	18304.273080126058	11304
5	1343	18355.255315005203	11302
5	1349	18406.784461179114	11306
5	1367	18545.586864099949	11308
5	1371	18609.316102235806	11309
5	1383	18718.592877130276	11307
5	1395	18852.813336144144	11312
5	1403	18942.447703168854	11314
5	1409	19008.823158019328	11313
5	1432	19300.955339109134	11316
5	1439	19365.331573671133	11319
5	1457	19579.828082395055	11321
5	1464	19744.025905656737	11322
5	1473	19964.165693940033	11323
6	127	1190.975912836608	1
6	128	1193.975912836608	0
6	150	1518.639584194852	1
6	153	1521.639584194852	0
6	155	1566.096433010249	1
6	156	1569.096433010249	0
6	157	1576.910008652621	1
6	158	1579.910008652621	0
6	159	1600.157207894548	1
6	160	1603.157207894548	0
6	174	1722.726652578681	1
6	175	1725.726652578681	0
6	177	1739.901299329913	1
6	178	1742.901299329913	0
6	208	2659.44153704842	1
6	209	2662.44153704842	0
6	215	2706.148078949999	1
6	216	2709.148078949999	0
6	218	2784.513853517439	1
6	219	2787.513853517439	0
6	220	2788.487838186127	1
6	221	2791.487838186127	0
6	228	2990.470164703062	1
6	229	2993.470164703062	0
6	243	3383.232087968606	1
6	244	3386.232087968606	0
6	261	3571.149859768781	1
6	262	3574.149859768781	0
6	270	3632.727140095394	1
6	271	3635.727140095394	0
6	275	3677.856944041229	1
6	276	3680.856944041229	0
6	280	3720.918597871216	1
6	281	3723.918597871216	0
6	303	4174.189727443111	1
6	304	4177.189727443111	0
6	306	4197.722441185922	1
6	307	4200.722441185922	0
6	319	4475.673097264254	1
6	320	4478.673097264254	0
6	334	4735.173809694367	1
6	335	4738.173809694367	0
6	338	4805.114063847761	1
6	339	4808.114063847761	0
6	358	5105.589475207942	1
6	359	5108.589475207942	0
6	366	5213.510448254316	1
6	367	5216.510448254316	0
6	368	5269.696506082277	1
6	369	5272.696506082277	0
6	378	5418.173313180444	1
6	381	5421.173313180444	0
6	408	5788.856626116448	1
6	409	5791.856626116448	0
6	410	5856.390053635511	1
6	411	5859.390053635511	0
6	428	6163.406273339901	1
6	429	6166.406273339901	0
6	441	6344.605160017658	1
6	442	6347.605160017658	0
6	443	6388.358547661284	1
6	444	6391.358547661284	0
6	445	6392.825999348639	1
6	447	6395.825999348639	0
6	470	6741.618778441466	1
6	471	6744.618778441466	0
6	474	6809.582995518603	1
6	475	6812.582995518603	0
6	481	6944.663061877405	1
6	482	6947.663061877405	0
6	484	6980.286472653398	1
6	485	6983.286472653398	0
6	496	7256.692138425558	1
6	497	7259.692138425558	0
6	508	7476.517985736952	1
6	510	7479.517985736952	0
6	514	7510.807803041118	1
6	515	7513.807803041118	0
6	519	7603.143795841228	1
6	520	7606.143795841228	0
6	538	7852.656764330557	1
6	539	7855.656764330557	0
6	540	7863.842581626632	1
6	541	7866.842581626632	0
6	549	7972.492064240938	1
6	550	7975.492064240938	0
6	558	8104.580058167306	1
6	559	8107.580058167306	0
6	561	8131.14932996913	1
6	562	8134.14932996913	0
6	570	8293.927630869939	1
6	571	8296.927630869939	0
6	579	8420.948237462547	1
6	580	8423.948237462547	0
6	615	9322.446055007269	1
6	616	9325.446055007269	0
6	625	9505.03160478211	1
6	626	9508.03160478211	0
6	627	9522.220414471537	1
6	628	9525.220414471537	0
6	654	9787.143777959998	1
6	655	9790.143777959998	0
6	656	9824.819189245021	1
6	657	9827.819189245021	0
6	660	9838.791254388862	1
6	662	9841.791254388862	0
6	665	9880.778744797788	1
6	667	9883.778744797788	0
6	686	10053.62447194965	1
6	688	10056.62447194965	0
6	701	10159.317933121483	1
6	704	10162.317933121483	0
6	705	10178.259477098163	1
6	706	10178.645896234512	2
6	707	10181.259477098163	1
6	708	10187.259477098163	0
6	710	10201.516188423784	1
6	711	10204.516188423784	0
6	730	10500.568533049983	1
6	731	10503.568533049983	0
6	735	10618.009935189155	1
6	736	10621.009935189155	0
6	750	10787.852336315472	1
6	751	10790.852336315472	0
6	753	10835.369468961809	1
6	754	10838.369468961809	0
6	756	10879.454283668158	1
6	757	10882.454283668158	0
6	764	11028.772580212187	1
6	765	11031.772580212187	0
6	770	11144.786191501996	1
6	771	11147.786191501996	0
6	781	11274.436790415666	1
6	782	11277.436790415666	0
6	816	11616.242938423315	1
6	817	11619.242938423315	0
6	821	11686.224953209599	1
6	822	11689.224953209599	0
6	839	11904.080727094197	1
6	840	11907.080727094197	0
6	855	12164.298683789301	1
6	856	12167.298683789301	0
6	870	12397.495189803711	1
6	871	12400.495189803711	0
6	897	12569.05138294774	1
6	898	12572.05138294774	0
6	917	12682.595069184412	1
6	918	12685.595069184412	0
6	930	12796.482824166062	1
6	931	12799.482824166062	0
6	943	13096.899710333389	1
6	944	13099.899710333389	0
6	959	13266.849145937649	1
6	960	13269.849145937649	0
6	964	13293.003145246416	1
6	965	13296.003145246416	0
6	975	13424.338128682125	1
6	977	13427.338128682125	0
6	987	13569.807765022241	1
6	988	13572.807765022241	0
6	1000	13922.026031715196	1
6	1001	13925.026031715196	0
6	1022	14135.561752686253	1
6	1023	14138.561752686253	0
6	1024	14189.720687985106	1
6	1025	14192.720687985106	0
6	1032	14220.304996901569	1
6	1033	14223.304996901569	0
6	1047	14411.303023488503	1
6	1048	14414.303023488503	0
6	1063	14683.937451002629	1
6	1064	14686.937451002629	0
6	1065	14699.069023854602	1
6	1066	14702.069023854602	0
6	1081	15241.305373769575	1
6	1083	15244.305373769575	0
6	1090	15404.348431299645	1
6	1091	15407.348431299645	0
6	1102	15540.463918281684	1
6	1104	15543.463918281684	0
6	1107	15555.156801105427	1
6	1109	15558.156801105427	0
6	1124	15735.22154859895	1
6	1125	15738.22154859895	0
6	1148	15912.480601154262	1
6	1149	15915.480601154262	0
6	1154	15955.549360545129	1
6	1156	15958.549360545129	0
6	1157	15978.01808687242	1
6	1158	15981.01808687242	0
6	1175	16262.996698530039	1
6	1177	16265.996698530039	0
6	1178	16273.054521040502	1
6	1179	16276.054521040502	0
6	1188	16468.445064425789	1
6	1189	16471.445064425789	0
6	1207	16730.895305252333	1
6	1208	16733.895305252333	0
6	1218	16856.460154672334	1
6	1219	16859.460154672334	0
6	1220	16863.512975907871	1
6	1221	16866.512975907871	0
6	1254	17377.19212707017	1
6	1256	17380.19212707017	0
6	1282	17795.251471700466	1
6	1283	17798.251471700466	0
6	1287	17840.748281446166	1
6	1288	17843.748281446166	0
6	1289	17844.618075483745	1
6	1290	17847.618075483745	0
6	1311	18125.051314246022	1
6	1312	18128.051314246022	0
6	1317	18165.078029129571	1
6	1318	18168.078029129571	0
6	1326	18249.255315005203	1
6	1328	18252.255315005203	0
6	1332	18280.738548530458	1
6	1333	18283.738548530458	0
6	1348	18404.273080126058	1
6	1350	18407.273080126058	0
6	1351	18407.467245763883	1
6	1353	18410.467245763883	0
6	1360	18506.784461179114	1
6	1363	18509.784461179114	0
6	1373	18612.592877130276	1
6	1374	18615.592877130276	0
6	1375	18645.586864099949	1
6	1376	18648.586864099949	0
6	1390	18816.092230695353	1
6	1392	18819.092230695353	0
6	1406	18969.50405285442	1
6	1407	18972.50405285442	0
6	1433	19337.39472777302	1
6	1434	19340.39472777302	0
6	1444	19443.960978560244	1
6	1445	19446.960978560244	0
6	1449	19473.828082395055	1
6	1450	19476.828082395055	0
6	1467	19844.025905656737	1
6	1468	19847.025905656737	0
6	1469	19858.165693940033	1
6	1470	19861.165693940033	0
7	128	1193.975912836608	3
7	153	1521.639584194852	3
7	156	1569.096433010249	3
7	158	1579.910008652621	3
7	160	1603.157207894548	3
7	175	1725.726652578681	3
7	178	1742.901299329913	3
7	209	2662.44153704842	3
7	216	2709.148078949999	3
7	219	2787.513853517439	3
7	221	2791.487838186127	3
7	229	2993.470164703062	3
7	244	3386.232087968606	3
7	262	3574.149859768781	3
7	271	3635.727140095394	3
7	276	3680.856944041229	3
7	281	3723.918597871216	3
7	304	4177.189727443111	3
7	307	4200.722441185922	3
7	320	4478.673097264254	3
7	335	4738.173809694367	3
7	339	4808.114063847761	3
7	359	5108.589475207942	3
7	367	5216.510448254316	3
7	369	5272.696506082277	3
7	381	5421.173313180444	3
7	409	5791.856626116448	3
7	411	5859.390053635511	3
7	429	6166.406273339901	3
7	442	6347.605160017658	3
7	444	6391.358547661284	3
7	447	6395.825999348639	3
7	471	6744.618778441466	3
7	475	6812.582995518603	3
7	482	6947.663061877405	3
7	485	6983.286472653398	3
7	497	7259.692138425558	3
7	510	7479.517985736952	3
7	515	7513.807803041118	3
7	520	7606.143795841228	3
7	539	7855.656764330557	3
7	541	7866.842581626632	3
7	550	7975.492064240938	3
7	559	8107.580058167306	3
7	562	8134.14932996913	3
7	571	8296.927630869939	3
7	580	8423.948237462547	3
7	616	9325.446055007269	3
7	626	9508.03160478211	3
7	628	9525.220414471537	3
7	655	9790.143777959998	3
7	657	9827.819189245021	3
7	662	9841.791254388862	3
7	667	9883.778744797788	3
7	688	10056.62447194965	3
7	704	10162.317933121483	3
7	707	10181.259477098163	3
7	708	10187.259477098163	8.613580863651
7	711	10204.516188423784	3
7	731	10503.568533049983	3
7	736	10621.009935189155	3
7	751	10790.852336315472	3
7	754	10838.369468961809	3
7	757	10882.454283668158	3
7	765	11031.772580212187	3
7	771	11147.786191501996	3
7	782	11277.436790415666	3
7	817	11619.242938423315	3
7	822	11689.224953209599	3
7	840	11907.080727094197	3
7	856	12167.298683789301	3
7	871	12400.495189803711	3
7	898	12572.05138294774	3
7	918	12685.595069184412	3
7	931	12799.482824166062	3
7	944	13099.899710333389	3
7	960	13269.849145937649	3
7	965	13296.003145246416	3
7	977	13427.338128682125	3
7	988	13572.807765022241	3
7	1001	13925.026031715196	3
7	1023	14138.561752686253	3
7	1025	14192.720687985106	3
7	1033	14223.304996901569	3
7	1048	14414.303023488503	3
7	1064	14686.937451002629	3
7	1066	14702.069023854602	3
7	1083	15244.305373769575	3
7	1091	15407.348431299645	3
7	1104	15543.463918281684	3
7	1109	15558.156801105427	3
7	1125	15738.22154859895	3
7	1149	15915.480601154262	3
7	1156	15958.549360545129	3
7	1158	15981.01808687242	3
7	1177	16265.996698530039	3
7	1179	16276.054521040502	3
7	1189	16471.445064425789	3
7	1208	16733.895305252333	3
7	1219	16859.460154672334	3
7	1221	16866.512975907871	3
7	1256	17380.19212707017	3
7	1283	17798.251471700466	3
7	1288	17843.748281446166	3
7	1290	17847.618075483745	3
7	1312	18128.051314246022	3
7	1318	18168.078029129571	3
7	1328	18252.255315005203	3
7	1333	18283.738548530458	3
7	1350	18407.273080126058	3
7	1353	18410.467245763883	3
7	1363	18509.784461179114	3
7	1374	18615.592877130276	3
7	1376	18648.586864099949	3
7	1392	18819.092230695353	3
7	1407	18972.50405285442	3
7	1434	19340.39472777302	3
7	1445	19446.960978560244	3
7	1450	19476.828082395055	3
7	1468	19847.025905656737	3
7	1470	19861.165693940033	3
8	128	1193.975912836608	11109
8	153	1521.639584194852	11113
8	156	1569.096433010249	11114
8	158	1579.910008652621	11111
8	160	1603.157207894548	11112
8	175	1725.726652578681	11115
8	178	1742.901299329913	11117
8	209	2662.44153704842	11120
8	216	2709.148078949999	11124
8	219	2787.513853517439	11121
8	221	2791.487838186127	11122
8	229	2993.470164703062	11125
8	244	3386.232087968606	11128
8	262	3574.149859768781	11129
8	271	3635.727140095394	11130
8	276	3680.856944041229	11133
8	281	3723.918597871216	11132
8	304	4177.189727443111	11137
8	307	4200.722441185922	11138
8	320	4478.673097264254	11140
8	335	4738.173809694367	11143
8	339	4808.114063847761	11142
8	359	5108.589475207942	11145
8	367	5216.510448254316	11148
8	369	5272.696506082277	11147
8	381	5421.173313180444	11150
8	409	5791.856626116448	11155
8	411	5859.390053635511	11156
8	429	6166.406273339901	11158
8	442	6347.605160017658	11159
8	444	6391.358547661284	11162
8	447	6395.825999348639	11160
8	471	6744.618778441466	11165
8	475	6812.582995518603	11164
8	482	6947.663061877405	11168
8	485	6983.286472653398	11167
8	497	7259.692138425558	11169
8	510	7479.517985736952	11173
8	515	7513.807803041118	11171
8	520	7606.143795841228	11170
8	539	7855.656764330557	11176
8	541	7866.842581626632	11177
8	550	7975.492064240938	11178
8	559	8107.580058167306	11179
8	562	8134.14932996913	11180
8	571	8296.927630869939	11181
8	580	8423.948237462547	11183
8	616	9325.446055007269	11188
8	626	9508.03160478211	11190
8	628	9525.220414471537	11191
8	655	9790.143777959998	11193
8	657	9827.819189245021	11196
8	662	9841.791254388862	11195
8	667	9883.778744797788	11197
8	688	10056.62447194965	11200
8	704	10162.317933121483	11198
8	707	10181.259477098163	11199
8	708	10187.259477098163	11203
8	711	10204.516188423784	11201
8	731	10503.568533049983	11205
8	736	10621.009935189155	11206
8	751	10790.852336315472	11210
8	754	10838.369468961809	11208
8	757	10882.454283668158	11209
8	765	11031.772580212187	11211
8	771	11147.786191501996	11212
8	782	11277.436790415666	11214
8	817	11619.242938423315	11221
8	822	11689.224953209599	11219
8	840	11907.080727094197	11224
8	856	12167.298683789301	11226
8	871	12400.495189803711	11229
8	898	12572.05138294774	11235
8	918	12685.595069184412	11233
8	931	12799.482824166062	11236
8	944	13099.899710333389	11240
8	960	13269.849145937649	11242
8	965	13296.003145246416	11246
8	977	13427.338128682125	11247
8	988	13572.807765022241	11248
8	1001	13925.026031715196	11250
8	1023	14138.561752686253	11255
8	1025	14192.720687985106	11253
8	1033	14223.304996901569	11251
8	1048	14414.303023488503	11257
8	1064	14686.937451002629	11259
8	1066	14702.069023854602	11258
8	1083	15244.305373769575	11263
8	1091	15407.348431299645	11264
8	1104	15543.463918281684	11268
8	1109	15558.156801105427	11266
8	1125	15738.22154859895	11267
8	1149	15915.480601154262	11272
8	1156	15958.549360545129	11273
8	1158	15981.01808687242	11276
8	1177	16265.996698530039	11277
8	1179	16276.054521040502	11278
8	1189	16471.445064425789	11279
8	1208	16733.895305252333	11281
8	1219	16859.460154672334	11284
8	1221	16866.512975907871	11285
8	1256	17380.19212707017	11290
8	1283	17798.251471700466	11292
8	1288	17843.748281446166	11293
8	1290	17847.618075483745	11296
8	1312	18128.051314246022	11297
8	1318	18168.078029129571	11299
8	1328	18252.255315005203	11302
8	1333	18283.738548530458	11300
8	1350	18407.273080126058	11304
8	1353	18410.467245763883	11305
8	1363	18509.784461179114	11306
8	1374	18615.592877130276	11307
8	1376	18648.586864099949	11308
8	1392	18819.092230695353	11311
8	1407	18972.50405285442	11315
8	1434	19340.39472777302	11318
8	1445	19446.960978560244	11320
8	1450	19476.828082395055	11321
8	1468	19847.025905656737	11322
8	1470	19861.165693940033	11323
9	124	1116.667836233749	1
9	125	1119.667836233749	0
9	133	1293.975912836608	1
9	134	1296.975912836608	0
9	142	1418.416133483344	1
9	144	1421.416133483344	0
9	146	1473.910008652621	1
9	147	1476.910008652621	0
9	148	1497.157207894548	1
9	149	1500.157207894548	0
9	183	1810.019129019774	1
9	185	1813.019129019774	0
9	189	1912.596656133099	1
9	191	1915.596656133099	0
9	205	2591.303693708276	1
9	206	2594.303693708276	0
9	210	2681.513853517439	1
9	211	2684.513853517439	0
9	212	2685.487838186127	1
9	213	2688.487838186127	0
9	230	3093.470164703062	1
9	231	3096.470164703062	0
9	246	3436.553461689251	1
9	247	3439.553461689251	0
9	268	3617.918597871216	1
9	269	3620.918597871216	0
9	278	3698.468326491072	1
9	279	3701.468326491072	0
9	290	3981.018586159317	1
9	291	3984.018586159317	0
9	293	4001.427654138723	1
9	294	4004.427654138723	0
9	295	4071.189727443111	1
9	296	4074.189727443111	0
9	332	4702.114063847761	1
9	333	4705.114063847761	0
9	351	5002.589475207942	1
9	352	5005.589475207942	0
9	387	5521.173313180444	1
9	389	5524.173313180444	0
9	391	5545.039837905749	1
9	392	5548.039837905749	0
9	399	5663.868105250938	1
9	401	5666.868105250938	0
9	416	5959.390053635511	1
9	418	5962.390053635511	0
9	432	6241.605160017658	1
9	433	6244.605160017658	0
9	437	6289.825999348639	1
9	439	6292.825999348639	0
9	468	6706.582995518603	1
9	469	6709.582995518603	0
9	478	6877.286472653398	1
9	479	6880.286472653398	0
9	486	7047.663061877405	1
9	487	7050.663061877405	0
9	493	7153.692138425558	1
9	494	7156.692138425558	0
9	505	7407.807803041118	1
9	506	7410.807803041118	0
9	511	7500.143795841228	1
9	512	7503.143795841228	0
9	521	7606.896439644048	1
9	522	7609.896439644048	0
9	551	8001.580058167306	1
9	552	8004.580058167306	0
9	563	8190.927630869939	1
9	564	8193.927630869939	0
9	588	8609.894107050851	1
9	589	8612.894107050851	0
9	601	8978.9963262305	1
9	602	8981.9963262305	0
9	603	9026.943133129162	1
9	604	9029.943133129162	0
9	611	9219.446055007269	1
9	612	9222.446055007269	0
9	623	9498.494263721985	1
9	624	9501.494263721985	0
9	633	9608.03160478211	1
9	634	9611.03160478211	0
9	641	9684.143777959998	1
9	642	9687.143777959998	0
9	648	9735.791254388862	1
9	650	9738.791254388862	0
9	651	9780.742767338966	1
9	653	9783.742767338966	0
9	670	9927.819189245021	1
9	671	9930.819189245021	0
9	687	10056.317933121483	1
9	690	10059.317933121483	0
9	691	10075.259477098163	1
9	692	10078.259477098163	0
9	696	10098.516188423784	1
9	697	10101.516188423784	0
9	742	10721.009935189155	1
9	743	10724.009935189155	0
9	774	11171.436790415666	1
9	775	11174.436790415666	0
9	778	11247.786191501996	1
9	779	11250.786191501996	0
9	783	11281.479086286636	1
9	784	11284.479086286636	0
9	809	11551.165983551266	1
9	810	11554.165983551266	0
9	811	11583.224953209599	1
9	812	11586.224953209599	0
9	825	11719.242938423315	1
9	826	11722.242938423315	0
9	832	11804.443635182722	1
9	833	11807.443635182722	0
9	847	12007.080727094197	1
9	848	12010.080727094197	0
9	850	12061.298683789301	1
9	851	12064.298683789301	0
9	858	12242.252129138374	1
9	859	12245.252129138374	0
9	874	12419.550739182916	1
9	875	12422.550739182916	0
9	890	12541.037197818116	1
9	891	12544.037197818116	0
9	900	12579.595069184412	1
9	901	12582.595069184412	0
9	911	12658.29954446257	1
9	912	12661.29954446257	0
9	914	12673.135609004016	1
9	916	12676.135609004016	0
9	919	12693.482824166062	1
9	920	12696.482824166062	0
9	947	13163.849145937649	1
9	948	13166.849145937649	0
9	976	13426.008187362759	1
9	978	13429.008187362759	0
9	979	13462.126481309653	1
9	980	13465.126481309653	0
9	990	13672.807765022241	1
9	991	13675.807765022241	0
9	1012	14086.720687985106	1
9	1013	14089.720687985106	0
9	1018	14117.304996901569	1
9	1019	14120.304996901569	0
9	1020	14132.557274571273	1
9	1021	14135.557274571273	0
9	1039	14302.303023488503	1
9	1040	14305.303023488503	0
9	1041	14308.303023488503	1
9	1042	14311.303023488503	0
9	1057	14596.069023854602	1
9	1058	14599.069023854602	0
9	1078	15138.305373769575	1
9	1079	15141.305373769575	0
9	1084	15301.348431299645	1
9	1085	15304.348431299645	0
9	1096	15452.156801105427	1
9	1097	15455.156801105427	0
9	1105	15548.648715488599	1
9	1106	15551.648715488599	0
9	1111	15632.22154859895	1
9	1112	15635.22154859895	0
9	1118	15656.769243171339	1
9	1120	15659.769243171339	0
9	1138	15846.549360545129	1
9	1139	15848.185324799379	2
9	1141	15849.549360545129	1
9	1143	15855.549360545129	0
9	1146	15887.755703141631	1
9	1147	15890.755703141631	0
9	1153	15953.550740156556	1
9	1155	15956.550740156556	0
9	1167	16081.01808687242	1
9	1168	16084.01808687242	0
9	1181	16365.445064425789	1
9	1182	16365.996698530039	2
9	1183	16368.445064425789	1
9	1184	16374.445064425789	0
9	1186	16420.620905239475	1
9	1187	16423.620905239475	0
9	1205	16727.032680249684	1
9	1206	16730.032680249684	0
9	1209	16753.460154672334	1
9	1210	16756.460154672334	0
9	1227	16966.512975907871	1
9	1228	16969.512975907871	0
9	1235	17156.12732401295	1
9	1236	17157.30747219643	2
9	1238	17159.12732401295	1
9	1240	17165.12732401295	0
9	1259	17480.19212707017	1
9	1260	17483.19212707017	0
9	1273	17692.251471700466	1
9	1274	17695.251471700466	0
9	1277	17737.748281446166	1
9	1278	17740.748281446166	0
9	1285	17830.021662002805	1
9	1286	17833.021662002805	0
9	1304	18022.051314246022	1
9	1305	18025.051314246022	0
9	1306	18052.024461446711	1
9	1307	18055.024461446711	0
9	1308	18062.078029129571	1
9	1309	18065.078029129571	0
9	1324	18241.279482808728	1
9	1325	18244.279482808728	0
9	1337	18304.467245763883	1
9	1338	18307.467245763883	0
9	1342	18352.575804839939	1
9	1344	18355.575804839939	0
9	1362	18509.592877130276	1
9	1365	18512.592877130276	0
9	1377	18696.953263245854	1
9	1378	18699.953263245854	0
9	1400	18919.092230695353	1
9	1401	18922.092230695353	0
9	1413	19055.813336144144	1
9	1414	19058.813336144144	0
9	1415	19072.50405285442	1
9	1416	19075.50405285442	0
9	1419	19145.447703168854	1
9	1420	19148.447703168854	0
9	1436	19358.706716289363	1
9	1437	19361.706716289363	0
9	1442	19440.39472777302	1
9	1443	19443.39472777302	0
9	1452	19546.960978560244	1
9	1453	19549.960978560244	0
9	1454	19568.331573671133	1
9	1455	19571.331573671133	0
10	125	1119.667836233749	3
10	134	1296.975912836608	3
10	144	1421.416133483344	3
10	147	1476.910008652621	3
10	149	1500.157207894548	3
10	185	1813.019129019774	3
10	191	1915.596656133099	3
10	206	2594.303693708276	3
10	211	2684.513853517439	3
10	213	2688.487838186127	3
10	231	3096.470164703062	3
10	247	3439.553461689251	3
10	269	3620.918597871216	3
10	279	3701.468326491072	3
10	291	3984.018586159317	3
10	294	4004.427654138723	3
10	296	4074.189727443111	3
10	333	4705.114063847761	3
10	352	5005.589475207942	3
10	389	5524.173313180444	3
10	392	5548.039837905749	3
10	401	5666.868105250938	3
10	418	5962.390053635511	3
10	433	6244.605160017658	3
10	439	6292.825999348639	3
10	469	6709.582995518603	3
10	479	6880.286472653398	3
10	487	7050.663061877405	3
10	494	7156.692138425558	3
10	506	7410.807803041118	3
10	512	7503.143795841228	3
10	522	7609.896439644048	3
10	552	8004.580058167306	3
10	564	8193.927630869939	3
10	589	8612.894107050851	3
10	602	8981.9963262305	3
10	604	9029.943133129162	3
10	612	9222.446055007269	3
10	624	9501.494263721985	3
10	634	9611.03160478211	3
10	642	9687.143777959998	3
10	650	9738.791254388862	3
10	653	9783.742767338966	3
10	671	9930.819189245021	3
10	690	10059.317933121483	3
10	692	10078.259477098163	3
10	697	10101.516188423784	3
10	743	10724.009935189155	3
10	775	11174.436790415666	3
10	779	11250.786191501996	3
10	784	11284.479086286636	3
10	810	11554.165983551266	3
10	812	11586.224953209599	3
10	826	11722.242938423315	3
10	833	11807.443635182722	3
10	848	12010.080727094197	3
10	851	12064.298683789301	3
10	859	12245.252129138374	3
10	875	12422.550739182916	3
10	891	12544.037197818116	3
10	901	12582.595069184412	3
10	912	12661.29954446257	3
10	916	12676.135609004016	3
10	920	12696.482824166062	3
10	948	13166.849145937649	3
10	978	13429.008187362759	3
10	980	13465.126481309653	3
10	991	13675.807765022241	3
10	1013	14089.720687985106	3
10	1019	14120.304996901569	3
10	1021	14135.557274571273	3
10	1040	14305.303023488503	3
10	1042	14311.303023488503	3
10	1058	14599.069023854602	3
10	1079	15141.305373769575	3
10	1085	15304.348431299645	3
10	1097	15455.156801105427	3
10	1106	15551.648715488599	3
10	1112	15635.22154859895	3
10	1120	15659.769243171339	3
10	1141	15849.549360545129	3
10	1143	15855.549360545129	7.36403574575
10	1147	15890.755703141631	3
10	1155	15956.550740156556	3
10	1168	16084.01808687242	3
10	1183	16368.445064425789	3
10	1184	16374.445064425789	8.44836589575
10	1187	16423.620905239475	3
10	1206	16730.032680249684	3
10	1210	16756.460154672334	3
10	1228	16969.512975907871	3
10	1238	17159.12732401295	3
10	1240	17165.12732401295	7.81985181652
10	1260	17483.19212707017	3
10	1274	17695.251471700466	3
10	1278	17740.748281446166	3
10	1286	17833.021662002805	3
10	1305	18025.051314246022	3
10	1307	18055.024461446711	3
10	1309	18065.078029129571	3
10	1325	18244.279482808728	3
10	1338	18307.467245763883	3
10	1344	18355.575804839939	3
10	1365	18512.592877130276	3
10	1378	18699.953263245854	3
10	1401	18922.092230695353	3
10	1414	19058.813336144144	3
10	1416	19075.50405285442	3
10	1420	19148.447703168854	3
10	1437	19361.706716289363	3
10	1443	19443.39472777302	3
10	1453	19549.960978560244	3
10	1455	19571.331573671133	3
11	125	1119.667836233749	11108
11	134	1296.975912836608	11109
11	144	1421.416133483344	11110
11	147	1476.910008652621	11111
11	149	1500.157207894548	11112
11	185	1813.019129019774	11118
11	191	1915.596656133099	11119
11	206	2594.303693708276	11123
11	211	2684.513853517439	11121
11	213	2688.487838186127	11122
11	231	3096.470164703062	11125
11	247	3439.553461689251	11126
11	269	3620.918597871216	11132
11	279	3701.468326491072	11134
11	291	3984.018586159317	11135
11	294	4004.427654138723	11136
11	296	4074.189727443111	11137
11	333	4705.114063847761	11142
11	352	5005.589475207942	11145
11	389	5524.173313180444	11150
11	392	5548.039837905749	11152
11	401	5666.868105250938	11153
11	418	5962.390053635511	11156
11	433	6244.605160017658	11159
11	439	6292.825999348639	11160
11	469	6709.582995518603	11164
11	479	6880.286472653398	11167
11	487	7050.663061877405	11168
11	494	7156.692138425558	11169
11	506	7410.807803041118	11171
11	512	7503.143795841228	11170
11	522	7609.896439644048	11174
11	552	8004.580058167306	11179
11	564	8193.927630869939	11181
11	589	8612.894107050851	11185
11	602	8981.9963262305	11187
11	604	9029.943133129162	11186
11	612	9222.446055007269	11188
11	624	9501.494263721985	11189
11	634	9611.03160478211	11190
11	642	9687.143777959998	11193
11	650	9738.791254388862	11195
11	653	9783.742767338966	11192
11	671	9930.819189245021	11196
11	690	10059.317933121483	11198
11	692	10078.259477098163	11199
11	697	10101.516188423784	11201
11	743	10724.009935189155	11206
11	775	11174.436790415666	11214
11	779	11250.786191501996	11212
11	784	11284.479086286636	11215
11	810	11554.165983551266	11216
11	812	11586.224953209599	11219
11	826	11722.242938423315	11221
11	833	11807.443635182722	11220
11	848	12010.080727094197	11224
11	851	12064.298683789301	11226
11	859	12245.252129138374	11227
11	875	12422.550739182916	11230
11	891	12544.037197818116	11231
11	901	12582.595069184412	11233
11	912	12661.29954446257	11234
11	916	12676.135609004016	11238
11	920	12696.482824166062	11236
11	948	13166.849145937649	11242
11	978	13429.008187362759	11244
11	980	13465.126481309653	11245
11	991	13675.807765022241	11248
11	1013	14089.720687985106	11253
11	1019	14120.304996901569	11251
11	1021	14135.557274571273	11252
11	1040	14305.303023488503	11254
11	1042	14311.303023488503	11257
11	1058	14599.069023854602	11258
11	1079	15141.305373769575	11263
11	1085	15304.348431299645	11264
11	1097	15455.156801105427	11266
11	1106	15551.648715488599	11265
11	1112	15635.22154859895	11267
11	1120	15659.769243171339	11270
11	1141	15849.549360545129	11269
11	1143	15855.549360545129	11273
11	1147	15890.755703141631	11271
11	1155	15956.550740156556	11275
11	1168	16084.01808687242	11276
11	1183	16368.445064425789	11279
11	1184	16374.445064425789	11277
11	1187	16423.620905239475	11280
11	1206	16730.032680249684	11283
11	1210	16756.460154672334	11284
11	1228	16969.512975907871	11285
11	1238	17159.12732401295	11286
11	1240	17165.12732401295	11287
11	1260	17483.19212707017	11290
11	1274	17695.251471700466	11292
11	1278	17740.748281446166	11293
11	1286	17833.021662002805	11294
11	1305	18025.051314246022	11297
11	1307	18055.024461446711	11298
11	1309	18065.078029129571	11299
11	1325	18244.279482808728	11301
11	1338	18307.467245763883	11305
11	1344	18355.575804839939	11303
11	1365	18512.592877130276	11307
11	1378	18699.953263245854	11310
11	1401	18922.092230695353	11311
11	1414	19058.813336144144	11312
11	1416	19075.50405285442	11315
11	1420	19148.447703168854	11314
11	1437	19361.706716289363	11317
11	1443	19443.39472777302	11318
11	1453	19549.960978560244	11320
11	1455	19571.331573671133	11319
12	126	1121.648139482489	409
12	194	2016.019129019774	306
12	308	4207.427654138723	306
12	331	4690.438931350575	203
12	434	6256.782918930348	306
12	526	7681.492450943874	306
12	536	7812.896439644048	306
12	537	7817.591958928165	203
12	578	8414.015364488843	306
12	592	8688.186416591474	203
12	609	9184.9963262305	306
12	709	10189.778744797788	409
12	725	10362.62447194965	409
12	755	10844.839172692783	306
12	802	11487.479086286636	306
12	852	12094.357736295678	306
12	973	13382.203866596475	306
12	1005	13998.666259629738	306
12	1144	15862.769243171339	306
12	1223	16933.032680249684	306
12	1253	17368.12732401295	310.81985181652
12	1389	18812.316102235806	306
12	1466	19782.828082395055	409
13	126	1121.648139482489	9
13	194	2016.019129019774	6
13	308	4207.427654138723	6
13	331	4690.438931350575	3
13	434	6256.782918930348	6
13	526	7681.492450943874	6
13	536	7812.896439644048	6
13	537	7817.591958928165	3
13	578	8414.015364488843	6
13	592	8688.186416591474	3
13	609	9184.9963262305	6
13	709	10189.778744797788	9
13	725	10362.62447194965	9
13	755	10844.839172692783	6
13	802	11487.479086286636	6
13	852	12094.357736295678	6
13	973	13382.203866596475	6
13	1005	13998.666259629738	6
13	1144	15862.769243171339	6
13	1223	16933.032680249684	6
13	1253	17368.12732401295	10.81985181652
13	1389	18812.316102235806	6
13	1466	19782.828082395055	9
14	126	1121.648139482489	3
14	194	2016.019129019774	2
14	308	4207.427654138723	2
14	331	4690.438931350575	1
14	434	6256.782918930348	2
14	526	7681.492450943874	2
14	536	7812.896439644048	2
14	537	7817.591958928165	1
14	578	8414.015364488843	2
14	592	8688.186416591474	1
14	609	9184.9963262305	2
14	709	10189.778744797788	3
14	725	10362.62447194965	3
14	755	10844.839172692783	2
14	802	11487.479086286636	2
14	852	12094.357736295678	2
14	973	13382.203866596475	2
14	1005	13998.666259629738	2
14	1144	15862.769243171339	2
14	1223	16933.032680249684	2
14	1253	17368.12732401295	2
14	1389	18812.316102235806	2
14	1466	19782.828082395055	3
15	123	1100.830968640989	203
15	181	1772.096433010249	306
15	188	1847.720158271754	306
15	227	2912.148078949999	306
15	283	3749.049223583119	306
15	316	4380.189727443111	409
15	348	4941.173809694367	306
15	356	5058.391713280303	306
15	370	5311.589475207942	409
15	397	5627.081703376152	311.6946882617
15	454	6497.763284748828	306
15	460	6594.358547661284	306
15	467	6684.160555825292	203
15	472	6770.291575922384	203
15	495	7186.286472653398	409
15	531	7716.807803041118	409
15	554	8058.656764330557	306
15	582	8499.927630869939	409
15	682	9993.143777959998	409
15	729	10440.83875126762	306
15	763	10993.852336315472	306
15	819	11638.137080396185	306
15	927	12775.05138294774	306
15	982	13472.849145937649	409
15	989	13630.338128682125	306
15	1077	15116.933081724614	203
15	1129	15749.549360545129	309.08544226344
15	1169	16154.530344951609	306
15	1171	16161.549360545129	413.36403574575
15	1252	17364.451558824473	306
15	1255	17378.340023669006	306
15	1391	18818.592877130276	409
15	1418	19108.823158019328	306
16	123	1100.830968640989	3
16	181	1772.096433010249	6
16	188	1847.720158271754	6
16	227	2912.148078949999	6
16	283	3749.049223583119	6
16	316	4380.189727443111	9
16	348	4941.173809694367	6
16	356	5058.391713280303	6
16	370	5311.589475207942	9
16	397	5627.081703376152	11.694688261705
16	454	6497.763284748828	6
16	460	6594.358547661284	6
16	467	6684.160555825292	3
16	472	6770.291575922384	3
16	495	7186.286472653398	9
16	531	7716.807803041118	9
16	554	8058.656764330557	6
16	582	8499.927630869939	9
16	682	9993.143777959998	9
16	729	10440.83875126762	6
16	763	10993.852336315472	6
16	819	11638.137080396185	6
16	927	12775.05138294774	6
16	982	13472.849145937649	9
16	989	13630.338128682125	6
16	1077	15116.933081724614	3
16	1129	15749.549360545129	9.085442263445
16	1169	16154.530344951609	6
16	1171	16161.549360545129	13.36403574575
16	1252	17364.451558824473	6
16	1255	17378.340023669006	6
16	1391	18818.592877130276	9
16	1418	19108.823158019328	6
17	123	1100.830968640989	1
17	181	1772.096433010249	2
17	188	1847.720158271754	2
17	227	2912.148078949999	2
17	283	3749.049223583119	2
17	316	4380.189727443111	3
17	348	4941.173809694367	2
17	356	5058.391713280303	2
17	370	5311.589475207942	3
17	397	5627.081703376152	2
17	454	6497.763284748828	2
17	460	6594.358547661284	2
17	467	6684.160555825292	1
17	472	6770.291575922384	1
17	495	7186.286472653398	3
17	531	7716.807803041118	3
17	554	8058.656764330557	2
17	582	8499.927630869939	3
17	682	9993.143777959998	3
17	729	10440.83875126762	2
17	763	10993.852336315472	2
17	819	11638.137080396185	2
17	927	12775.05138294774	2
17	982	13472.849145937649	3
17	989	13630.338128682125	2
17	1077	15116.933081724614	1
17	1129	15749.549360545129	2
17	1169	16154.530344951609	2
17	1171	16161.549360545129	3
17	1252	17364.451558824473	2
17	1255	17378.340023669006	2
17	1391	18818.592877130276	3
17	1418	19108.823158019328	2
18	176	1728.726652578681	310.08706838383
18	182	1806.157207894548	409
18	264	3579.009491823891	306
18	322	4518.052379165278	306
18	353	5011.114063847761	409
18	412	5869.251396195145	203
18	419	5994.856626116448	306
18	555	8069.842581626632	306
18	575	8337.14932996913	306
18	685	10044.791254388862	409
18	726	10365.090973682614	306
18	815	11613.280155289478	306
18	836	11840.590119539215	203
18	1045	14399.303023488503	306
18	1110	15610.348431299645	409
18	1131	15761.156801105427	409
18	1202	16674.445064425789	409
18	1268	17607.287260845902	306
18	1302	17954.368300752944	306
18	1345	18371.078029129571	409
18	1441	19400.955339109134	306
19	176	1728.726652578681	10.087068383829
19	182	1806.157207894548	9
19	264	3579.009491823891	6
19	322	4518.052379165278	6
19	353	5011.114063847761	9
19	412	5869.251396195145	3
19	419	5994.856626116448	6
19	555	8069.842581626632	6
19	575	8337.14932996913	6
19	685	10044.791254388862	9
19	726	10365.090973682614	6
19	815	11613.280155289478	6
19	836	11840.590119539215	3
19	1045	14399.303023488503	6
19	1110	15610.348431299645	9
19	1131	15761.156801105427	9
19	1202	16674.445064425789	9
19	1268	17607.287260845902	6
19	1302	17954.368300752944	6
19	1345	18371.078029129571	9
19	1441	19400.955339109134	6
20	176	1728.726652578681	2
20	182	1806.157207894548	3
20	264	3579.009491823891	2
20	322	4518.052379165278	2
20	353	5011.114063847761	3
20	412	5869.251396195145	1
20	419	5994.856626116448	2
20	555	8069.842581626632	2
20	575	8337.14932996913	2
20	685	10044.791254388862	3
20	726	10365.090973682614	2
20	815	11613.280155289478	2
20	836	11840.590119539215	1
20	1045	14399.303023488503	2
20	1110	15610.348431299645	3
20	1131	15761.156801105427	3
20	1202	16674.445064425789	3
20	1268	17607.287260845902	2
20	1302	17954.368300752944	2
20	1345	18371.078029129571	3
20	1441	19400.955339109134	2
21	186	1825.726652578681	306
21	187	1842.901299329913	203
21	217	2762.44153704842	306
21	224	2887.513853517439	409
21	226	2891.487838186127	409
21	274	3674.149859768781	306
21	282	3735.727140095394	306
21	286	3823.918597871216	306
21	312	4300.722441185922	306
21	449	6447.605160017658	306
21	476	6844.618778441466	306
21	480	6912.582995518603	409
21	500	7359.692138425558	409
21	517	7579.517985736952	203
21	527	7706.143795841228	409
21	565	8207.580058167306	306
21	621	9425.446055007269	306
21	719	10281.259477098163	409
21	720	10287.259477098163	208.61358086365
21	722	10304.516188423784	306
21	734	10603.568533049983	306
21	761	10938.369468961809	306
21	762	10982.454283668158	306
21	769	11131.772580212187	203
21	790	11377.436790415666	306
21	830	11789.224953209599	409
21	929	12785.595069184412	409
21	935	12899.482824166062	409
21	954	13199.899710333389	306
21	1035	14238.561752686253	203
21	1036	14292.720687985106	306
21	1043	14323.304996901569	409
21	1052	14514.303023488503	417.24474924792
21	1137	15838.22154859895	409
21	1185	16376.054521040502	203
21	1226	16959.460154672334	306
21	1298	17943.748281446166	409
21	1299	17947.618075483745	203
21	1364	18510.467245763883	306
21	1372	18609.784461179114	306
21	1471	19947.025905656737	306
22	186	1825.726652578681	6
22	187	1842.901299329913	3
22	217	2762.44153704842	6
22	224	2887.513853517439	9
22	226	2891.487838186127	9
22	274	3674.149859768781	6
22	282	3735.727140095394	6
22	286	3823.918597871216	6
22	312	4300.722441185922	6
22	449	6447.605160017658	6
22	476	6844.618778441466	6
22	480	6912.582995518603	9
22	500	7359.692138425558	9
22	517	7579.517985736952	3
22	527	7706.143795841228	9
22	565	8207.580058167306	6
22	621	9425.446055007269	6
22	719	10281.259477098163	9
22	720	10287.259477098163	8.613580863651
22	722	10304.516188423784	6
22	734	10603.568533049983	6
22	761	10938.369468961809	6
22	762	10982.454283668158	6
22	769	11131.772580212187	3
22	790	11377.436790415666	6
22	830	11789.224953209599	9
22	929	12785.595069184412	9
22	935	12899.482824166062	9
22	954	13199.899710333389	6
22	1035	14238.561752686253	3
22	1036	14292.720687985106	6
22	1043	14323.304996901569	9
22	1052	14514.303023488503	17.244749247921
22	1137	15838.22154859895	9
22	1185	16376.054521040502	3
22	1226	16959.460154672334	6
22	1298	17943.748281446166	9
22	1299	17947.618075483745	3
22	1364	18510.467245763883	6
22	1372	18609.784461179114	6
22	1471	19947.025905656737	6
23	186	1825.726652578681	2
23	187	1842.901299329913	1
23	217	2762.44153704842	2
23	224	2887.513853517439	3
23	226	2891.487838186127	3
23	274	3674.149859768781	2
23	282	3735.727140095394	2
23	286	3823.918597871216	2
23	312	4300.722441185922	2
23	449	6447.605160017658	2
23	476	6844.618778441466	2
23	480	6912.582995518603	3
23	500	7359.692138425558	3
23	517	7579.517985736952	1
23	527	7706.143795841228	3
23	565	8207.580058167306	2
23	621	9425.446055007269	2
23	719	10281.259477098163	3
23	720	10287.259477098163	1
23	722	10304.516188423784	2
23	734	10603.568533049983	2
23	761	10938.369468961809	2
23	762	10982.454283668158	2
23	769	11131.772580212187	1
23	790	11377.436790415666	2
23	830	11789.224953209599	3
23	929	12785.595069184412	3
23	935	12899.482824166062	3
23	954	13199.899710333389	2
23	1035	14238.561752686253	1
23	1036	14292.720687985106	2
23	1043	14323.304996901569	3
23	1052	14514.303023488503	3
23	1137	15838.22154859895	3
23	1185	16376.054521040502	1
23	1226	16959.460154672334	2
23	1298	17943.748281446166	3
23	1299	17947.618075483745	1
23	1364	18510.467245763883	2
23	1372	18609.784461179114	2
23	1471	19947.025905656737	2
24	170	1679.910008652621	409
24	284	3780.856944041229	203
24	375	5372.696506082277	306
24	435	6266.406273339901	306
24	453	6495.825999348639	306
24	556	8075.492064240938	306
24	716	10262.317933121483	409
24	860	12267.298683789301	306
24	974	13396.003145246416	203
24	1008	14025.026031715196	203
24	1070	14786.937451002629	306
24	1071	14802.069023854602	409
24	1087	15344.305373769575	306
24	1160	16015.480601154262	306
24	1216	16833.895305252333	306
24	1294	17898.251471700466	409
24	1323	18228.051314246022	409
24	1346	18383.738548530458	306
24	1361	18507.273080126058	306
24	1384	18748.586864099949	306
25	170	1679.910008652621	9
25	284	3780.856944041229	3
25	375	5372.696506082277	6
25	435	6266.406273339901	6
25	453	6495.825999348639	6
25	556	8075.492064240938	6
25	716	10262.317933121483	9
25	860	12267.298683789301	6
25	974	13396.003145246416	3
25	1008	14025.026031715196	3
25	1070	14786.937451002629	6
25	1071	14802.069023854602	9
25	1087	15344.305373769575	6
25	1160	16015.480601154262	6
25	1216	16833.895305252333	6
25	1294	17898.251471700466	9
25	1323	18228.051314246022	9
25	1346	18383.738548530458	6
25	1361	18507.273080126058	6
25	1384	18748.586864099949	6
26	170	1679.910008652621	3
26	284	3780.856944041229	1
26	375	5372.696506082277	2
26	435	6266.406273339901	2
26	453	6495.825999348639	2
26	556	8075.492064240938	2
26	716	10262.317933121483	3
26	860	12267.298683789301	2
26	974	13396.003145246416	1
26	1008	14025.026031715196	1
26	1070	14786.937451002629	2
26	1071	14802.069023854602	3
26	1087	15344.305373769575	2
26	1160	16015.480601154262	2
26	1216	16833.895305252333	2
26	1294	17898.251471700466	3
26	1323	18228.051314246022	3
26	1346	18383.738548530458	2
26	1361	18507.273080126058	2
26	1384	18748.586864099949	2
27	140	1396.975912836608	306
27	233	3196.470164703062	306
27	396	5624.173313180444	306
27	398	5648.039837905749	203
27	492	7150.663061877405	306
27	608	9129.943133129162	306
27	632	9601.494263721985	409
27	643	9711.03160478211	306
27	666	9883.742767338966	409
27	684	10030.819189245021	306
27	752	10824.009935189155	306
27	789	11350.786191501996	306
27	835	11822.242938423315	306
27	889	12522.550739182916	203
27	906	12644.037197818116	306
27	984	13529.008187362759	409
27	986	13565.126481309653	409
27	993	13775.807765022241	306
27	1034	14235.557274571273	306
27	1117	15651.648715488599	409
27	1151	15949.549360545129	409
27	1174	16184.01808687242	306
27	1190	16474.445064425789	311.44836589575
27	1233	17069.512975907871	306
27	1243	17259.12732401295	409
27	1265	17583.19212707017	306
27	1316	18155.024461446711	306
27	1357	18455.575804839939	306
27	1422	19158.813336144144	409
27	1423	19175.50405285442	306
27	1427	19248.447703168854	409
27	1446	19461.706716289363	306
27	1459	19649.960978560244	306
27	1460	19671.331573671133	409
28	140	1396.975912836608	6
28	233	3196.470164703062	6
28	396	5624.173313180444	6
28	398	5648.039837905749	3
28	492	7150.663061877405	6
28	608	9129.943133129162	6
28	632	9601.494263721985	9
28	643	9711.03160478211	6
28	666	9883.742767338966	9
28	684	10030.819189245021	6
28	752	10824.009935189155	6
28	789	11350.786191501996	6
28	835	11822.242938423315	6
28	889	12522.550739182916	3
28	906	12644.037197818116	6
28	984	13529.008187362759	9
28	986	13565.126481309653	9
28	993	13775.807765022241	6
28	1034	14235.557274571273	6
28	1117	15651.648715488599	9
28	1151	15949.549360545129	9
28	1174	16184.01808687242	6
28	1190	16474.445064425789	11.44836589575
28	1233	17069.512975907871	6
28	1243	17259.12732401295	9
28	1265	17583.19212707017	6
28	1316	18155.024461446711	6
28	1357	18455.575804839939	6
28	1422	19158.813336144144	9
28	1423	19175.50405285442	6
28	1427	19248.447703168854	9
28	1446	19461.706716289363	6
28	1459	19649.960978560244	6
28	1460	19671.331573671133	9
29	140	1396.975912836608	2
29	233	3196.470164703062	2
29	396	5624.173313180444	2
29	398	5648.039837905749	1
29	492	7150.663061877405	2
29	608	9129.943133129162	2
29	632	9601.494263721985	3
29	643	9711.03160478211	2
29	666	9883.742767338966	3
29	684	10030.819189245021	2
29	752	10824.009935189155	2
29	789	11350.786191501996	2
29	835	11822.242938423315	2
29	889	12522.550739182916	1
29	906	12644.037197818116	2
29	984	13529.008187362759	3
29	986	13565.126481309653	3
29	993	13775.807765022241	2
29	1034	14235.557274571273	2
29	1117	15651.648715488599	3
29	1151	15949.549360545129	3
29	1174	16184.01808687242	2
29	1190	16474.445064425789	2
29	1233	17069.512975907871	2
29	1243	17259.12732401295	3
29	1265	17583.19212707017	2
29	1316	18155.024461446711	2
29	1357	18455.575804839939	2
29	1422	19158.813336144144	3
29	1423	19175.50405285442	2
29	1427	19248.447703168854	3
29	1446	19461.706716289363	2
29	1459	19649.960978560244	2
29	1460	19671.331573671133	3
30	152	1521.416133483344	306
30	193	2015.596656133099	203
30	214	2694.303693708276	203
30	258	3539.553461689251	409
30	285	3801.468326491072	203
30	406	5766.868105250938	203
30	423	6062.390053635511	306
30	820	11654.165983551266	409
30	841	11907.443635182722	409
30	853	12110.080727094197	306
30	926	12761.29954446257	306
30	928	12776.135609004016	203
30	1046	14405.303023488503	414.27194768934
30	1159	15990.755703141631	306
30	1297	17933.021662002805	306
30	1410	19022.092230695353	306
30	1451	19543.39472777302	306
31	152	1521.416133483344	6
31	193	2015.596656133099	3
31	214	2694.303693708276	3
31	258	3539.553461689251	9
31	285	3801.468326491072	3
31	406	5766.868105250938	3
31	423	6062.390053635511	6
31	820	11654.165983551266	9
31	841	11907.443635182722	9
31	853	12110.080727094197	6
31	926	12761.29954446257	6
31	928	12776.135609004016	3
31	1046	14405.303023488503	14.271947689339
31	1159	15990.755703141631	6
31	1297	17933.021662002805	6
31	1410	19022.092230695353	6
31	1451	19543.39472777302	6
32	152	1521.416133483344	2
32	193	2015.596656133099	1
32	214	2694.303693708276	1
32	258	3539.553461689251	3
32	285	3801.468326491072	1
32	406	5766.868105250938	1
32	423	6062.390053635511	2
32	820	11654.165983551266	3
32	841	11907.443635182722	3
32	853	12110.080727094197	2
32	926	12761.29954446257	2
32	928	12776.135609004016	1
32	1046	14405.303023488503	3
32	1159	15990.755703141631	2
32	1297	17933.021662002805	2
32	1410	19022.092230695353	2
32	1451	19543.39472777302	2
33	137	1322.667836233749	306
33	277	3692.232087968606	409
33	305	4187.018586159317	306
33	337	4784.673097264254	409
33	361	5124.111248265289	203
33	388	5522.510448254316	409
33	403	5724.081703376152	306
33	595	8729.948237462547	409
33	596	8815.894107050851	306
33	658	9831.220414471537	409
33	672	9939.264140006207	306
33	780	11269.194515555614	203
33	849	12014.396111852058	203
33	878	12448.252129138374	306
33	888	12509.725691189103	306
33	909	12655.151312403873	306
33	921	12706.495189803711	409
33	932	12856.600720124661	306
33	933	12860.505906950153	203
33	961	13276.193525152327	306
33	1067	14727.278638581134	203
33	1072	14866.192159362668	306
33	1170	16159.550740156556	306
33	1197	16626.620905239475	306
33	1222	16896.521387858124	306
33	1355	18447.279482808728	306
33	1368	18558.255315005203	409
33	1398	18902.953263245854	306
34	137	1322.667836233749	6
34	277	3692.232087968606	9
34	305	4187.018586159317	6
34	337	4784.673097264254	9
34	361	5124.111248265289	3
34	388	5522.510448254316	9
34	403	5724.081703376152	6
34	595	8729.948237462547	9
34	596	8815.894107050851	6
34	658	9831.220414471537	9
34	672	9939.264140006207	6
34	780	11269.194515555614	3
34	849	12014.396111852058	3
34	878	12448.252129138374	6
34	888	12509.725691189103	6
34	909	12655.151312403873	6
34	921	12706.495189803711	9
34	932	12856.600720124661	6
34	933	12860.505906950153	3
34	961	13276.193525152327	6
34	1067	14727.278638581134	3
34	1072	14866.192159362668	6
34	1170	16159.550740156556	6
34	1197	16626.620905239475	6
34	1222	16896.521387858124	6
34	1355	18447.279482808728	6
34	1368	18558.255315005203	9
34	1398	18902.953263245854	6
35	137	1322.667836233749	2
35	277	3692.232087968606	3
35	305	4187.018586159317	2
35	337	4784.673097264254	3
35	361	5124.111248265289	1
35	388	5522.510448254316	3
35	403	5724.081703376152	2
35	595	8729.948237462547	3
35	596	8815.894107050851	2
35	658	9831.220414471537	3
35	672	9939.264140006207	2
35	780	11269.194515555614	1
35	849	12014.396111852058	1
35	878	12448.252129138374	2
35	888	12509.725691189103	2
35	909	12655.151312403873	2
35	921	12706.495189803711	3
35	932	12856.600720124661	2
35	933	12860.505906950153	1
35	961	13276.193525152327	2
35	1067	14727.278638581134	1
35	1072	14866.192159362668	2
35	1170	16159.550740156556	2
35	1197	16626.620905239475	2
35	1222	16896.521387858124	2
35	1355	18447.279482808728	2
35	1368	18558.255315005203	3
35	1398	18902.953263245854	2

