version 3
run MediumLoad_Circle-37-20260125-17:51:01-1416
attr configname MediumLoad_Circle
attr datetime 20260125-17:51:01
attr datetimef 20260125-175101
attr experiment MediumLoad_Circle
attr inifile simulations/nwsim_project/omnetpp.ini
attr iterationvars ""
attr iterationvarsd ""
attr iterationvarsf ""
attr measurement ""
attr network CrossTraffic
attr processid 1416
attr repetition 37
attr replication #37
attr resultdir results
attr runnumber 37
attr seedset 37
config description "Medium Load - Circle Mode (50% more traffic)"
config *.Junc*.junctionMode "\"circle\""
config *.EndNW.spawnInterval exponential(533s)
config *.EndNE.spawnInterval exponential(800s)
config *.EndEN.spawnInterval exponential(667s)
config *.EndES.spawnInterval exponential(1000s)
config *.EndSE.spawnInterval exponential(600s)
config *.EndSW.spawnInterval exponential(733s)
config *.EndWS.spawnInterval exponential(867s)
config *.EndWN.spawnInterval exponential(933s)
config network CrossTraffic
config sim-time-limit 20000s
config warmup-period 1000s
config repeat 50
config **.scalar-recording true
config **.vector-recording true
config *.Junc*.junctionMode "\"queue\""
config *.EndNW.spawnInterval exponential(800s)
config *.EndNE.spawnInterval exponential(1200s)
config *.EndEN.spawnInterval exponential(1000s)
config *.EndES.spawnInterval exponential(1500s)
config *.EndSE.spawnInterval exponential(900s)
config *.EndSW.spawnInterval exponential(1100s)
config *.EndWS.spawnInterval exponential(1300s)
config *.EndWN.spawnInterval exponential(1400s)

vector 0 CrossTraffic.JuncNW queueLength:vector ETV
attr interpolationmode sample-hold
attr recordingmode vector
attr source queueLength
attr title "Queue Length"
vector 1 CrossTraffic.JuncNW junctionProcessingTime:vector ETV
attr recordingmode vector
attr source junctionProcessingTime
attr title "Junction Processing Time"
vector 2 CrossTraffic.JuncNW vehicleCount:vector ETV
attr recordingmode vector
attr source vehicleCount
attr title "Vehicle Count"
vector 3 CrossTraffic.JuncNE queueLength:vector ETV
attr interpolationmode sample-hold
attr recordingmode vector
attr source queueLength
attr title "Queue Length"
vector 4 CrossTraffic.JuncNE junctionProcessingTime:vector ETV
attr recordingmode vector
attr source junctionProcessingTime
attr title "Junction Processing Time"
vector 5 CrossTraffic.JuncNE vehicleCount:vector ETV
attr recordingmode vector
attr source vehicleCount
attr title "Vehicle Count"
vector 6 CrossTraffic.JuncSE queueLength:vector ETV
attr interpolationmode sample-hold
attr recordingmode vector
attr source queueLength
attr title "Queue Length"
vector 7 CrossTraffic.JuncSE junctionProcessingTime:vector ETV
attr recordingmode vector
attr source junctionProcessingTime
attr title "Junction Processing Time"
vector 8 CrossTraffic.JuncSE vehicleCount:vector ETV
attr recordingmode vector
attr source vehicleCount
attr title "Vehicle Count"
vector 9 CrossTraffic.JuncSW queueLength:vector ETV
attr interpolationmode sample-hold
attr recordingmode vector
attr source queueLength
attr title "Queue Length"
vector 10 CrossTraffic.JuncSW junctionProcessingTime:vector ETV
attr recordingmode vector
attr source junctionProcessingTime
attr title "Junction Processing Time"
vector 11 CrossTraffic.JuncSW vehicleCount:vector ETV
attr recordingmode vector
attr source vehicleCount
attr title "Vehicle Count"
vector 12 CrossTraffic.EndNW travelTime:vector ETV
attr recordingmode vector
attr source travelTime
attr title "Vehicle Travel Time"
vector 13 CrossTraffic.EndNW junctionTime:vector ETV
attr recordingmode vector
attr source junctionTime
attr title "Total Junction Time per Vehicle"
vector 14 CrossTraffic.EndNW junctionCount:vector ETV
attr recordingmode vector
attr source junctionCount
attr title "Junctions Visited per Vehicle"
vector 15 CrossTraffic.EndNE travelTime:vector ETV
attr recordingmode vector
attr source travelTime
attr title "Vehicle Travel Time"
vector 16 CrossTraffic.EndNE junctionTime:vector ETV
attr recordingmode vector
attr source junctionTime
attr title "Total Junction Time per Vehicle"
vector 17 CrossTraffic.EndNE junctionCount:vector ETV
attr recordingmode vector
attr source junctionCount
attr title "Junctions Visited per Vehicle"
vector 18 CrossTraffic.EndEN travelTime:vector ETV
attr recordingmode vector
attr source travelTime
attr title "Vehicle Travel Time"
vector 19 CrossTraffic.EndEN junctionTime:vector ETV
attr recordingmode vector
attr source junctionTime
attr title "Total Junction Time per Vehicle"
vector 20 CrossTraffic.EndEN junctionCount:vector ETV
attr recordingmode vector
attr source junctionCount
attr title "Junctions Visited per Vehicle"
vector 21 CrossTraffic.EndES travelTime:vector ETV
attr recordingmode vector
attr source travelTime
attr title "Vehicle Travel Time"
vector 22 CrossTraffic.EndES junctionTime:vector ETV
attr recordingmode vector
attr source junctionTime
attr title "Total Junction Time per Vehicle"
vector 23 CrossTraffic.EndES junctionCount:vector ETV
attr recordingmode vector
attr source junctionCount
attr title "Junctions Visited per Vehicle"
vector 24 CrossTraffic.EndSE travelTime:vector ETV
attr recordingmode vector
attr source travelTime
attr title "Vehicle Travel Time"
vector 25 CrossTraffic.EndSE junctionTime:vector ETV
attr recordingmode vector
attr source junctionTime
attr title "Total Junction Time per Vehicle"
vector 26 CrossTraffic.EndSE junctionCount:vector ETV
attr recordingmode vector
attr source junctionCount
attr title "Junctions Visited per Vehicle"
vector 27 CrossTraffic.EndSW travelTime:vector ETV
attr recordingmode vector
attr source travelTime
attr title "Vehicle Travel Time"
vector 28 CrossTraffic.EndSW junctionTime:vector ETV
attr recordingmode vector
attr source junctionTime
attr title "Total Junction Time per Vehicle"
vector 29 CrossTraffic.EndSW junctionCount:vector ETV
attr recordingmode vector
attr source junctionCount
attr title "Junctions Visited per Vehicle"
vector 30 CrossTraffic.EndWS travelTime:vector ETV
attr recordingmode vector
attr source travelTime
attr title "Vehicle Travel Time"
vector 31 CrossTraffic.EndWS junctionTime:vector ETV
attr recordingmode vector
attr source junctionTime
attr title "Total Junction Time per Vehicle"
vector 32 CrossTraffic.EndWS junctionCount:vector ETV
attr recordingmode vector
attr source junctionCount
attr title "Junctions Visited per Vehicle"
vector 33 CrossTraffic.EndWN travelTime:vector ETV
attr recordingmode vector
attr source travelTime
attr title "Vehicle Travel Time"
vector 34 CrossTraffic.EndWN junctionTime:vector ETV
attr recordingmode vector
attr source junctionTime
attr title "Total Junction Time per Vehicle"
vector 35 CrossTraffic.EndWN junctionCount:vector ETV
attr recordingmode vector
attr source junctionCount
attr title "Junctions Visited per Vehicle"
0	64	1141.048995963708	0
0	67	1169.07876687386	0
0	71	1246.261662846049	0
0	73	1312.600105323293	0
0	86	1551.064579667724	0
0	87	1554.420563858817	0
0	94	1686.822293341352	0
0	95	1706.087396094474	0
0	98	1770.250457402909	0
0	105	1875.33459298113	0
0	127	2460.742542327627	0
0	138	2643.988359843207	0
0	141	2681.292112272818	0
0	143	2743.391122379741	0
0	145	2757.554510614646	0
0	167	3137.991379160229	0
0	170	3187.758145955162	0
0	176	3336.068355492499	0
0	183	3452.876048921517	0
0	186	3518.158956052383	0
0	200	4132.962739778046	0
0	202	4190.60539896249	0
0	203	4229.668768271208	0
0	205	4289.651896357187	0
0	235	5139.553784914901	0
0	237	5162.037468479252	0
0	262	5623.265434989255	0
0	264	5644.908752131544	0
0	266	5658.297585818085	0
0	269	5680.45632205078	0
0	284	5861.78677347317	0
0	301	6124.355769515201	0
0	313	6240.608134671292	0
0	320	6313.778109369918	0
0	327	6457.048623963152	0
0	356	6818.521064856645	0
0	361	6855.521962150096	0
0	366	6950.652925285475	0
0	375	7046.940271662366	0
0	376	7050.819332426768	0
0	390	7202.693044951824	0
0	396	7298.192589435786	0
0	402	7393.269533507749	0
0	419	7665.509581522659	0
0	428	7800.934910279257	0
0	432	7834.127128614786	0
0	437	7923.956213434349	0
0	438	7935.829762199009	0
0	443	8015.45881753565	0
0	448	8101.104372795835	0
0	461	8425.075333874046	0
0	475	8698.208045442201	0
0	481	8774.431806893715	0
0	482	8797.877231893141	0
0	502	9036.427395074911	0
0	503	9045.149117319302	0
0	518	9214.143603286881	0
0	520	9249.367962481767	0
0	523	9284.470602881505	0
0	534	9510.328849252904	0
0	539	9833.484789380762	0
0	548	9994.827967173247	0
0	553	10094.156496539987	0
0	573	10349.317672447016	0
0	575	10396.965252852294	0
0	591	10729.348123522335	0
0	592	10732.535276451114	0
0	594	10741.848701860499	0
0	598	10838.78733368341	0
0	606	11202.130531524481	0
0	610	11277.837066121168	0
0	612	11309.470486540465	0
0	623	11648.614810426097	0
0	627	11766.865720560021	0
0	636	11874.511493458758	0
0	637	11902.915781864209	0
0	638	11965.818383894338	0
0	648	12173.105614092547	0
0	652	12274.655961808426	0
0	666	12562.508498196507	0
0	669	12649.013466255306	0
0	674	12782.883353805871	0
0	679	12898.73999027353	0
0	689	13263.968872636872	0
0	696	13470.767212573635	0
0	702	13582.817069183579	0
0	705	13649.33292318173	0
0	719	13973.382252508176	0
0	728	14209.979666992611	0
0	732	14299.084606926772	0
0	734	14337.837439109854	0
0	735	14348.892675682417	0
0	741	14493.455914528484	0
0	755	14739.415340526011	0
0	756	14765.110134816731	0
0	757	14786.032263181863	0
0	775	15097.96924629962	0
0	782	15201.793560946291	0
0	783	15220.045015767118	0
0	784	15237.759849894881	0
0	796	15478.733157438665	0
0	799	15503.468749512167	0
0	800	15506.711592331098	0
0	804	15583.578354271964	0
0	807	15602.517581806862	0
0	811	15633.420322937272	0
0	814	15693.665550642928	0
0	815	15700.3012520448	0
0	851	16135.710109873297	0
0	858	16483.296182071375	0
0	863	16730.897290369361	0
0	881	17101.629968095955	0
0	898	17427.51007282561	0
0	899	17433.139044698626	0
0	900	17451.960210083684	0
0	916	17671.583708041792	0
0	917	17685.777857024929	0
0	924	17793.40758582888	0
0	935	18053.40156005915	0
0	940	18126.361750612941	0
0	949	18271.29865794998	0
0	954	18341.092378003755	0
0	969	18587.536501828648	0
0	973	18683.536166858507	0
0	983	18906.272584889472	0
0	997	19148.690328045482	0
0	1002	19183.433372480255	0
0	1006	19246.802880039426	0
0	1008	19251.871899741145	0
0	1011	19270.017851263075	0
0	1016	19332.375417519383	0
0	1024	19398.989671095104	0
0	1025	19418.281098922834	0
0	1029	19460.353779854868	0
0	1030	19470.919403430259	0
0	1044	19677.30745372994	0
1	64	1141.048995963708	3
1	67	1169.07876687386	3
1	71	1246.261662846049	3
1	73	1312.600105323293	3
1	86	1551.064579667724	3
1	87	1554.420563858817	3
1	94	1686.822293341352	3
1	95	1706.087396094474	3
1	98	1770.250457402909	3
1	105	1875.33459298113	3
1	127	2460.742542327627	3
1	138	2643.988359843207	3
1	141	2681.292112272818	3
1	143	2743.391122379741	3
1	145	2757.554510614646	3
1	167	3137.991379160229	3
1	170	3187.758145955162	3
1	176	3336.068355492499	3
1	183	3452.876048921517	3
1	186	3518.158956052383	3
1	200	4132.962739778046	3
1	202	4190.60539896249	3
1	203	4229.668768271208	3
1	205	4289.651896357187	3
1	235	5139.553784914901	3
1	237	5162.037468479252	3
1	262	5623.265434989255	3
1	264	5644.908752131544	3
1	266	5658.297585818085	3
1	269	5680.45632205078	3
1	284	5861.78677347317	3
1	301	6124.355769515201	3
1	313	6240.608134671292	3
1	320	6313.778109369918	3
1	327	6457.048623963152	3
1	356	6818.521064856645	3
1	361	6855.521962150096	3
1	366	6950.652925285475	3
1	375	7046.940271662366	3
1	376	7050.819332426768	3
1	390	7202.693044951824	3
1	396	7298.192589435786	3
1	402	7393.269533507749	3
1	419	7665.509581522659	3
1	428	7800.934910279257	3
1	432	7834.127128614786	3
1	437	7923.956213434349	3
1	438	7935.829762199009	3
1	443	8015.45881753565	3
1	448	8101.104372795835	3
1	461	8425.075333874046	3
1	475	8698.208045442201	3
1	481	8774.431806893715	3
1	482	8797.877231893141	3
1	502	9036.427395074911	3
1	503	9045.149117319302	3
1	518	9214.143603286881	3
1	520	9249.367962481767	3
1	523	9284.470602881505	3
1	534	9510.328849252904	3
1	539	9833.484789380762	3
1	548	9994.827967173247	3
1	553	10094.156496539987	3
1	573	10349.317672447016	3
1	575	10396.965252852294	3
1	591	10729.348123522335	3
1	592	10732.535276451114	3
1	594	10741.848701860499	3
1	598	10838.78733368341	3
1	606	11202.130531524481	3
1	610	11277.837066121168	3
1	612	11309.470486540465	3
1	623	11648.614810426097	3
1	627	11766.865720560021	3
1	636	11874.511493458758	3
1	637	11902.915781864209	3
1	638	11965.818383894338	3
1	648	12173.105614092547	3
1	652	12274.655961808426	3
1	666	12562.508498196507	3
1	669	12649.013466255306	3
1	674	12782.883353805871	3
1	679	12898.73999027353	3
1	689	13263.968872636872	3
1	696	13470.767212573635	3
1	702	13582.817069183579	3
1	705	13649.33292318173	3
1	719	13973.382252508176	3
1	728	14209.979666992611	3
1	732	14299.084606926772	3
1	734	14337.837439109854	3
1	735	14348.892675682417	3
1	741	14493.455914528484	3
1	755	14739.415340526011	3
1	756	14765.110134816731	3
1	757	14786.032263181863	3
1	775	15097.96924629962	3
1	782	15201.793560946291	3
1	783	15220.045015767118	3
1	784	15237.759849894881	3
1	796	15478.733157438665	3
1	799	15503.468749512167	3
1	800	15506.711592331098	3
1	804	15583.578354271964	3
1	807	15602.517581806862	3
1	811	15633.420322937272	3
1	814	15693.665550642928	3
1	815	15700.3012520448	3
1	851	16135.710109873297	3
1	858	16483.296182071375	3
1	863	16730.897290369361	3
1	881	17101.629968095955	3
1	898	17427.51007282561	3
1	899	17433.139044698626	3
1	900	17451.960210083684	3
1	916	17671.583708041792	3
1	917	17685.777857024929	3
1	924	17793.40758582888	3
1	935	18053.40156005915	3
1	940	18126.361750612941	3
1	949	18271.29865794998	3
1	954	18341.092378003755	3
1	969	18587.536501828648	3
1	973	18683.536166858507	3
1	983	18906.272584889472	3
1	997	19148.690328045482	3
1	1002	19183.433372480255	3
1	1006	19246.802880039426	3
1	1008	19251.871899741145	3
1	1011	19270.017851263075	3
1	1016	19332.375417519383	3
1	1024	19398.989671095104	3
1	1025	19418.281098922834	3
1	1029	19460.353779854868	3
1	1030	19470.919403430259	3
1	1044	19677.30745372994	3
2	64	1141.048995963708	8448
2	67	1169.07876687386	8449
2	71	1246.261662846049	8450
2	73	1312.600105323293	8451
2	86	1551.064579667724	8452
2	87	1554.420563858817	8454
2	94	1686.822293341352	8455
2	95	1706.087396094474	8453
2	98	1770.250457402909	8456
2	105	1875.33459298113	8458
2	127	2460.742542327627	8461
2	138	2643.988359843207	8466
2	141	2681.292112272818	8463
2	143	2743.391122379741	8465
2	145	2757.554510614646	8467
2	167	3137.991379160229	8470
2	170	3187.758145955162	8471
2	176	3336.068355492499	8469
2	183	3452.876048921517	8472
2	186	3518.158956052383	8474
2	200	4132.962739778046	8478
2	202	4190.60539896249	8477
2	203	4229.668768271208	8475
2	205	4289.651896357187	8476
2	235	5139.553784914901	8485
2	237	5162.037468479252	8484
2	262	5623.265434989255	8487
2	264	5644.908752131544	8488
2	266	5658.297585818085	8491
2	269	5680.45632205078	8492
2	284	5861.78677347317	8494
2	301	6124.355769515201	8496
2	313	6240.608134671292	8502
2	320	6313.778109369918	8505
2	327	6457.048623963152	8503
2	356	6818.521064856645	8507
2	361	6855.521962150096	8509
2	366	6950.652925285475	8511
2	375	7046.940271662366	8514
2	376	7050.819332426768	8516
2	390	7202.693044951824	8513
2	396	7298.192589435786	8521
2	402	7393.269533507749	8519
2	419	7665.509581522659	8522
2	428	7800.934910279257	8527
2	432	7834.127128614786	8525
2	437	7923.956213434349	8530
2	438	7935.829762199009	8524
2	443	8015.45881753565	8528
2	448	8101.104372795835	8531
2	461	8425.075333874046	8533
2	475	8698.208045442201	8537
2	481	8774.431806893715	8539
2	482	8797.877231893141	8540
2	502	9036.427395074911	8544
2	503	9045.149117319302	8542
2	518	9214.143603286881	8543
2	520	9249.367962481767	8545
2	523	9284.470602881505	8548
2	534	9510.328849252904	8549
2	539	9833.484789380762	8550
2	548	9994.827967173247	8551
2	553	10094.156496539987	8553
2	573	10349.317672447016	8558
2	575	10396.965252852294	8555
2	591	10729.348123522335	8559
2	592	10732.535276451114	8561
2	594	10741.848701860499	8562
2	598	10838.78733368341	8563
2	606	11202.130531524481	8565
2	610	11277.837066121168	8566
2	612	11309.470486540465	8567
2	623	11648.614810426097	8569
2	627	11766.865720560021	8570
2	636	11874.511493458758	8572
2	637	11902.915781864209	8573
2	638	11965.818383894338	8574
2	648	12173.105614092547	8575
2	652	12274.655961808426	8577
2	666	12562.508498196507	8579
2	669	12649.013466255306	8581
2	674	12782.883353805871	8580
2	679	12898.73999027353	8582
2	689	13263.968872636872	8584
2	696	13470.767212573635	8585
2	702	13582.817069183579	8587
2	705	13649.33292318173	8586
2	719	13973.382252508176	8591
2	728	14209.979666992611	8594
2	732	14299.084606926772	8595
2	734	14337.837439109854	8593
2	735	14348.892675682417	8592
2	741	14493.455914528484	8596
2	755	14739.415340526011	8597
2	756	14765.110134816731	8600
2	757	14786.032263181863	8601
2	775	15097.96924629962	8602
2	782	15201.793560946291	8605
2	783	15220.045015767118	8604
2	784	15237.759849894881	8603
2	796	15478.733157438665	8607
2	799	15503.468749512167	8609
2	800	15506.711592331098	8610
2	804	15583.578354271964	8611
2	807	15602.517581806862	8608
2	811	15633.420322937272	8613
2	814	15693.665550642928	8614
2	815	15700.3012520448	8615
2	851	16135.710109873297	8618
2	858	16483.296182071375	8620
2	863	16730.897290369361	8621
2	881	17101.629968095955	8626
2	898	17427.51007282561	8631
2	899	17433.139044698626	8627
2	900	17451.960210083684	8628
2	916	17671.583708041792	8629
2	917	17685.777857024929	8633
2	924	17793.40758582888	8634
2	935	18053.40156005915	8635
2	940	18126.361750612941	8639
2	949	18271.29865794998	8642
2	954	18341.092378003755	8641
2	969	18587.536501828648	8644
2	973	18683.536166858507	8643
2	983	18906.272584889472	8647
2	997	19148.690328045482	8652
2	1002	19183.433372480255	8650
2	1006	19246.802880039426	8651
2	1008	19251.871899741145	8654
2	1011	19270.017851263075	8649
2	1016	19332.375417519383	8648
2	1024	19398.989671095104	8653
2	1025	19418.281098922834	8658
2	1029	19460.353779854868	8655
2	1030	19470.919403430259	8656
2	1044	19677.30745372994	8659
3	57	1012.695604685155	0
3	58	1029.655288710714	0
3	70	1244.048995963708	0
3	72	1272.07876687386	0
3	76	1349.261662846049	0
3	92	1657.420563858817	0
3	100	1789.822293341352	0
3	102	1826.841301574254	0
3	103	1873.250457402909	0
3	108	1974.366357950619	0
3	110	1978.33459298113	0
3	118	2151.742542327627	0
3	144	2746.988359843207	0
3	147	2784.292112272818	0
3	149	2846.391122379741	0
3	151	2860.554510614646	0
3	152	2875.988109875885	0
3	161	3027.068355492499	0
3	172	3240.991379160229	0
3	175	3290.758145955162	0
3	179	3379.788513990973	0
3	189	3621.158956052383	0
3	192	3920.668768271208	0
3	204	4235.962739778046	0
3	206	4293.60539896249	0
3	210	4392.651896357187	0
3	219	4680.049082721013	0
3	222	4879.254046757232	0
3	240	5242.553784914901	0
3	243	5265.037468479252	0
3	247	5363.25831862462	0
3	254	5469.54753101981	0
3	257	5533.947392544673	0
3	270	5726.265434989255	0
3	272	5746.123188998512	0
3	273	5747.908752131544	0
3	275	5761.297585818085	0
3	288	5951.940946426356	0
3	290	5964.78677347317	0
3	304	6152.213393328809	0
3	307	6171.763379671167	0
3	309	6201.601502841293	0
3	321	6343.608134671292	0
3	325	6416.778109369918	0
3	335	6560.048623963152	0
3	340	6626.328115681576	0
3	346	6674.355830776116	0
3	352	6750.51493001403	0
3	363	6893.693044951824	0
3	364	6921.521064856645	0
3	370	6980.338578188977	0
3	377	7053.652925285475	0
3	381	7101.871986599869	0
3	385	7153.819332426768	0
3	392	7220.479016940348	0
3	403	7401.192589435786	0
3	415	7626.829762199009	0
3	434	7869.025012208019	0
3	435	7903.934910279257	0
3	439	7937.127128614786	0
3	444	8026.956213434349	0
3	450	8118.45881753565	0
3	453	8204.104372795835	0
3	464	8528.075333874046	0
3	467	8597.790492279668	0
3	470	8661.480677764253	0
3	471	8664.228020245102	0
3	479	8767.195738682843	0
3	483	8801.208045442201	0
3	489	8877.431806893715	0
3	490	8900.877231893141	0
3	510	9139.427395074911	0
3	513	9149.87947763999	0
3	522	9269.071873905613	0
3	527	9352.367962481767	0
3	543	9936.484789380762	0
3	550	10057.867506862012	0
3	552	10087.965252852294	0
3	554	10097.827967173247	0
3	561	10197.156496539987	0
3	563	10203.467846635404	0
3	564	10211.987337866747	0
3	578	10420.348123522335	0
3	579	10452.317672447016	0
3	602	11026.345593030058	0
3	611	11305.130531524481	0
3	626	11751.614810426097	0
3	642	12005.915781864209	0
3	643	12068.818383894338	0
3	645	12087.517576618801	0
3	659	12377.655961808426	0
3	660	12405.838438052962	0
3	662	12473.883353805871	0
3	673	12752.013466255306	0
3	680	12948.299993852243	0
3	692	13366.968872636872	0
3	703	13594.275195001453	0
3	704	13620.819974631425	0
3	706	13685.817069183579	0
3	714	13803.288470964703	0
3	721	14039.892675682417	0
3	722	14076.382252508176	0
3	733	14312.979666992611	0
3	737	14402.084606926772	0
3	754	14711.734418658018	0
3	762	14842.415340526011	0
3	763	14868.110134816731	0
3	764	14889.032263181863	0
3	767	14928.759849894881	0
3	781	15200.96924629962	0
3	787	15304.793560946291	0
3	803	15581.733157438665	0
3	808	15606.468749512167	0
3	809	15607.155507104075	0
3	810	15609.711592331098	0
3	813	15686.578354271964	0
3	816	15705.517581806862	0
3	822	15736.420322937272	0
3	825	15796.665550642928	0
3	826	15803.3012520448	0
3	849	16078.297328134907	0
3	853	16238.710109873297	0
3	859	16586.296182071375	0
3	864	16735.019587730863	0
3	866	16833.897290369361	0
3	874	16965.631389959897	0
3	896	17362.583708041792	0
3	903	17530.51007282561	0
3	905	17554.960210083684	0
3	914	17661.171767866069	0
3	919	17744.40156005915	0
3	920	17762.868622980299	0
3	923	17788.777857024929	0
3	932	17968.628540662815	0
3	936	18066.604820607232	0
3	947	18229.361750612941	0
3	955	18374.29865794998	0
3	961	18444.092378003755	0
3	974	18690.536501828648	0
3	977	18786.536166858507	0
3	987	19009.272584889472	0
3	988	19023.375417519383	0
3	1007	19251.690328045482	0
3	1019	19354.871899741145	0
3	1022	19373.017851263075	0
3	1035	19521.281098922834	0
3	1036	19563.353779854868	0
3	1037	19573.919403430259	0
3	1045	19724.892884721837	0
4	57	1012.695604685155	3
4	58	1029.655288710714	3
4	70	1244.048995963708	3
4	72	1272.07876687386	3
4	76	1349.261662846049	3
4	92	1657.420563858817	3
4	100	1789.822293341352	3
4	102	1826.841301574254	3
4	103	1873.250457402909	3
4	108	1974.366357950619	3
4	110	1978.33459298113	3
4	118	2151.742542327627	3
4	144	2746.988359843207	3
4	147	2784.292112272818	3
4	149	2846.391122379741	3
4	151	2860.554510614646	3
4	152	2875.988109875885	3
4	161	3027.068355492499	3
4	172	3240.991379160229	3
4	175	3290.758145955162	3
4	179	3379.788513990973	3
4	189	3621.158956052383	3
4	192	3920.668768271208	3
4	204	4235.962739778046	3
4	206	4293.60539896249	3
4	210	4392.651896357187	3
4	219	4680.049082721013	3
4	222	4879.254046757232	3
4	240	5242.553784914901	3
4	243	5265.037468479252	3
4	247	5363.25831862462	3
4	254	5469.54753101981	3
4	257	5533.947392544673	3
4	270	5726.265434989255	3
4	272	5746.123188998512	3
4	273	5747.908752131544	3
4	275	5761.297585818085	3
4	288	5951.940946426356	3
4	290	5964.78677347317	3
4	304	6152.213393328809	3
4	307	6171.763379671167	3
4	309	6201.601502841293	3
4	321	6343.608134671292	3
4	325	6416.778109369918	3
4	335	6560.048623963152	3
4	340	6626.328115681576	3
4	346	6674.355830776116	3
4	352	6750.51493001403	3
4	363	6893.693044951824	3
4	364	6921.521064856645	3
4	370	6980.338578188977	3
4	377	7053.652925285475	3
4	381	7101.871986599869	3
4	385	7153.819332426768	3
4	392	7220.479016940348	3
4	403	7401.192589435786	3
4	415	7626.829762199009	3
4	434	7869.025012208019	3
4	435	7903.934910279257	3
4	439	7937.127128614786	3
4	444	8026.956213434349	3
4	450	8118.45881753565	3
4	453	8204.104372795835	3
4	464	8528.075333874046	3
4	467	8597.790492279668	3
4	470	8661.480677764253	3
4	471	8664.228020245102	3
4	479	8767.195738682843	3
4	483	8801.208045442201	3
4	489	8877.431806893715	3
4	490	8900.877231893141	3
4	510	9139.427395074911	3
4	513	9149.87947763999	3
4	522	9269.071873905613	3
4	527	9352.367962481767	3
4	543	9936.484789380762	3
4	550	10057.867506862012	3
4	552	10087.965252852294	3
4	554	10097.827967173247	3
4	561	10197.156496539987	3
4	563	10203.467846635404	3
4	564	10211.987337866747	3
4	578	10420.348123522335	3
4	579	10452.317672447016	3
4	602	11026.345593030058	3
4	611	11305.130531524481	3
4	626	11751.614810426097	3
4	642	12005.915781864209	3
4	643	12068.818383894338	3
4	645	12087.517576618801	3
4	659	12377.655961808426	3
4	660	12405.838438052962	3
4	662	12473.883353805871	3
4	673	12752.013466255306	3
4	680	12948.299993852243	3
4	692	13366.968872636872	3
4	703	13594.275195001453	3
4	704	13620.819974631425	3
4	706	13685.817069183579	3
4	714	13803.288470964703	3
4	721	14039.892675682417	3
4	722	14076.382252508176	3
4	733	14312.979666992611	3
4	737	14402.084606926772	3
4	754	14711.734418658018	3
4	762	14842.415340526011	3
4	763	14868.110134816731	3
4	764	14889.032263181863	3
4	767	14928.759849894881	3
4	781	15200.96924629962	3
4	787	15304.793560946291	3
4	803	15581.733157438665	3
4	808	15606.468749512167	3
4	809	15607.155507104075	3
4	810	15609.711592331098	3
4	813	15686.578354271964	3
4	816	15705.517581806862	3
4	822	15736.420322937272	3
4	825	15796.665550642928	3
4	826	15803.3012520448	3
4	849	16078.297328134907	3
4	853	16238.710109873297	3
4	859	16586.296182071375	3
4	864	16735.019587730863	3
4	866	16833.897290369361	3
4	874	16965.631389959897	3
4	896	17362.583708041792	3
4	903	17530.51007282561	3
4	905	17554.960210083684	3
4	914	17661.171767866069	3
4	919	17744.40156005915	3
4	920	17762.868622980299	3
4	923	17788.777857024929	3
4	932	17968.628540662815	3
4	936	18066.604820607232	3
4	947	18229.361750612941	3
4	955	18374.29865794998	3
4	961	18444.092378003755	3
4	974	18690.536501828648	3
4	977	18786.536166858507	3
4	987	19009.272584889472	3
4	988	19023.375417519383	3
4	1007	19251.690328045482	3
4	1019	19354.871899741145	3
4	1022	19373.017851263075	3
4	1035	19521.281098922834	3
4	1036	19563.353779854868	3
4	1037	19573.919403430259	3
4	1045	19724.892884721837	3
5	57	1012.695604685155	8446
5	58	1029.655288710714	8445
5	70	1244.048995963708	8448
5	72	1272.07876687386	8449
5	76	1349.261662846049	8450
5	92	1657.420563858817	8454
5	100	1789.822293341352	8455
5	102	1826.841301574254	8457
5	103	1873.250457402909	8456
5	108	1974.366357950619	8459
5	110	1978.33459298113	8458
5	118	2151.742542327627	8461
5	144	2746.988359843207	8466
5	147	2784.292112272818	8463
5	149	2846.391122379741	8465
5	151	2860.554510614646	8467
5	152	2875.988109875885	8468
5	161	3027.068355492499	8469
5	172	3240.991379160229	8470
5	175	3290.758145955162	8471
5	179	3379.788513990973	8473
5	189	3621.158956052383	8474
5	192	3920.668768271208	8475
5	204	4235.962739778046	8478
5	206	4293.60539896249	8477
5	210	4392.651896357187	8476
5	219	4680.049082721013	8480
5	222	4879.254046757232	8481
5	240	5242.553784914901	8485
5	243	5265.037468479252	8484
5	247	5363.25831862462	8486
5	254	5469.54753101981	8489
5	257	5533.947392544673	8490
5	270	5726.265434989255	8487
5	272	5746.123188998512	8493
5	273	5747.908752131544	8488
5	275	5761.297585818085	8491
5	288	5951.940946426356	8497
5	290	5964.78677347317	8494
5	304	6152.213393328809	8499
5	307	6171.763379671167	8500
5	309	6201.601502841293	8501
5	321	6343.608134671292	8502
5	325	6416.778109369918	8505
5	335	6560.048623963152	8503
5	340	6626.328115681576	8508
5	346	6674.355830776116	8510
5	352	6750.51493001403	8512
5	363	6893.693044951824	8513
5	364	6921.521064856645	8507
5	370	6980.338578188977	8515
5	377	7053.652925285475	8511
5	381	7101.871986599869	8517
5	385	7153.819332426768	8516
5	392	7220.479016940348	8520
5	403	7401.192589435786	8521
5	415	7626.829762199009	8524
5	434	7869.025012208019	8529
5	435	7903.934910279257	8527
5	439	7937.127128614786	8525
5	444	8026.956213434349	8530
5	450	8118.45881753565	8528
5	453	8204.104372795835	8531
5	464	8528.075333874046	8533
5	467	8597.790492279668	8534
5	470	8661.480677764253	8535
5	471	8664.228020245102	8536
5	479	8767.195738682843	8538
5	483	8801.208045442201	8537
5	489	8877.431806893715	8539
5	490	8900.877231893141	8540
5	510	9139.427395074911	8544
5	513	9149.87947763999	8546
5	522	9269.071873905613	8547
5	527	9352.367962481767	8545
5	543	9936.484789380762	8550
5	550	10057.867506862012	8554
5	552	10087.965252852294	8555
5	554	10097.827967173247	8551
5	561	10197.156496539987	8553
5	563	10203.467846635404	8556
5	564	10211.987337866747	8557
5	578	10420.348123522335	8559
5	579	10452.317672447016	8558
5	602	11026.345593030058	8564
5	611	11305.130531524481	8565
5	626	11751.614810426097	8569
5	642	12005.915781864209	8573
5	643	12068.818383894338	8574
5	645	12087.517576618801	8576
5	659	12377.655961808426	8577
5	660	12405.838438052962	8578
5	662	12473.883353805871	8580
5	673	12752.013466255306	8581
5	680	12948.299993852243	8583
5	692	13366.968872636872	8584
5	703	13594.275195001453	8588
5	704	13620.819974631425	8589
5	706	13685.817069183579	8587
5	714	13803.288470964703	8590
5	721	14039.892675682417	8592
5	722	14076.382252508176	8591
5	733	14312.979666992611	8594
5	737	14402.084606926772	8595
5	754	14711.734418658018	8599
5	762	14842.415340526011	8597
5	763	14868.110134816731	8600
5	764	14889.032263181863	8601
5	767	14928.759849894881	8603
5	781	15200.96924629962	8602
5	787	15304.793560946291	8605
5	803	15581.733157438665	8607
5	808	15606.468749512167	8609
5	809	15607.155507104075	8612
5	810	15609.711592331098	8610
5	813	15686.578354271964	8611
5	816	15705.517581806862	8608
5	822	15736.420322937272	8613
5	825	15796.665550642928	8614
5	826	15803.3012520448	8615
5	849	16078.297328134907	8619
5	853	16238.710109873297	8618
5	859	16586.296182071375	8620
5	864	16735.019587730863	8622
5	866	16833.897290369361	8621
5	874	16965.631389959897	8623
5	896	17362.583708041792	8629
5	903	17530.51007282561	8631
5	905	17554.960210083684	8628
5	914	17661.171767866069	8632
5	919	17744.40156005915	8635
5	920	17762.868622980299	8636
5	923	17788.777857024929	8633
5	932	17968.628540662815	8637
5	936	18066.604820607232	8638
5	947	18229.361750612941	8639
5	955	18374.29865794998	8642
5	961	18444.092378003755	8641
5	974	18690.536501828648	8644
5	977	18786.536166858507	8643
5	987	19009.272584889472	8647
5	988	19023.375417519383	8648
5	1007	19251.690328045482	8652
5	1019	19354.871899741145	8654
5	1022	19373.017851263075	8649
5	1035	19521.281098922834	8658
5	1036	19563.353779854868	8655
5	1037	19573.919403430259	8656
5	1045	19724.892884721837	8660
6	60	1044.169239575111	0
6	62	1115.695604685155	0
6	74	1347.048995963708	0
6	82	1452.261662846049	0
6	85	1500.087396094474	0
6	106	1892.822293341352	0
6	107	1929.841301574254	0
6	115	2077.366357950619	0
6	116	2081.33459298113	0
6	122	2254.742542327627	0
6	136	2633.432819610079	0
6	150	2849.988359843207	0
6	153	2887.292112272818	0
6	156	2949.391122379741	0
6	159	2978.988109875885	0
6	166	3130.068355492499	0
6	173	3246.876048921517	0
6	180	3393.758145955162	0
6	195	4023.668768271208	0
6	197	4083.651896357187	0
6	209	4338.962739778046	0
6	212	4409.433564352607	0
6	221	4783.049082721013	0
6	227	4982.254046757232	0
6	229	5014.768917354077	0
6	231	5054.330820777127	0
6	248	5368.037468479252	0
6	250	5417.265434989255	0
6	252	5438.908752131544	0
6	260	5572.54753101981	0
6	263	5636.947392544673	0
6	281	5849.123188998512	0
6	285	5864.297585818085	0
6	287	5918.355769515201	0
6	296	6054.940946426356	0
6	297	6067.78677347317	0
6	314	6251.048623963152	0
6	315	6255.213393328809	0
6	326	6446.608134671292	0
6	331	6519.778109369918	0
6	338	6612.521064856645	0
6	342	6649.521962150096	0
6	350	6729.328115681576	0
6	351	6744.652925285475	0
6	360	6853.51493001403	0
6	371	6996.693044951824	0
6	378	7083.338578188977	0
6	383	7145.929707885169	0
6	388	7187.269533507749	0
6	394	7256.819332426768	0
6	405	7459.509581522659	0
6	408	7504.192589435786	0
6	416	7628.127128614786	0
6	418	7629.584380707309	0
6	423	7729.829762199009	0
6	429	7809.45881753565	0
6	440	7972.025012208019	0
6	442	8006.934910279257	0
6	451	8129.956213434349	0
6	469	8631.075333874046	0
6	476	8700.790492279668	0
6	478	8764.480677764253	0
6	491	8901.51232570384	0
6	492	8904.208045442201	0
6	497	8980.431806893715	0
6	498	9003.877231893141	0
6	501	9008.143603286881	0
6	519	9242.427395074911	0
6	521	9252.87947763999	0
6	524	9304.328849252904	0
6	529	9372.071873905613	0
6	545	9960.745075672083	0
6	549	10039.484789380762	0
6	558	10160.867506862012	0
6	560	10190.965252852294	0
6	562	10200.827967173247	0
6	570	10306.467846635404	0
6	571	10314.987337866747	0
6	582	10523.348123522335	0
6	584	10553.924461105085	0
6	585	10555.317672447016	0
6	604	11129.345593030058	0
6	614	11374.796394870877	0
6	618	11442.614810426097	0
6	628	11767.792426010758	0
6	639	11967.105614092547	0
6	646	12108.915781864209	0
6	647	12171.818383894338	0
6	663	12480.655961808426	0
6	667	12576.883353805871	0
6	677	12855.013466255306	0
6	683	13051.299993852243	0
6	694	13443.33292318173	0
6	707	13697.275195001453	0
6	709	13723.819974631425	0
6	724	14131.837439109854	0
6	725	14142.892675682417	0
6	738	14415.979666992611	0
6	742	14505.084606926772	0
6	752	14683.673280776863	0
6	765	14891.96924629962	0
6	770	14992.032263181863	0
6	772	15014.045015767118	0
6	773	15031.759849894881	0
6	812	15684.733157438665	0
6	818	15710.155507104075	0
6	819	15712.711592331098	0
6	824	15789.578354271964	0
6	827	15808.517581806862	0
6	830	15821.782641600697	0
6	833	15839.420322937272	0
6	835	15899.665550642928	0
6	842	15929.710109873297	0
6	852	16181.297328134907	0
6	862	16689.296182071375	0
6	867	16838.019587730863	0
6	871	16936.897290369361	0
6	875	16990.422840243271	0
6	879	17068.631389959897	0
6	889	17227.139044698626	0
6	890	17245.960210083684	0
6	897	17366.903988730948	0
6	901	17465.583708041792	0
6	925	17847.40156005915	0
6	928	17891.777857024929	0
6	937	18071.628540662815	0
6	943	18169.604820607232	0
6	946	18192.815778250702	0
6	953	18332.361750612941	0
6	963	18477.536166858507	0
6	965	18532.768108180623	0
6	967	18547.092378003755	0
6	978	18793.536501828648	0
6	991	19064.017851263075	0
6	994	19112.272584889472	0
6	995	19126.375417519383	0
6	1003	19192.989671095104	0
6	1009	19254.353779854868	0
6	1010	19264.919403430259	0
6	1018	19354.690328045482	0
6	1023	19393.769383893421	0
6	1040	19624.281098922834	0
6	1048	19827.892884721837	0
7	60	1044.169239575111	3
7	62	1115.695604685155	3
7	74	1347.048995963708	3
7	82	1452.261662846049	3
7	85	1500.087396094474	3
7	106	1892.822293341352	3
7	107	1929.841301574254	3
7	115	2077.366357950619	3
7	116	2081.33459298113	3
7	122	2254.742542327627	3
7	136	2633.432819610079	3
7	150	2849.988359843207	3
7	153	2887.292112272818	3
7	156	2949.391122379741	3
7	159	2978.988109875885	3
7	166	3130.068355492499	3
7	173	3246.876048921517	3
7	180	3393.758145955162	3
7	195	4023.668768271208	3
7	197	4083.651896357187	3
7	209	4338.962739778046	3
7	212	4409.433564352607	3
7	221	4783.049082721013	3
7	227	4982.254046757232	3
7	229	5014.768917354077	3
7	231	5054.330820777127	3
7	248	5368.037468479252	3
7	250	5417.265434989255	3
7	252	5438.908752131544	3
7	260	5572.54753101981	3
7	263	5636.947392544673	3
7	281	5849.123188998512	3
7	285	5864.297585818085	3
7	287	5918.355769515201	3
7	296	6054.940946426356	3
7	297	6067.78677347317	3
7	314	6251.048623963152	3
7	315	6255.213393328809	3
7	326	6446.608134671292	3
7	331	6519.778109369918	3
7	338	6612.521064856645	3
7	342	6649.521962150096	3
7	350	6729.328115681576	3
7	351	6744.652925285475	3
7	360	6853.51493001403	3
7	371	6996.693044951824	3
7	378	7083.338578188977	3
7	383	7145.929707885169	3
7	388	7187.269533507749	3
7	394	7256.819332426768	3
7	405	7459.509581522659	3
7	408	7504.192589435786	3
7	416	7628.127128614786	3
7	418	7629.584380707309	3
7	423	7729.829762199009	3
7	429	7809.45881753565	3
7	440	7972.025012208019	3
7	442	8006.934910279257	3
7	451	8129.956213434349	3
7	469	8631.075333874046	3
7	476	8700.790492279668	3
7	478	8764.480677764253	3
7	491	8901.51232570384	3
7	492	8904.208045442201	3
7	497	8980.431806893715	3
7	498	9003.877231893141	3
7	501	9008.143603286881	3
7	519	9242.427395074911	3
7	521	9252.87947763999	3
7	524	9304.328849252904	3
7	529	9372.071873905613	3
7	545	9960.745075672083	3
7	549	10039.484789380762	3
7	558	10160.867506862012	3
7	560	10190.965252852294	3
7	562	10200.827967173247	3
7	570	10306.467846635404	3
7	571	10314.987337866747	3
7	582	10523.348123522335	3
7	584	10553.924461105085	3
7	585	10555.317672447016	3
7	604	11129.345593030058	3
7	614	11374.796394870877	3
7	618	11442.614810426097	3
7	628	11767.792426010758	3
7	639	11967.105614092547	3
7	646	12108.915781864209	3
7	647	12171.818383894338	3
7	663	12480.655961808426	3
7	667	12576.883353805871	3
7	677	12855.013466255306	3
7	683	13051.299993852243	3
7	694	13443.33292318173	3
7	707	13697.275195001453	3
7	709	13723.819974631425	3
7	724	14131.837439109854	3
7	725	14142.892675682417	3
7	738	14415.979666992611	3
7	742	14505.084606926772	3
7	752	14683.673280776863	3
7	765	14891.96924629962	3
7	770	14992.032263181863	3
7	772	15014.045015767118	3
7	773	15031.759849894881	3
7	812	15684.733157438665	3
7	818	15710.155507104075	3
7	819	15712.711592331098	3
7	824	15789.578354271964	3
7	827	15808.517581806862	3
7	830	15821.782641600697	3
7	833	15839.420322937272	3
7	835	15899.665550642928	3
7	842	15929.710109873297	3
7	852	16181.297328134907	3
7	862	16689.296182071375	3
7	867	16838.019587730863	3
7	871	16936.897290369361	3
7	875	16990.422840243271	3
7	879	17068.631389959897	3
7	889	17227.139044698626	3
7	890	17245.960210083684	3
7	897	17366.903988730948	3
7	901	17465.583708041792	3
7	925	17847.40156005915	3
7	928	17891.777857024929	3
7	937	18071.628540662815	3
7	943	18169.604820607232	3
7	946	18192.815778250702	3
7	953	18332.361750612941	3
7	963	18477.536166858507	3
7	965	18532.768108180623	3
7	967	18547.092378003755	3
7	978	18793.536501828648	3
7	991	19064.017851263075	3
7	994	19112.272584889472	3
7	995	19126.375417519383	3
7	1003	19192.989671095104	3
7	1009	19254.353779854868	3
7	1010	19264.919403430259	3
7	1018	19354.690328045482	3
7	1023	19393.769383893421	3
7	1040	19624.281098922834	3
7	1048	19827.892884721837	3
8	60	1044.169239575111	8447
8	62	1115.695604685155	8446
8	74	1347.048995963708	8448
8	82	1452.261662846049	8450
8	85	1500.087396094474	8453
8	106	1892.822293341352	8455
8	107	1929.841301574254	8457
8	115	2077.366357950619	8459
8	116	2081.33459298113	8458
8	122	2254.742542327627	8461
8	136	2633.432819610079	8464
8	150	2849.988359843207	8466
8	153	2887.292112272818	8463
8	156	2949.391122379741	8465
8	159	2978.988109875885	8468
8	166	3130.068355492499	8469
8	173	3246.876048921517	8472
8	180	3393.758145955162	8471
8	195	4023.668768271208	8475
8	197	4083.651896357187	8476
8	209	4338.962739778046	8478
8	212	4409.433564352607	8479
8	221	4783.049082721013	8480
8	227	4982.254046757232	8481
8	229	5014.768917354077	8482
8	231	5054.330820777127	8483
8	248	5368.037468479252	8484
8	250	5417.265434989255	8487
8	252	5438.908752131544	8488
8	260	5572.54753101981	8489
8	263	5636.947392544673	8490
8	281	5849.123188998512	8493
8	285	5864.297585818085	8491
8	287	5918.355769515201	8496
8	296	6054.940946426356	8497
8	297	6067.78677347317	8494
8	314	6251.048623963152	8503
8	315	6255.213393328809	8499
8	326	6446.608134671292	8502
8	331	6519.778109369918	8505
8	338	6612.521064856645	8507
8	342	6649.521962150096	8509
8	350	6729.328115681576	8508
8	351	6744.652925285475	8511
8	360	6853.51493001403	8512
8	371	6996.693044951824	8513
8	378	7083.338578188977	8515
8	383	7145.929707885169	8518
8	388	7187.269533507749	8519
8	394	7256.819332426768	8516
8	405	7459.509581522659	8522
8	408	7504.192589435786	8521
8	416	7628.127128614786	8525
8	418	7629.584380707309	8526
8	423	7729.829762199009	8524
8	429	7809.45881753565	8528
8	440	7972.025012208019	8529
8	442	8006.934910279257	8527
8	451	8129.956213434349	8530
8	469	8631.075333874046	8533
8	476	8700.790492279668	8534
8	478	8764.480677764253	8535
8	491	8901.51232570384	8541
8	492	8904.208045442201	8537
8	497	8980.431806893715	8539
8	498	9003.877231893141	8540
8	501	9008.143603286881	8543
8	519	9242.427395074911	8544
8	521	9252.87947763999	8546
8	524	9304.328849252904	8549
8	529	9372.071873905613	8547
8	545	9960.745075672083	8552
8	549	10039.484789380762	8550
8	558	10160.867506862012	8554
8	560	10190.965252852294	8555
8	562	10200.827967173247	8551
8	570	10306.467846635404	8556
8	571	10314.987337866747	8557
8	582	10523.348123522335	8559
8	584	10553.924461105085	8560
8	585	10555.317672447016	8558
8	604	11129.345593030058	8564
8	614	11374.796394870877	8568
8	618	11442.614810426097	8569
8	628	11767.792426010758	8571
8	639	11967.105614092547	8575
8	646	12108.915781864209	8573
8	647	12171.818383894338	8574
8	663	12480.655961808426	8577
8	667	12576.883353805871	8580
8	677	12855.013466255306	8581
8	683	13051.299993852243	8583
8	694	13443.33292318173	8586
8	707	13697.275195001453	8588
8	709	13723.819974631425	8589
8	724	14131.837439109854	8593
8	725	14142.892675682417	8592
8	738	14415.979666992611	8594
8	742	14505.084606926772	8595
8	752	14683.673280776863	8598
8	765	14891.96924629962	8602
8	770	14992.032263181863	8601
8	772	15014.045015767118	8604
8	773	15031.759849894881	8603
8	812	15684.733157438665	8607
8	818	15710.155507104075	8612
8	819	15712.711592331098	8610
8	824	15789.578354271964	8611
8	827	15808.517581806862	8608
8	830	15821.782641600697	8616
8	833	15839.420322937272	8613
8	835	15899.665550642928	8614
8	842	15929.710109873297	8618
8	852	16181.297328134907	8619
8	862	16689.296182071375	8620
8	867	16838.019587730863	8622
8	871	16936.897290369361	8621
8	875	16990.422840243271	8624
8	879	17068.631389959897	8623
8	889	17227.139044698626	8627
8	890	17245.960210083684	8628
8	897	17366.903988730948	8630
8	901	17465.583708041792	8629
8	925	17847.40156005915	8635
8	928	17891.777857024929	8633
8	937	18071.628540662815	8637
8	943	18169.604820607232	8638
8	946	18192.815778250702	8640
8	953	18332.361750612941	8639
8	963	18477.536166858507	8643
8	965	18532.768108180623	8645
8	967	18547.092378003755	8641
8	978	18793.536501828648	8644
8	991	19064.017851263075	8649
8	994	19112.272584889472	8647
8	995	19126.375417519383	8648
8	1003	19192.989671095104	8653
8	1009	19254.353779854868	8655
8	1010	19264.919403430259	8656
8	1018	19354.690328045482	8652
8	1023	19393.769383893421	8657
8	1040	19624.281098922834	8658
8	1048	19827.892884721837	8660
9	80	1448.064579667724	0
9	89	1583.822293341352	0
9	90	1603.087396094474	0
9	117	2148.145980397043	0
9	119	2180.366357950619	0
9	120	2184.33459298113	0
9	125	2357.742542327627	0
9	131	2542.814302176338	0
9	135	2578.292112272818	0
9	137	2640.391122379741	0
9	140	2654.554510614646	0
9	142	2736.432819610079	0
9	162	3034.991379160229	0
9	164	3081.988109875885	0
9	171	3233.068355492499	0
9	178	3349.876048921517	0
9	185	3496.758145955162	0
9	198	4087.60539896249	0
9	199	4126.668768271208	0
9	201	4186.651896357187	0
9	213	4441.962739778046	0
9	215	4512.433564352607	0
9	223	4886.049082721013	0
9	232	5059.037468479252	0
9	233	5085.254046757232	0
9	234	5117.768917354077	0
9	236	5157.330820777127	0
9	256	5520.265434989255	0
9	258	5541.908752131544	0
9	268	5675.54753101981	0
9	274	5758.78677347317	0
9	286	5897.419565003786	0
9	294	6021.355769515201	0
9	300	6109.090619199056	0
9	305	6157.940946426356	0
9	318	6286.839432261708	0
9	322	6354.048623963152	0
9	323	6358.213393328809	0
9	334	6549.608134671292	0
9	336	6573.419512759829	0
9	339	6622.778109369918	0
9	348	6715.521064856645	0
9	353	6752.521962150096	0
9	359	6847.652925285475	0
9	365	6943.940271662366	0
9	380	7099.693044951824	0
9	393	7248.929707885169	0
9	395	7290.269533507749	0
9	401	7359.819332426768	0
9	409	7525.313340243938	0
9	413	7562.509581522659	0
9	414	7607.192589435786	0
9	424	7731.127128614786	0
9	425	7732.584380707309	0
9	431	7832.829762199009	0
9	436	7912.45881753565	0
9	447	8075.025012208019	0
9	449	8109.934910279257	0
9	460	8423.076844950054	0
9	487	8867.480677764253	0
9	495	8942.149117319302	0
9	499	9004.51232570384	0
9	507	9106.877231893141	0
9	509	9111.143603286881	0
9	511	9146.367962481767	0
9	531	9407.328849252904	0
9	533	9475.071873905613	0
9	542	9891.827967173247	0
9	547	9991.156496539987	0
9	551	10063.745075672083	0
9	566	10263.867506862012	0
9	567	10293.965252852294	0
9	586	10626.348123522335	0
9	587	10629.535276451114	0
9	589	10656.924461105085	0
9	619	11477.796394870877	0
9	620	11545.614810426097	0
9	624	11663.865720560021	0
9	644	12070.105614092547	0
9	651	12211.915781864209	0
9	661	12459.508498196507	0
9	668	12583.655961808426	0
9	671	12679.883353805871	0
9	681	12958.013466255306	0
9	686	13154.299993852243	0
9	687	13160.968872636872	0
9	693	13367.767212573635	0
9	700	13546.33292318173	0
9	716	13870.382252508176	0
9	729	14234.837439109854	0
9	730	14245.892675682417	0
9	736	14390.455914528484	0
9	743	14518.979666992611	0
9	750	14636.415340526011	0
9	771	14994.96924629962	0
9	774	15095.032263181863	0
9	777	15117.045015767118	0
9	778	15134.759849894881	0
9	785	15288.886822719356	0
9	798	15499.517581806862	0
9	828	15813.155507104075	0
9	829	15815.711592331098	0
9	831	15822.285942078861	0
9	834	15892.578354271964	0
9	843	15942.420322937272	0
9	846	16002.665550642928	0
9	847	16032.710109873297	0
9	854	16284.297328134907	0
9	865	16792.296182071375	0
9	877	17039.897290369361	0
9	878	17045.186171198439	0
9	880	17093.422840243271	0
9	894	17330.139044698626	0
9	895	17348.960210083684	0
9	902	17469.903988730948	0
9	907	17568.583708041792	0
9	918	17690.40758582888	0
9	930	17950.40156005915	0
9	933	17994.777857024929	0
9	945	18174.628540662815	0
9	948	18238.092378003755	0
9	952	18295.815778250702	0
9	960	18435.361750612941	0
9	964	18484.536501828648	0
9	968	18580.536166858507	0
9	970	18635.768108180623	0
9	976	18767.11632081582	0
9	992	19080.433372480255	0
9	996	19143.802880039426	0
9	1001	19167.017851263075	0
9	1005	19229.375417519383	0
9	1014	19295.989671095104	0
9	1020	19357.353779854868	0
9	1021	19367.919403430259	0
9	1033	19496.769383893421	0
9	1038	19574.30745372994	0
10	80	1448.064579667724	3
10	89	1583.822293341352	3
10	90	1603.087396094474	3
10	117	2148.145980397043	3
10	119	2180.366357950619	3
10	120	2184.33459298113	3
10	125	2357.742542327627	3
10	131	2542.814302176338	3
10	135	2578.292112272818	3
10	137	2640.391122379741	3
10	140	2654.554510614646	3
10	142	2736.432819610079	3
10	162	3034.991379160229	3
10	164	3081.988109875885	3
10	171	3233.068355492499	3
10	178	3349.876048921517	3
10	185	3496.758145955162	3
10	198	4087.60539896249	3
10	199	4126.668768271208	3
10	201	4186.651896357187	3
10	213	4441.962739778046	3
10	215	4512.433564352607	3
10	223	4886.049082721013	3
10	232	5059.037468479252	3
10	233	5085.254046757232	3
10	234	5117.768917354077	3
10	236	5157.330820777127	3
10	256	5520.265434989255	3
10	258	5541.908752131544	3
10	268	5675.54753101981	3
10	274	5758.78677347317	3
10	286	5897.419565003786	3
10	294	6021.355769515201	3
10	300	6109.090619199056	3
10	305	6157.940946426356	3
10	318	6286.839432261708	3
10	322	6354.048623963152	3
10	323	6358.213393328809	3
10	334	6549.608134671292	3
10	336	6573.419512759829	3
10	339	6622.778109369918	3
10	348	6715.521064856645	3
10	353	6752.521962150096	3
10	359	6847.652925285475	3
10	365	6943.940271662366	3
10	380	7099.693044951824	3
10	393	7248.929707885169	3
10	395	7290.269533507749	3
10	401	7359.819332426768	3
10	409	7525.313340243938	3
10	413	7562.509581522659	3
10	414	7607.192589435786	3
10	424	7731.127128614786	3
10	425	7732.584380707309	3
10	431	7832.829762199009	3
10	436	7912.45881753565	3
10	447	8075.025012208019	3
10	449	8109.934910279257	3
10	460	8423.076844950054	3
10	487	8867.480677764253	3
10	495	8942.149117319302	3
10	499	9004.51232570384	3
10	507	9106.877231893141	3
10	509	9111.143603286881	3
10	511	9146.367962481767	3
10	531	9407.328849252904	3
10	533	9475.071873905613	3
10	542	9891.827967173247	3
10	547	9991.156496539987	3
10	551	10063.745075672083	3
10	566	10263.867506862012	3
10	567	10293.965252852294	3
10	586	10626.348123522335	3
10	587	10629.535276451114	3
10	589	10656.924461105085	3
10	619	11477.796394870877	3
10	620	11545.614810426097	3
10	624	11663.865720560021	3
10	644	12070.105614092547	3
10	651	12211.915781864209	3
10	661	12459.508498196507	3
10	668	12583.655961808426	3
10	671	12679.883353805871	3
10	681	12958.013466255306	3
10	686	13154.299993852243	3
10	687	13160.968872636872	3
10	693	13367.767212573635	3
10	700	13546.33292318173	3
10	716	13870.382252508176	3
10	729	14234.837439109854	3
10	730	14245.892675682417	3
10	736	14390.455914528484	3
10	743	14518.979666992611	3
10	750	14636.415340526011	3
10	771	14994.96924629962	3
10	774	15095.032263181863	3
10	777	15117.045015767118	3
10	778	15134.759849894881	3
10	785	15288.886822719356	3
10	798	15499.517581806862	3
10	828	15813.155507104075	3
10	829	15815.711592331098	3
10	831	15822.285942078861	3
10	834	15892.578354271964	3
10	843	15942.420322937272	3
10	846	16002.665550642928	3
10	847	16032.710109873297	3
10	854	16284.297328134907	3
10	865	16792.296182071375	3
10	877	17039.897290369361	3
10	878	17045.186171198439	3
10	880	17093.422840243271	3
10	894	17330.139044698626	3
10	895	17348.960210083684	3
10	902	17469.903988730948	3
10	907	17568.583708041792	3
10	918	17690.40758582888	3
10	930	17950.40156005915	3
10	933	17994.777857024929	3
10	945	18174.628540662815	3
10	948	18238.092378003755	3
10	952	18295.815778250702	3
10	960	18435.361750612941	3
10	964	18484.536501828648	3
10	968	18580.536166858507	3
10	970	18635.768108180623	3
10	976	18767.11632081582	3
10	992	19080.433372480255	3
10	996	19143.802880039426	3
10	1001	19167.017851263075	3
10	1005	19229.375417519383	3
10	1014	19295.989671095104	3
10	1020	19357.353779854868	3
10	1021	19367.919403430259	3
10	1033	19496.769383893421	3
10	1038	19574.30745372994	3
11	80	1448.064579667724	8452
11	89	1583.822293341352	8455
11	90	1603.087396094474	8453
11	117	2148.145980397043	8460
11	119	2180.366357950619	8459
11	120	2184.33459298113	8458
11	125	2357.742542327627	8461
11	131	2542.814302176338	8462
11	135	2578.292112272818	8463
11	137	2640.391122379741	8465
11	140	2654.554510614646	8467
11	142	2736.432819610079	8464
11	162	3034.991379160229	8470
11	164	3081.988109875885	8468
11	171	3233.068355492499	8469
11	178	3349.876048921517	8472
11	185	3496.758145955162	8471
11	198	4087.60539896249	8477
11	199	4126.668768271208	8475
11	201	4186.651896357187	8476
11	213	4441.962739778046	8478
11	215	4512.433564352607	8479
11	223	4886.049082721013	8480
11	232	5059.037468479252	8484
11	233	5085.254046757232	8481
11	234	5117.768917354077	8482
11	236	5157.330820777127	8483
11	256	5520.265434989255	8487
11	258	5541.908752131544	8488
11	268	5675.54753101981	8489
11	274	5758.78677347317	8494
11	286	5897.419565003786	8495
11	294	6021.355769515201	8496
11	300	6109.090619199056	8498
11	305	6157.940946426356	8497
11	318	6286.839432261708	8504
11	322	6354.048623963152	8503
11	323	6358.213393328809	8499
11	334	6549.608134671292	8502
11	336	6573.419512759829	8506
11	339	6622.778109369918	8505
11	348	6715.521064856645	8507
11	353	6752.521962150096	8509
11	359	6847.652925285475	8511
11	365	6943.940271662366	8514
11	380	7099.693044951824	8513
11	393	7248.929707885169	8518
11	395	7290.269533507749	8519
11	401	7359.819332426768	8516
11	409	7525.313340243938	8523
11	413	7562.509581522659	8522
11	414	7607.192589435786	8521
11	424	7731.127128614786	8525
11	425	7732.584380707309	8526
11	431	7832.829762199009	8524
11	436	7912.45881753565	8528
11	447	8075.025012208019	8529
11	449	8109.934910279257	8527
11	460	8423.076844950054	8532
11	487	8867.480677764253	8535
11	495	8942.149117319302	8542
11	499	9004.51232570384	8541
11	507	9106.877231893141	8540
11	509	9111.143603286881	8543
11	511	9146.367962481767	8545
11	531	9407.328849252904	8549
11	533	9475.071873905613	8547
11	542	9891.827967173247	8551
11	547	9991.156496539987	8553
11	551	10063.745075672083	8552
11	566	10263.867506862012	8554
11	567	10293.965252852294	8555
11	586	10626.348123522335	8559
11	587	10629.535276451114	8561
11	589	10656.924461105085	8560
11	619	11477.796394870877	8568
11	620	11545.614810426097	8569
11	624	11663.865720560021	8570
11	644	12070.105614092547	8575
11	651	12211.915781864209	8573
11	661	12459.508498196507	8579
11	668	12583.655961808426	8577
11	671	12679.883353805871	8580
11	681	12958.013466255306	8581
11	686	13154.299993852243	8583
11	687	13160.968872636872	8584
11	693	13367.767212573635	8585
11	700	13546.33292318173	8586
11	716	13870.382252508176	8591
11	729	14234.837439109854	8593
11	730	14245.892675682417	8592
11	736	14390.455914528484	8596
11	743	14518.979666992611	8594
11	750	14636.415340526011	8597
11	771	14994.96924629962	8602
11	774	15095.032263181863	8601
11	777	15117.045015767118	8604
11	778	15134.759849894881	8603
11	785	15288.886822719356	8606
11	798	15499.517581806862	8608
11	828	15813.155507104075	8612
11	829	15815.711592331098	8610
11	831	15822.285942078861	8617
11	834	15892.578354271964	8611
11	843	15942.420322937272	8613
11	846	16002.665550642928	8614
11	847	16032.710109873297	8618
11	854	16284.297328134907	8619
11	865	16792.296182071375	8620
11	877	17039.897290369361	8621
11	878	17045.186171198439	8625
11	880	17093.422840243271	8624
11	894	17330.139044698626	8627
11	895	17348.960210083684	8628
11	902	17469.903988730948	8630
11	907	17568.583708041792	8629
11	918	17690.40758582888	8634
11	930	17950.40156005915	8635
11	933	17994.777857024929	8633
11	945	18174.628540662815	8637
11	948	18238.092378003755	8641
11	952	18295.815778250702	8640
11	960	18435.361750612941	8639
11	964	18484.536501828648	8644
11	968	18580.536166858507	8643
11	970	18635.768108180623	8645
11	976	18767.11632081582	8646
11	992	19080.433372480255	8650
11	996	19143.802880039426	8651
11	1001	19167.017851263075	8649
11	1005	19229.375417519383	8648
11	1014	19295.989671095104	8653
11	1020	19357.353779854868	8655
11	1021	19367.919403430259	8656
11	1033	19496.769383893421	8657
11	1038	19574.30745372994	8659
12	56	1004.130020963148	306
12	134	2563.742542327627	512
12	182	3439.068355492499	512
12	208	4332.668768271208	512
12	312	6227.355769515201	409
12	369	6958.521962150096	409
12	384	7149.940271662366	306
12	397	7305.693044951824	512
12	426	7768.509581522659	409
12	445	8038.829762199009	512
12	536	9613.328849252904	409
12	615	11380.837066121168	203
12	654	12276.105614092547	409
12	670	12665.508498196507	306
12	678	12885.883353805871	512
12	682	13001.73999027353	203
12	710	13752.33292318173	409
12	739	14440.837439109854	409
12	740	14451.892675682417	512
12	789	15340.759849894881	512
12	888	17204.629968095955	203
12	922	17774.583708041792	512
12	929	17896.40758582888	306
12	942	18156.40156005915	512
12	1034	19501.989671095104	409
13	56	1004.130020963148	6
13	134	2563.742542327627	12
13	182	3439.068355492499	12
13	208	4332.668768271208	12
13	312	6227.355769515201	9
13	369	6958.521962150096	9
13	384	7149.940271662366	6
13	397	7305.693044951824	12
13	426	7768.509581522659	9
13	445	8038.829762199009	12
13	536	9613.328849252904	9
13	615	11380.837066121168	3
13	654	12276.105614092547	9
13	670	12665.508498196507	6
13	678	12885.883353805871	12
13	682	13001.73999027353	3
13	710	13752.33292318173	9
13	739	14440.837439109854	9
13	740	14451.892675682417	12
13	789	15340.759849894881	12
13	888	17204.629968095955	3
13	922	17774.583708041792	12
13	929	17896.40758582888	6
13	942	18156.40156005915	12
13	1034	19501.989671095104	9
14	56	1004.130020963148	2
14	134	2563.742542327627	4
14	182	3439.068355492499	4
14	208	4332.668768271208	4
14	312	6227.355769515201	3
14	369	6958.521962150096	3
14	384	7149.940271662366	2
14	397	7305.693044951824	4
14	426	7768.509581522659	3
14	445	8038.829762199009	4
14	536	9613.328849252904	3
14	615	11380.837066121168	1
14	654	12276.105614092547	3
14	670	12665.508498196507	2
14	678	12885.883353805871	4
14	682	13001.73999027353	1
14	710	13752.33292318173	3
14	739	14440.837439109854	3
14	740	14451.892675682417	4
14	789	15340.759849894881	4
14	888	17204.629968095955	1
14	922	17774.583708041792	4
14	929	17896.40758582888	2
14	942	18156.40156005915	4
14	1034	19501.989671095104	3
15	63	1132.655288710714	409
15	158	2963.554510614646	409
15	184	3482.788513990973	203
15	190	3724.158956052383	306
15	280	5829.265434989255	512
15	282	5850.908752131544	512
15	319	6304.601502841293	203
15	354	6777.355830776116	203
15	373	7024.521064856645	512
15	386	7156.652925285475	512
15	398	7323.479016940348	203
15	480	8767.228020245102	203
15	532	9455.367962481767	409
15	650	12190.517576618801	203
15	695	13469.968872636872	409
15	712	13788.817069183579	306
15	717	13906.288470964703	203
15	786	15303.96924629962	512
15	855	16341.710109873297	512
15	911	17633.51007282561	306
15	913	17657.960210083684	512
15	926	17865.868622980299	203
15	962	18477.29865794998	306
15	1032	19476.017851263075	512
15	1042	19666.353779854868	512
15	1043	19676.919403430259	512
16	63	1132.655288710714	9
16	158	2963.554510614646	9
16	184	3482.788513990973	3
16	190	3724.158956052383	6
16	280	5829.265434989255	12
16	282	5850.908752131544	12
16	319	6304.601502841293	3
16	354	6777.355830776116	3
16	373	7024.521064856645	12
16	386	7156.652925285475	12
16	398	7323.479016940348	3
16	480	8767.228020245102	3
16	532	9455.367962481767	9
16	650	12190.517576618801	3
16	695	13469.968872636872	9
16	712	13788.817069183579	6
16	717	13906.288470964703	3
16	786	15303.96924629962	12
16	855	16341.710109873297	12
16	911	17633.51007282561	6
16	913	17657.960210083684	12
16	926	17865.868622980299	3
16	962	18477.29865794998	6
16	1032	19476.017851263075	12
16	1042	19666.353779854868	12
16	1043	19676.919403430259	12
17	63	1132.655288710714	3
17	158	2963.554510614646	3
17	184	3482.788513990973	1
17	190	3724.158956052383	2
17	280	5829.265434989255	4
17	282	5850.908752131544	4
17	319	6304.601502841293	1
17	354	6777.355830776116	1
17	373	7024.521064856645	4
17	386	7156.652925285475	4
17	398	7323.479016940348	1
17	480	8767.228020245102	1
17	532	9455.367962481767	3
17	650	12190.517576618801	1
17	695	13469.968872636872	3
17	712	13788.817069183579	2
17	717	13906.288470964703	1
17	786	15303.96924629962	4
17	855	16341.710109873297	4
17	911	17633.51007282561	2
17	913	17657.960210083684	4
17	926	17865.868622980299	1
17	962	18477.29865794998	2
17	1032	19476.017851263075	4
17	1042	19666.353779854868	4
17	1043	19676.919403430259	4
18	77	1375.07876687386	306
18	97	1760.420563858817	306
18	109	1976.250457402909	306
18	177	3343.991379160229	409
18	211	4396.60539896249	409
18	214	4495.651896357187	512
18	246	5345.553784914901	306
18	253	5466.25831862462	203
18	317	6274.763379671167	203
18	345	6663.048623963152	512
18	391	7204.871986599869	203
18	446	8040.127128614786	512
18	455	8221.45881753565	512
18	457	8307.104372795835	306
18	488	8870.195738682843	203
18	568	10300.156496539987	409
18	616	11408.130531524481	306
18	631	11854.614810426097	512
18	664	12508.838438052962	203
18	726	14179.382252508176	409
18	760	14814.734418658018	203
18	768	14945.415340526011	409
18	769	14971.110134816731	306
18	795	15407.793560946291	306
18	817	15709.468749512167	306
18	836	15906.3012520448	306
18	921	17764.171767866069	203
18	981	18889.536166858507	512
18	1028	19457.871899741145	306
19	77	1375.07876687386	6
19	97	1760.420563858817	6
19	109	1976.250457402909	6
19	177	3343.991379160229	9
19	211	4396.60539896249	9
19	214	4495.651896357187	12
19	246	5345.553784914901	6
19	253	5466.25831862462	3
19	317	6274.763379671167	3
19	345	6663.048623963152	12
19	391	7204.871986599869	3
19	446	8040.127128614786	12
19	455	8221.45881753565	12
19	457	8307.104372795835	6
19	488	8870.195738682843	3
19	568	10300.156496539987	9
19	616	11408.130531524481	6
19	631	11854.614810426097	12
19	664	12508.838438052962	3
19	726	14179.382252508176	9
19	760	14814.734418658018	3
19	768	14945.415340526011	9
19	769	14971.110134816731	6
19	795	15407.793560946291	6
19	817	15709.468749512167	6
19	836	15906.3012520448	6
19	921	17764.171767866069	3
19	981	18889.536166858507	12
19	1028	19457.871899741145	6
20	77	1375.07876687386	2
20	97	1760.420563858817	2
20	109	1976.250457402909	2
20	177	3343.991379160229	3
20	211	4396.60539896249	3
20	214	4495.651896357187	4
20	246	5345.553784914901	2
20	253	5466.25831862462	1
20	317	6274.763379671167	1
20	345	6663.048623963152	4
20	391	7204.871986599869	1
20	446	8040.127128614786	4
20	455	8221.45881753565	4
20	457	8307.104372795835	2
20	488	8870.195738682843	1
20	568	10300.156496539987	3
20	616	11408.130531524481	2
20	631	11854.614810426097	4
20	664	12508.838438052962	1
20	726	14179.382252508176	3
20	760	14814.734418658018	1
20	768	14945.415340526011	3
20	769	14971.110134816731	2
20	795	15407.793560946291	2
20	817	15709.468749512167	2
20	836	15906.3012520448	2
20	921	17764.171767866069	1
20	981	18889.536166858507	4
20	1028	19457.871899741145	2
21	66	1147.169239575111	203
21	88	1555.261662846049	409
21	111	1995.822293341352	512
21	160	2990.292112272818	512
21	163	3052.391122379741	512
21	271	5739.947392544673	306
21	291	5967.297585818085	409
21	306	6170.78677347317	512
21	368	6956.51493001403	306
21	477	8734.075333874046	409
21	485	8803.790492279668	306
21	526	9345.427395074911	409
21	528	9355.87947763999	306
21	557	10142.484789380762	409
21	635	11870.792426010758	203
21	713	13800.275195001453	306
21	823	15787.733157438665	409
21	837	15911.517581806862	512
21	872	16941.019587730863	306
21	886	17171.631389959897	306
21	950	18272.604820607232	306
21	982	18896.536501828648	512
22	66	1147.169239575111	3
22	88	1555.261662846049	9
22	111	1995.822293341352	12
22	160	2990.292112272818	12
22	163	3052.391122379741	12
22	271	5739.947392544673	6
22	291	5967.297585818085	9
22	306	6170.78677347317	12
22	368	6956.51493001403	6
22	477	8734.075333874046	9
22	485	8803.790492279668	6
22	526	9345.427395074911	9
22	528	9355.87947763999	6
22	557	10142.484789380762	9
22	635	11870.792426010758	3
22	713	13800.275195001453	6
22	823	15787.733157438665	9
22	837	15911.517581806862	12
22	872	16941.019587730863	6
22	886	17171.631389959897	6
22	950	18272.604820607232	6
22	982	18896.536501828648	12
23	66	1147.169239575111	1
23	88	1555.261662846049	3
23	111	1995.822293341352	4
23	160	2990.292112272818	4
23	163	3052.391122379741	4
23	271	5739.947392544673	2
23	291	5967.297585818085	3
23	306	6170.78677347317	4
23	368	6956.51493001403	2
23	477	8734.075333874046	3
23	485	8803.790492279668	2
23	526	9345.427395074911	3
23	528	9355.87947763999	2
23	557	10142.484789380762	3
23	635	11870.792426010758	1
23	713	13800.275195001453	2
23	823	15787.733157438665	3
23	837	15911.517581806862	4
23	872	16941.019587730863	2
23	886	17171.631389959897	2
23	950	18272.604820607232	2
23	982	18896.536501828648	4
24	69	1218.695604685155	306
24	81	1450.048995963708	409
24	112	2032.841301574254	306
24	157	2952.988359843207	409
24	255	5471.037468479252	512
24	289	5952.123188998512	306
24	357	6832.328115681576	306
24	387	7186.338578188977	306
24	456	8232.956213434349	409
24	500	9007.208045442201	409
24	506	9083.431806893715	409
24	569	10303.827967173247	512
24	576	10409.467846635404	306
24	577	10417.987337866747	306
24	590	10658.317672447016	409
24	608	11232.345593030058	306
24	653	12274.818383894338	409
24	715	13826.819974631425	306
24	747	14608.084606926772	409
24	758	14786.673280776863	203
24	840	15924.782641600697	203
24	971	18650.092378003755	512
24	1004	19215.272584889472	409
24	1027	19457.690328045482	409
24	1046	19727.281098922834	409
24	1049	19930.892884721837	306
25	69	1218.695604685155	6
25	81	1450.048995963708	9
25	112	2032.841301574254	6
25	157	2952.988359843207	9
25	255	5471.037468479252	12
25	289	5952.123188998512	6
25	357	6832.328115681576	6
25	387	7186.338578188977	6
25	456	8232.956213434349	9
25	500	9007.208045442201	9
25	506	9083.431806893715	9
25	569	10303.827967173247	12
25	576	10409.467846635404	6
25	577	10417.987337866747	6
25	590	10658.317672447016	9
25	608	11232.345593030058	6
25	653	12274.818383894338	9
25	715	13826.819974631425	6
25	747	14608.084606926772	9
25	758	14786.673280776863	3
25	840	15924.782641600697	3
25	971	18650.092378003755	12
25	1004	19215.272584889472	9
25	1027	19457.690328045482	9
25	1046	19727.281098922834	9
25	1049	19930.892884721837	6
26	69	1218.695604685155	2
26	81	1450.048995963708	3
26	112	2032.841301574254	2
26	157	2952.988359843207	3
26	255	5471.037468479252	4
26	289	5952.123188998512	2
26	357	6832.328115681576	2
26	387	7186.338578188977	2
26	456	8232.956213434349	3
26	500	9007.208045442201	3
26	506	9083.431806893715	3
26	569	10303.827967173247	4
26	576	10409.467846635404	2
26	577	10417.987337866747	2
26	590	10658.317672447016	3
26	608	11232.345593030058	2
26	653	12274.818383894338	3
26	715	13826.819974631425	2
26	747	14608.084606926772	3
26	758	14786.673280776863	1
26	840	15924.782641600697	1
26	971	18650.092378003755	4
26	1004	19215.272584889472	3
26	1027	19457.690328045482	3
26	1046	19727.281098922834	3
26	1049	19930.892884721837	2
27	121	2251.145980397043	203
27	123	2283.366357950619	409
27	124	2287.33459298113	512
27	139	2645.814302176338	203
27	169	3184.988109875885	409
27	188	3599.758145955162	512
27	238	5188.254046757232	409
27	241	5260.330820777127	306
27	276	5778.54753101981	409
27	310	6212.090619199056	203
27	316	6260.940946426356	409
27	328	6461.213393328809	409
27	406	7462.819332426768	512
27	422	7710.192589435786	512
27	433	7835.584380707309	306
27	535	9578.071873905613	409
27	559	10166.745075672083	306
27	685	13061.013466255306	512
27	791	15391.886822719356	203
27	838	15916.155507104075	409
27	839	15918.711592331098	512
27	841	15925.285942078861	203
27	845	15995.578354271964	512
27	850	16105.665550642928	512
27	857	16387.297328134907	409
27	870	16895.296182071375	512
27	883	17142.897290369361	512
27	885	17148.186171198439	203
27	887	17196.422840243271	306
27	908	17572.903988730948	306
27	939	18097.777857024929	512
27	951	18277.628540662815	409
27	958	18398.815778250702	306
27	975	18738.768108180623	306
27	1039	19599.769383893421	306
28	121	2251.145980397043	3
28	123	2283.366357950619	9
28	124	2287.33459298113	12
28	139	2645.814302176338	3
28	169	3184.988109875885	9
28	188	3599.758145955162	12
28	238	5188.254046757232	9
28	241	5260.330820777127	6
28	276	5778.54753101981	9
28	310	6212.090619199056	3
28	316	6260.940946426356	9
28	328	6461.213393328809	9
28	406	7462.819332426768	12
28	422	7710.192589435786	12
28	433	7835.584380707309	6
28	535	9578.071873905613	9
28	559	10166.745075672083	6
28	685	13061.013466255306	12
28	791	15391.886822719356	3
28	838	15916.155507104075	9
28	839	15918.711592331098	12
28	841	15925.285942078861	3
28	845	15995.578354271964	12
28	850	16105.665550642928	12
28	857	16387.297328134907	9
28	870	16895.296182071375	12
28	883	17142.897290369361	12
28	885	17148.186171198439	3
28	887	17196.422840243271	6
28	908	17572.903988730948	6
28	939	18097.777857024929	12
28	951	18277.628540662815	9
28	958	18398.815778250702	6
28	975	18738.768108180623	6
28	1039	19599.769383893421	6
29	121	2251.145980397043	1
29	123	2283.366357950619	3
29	124	2287.33459298113	4
29	139	2645.814302176338	1
29	169	3184.988109875885	3
29	188	3599.758145955162	4
29	238	5188.254046757232	3
29	241	5260.330820777127	2
29	276	5778.54753101981	3
29	310	6212.090619199056	1
29	316	6260.940946426356	3
29	328	6461.213393328809	3
29	406	7462.819332426768	4
29	422	7710.192589435786	4
29	433	7835.584380707309	2
29	535	9578.071873905613	3
29	559	10166.745075672083	2
29	685	13061.013466255306	4
29	791	15391.886822719356	1
29	838	15916.155507104075	3
29	839	15918.711592331098	4
29	841	15925.285942078861	1
29	845	15995.578354271964	4
29	850	16105.665550642928	4
29	857	16387.297328134907	3
29	870	16895.296182071375	4
29	883	17142.897290369361	4
29	885	17148.186171198439	1
29	887	17196.422840243271	2
29	908	17572.903988730948	2
29	939	18097.777857024929	4
29	951	18277.628540662815	3
29	958	18398.815778250702	2
29	975	18738.768108180623	2
29	1039	19599.769383893421	2
30	148	2839.432819610079	306
30	216	4544.962739778046	512
30	218	4615.433564352607	306
30	228	4989.049082721013	409
30	239	5220.768917354077	306
30	292	6000.419565003786	203
30	324	6389.839432261708	203
30	344	6652.608134671292	512
30	347	6676.419512759829	203
30	349	6725.778109369918	512
30	399	7351.929707885169	306
30	417	7628.313340243938	203
30	452	8178.025012208019	409
30	454	8212.934910279257	512
30	463	8526.076844950054	203
30	496	8970.480677764253	409
30	508	9107.51232570384	306
30	517	9209.877231893141	512
30	574	10366.867506862012	409
30	595	10759.924461105085	306
30	622	11580.796394870877	306
30	656	12314.915781864209	512
30	672	12686.655961808426	512
30	688	13257.299993852243	409
30	749	14621.979666992611	512
30	780	15198.032263181863	512
30	848	16045.420322937272	512
30	966	18538.361750612941	512
30	980	18870.11632081582	203
31	148	2839.432819610079	6
31	216	4544.962739778046	12
31	218	4615.433564352607	6
31	228	4989.049082721013	9
31	239	5220.768917354077	6
31	292	6000.419565003786	3
31	324	6389.839432261708	3
31	344	6652.608134671292	12
31	347	6676.419512759829	3
31	349	6725.778109369918	12
31	399	7351.929707885169	6
31	417	7628.313340243938	3
31	452	8178.025012208019	9
31	454	8212.934910279257	12
31	463	8526.076844950054	3
31	496	8970.480677764253	9
31	508	9107.51232570384	6
31	517	9209.877231893141	12
31	574	10366.867506862012	9
31	595	10759.924461105085	6
31	622	11580.796394870877	6
31	656	12314.915781864209	12
31	672	12686.655961808426	12
31	688	13257.299993852243	9
31	749	14621.979666992611	12
31	780	15198.032263181863	12
31	848	16045.420322937272	12
31	966	18538.361750612941	12
31	980	18870.11632081582	3
32	148	2839.432819610079	2
32	216	4544.962739778046	4
32	218	4615.433564352607	2
32	228	4989.049082721013	3
32	239	5220.768917354077	2
32	292	6000.419565003786	1
32	324	6389.839432261708	1
32	344	6652.608134671292	4
32	347	6676.419512759829	1
32	349	6725.778109369918	4
32	399	7351.929707885169	2
32	417	7628.313340243938	1
32	452	8178.025012208019	3
32	454	8212.934910279257	4
32	463	8526.076844950054	1
32	496	8970.480677764253	3
32	508	9107.51232570384	2
32	517	9209.877231893141	4
32	574	10366.867506862012	3
32	595	10759.924461105085	2
32	622	11580.796394870877	2
32	656	12314.915781864209	4
32	672	12686.655961808426	4
32	688	13257.299993852243	3
32	749	14621.979666992611	4
32	780	15198.032263181863	4
32	848	16045.420322937272	4
32	966	18538.361750612941	4
32	980	18870.11632081582	1
33	79	1415.600105323293	203
33	91	1654.064579667724	306
33	101	1809.087396094474	409
33	187	3555.876048921517	409
33	277	5783.45632205078	203
33	407	7496.269533507749	409
33	512	9148.149117319302	306
33	525	9317.143603286881	409
33	530	9387.470602881505	203
33	581	10499.965252852294	512
33	596	10832.348123522335	512
33	597	10835.535276451114	306
33	599	10844.848701860499	203
33	601	10941.78733368341	203
33	617	11412.470486540465	203
33	634	11869.865720560021	306
33	640	11977.511493458758	203
33	701	13573.767212573635	306
33	746	14596.455914528484	306
33	788	15323.045015767118	409
33	904	17536.139044698626	409
33	1012	19286.433372480255	306
33	1017	19349.802880039426	306
33	1026	19435.375417519383	512
33	1047	19780.30745372994	306
34	79	1415.600105323293	3
34	91	1654.064579667724	6
34	101	1809.087396094474	9
34	187	3555.876048921517	9
34	277	5783.45632205078	3
34	407	7496.269533507749	9
34	512	9148.149117319302	6
34	525	9317.143603286881	9
34	530	9387.470602881505	3
34	581	10499.965252852294	12
34	596	10832.348123522335	12
34	597	10835.535276451114	6
34	599	10844.848701860499	3
34	601	10941.78733368341	3
34	617	11412.470486540465	3
34	634	11869.865720560021	6
34	640	11977.511493458758	3
34	701	13573.767212573635	6
34	746	14596.455914528484	6
34	788	15323.045015767118	9
34	904	17536.139044698626	9
34	1012	19286.433372480255	6
34	1017	19349.802880039426	6
34	1026	19435.375417519383	12
34	1047	19780.30745372994	6
35	79	1415.600105323293	1
35	91	1654.064579667724	2
35	101	1809.087396094474	3
35	187	3555.876048921517	3
35	277	5783.45632205078	1
35	407	7496.269533507749	3
35	512	9148.149117319302	2
35	525	9317.143603286881	3
35	530	9387.470602881505	1
35	581	10499.965252852294	4
35	596	10832.348123522335	4
35	597	10835.535276451114	2
35	599	10844.848701860499	1
35	601	10941.78733368341	1
35	617	11412.470486540465	1
35	634	11869.865720560021	2
35	640	11977.511493458758	1
35	701	13573.767212573635	2
35	746	14596.455914528484	2
35	788	15323.045015767118	3
35	904	17536.139044698626	3
35	1012	19286.433372480255	2
35	1017	19349.802880039426	2
35	1026	19435.375417519383	4
35	1047	19780.30745372994	2

