version 3
run MediumLoad_Circle-47-20260125-17:51:02-1416
attr configname MediumLoad_Circle
attr datetime 20260125-17:51:02
attr datetimef 20260125-175102
attr experiment MediumLoad_Circle
attr inifile simulations/nwsim_project/omnetpp.ini
attr iterationvars ""
attr iterationvarsd ""
attr iterationvarsf ""
attr measurement ""
attr network CrossTraffic
attr processid 1416
attr repetition 47
attr replication #47
attr resultdir results
attr runnumber 47
attr seedset 47
config description "Medium Load - Circle Mode (50% more traffic)"
config *.Junc*.junctionMode "\"circle\""
config *.EndNW.spawnInterval exponential(533s)
config *.EndNE.spawnInterval exponential(800s)
config *.EndEN.spawnInterval exponential(667s)
config *.EndES.spawnInterval exponential(1000s)
config *.EndSE.spawnInterval exponential(600s)
config *.EndSW.spawnInterval exponential(733s)
config *.EndWS.spawnInterval exponential(867s)
config *.EndWN.spawnInterval exponential(933s)
config network CrossTraffic
config sim-time-limit 20000s
config warmup-period 1000s
config repeat 50
config **.scalar-recording true
config **.vector-recording true
config *.Junc*.junctionMode "\"queue\""
config *.EndNW.spawnInterval exponential(800s)
config *.EndNE.spawnInterval exponential(1200s)
config *.EndEN.spawnInterval exponential(1000s)
config *.EndES.spawnInterval exponential(1500s)
config *.EndSE.spawnInterval exponential(900s)
config *.EndSW.spawnInterval exponential(1100s)
config *.EndWS.spawnInterval exponential(1300s)
config *.EndWN.spawnInterval exponential(1400s)

vector 0 CrossTraffic.JuncNW queueLength:vector ETV
attr interpolationmode sample-hold
attr recordingmode vector
attr source queueLength
attr title "Queue Length"
vector 1 CrossTraffic.JuncNW junctionProcessingTime:vector ETV
attr recordingmode vector
attr source junctionProcessingTime
attr title "Junction Processing Time"
vector 2 CrossTraffic.JuncNW vehicleCount:vector ETV
attr recordingmode vector
attr source vehicleCount
attr title "Vehicle Count"
vector 3 CrossTraffic.JuncNE queueLength:vector ETV
attr interpolationmode sample-hold
attr recordingmode vector
attr source queueLength
attr title "Queue Length"
vector 4 CrossTraffic.JuncNE junctionProcessingTime:vector ETV
attr recordingmode vector
attr source junctionProcessingTime
attr title "Junction Processing Time"
vector 5 CrossTraffic.JuncNE vehicleCount:vector ETV
attr recordingmode vector
attr source vehicleCount
attr title "Vehicle Count"
vector 6 CrossTraffic.JuncSE queueLength:vector ETV
attr interpolationmode sample-hold
attr recordingmode vector
attr source queueLength
attr title "Queue Length"
vector 7 CrossTraffic.JuncSE junctionProcessingTime:vector ETV
attr recordingmode vector
attr source junctionProcessingTime
attr title "Junction Processing Time"
vector 8 CrossTraffic.JuncSE vehicleCount:vector ETV
attr recordingmode vector
attr source vehicleCount
attr title "Vehicle Count"
vector 9 CrossTraffic.JuncSW queueLength:vector ETV
attr interpolationmode sample-hold
attr recordingmode vector
attr source queueLength
attr title "Queue Length"
vector 10 CrossTraffic.JuncSW junctionProcessingTime:vector ETV
attr recordingmode vector
attr source junctionProcessingTime
attr title "Junction Processing Time"
vector 11 CrossTraffic.JuncSW vehicleCount:vector ETV
attr recordingmode vector
attr source vehicleCount
attr title "Vehicle Count"
vector 12 CrossTraffic.EndNW travelTime:vector ETV
attr recordingmode vector
attr source travelTime
attr title "Vehicle Travel Time"
vector 13 CrossTraffic.EndNW junctionTime:vector ETV
attr recordingmode vector
attr source junctionTime
attr title "Total Junction Time per Vehicle"
vector 14 CrossTraffic.EndNW junctionCount:vector ETV
attr recordingmode vector
attr source junctionCount
attr title "Junctions Visited per Vehicle"
vector 15 CrossTraffic.EndNE travelTime:vector ETV
attr recordingmode vector
attr source travelTime
attr title "Vehicle Travel Time"
vector 16 CrossTraffic.EndNE junctionTime:vector ETV
attr recordingmode vector
attr source junctionTime
attr title "Total Junction Time per Vehicle"
vector 17 CrossTraffic.EndNE junctionCount:vector ETV
attr recordingmode vector
attr source junctionCount
attr title "Junctions Visited per Vehicle"
vector 18 CrossTraffic.EndEN travelTime:vector ETV
attr recordingmode vector
attr source travelTime
attr title "Vehicle Travel Time"
vector 19 CrossTraffic.EndEN junctionTime:vector ETV
attr recordingmode vector
attr source junctionTime
attr title "Total Junction Time per Vehicle"
vector 20 CrossTraffic.EndEN junctionCount:vector ETV
attr recordingmode vector
attr source junctionCount
attr title "Junctions Visited per Vehicle"
vector 21 CrossTraffic.EndES travelTime:vector ETV
attr recordingmode vector
attr source travelTime
attr title "Vehicle Travel Time"
vector 22 CrossTraffic.EndES junctionTime:vector ETV
attr recordingmode vector
attr source junctionTime
attr title "Total Junction Time per Vehicle"
vector 23 CrossTraffic.EndES junctionCount:vector ETV
attr recordingmode vector
attr source junctionCount
attr title "Junctions Visited per Vehicle"
vector 24 CrossTraffic.EndSE travelTime:vector ETV
attr recordingmode vector
attr source travelTime
attr title "Vehicle Travel Time"
vector 25 CrossTraffic.EndSE junctionTime:vector ETV
attr recordingmode vector
attr source junctionTime
attr title "Total Junction Time per Vehicle"
vector 26 CrossTraffic.EndSE junctionCount:vector ETV
attr recordingmode vector
attr source junctionCount
attr title "Junctions Visited per Vehicle"
vector 27 CrossTraffic.EndSW travelTime:vector ETV
attr recordingmode vector
attr source travelTime
attr title "Vehicle Travel Time"
vector 28 CrossTraffic.EndSW junctionTime:vector ETV
attr recordingmode vector
attr source junctionTime
attr title "Total Junction Time per Vehicle"
vector 29 CrossTraffic.EndSW junctionCount:vector ETV
attr recordingmode vector
attr source junctionCount
attr title "Junctions Visited per Vehicle"
vector 30 CrossTraffic.EndWS travelTime:vector ETV
attr recordingmode vector
attr source travelTime
attr title "Vehicle Travel Time"
vector 31 CrossTraffic.EndWS junctionTime:vector ETV
attr recordingmode vector
attr source junctionTime
attr title "Total Junction Time per Vehicle"
vector 32 CrossTraffic.EndWS junctionCount:vector ETV
attr recordingmode vector
attr source junctionCount
attr title "Junctions Visited per Vehicle"
vector 33 CrossTraffic.EndWN travelTime:vector ETV
attr recordingmode vector
attr source travelTime
attr title "Vehicle Travel Time"
vector 34 CrossTraffic.EndWN junctionTime:vector ETV
attr recordingmode vector
attr source junctionTime
attr title "Total Junction Time per Vehicle"
vector 35 CrossTraffic.EndWN junctionCount:vector ETV
attr recordingmode vector
attr source junctionCount
attr title "Junctions Visited per Vehicle"
0	109	1561.681093497233	0
0	111	1621.358285946404	0
0	120	1842.344707175577	0
0	129	2052.589337408828	0
0	133	2140.637951779742	0
0	137	2166.445778414347	0
0	140	2269.232388395505	0
0	146	2437.701847254897	0
0	156	2707.249298614506	0
0	157	2710.046155325683	0
0	179	3080.473818380531	0
0	181	3096.707511347415	0
0	182	3108.410571023119	0
0	187	3169.178367670527	0
0	198	3253.028708514965	0
0	201	3286.399400490916	0
0	209	3345.752725345533	0
0	211	3350.453719984315	0
0	215	3399.670262127236	0
0	216	3404.122753599379	0
0	218	3441.182449198535	0
0	220	3451.138113323264	0
0	233	3579.179309450888	0
0	255	3851.443631518249	0
0	259	3896.728533670162	0
0	260	3903.858037136643	0
0	262	3953.490511547791	0
0	264	3971.493980505993	0
0	276	4153.37901477744	0
0	289	4328.233503754159	0
0	291	4359.554402465543	0
0	294	4405.958997534829	0
0	295	4407.282475155097	0
0	296	4429.48958462697	0
0	300	4508.911660963871	0
0	304	4533.408550347169	0
0	318	4780.465850907427	0
0	321	4854.70599490006	0
0	322	4856.770538867381	0
0	324	4948.185802871508	0
0	334	5265.968322358236	0
0	338	5481.066293627892	0
0	344	5751.933382559614	0
0	351	5933.301261813835	0
0	365	6248.586331073012	0
0	378	6722.251884157861	0
0	382	6822.86173394143	0
0	384	6845.995614534245	0
0	385	6868.936186661459	0
0	403	7334.723305414896	0
0	409	7502.772839577248	0
0	414	7575.536804741747	0
0	424	7721.395159190783	0
0	425	7736.408919640247	0
0	436	7875.549448017976	0
0	438	7910.705668657858	0
0	446	8022.417340449505	0
0	447	8054.745694560152	0
0	454	8163.860031327481	0
0	457	8297.54369179969	0
0	462	8612.795092390676	0
0	468	8826.601260128139	0
0	475	8936.739935124364	0
0	478	8969.394544499822	0
0	479	8971.182694731909	0
0	484	9068.815005237123	0
0	491	9150.333027752646	0
0	496	9215.072935498174	0
0	503	9299.553127828146	0
0	505	9326.991066522143	0
0	521	9620.743359721207	0
0	523	9675.990550088202	0
0	548	10234.630198856253	0
0	555	10340.608269071686	0
0	557	10346.560504861551	0
0	568	10528.267868417604	0
0	569	10535.611799726148	0
0	571	10544.999495858437	0
0	582	10685.014270724925	0
0	602	11165.643444668267	0
0	604	11240.91797631417	0
0	612	11455.681366032403	0
0	619	11765.475982066257	0
0	627	12472.352967722687	0
0	633	12702.808699463251	0
0	656	13558.659257167587	0
0	666	13695.111395681116	0
0	673	13783.949313850217	0
0	677	13851.878644291498	0
0	682	13904.098489286507	0
0	692	14062.125779128801	0
0	701	14188.553846804354	0
0	709	14321.789960907805	0
0	713	14380.537699188726	0
0	718	14457.516207286282	0
0	729	14585.185247805982	0
0	732	14594.22488092915	0
0	746	14771.764021307062	0
0	751	14839.649141353714	0
0	752	14841.714847207938	0
0	753	14864.55582983415	0
0	756	14883.04541758798	0
0	757	14891.343388233432	0
0	758	14935.768675037861	0
0	782	15368.253232942747	0
0	792	15562.987469464309	0
0	793	15594.519156058817	0
0	795	15605.095218663541	0
0	801	15757.411036214136	0
0	812	16140.394519046244	0
0	815	16208.14498518552	0
0	816	16232.282244820554	0
0	817	16242.735492560129	0
0	828	16489.961466083264	0
0	833	16778.328426253825	0
0	846	17142.714865385551	0
0	855	17275.910726046237	0
0	856	17280.828073515863	0
0	857	17290.742491539906	0
0	859	17299.693179753664	0
0	860	17329.817633902397	0
0	892	17854.393429676069	0
0	904	18130.257898990044	0
0	911	18304.229173190672	0
0	922	18879.273280826199	0
0	929	18993.719746947137	0
0	931	19043.5872723158	0
0	937	19196.043515051106	0
0	943	19344.977070363976	0
0	951	19469.9544051778	0
0	954	19545.345301947267	0
0	956	19558.845320298939	0
0	959	19607.184183753472	0
0	972	19806.822081790237	0
0	975	19858.278641757874	0
0	978	19903.844662912483	0
0	980	19937.67638158802	0
1	109	1561.681093497233	3
1	111	1621.358285946404	3
1	120	1842.344707175577	3
1	129	2052.589337408828	3
1	133	2140.637951779742	3
1	137	2166.445778414347	3
1	140	2269.232388395505	3
1	146	2437.701847254897	3
1	156	2707.249298614506	3
1	157	2710.046155325683	3
1	179	3080.473818380531	3
1	181	3096.707511347415	3
1	182	3108.410571023119	3
1	187	3169.178367670527	3
1	198	3253.028708514965	3
1	201	3286.399400490916	3
1	209	3345.752725345533	3
1	211	3350.453719984315	3
1	215	3399.670262127236	3
1	216	3404.122753599379	3
1	218	3441.182449198535	3
1	220	3451.138113323264	3
1	233	3579.179309450888	3
1	255	3851.443631518249	3
1	259	3896.728533670162	3
1	260	3903.858037136643	3
1	262	3953.490511547791	3
1	264	3971.493980505993	3
1	276	4153.37901477744	3
1	289	4328.233503754159	3
1	291	4359.554402465543	3
1	294	4405.958997534829	3
1	295	4407.282475155097	3
1	296	4429.48958462697	3
1	300	4508.911660963871	3
1	304	4533.408550347169	3
1	318	4780.465850907427	3
1	321	4854.70599490006	3
1	322	4856.770538867381	3
1	324	4948.185802871508	3
1	334	5265.968322358236	3
1	338	5481.066293627892	3
1	344	5751.933382559614	3
1	351	5933.301261813835	3
1	365	6248.586331073012	3
1	378	6722.251884157861	3
1	382	6822.86173394143	3
1	384	6845.995614534245	3
1	385	6868.936186661459	3
1	403	7334.723305414896	3
1	409	7502.772839577248	3
1	414	7575.536804741747	3
1	424	7721.395159190783	3
1	425	7736.408919640247	3
1	436	7875.549448017976	3
1	438	7910.705668657858	3
1	446	8022.417340449505	3
1	447	8054.745694560152	3
1	454	8163.860031327481	3
1	457	8297.54369179969	3
1	462	8612.795092390676	3
1	468	8826.601260128139	3
1	475	8936.739935124364	3
1	478	8969.394544499822	3
1	479	8971.182694731909	3
1	484	9068.815005237123	3
1	491	9150.333027752646	3
1	496	9215.072935498174	3
1	503	9299.553127828146	3
1	505	9326.991066522143	3
1	521	9620.743359721207	3
1	523	9675.990550088202	3
1	548	10234.630198856253	3
1	555	10340.608269071686	3
1	557	10346.560504861551	3
1	568	10528.267868417604	3
1	569	10535.611799726148	3
1	571	10544.999495858437	3
1	582	10685.014270724925	3
1	602	11165.643444668267	3
1	604	11240.91797631417	3
1	612	11455.681366032403	3
1	619	11765.475982066257	3
1	627	12472.352967722687	3
1	633	12702.808699463251	3
1	656	13558.659257167587	3
1	666	13695.111395681116	3
1	673	13783.949313850217	3
1	677	13851.878644291498	3
1	682	13904.098489286507	3
1	692	14062.125779128801	3
1	701	14188.553846804354	3
1	709	14321.789960907805	3
1	713	14380.537699188726	3
1	718	14457.516207286282	3
1	729	14585.185247805982	3
1	732	14594.22488092915	3
1	746	14771.764021307062	3
1	751	14839.649141353714	3
1	752	14841.714847207938	3
1	753	14864.55582983415	3
1	756	14883.04541758798	3
1	757	14891.343388233432	3
1	758	14935.768675037861	3
1	782	15368.253232942747	3
1	792	15562.987469464309	3
1	793	15594.519156058817	3
1	795	15605.095218663541	3
1	801	15757.411036214136	3
1	812	16140.394519046244	3
1	815	16208.14498518552	3
1	816	16232.282244820554	3
1	817	16242.735492560129	3
1	828	16489.961466083264	3
1	833	16778.328426253825	3
1	846	17142.714865385551	3
1	855	17275.910726046237	3
1	856	17280.828073515863	3
1	857	17290.742491539906	3
1	859	17299.693179753664	3
1	860	17329.817633902397	3
1	892	17854.393429676069	3
1	904	18130.257898990044	3
1	911	18304.229173190672	3
1	922	18879.273280826199	3
1	929	18993.719746947137	3
1	931	19043.5872723158	3
1	937	19196.043515051106	3
1	943	19344.977070363976	3
1	951	19469.9544051778	3
1	954	19545.345301947267	3
1	956	19558.845320298939	3
1	959	19607.184183753472	3
1	972	19806.822081790237	3
1	975	19858.278641757874	3
1	978	19903.844662912483	3
1	980	19937.67638158802	3
2	109	1561.681093497233	10667
2	111	1621.358285946404	10666
2	120	1842.344707175577	10669
2	129	2052.589337408828	10670
2	133	2140.637951779742	10672
2	137	2166.445778414347	10674
2	140	2269.232388395505	10673
2	146	2437.701847254897	10675
2	156	2707.249298614506	10676
2	157	2710.046155325683	10677
2	179	3080.473818380531	10679
2	181	3096.707511347415	10681
2	182	3108.410571023119	10683
2	187	3169.178367670527	10685
2	198	3253.028708514965	10689
2	201	3286.399400490916	10682
2	209	3345.752725345533	10691
2	211	3350.453719984315	10684
2	215	3399.670262127236	10686
2	216	3404.122753599379	10692
2	218	3441.182449198535	10693
2	220	3451.138113323264	10688
2	233	3579.179309450888	10690
2	255	3851.443631518249	10697
2	259	3896.728533670162	10700
2	260	3903.858037136643	10696
2	262	3953.490511547791	10701
2	264	3971.493980505993	10698
2	276	4153.37901477744	10702
2	289	4328.233503754159	10704
2	291	4359.554402465543	10705
2	294	4405.958997534829	10703
2	295	4407.282475155097	10706
2	296	4429.48958462697	10708
2	300	4508.911660963871	10707
2	304	4533.408550347169	10709
2	318	4780.465850907427	10712
2	321	4854.70599490006	10713
2	322	4856.770538867381	10710
2	324	4948.185802871508	10711
2	334	5265.968322358236	10714
2	338	5481.066293627892	10715
2	344	5751.933382559614	10717
2	351	5933.301261813835	10719
2	365	6248.586331073012	10722
2	378	6722.251884157861	10723
2	382	6822.86173394143	10724
2	384	6845.995614534245	10726
2	385	6868.936186661459	10725
2	403	7334.723305414896	10728
2	409	7502.772839577248	10731
2	414	7575.536804741747	10732
2	424	7721.395159190783	10730
2	425	7736.408919640247	10733
2	436	7875.549448017976	10734
2	438	7910.705668657858	10737
2	446	8022.417340449505	10735
2	447	8054.745694560152	10738
2	454	8163.860031327481	10739
2	457	8297.54369179969	10740
2	462	8612.795092390676	10742
2	468	8826.601260128139	10743
2	475	8936.739935124364	10746
2	478	8969.394544499822	10747
2	479	8971.182694731909	10748
2	484	9068.815005237123	10745
2	491	9150.333027752646	10744
2	496	9215.072935498174	10750
2	503	9299.553127828146	10751
2	505	9326.991066522143	10749
2	521	9620.743359721207	10755
2	523	9675.990550088202	10752
2	548	10234.630198856253	10758
2	555	10340.608269071686	10762
2	557	10346.560504861551	10760
2	568	10528.267868417604	10765
2	569	10535.611799726148	10766
2	571	10544.999495858437	10764
2	582	10685.014270724925	10769
2	602	11165.643444668267	10771
2	604	11240.91797631417	10772
2	612	11455.681366032403	10774
2	619	11765.475982066257	10776
2	627	12472.352967722687	10777
2	633	12702.808699463251	10778
2	656	13558.659257167587	10785
2	666	13695.111395681116	10786
2	673	13783.949313850217	10790
2	677	13851.878644291498	10791
2	682	13904.098489286507	10788
2	692	14062.125779128801	10792
2	701	14188.553846804354	10795
2	709	14321.789960907805	10794
2	713	14380.537699188726	10796
2	718	14457.516207286282	10798
2	729	14585.185247805982	10797
2	732	14594.22488092915	10802
2	746	14771.764021307062	10801
2	751	14839.649141353714	10799
2	752	14841.714847207938	10800
2	753	14864.55582983415	10806
2	756	14883.04541758798	10804
2	757	14891.343388233432	10803
2	758	14935.768675037861	10805
2	782	15368.253232942747	10807
2	792	15562.987469464309	10808
2	793	15594.519156058817	10811
2	795	15605.095218663541	10809
2	801	15757.411036214136	10812
2	812	16140.394519046244	10816
2	815	16208.14498518552	10814
2	816	16232.282244820554	10817
2	817	16242.735492560129	10818
2	828	16489.961466083264	10819
2	833	16778.328426253825	10820
2	846	17142.714865385551	10821
2	855	17275.910726046237	10827
2	856	17280.828073515863	10824
2	857	17290.742491539906	10822
2	859	17299.693179753664	10823
2	860	17329.817633902397	10826
2	892	17854.393429676069	10832
2	904	18130.257898990044	10835
2	911	18304.229173190672	10834
2	922	18879.273280826199	10839
2	929	18993.719746947137	10840
2	931	19043.5872723158	10841
2	937	19196.043515051106	10842
2	943	19344.977070363976	10843
2	951	19469.9544051778	10845
2	954	19545.345301947267	10844
2	956	19558.845320298939	10848
2	959	19607.184183753472	10847
2	972	19806.822081790237	10846
2	975	19858.278641757874	10852
2	978	19903.844662912483	10850
2	980	19937.67638158802	10853
3	112	1664.681093497233	0
3	114	1724.358285946404	0
3	124	1945.344707175577	0
3	139	2243.637951779742	0
3	141	2269.445778414347	0
3	144	2372.232388395505	0
3	151	2540.701847254897	0
3	158	2742.17593401823	0
3	161	2810.249298614506	0
3	162	2813.046155325683	0
3	170	2973.275542841828	0
3	190	3183.473818380531	0
3	192	3199.707511347415	0
3	193	3211.410571023119	0
3	199	3270.179309450888	0
3	212	3356.028708514965	0
3	219	3448.752725345533	0
3	221	3453.453719984315	0
3	224	3502.670262127236	0
3	225	3507.122753599379	0
3	228	3544.182449198535	0
3	230	3554.138113323264	0
3	258	3876.214971938538	0
3	263	3954.443631518249	0
3	271	4056.490511547791	0
3	274	4096.958997534829	0
3	299	4462.554402465543	0
3	303	4532.48958462697	0
3	309	4636.408550347169	0
3	323	4883.465850907427	0
3	325	4957.70599490006	0
3	326	4959.770538867381	0
3	339	5584.066293627892	0
3	349	5854.933382559614	0
3	350	5931.565492126577	0
3	355	6036.301261813835	0
3	363	6225.843338214074	0
3	383	6825.251884157861	0
3	386	6898.993665523626	0
3	387	6925.86173394143	0
3	389	6948.995614534245	0
3	406	7412.395159190783	0
3	407	7437.723305414896	0
3	421	7678.536804741747	0
3	423	7713.417340449505	0
3	426	7763.758688136015	0
3	443	7978.549448017976	0
3	461	8578.619475657404	0
3	470	8841.333027752646	0
3	474	8929.601260128139	0
3	482	9039.739935124364	0
3	485	9072.394544499822	0
3	486	9074.182694731909	0
3	492	9171.815005237123	0
3	504	9318.072935498174	0
3	508	9402.553127828146	0
3	527	9723.743359721207	0
3	528	9778.990550088202	0
3	554	10337.630198856253	0
3	564	10443.608269071686	0
3	575	10614.944313395566	0
3	577	10631.267868417604	0
3	578	10638.611799726148	0
3	579	10647.999495858437	0
3	588	10788.014270724925	0
3	607	11294.794875667417	0
3	608	11343.91797631417	0
3	614	11558.681366032403	0
3	618	11688.005900225535	0
3	629	12575.352967722687	0
3	639	13050.283710955159	0
3	640	13127.735991628174	0
3	661	13601.169656087793	0
3	662	13661.659257167587	0
3	672	13771.94975935146	0
3	674	13798.111395681116	0
3	680	13886.949313850217	0
3	683	13954.878644291498	0
3	689	14007.098489286507	0
3	699	14165.125779128801	0
3	707	14291.553846804354	0
3	715	14424.789960907805	0
3	722	14483.537699188726	0
3	725	14530.649141353714	0
3	726	14532.714847207938	0
3	727	14560.516207286282	0
3	740	14697.22488092915	0
3	755	14874.764021307062	0
3	762	14967.55582983415	0
3	764	14986.04541758798	0
3	765	14994.343388233432	0
3	767	15059.253232942747	0
3	775	15253.987469464309	0
3	778	15296.095218663541	0
3	786	15448.411036214136	0
3	805	15899.14498518552	0
3	818	16243.394519046244	0
3	821	16335.282244820554	0
3	822	16345.735492560129	0
3	830	16592.961466083264	0
3	835	16881.328426253825	0
3	850	17188.162681721658	0
3	853	17245.714865385551	0
3	862	17349.581558759406	0
3	863	17378.910726046237	0
3	864	17383.828073515863	0
3	868	17432.817633902397	0
3	876	17537.037458636748	0
3	881	17621.680431746042	0
3	893	17861.629004011432	0
3	895	17957.393429676069	0
3	897	17995.229173190672	0
3	905	18146.149803396075	0
3	906	18187.838072483273	0
3	908	18233.257898990044	0
3	917	18766.41741613768	0
3	927	18982.273280826199	0
3	934	19096.719746947137	0
3	936	19146.5872723158	0
3	949	19447.977070363976	0
3	952	19497.822081790237	0
3	957	19572.9544051778	0
3	961	19661.845320298939	0
3	983	19961.278641757874	0
4	112	1664.681093497233	3
4	114	1724.358285946404	3
4	124	1945.344707175577	3
4	139	2243.637951779742	3
4	141	2269.445778414347	3
4	144	2372.232388395505	3
4	151	2540.701847254897	3
4	158	2742.17593401823	3
4	161	2810.249298614506	3
4	162	2813.046155325683	3
4	170	2973.275542841828	3
4	190	3183.473818380531	3
4	192	3199.707511347415	3
4	193	3211.410571023119	3
4	199	3270.179309450888	3
4	212	3356.028708514965	3
4	219	3448.752725345533	3
4	221	3453.453719984315	3
4	224	3502.670262127236	3
4	225	3507.122753599379	3
4	228	3544.182449198535	3
4	230	3554.138113323264	3
4	258	3876.214971938538	3
4	263	3954.443631518249	3
4	271	4056.490511547791	3
4	274	4096.958997534829	3
4	299	4462.554402465543	3
4	303	4532.48958462697	3
4	309	4636.408550347169	3
4	323	4883.465850907427	3
4	325	4957.70599490006	3
4	326	4959.770538867381	3
4	339	5584.066293627892	3
4	349	5854.933382559614	3
4	350	5931.565492126577	3
4	355	6036.301261813835	3
4	363	6225.843338214074	3
4	383	6825.251884157861	3
4	386	6898.993665523626	3
4	387	6925.86173394143	3
4	389	6948.995614534245	3
4	406	7412.395159190783	3
4	407	7437.723305414896	3
4	421	7678.536804741747	3
4	423	7713.417340449505	3
4	426	7763.758688136015	3
4	443	7978.549448017976	3
4	461	8578.619475657404	3
4	470	8841.333027752646	3
4	474	8929.601260128139	3
4	482	9039.739935124364	3
4	485	9072.394544499822	3
4	486	9074.182694731909	3
4	492	9171.815005237123	3
4	504	9318.072935498174	3
4	508	9402.553127828146	3
4	527	9723.743359721207	3
4	528	9778.990550088202	3
4	554	10337.630198856253	3
4	564	10443.608269071686	3
4	575	10614.944313395566	3
4	577	10631.267868417604	3
4	578	10638.611799726148	3
4	579	10647.999495858437	3
4	588	10788.014270724925	3
4	607	11294.794875667417	3
4	608	11343.91797631417	3
4	614	11558.681366032403	3
4	618	11688.005900225535	3
4	629	12575.352967722687	3
4	639	13050.283710955159	3
4	640	13127.735991628174	3
4	661	13601.169656087793	3
4	662	13661.659257167587	3
4	672	13771.94975935146	3
4	674	13798.111395681116	3
4	680	13886.949313850217	3
4	683	13954.878644291498	3
4	689	14007.098489286507	3
4	699	14165.125779128801	3
4	707	14291.553846804354	3
4	715	14424.789960907805	3
4	722	14483.537699188726	3
4	725	14530.649141353714	3
4	726	14532.714847207938	3
4	727	14560.516207286282	3
4	740	14697.22488092915	3
4	755	14874.764021307062	3
4	762	14967.55582983415	3
4	764	14986.04541758798	3
4	765	14994.343388233432	3
4	767	15059.253232942747	3
4	775	15253.987469464309	3
4	778	15296.095218663541	3
4	786	15448.411036214136	3
4	805	15899.14498518552	3
4	818	16243.394519046244	3
4	821	16335.282244820554	3
4	822	16345.735492560129	3
4	830	16592.961466083264	3
4	835	16881.328426253825	3
4	850	17188.162681721658	3
4	853	17245.714865385551	3
4	862	17349.581558759406	3
4	863	17378.910726046237	3
4	864	17383.828073515863	3
4	868	17432.817633902397	3
4	876	17537.037458636748	3
4	881	17621.680431746042	3
4	893	17861.629004011432	3
4	895	17957.393429676069	3
4	897	17995.229173190672	3
4	905	18146.149803396075	3
4	906	18187.838072483273	3
4	908	18233.257898990044	3
4	917	18766.41741613768	3
4	927	18982.273280826199	3
4	934	19096.719746947137	3
4	936	19146.5872723158	3
4	949	19447.977070363976	3
4	952	19497.822081790237	3
4	957	19572.9544051778	3
4	961	19661.845320298939	3
4	983	19961.278641757874	3
5	112	1664.681093497233	10667
5	114	1724.358285946404	10666
5	124	1945.344707175577	10669
5	139	2243.637951779742	10672
5	141	2269.445778414347	10674
5	144	2372.232388395505	10673
5	151	2540.701847254897	10675
5	158	2742.17593401823	10678
5	161	2810.249298614506	10676
5	162	2813.046155325683	10677
5	170	2973.275542841828	10680
5	190	3183.473818380531	10679
5	192	3199.707511347415	10681
5	193	3211.410571023119	10683
5	199	3270.179309450888	10690
5	212	3356.028708514965	10689
5	219	3448.752725345533	10691
5	221	3453.453719984315	10684
5	224	3502.670262127236	10686
5	225	3507.122753599379	10692
5	228	3544.182449198535	10693
5	230	3554.138113323264	10688
5	258	3876.214971938538	10699
5	263	3954.443631518249	10697
5	271	4056.490511547791	10701
5	274	4096.958997534829	10703
5	299	4462.554402465543	10705
5	303	4532.48958462697	10708
5	309	4636.408550347169	10709
5	323	4883.465850907427	10712
5	325	4957.70599490006	10713
5	326	4959.770538867381	10710
5	339	5584.066293627892	10715
5	349	5854.933382559614	10717
5	350	5931.565492126577	10718
5	355	6036.301261813835	10719
5	363	6225.843338214074	10721
5	383	6825.251884157861	10723
5	386	6898.993665523626	10727
5	387	6925.86173394143	10724
5	389	6948.995614534245	10726
5	406	7412.395159190783	10730
5	407	7437.723305414896	10728
5	421	7678.536804741747	10732
5	423	7713.417340449505	10735
5	426	7763.758688136015	10736
5	443	7978.549448017976	10734
5	461	8578.619475657404	10741
5	470	8841.333027752646	10744
5	474	8929.601260128139	10743
5	482	9039.739935124364	10746
5	485	9072.394544499822	10747
5	486	9074.182694731909	10748
5	492	9171.815005237123	10745
5	504	9318.072935498174	10750
5	508	9402.553127828146	10751
5	527	9723.743359721207	10755
5	528	9778.990550088202	10752
5	554	10337.630198856253	10758
5	564	10443.608269071686	10762
5	575	10614.944313395566	10767
5	577	10631.267868417604	10765
5	578	10638.611799726148	10766
5	579	10647.999495858437	10764
5	588	10788.014270724925	10769
5	607	11294.794875667417	10773
5	608	11343.91797631417	10772
5	614	11558.681366032403	10774
5	618	11688.005900225535	10775
5	629	12575.352967722687	10777
5	639	13050.283710955159	10780
5	640	13127.735991628174	10781
5	661	13601.169656087793	10787
5	662	13661.659257167587	10785
5	672	13771.94975935146	10789
5	674	13798.111395681116	10786
5	680	13886.949313850217	10790
5	683	13954.878644291498	10791
5	689	14007.098489286507	10788
5	699	14165.125779128801	10792
5	707	14291.553846804354	10795
5	715	14424.789960907805	10794
5	722	14483.537699188726	10796
5	725	14530.649141353714	10799
5	726	14532.714847207938	10800
5	727	14560.516207286282	10798
5	740	14697.22488092915	10802
5	755	14874.764021307062	10801
5	762	14967.55582983415	10806
5	764	14986.04541758798	10804
5	765	14994.343388233432	10803
5	767	15059.253232942747	10807
5	775	15253.987469464309	10808
5	778	15296.095218663541	10809
5	786	15448.411036214136	10812
5	805	15899.14498518552	10814
5	818	16243.394519046244	10816
5	821	16335.282244820554	10817
5	822	16345.735492560129	10818
5	830	16592.961466083264	10819
5	835	16881.328426253825	10820
5	850	17188.162681721658	10825
5	853	17245.714865385551	10821
5	862	17349.581558759406	10828
5	863	17378.910726046237	10827
5	864	17383.828073515863	10824
5	868	17432.817633902397	10826
5	876	17537.037458636748	10829
5	881	17621.680431746042	10830
5	893	17861.629004011432	10833
5	895	17957.393429676069	10832
5	897	17995.229173190672	10834
5	905	18146.149803396075	10836
5	906	18187.838072483273	10837
5	908	18233.257898990044	10835
5	917	18766.41741613768	10838
5	927	18982.273280826199	10839
5	934	19096.719746947137	10840
5	936	19146.5872723158	10841
5	949	19447.977070363976	10843
5	952	19497.822081790237	10846
5	957	19572.9544051778	10845
5	961	19661.845320298939	10848
5	983	19961.278641757874	10852
6	99	1019.595435321053	0
6	105	1415.358285946404	0
6	118	1767.681093497233	0
6	121	1846.589337408828	0
6	122	1852.984528980405	0
6	128	2048.344707175577	0
6	143	2346.637951779742	0
6	145	2372.445778414347	0
6	155	2643.701847254897	0
6	163	2845.17593401823	0
6	165	2874.473818380531	0
6	178	3080.399400490916	0
6	184	3144.453719984315	0
6	191	3193.670262127236	0
6	195	3245.138113323264	0
6	204	3302.707511347415	0
6	213	3373.179309450888	0
6	222	3459.028708514965	0
6	229	3551.752725345533	0
6	236	3609.33054931923	0
6	238	3626.912812727936	0
6	239	3647.182449198535	0
6	243	3697.858037136643	0
6	272	4057.443631518249	0
6	275	4122.233503754159	0
6	278	4159.490511547791	0
6	280	4199.958997534829	0
6	308	4635.48958462697	0
6	311	4650.770538867381	0
6	314	4739.408550347169	0
6	315	4742.185802871508	0
6	327	4986.465850907427	0
6	352	5946.862913919636	0
6	353	5957.933382559614	0
6	354	6034.565492126577	0
6	366	6328.843338214074	0
6	370	6516.251884157861	0
6	373	6616.86173394143	0
6	376	6662.936186661459	0
6	391	7001.993665523626	0
6	395	7051.995614534245	0
6	397	7128.723305414896	0
6	398	7135.637966472095	0
6	410	7515.395159190783	0
6	420	7669.549448017976	0
6	428	7781.536804741747	0
6	430	7816.417340449505	0
6	435	7866.758688136015	0
6	441	7957.860031327481	0
6	471	8862.815005237123	0
6	476	8944.333027752646	0
6	481	9032.601260128139	0
6	488	9120.991066522143	0
6	490	9142.739935124364	0
6	493	9175.394544499822	0
6	494	9177.182694731909	0
6	509	9421.072935498174	0
6	512	9505.553127828146	0
6	519	9609.869560246913	0
6	520	9610.824351470453	0
6	532	9826.743359721207	0
6	534	9906.455265506718	0
6	559	10417.126919909425	0
6	562	10440.630198856253	0
6	572	10546.608269071686	0
6	583	10717.944313395566	0
6	585	10741.611799726148	0
6	586	10750.999495858437	0
6	597	10959.643444668267	0
6	599	11034.91797631417	0
6	610	11397.794875667417	0
6	620	11791.005900225535	0
6	628	12496.808699463251	0
6	641	13153.283710955159	0
6	643	13230.735991628174	0
6	652	13474.915387178494	0
6	653	13491.918841765112	0
6	668	13698.098489286507	0
6	669	13704.169656087793	0
6	671	13764.659257167587	0
6	679	13874.94975935146	0
6	681	13901.111395681116	0
6	691	14057.878644291498	0
6	695	14102.452727516703	0
6	697	14115.789960907805	0
6	704	14268.125779128801	0
6	712	14379.185247805982	0
6	728	14565.764021307062	0
6	733	14633.649141353714	0
6	734	14635.714847207938	0
6	735	14663.516207286282	0
6	738	14685.343388233432	0
6	772	15162.253232942747	0
6	781	15356.987469464309	0
6	783	15388.519156058817	0
6	784	15399.095218663541	0
6	791	15551.411036214136	0
6	798	15696.633495227939	0
6	807	16002.14498518552	0
6	829	16572.328426253825	0
6	832	16695.961466083264	0
6	842	17084.742491539906	0
6	844	17093.693179753664	0
6	858	17291.162681721658	0
6	870	17452.581558759406	0
6	871	17481.910726046237	0
6	872	17486.828073515863	0
6	887	17724.680431746042	0
6	896	17964.629004011432	0
6	903	18098.229173190672	0
6	910	18290.838072483273	0
6	921	18869.41741613768	0
6	928	18990.043515051106	0
6	935	19138.977070363976	0
6	940	19249.5872723158	0
6	958	19600.822081790237	0
6	969	19764.845320298939	0
6	970	19798.562715674203	0
7	99	1019.595435321053	3
7	105	1415.358285946404	3
7	118	1767.681093497233	3
7	121	1846.589337408828	3
7	122	1852.984528980405	3
7	128	2048.344707175577	3
7	143	2346.637951779742	3
7	145	2372.445778414347	3
7	155	2643.701847254897	3
7	163	2845.17593401823	3
7	165	2874.473818380531	3
7	178	3080.399400490916	3
7	184	3144.453719984315	3
7	191	3193.670262127236	3
7	195	3245.138113323264	3
7	204	3302.707511347415	3
7	213	3373.179309450888	3
7	222	3459.028708514965	3
7	229	3551.752725345533	3
7	236	3609.33054931923	3
7	238	3626.912812727936	3
7	239	3647.182449198535	3
7	243	3697.858037136643	3
7	272	4057.443631518249	3
7	275	4122.233503754159	3
7	278	4159.490511547791	3
7	280	4199.958997534829	3
7	308	4635.48958462697	3
7	311	4650.770538867381	3
7	314	4739.408550347169	3
7	315	4742.185802871508	3
7	327	4986.465850907427	3
7	352	5946.862913919636	3
7	353	5957.933382559614	3
7	354	6034.565492126577	3
7	366	6328.843338214074	3
7	370	6516.251884157861	3
7	373	6616.86173394143	3
7	376	6662.936186661459	3
7	391	7001.993665523626	3
7	395	7051.995614534245	3
7	397	7128.723305414896	3
7	398	7135.637966472095	3
7	410	7515.395159190783	3
7	420	7669.549448017976	3
7	428	7781.536804741747	3
7	430	7816.417340449505	3
7	435	7866.758688136015	3
7	441	7957.860031327481	3
7	471	8862.815005237123	3
7	476	8944.333027752646	3
7	481	9032.601260128139	3
7	488	9120.991066522143	3
7	490	9142.739935124364	3
7	493	9175.394544499822	3
7	494	9177.182694731909	3
7	509	9421.072935498174	3
7	512	9505.553127828146	3
7	519	9609.869560246913	3
7	520	9610.824351470453	3
7	532	9826.743359721207	3
7	534	9906.455265506718	3
7	559	10417.126919909425	3
7	562	10440.630198856253	3
7	572	10546.608269071686	3
7	583	10717.944313395566	3
7	585	10741.611799726148	3
7	586	10750.999495858437	3
7	597	10959.643444668267	3
7	599	11034.91797631417	3
7	610	11397.794875667417	3
7	620	11791.005900225535	3
7	628	12496.808699463251	3
7	641	13153.283710955159	3
7	643	13230.735991628174	3
7	652	13474.915387178494	3
7	653	13491.918841765112	3
7	668	13698.098489286507	3
7	669	13704.169656087793	3
7	671	13764.659257167587	3
7	679	13874.94975935146	3
7	681	13901.111395681116	3
7	691	14057.878644291498	3
7	695	14102.452727516703	3
7	697	14115.789960907805	3
7	704	14268.125779128801	3
7	712	14379.185247805982	3
7	728	14565.764021307062	3
7	733	14633.649141353714	3
7	734	14635.714847207938	3
7	735	14663.516207286282	3
7	738	14685.343388233432	3
7	772	15162.253232942747	3
7	781	15356.987469464309	3
7	783	15388.519156058817	3
7	784	15399.095218663541	3
7	791	15551.411036214136	3
7	798	15696.633495227939	3
7	807	16002.14498518552	3
7	829	16572.328426253825	3
7	832	16695.961466083264	3
7	842	17084.742491539906	3
7	844	17093.693179753664	3
7	858	17291.162681721658	3
7	870	17452.581558759406	3
7	871	17481.910726046237	3
7	872	17486.828073515863	3
7	887	17724.680431746042	3
7	896	17964.629004011432	3
7	903	18098.229173190672	3
7	910	18290.838072483273	3
7	921	18869.41741613768	3
7	928	18990.043515051106	3
7	935	19138.977070363976	3
7	940	19249.5872723158	3
7	958	19600.822081790237	3
7	969	19764.845320298939	3
7	970	19798.562715674203	3
8	99	1019.595435321053	10665
8	105	1415.358285946404	10666
8	118	1767.681093497233	10667
8	121	1846.589337408828	10670
8	122	1852.984528980405	10671
8	128	2048.344707175577	10669
8	143	2346.637951779742	10672
8	145	2372.445778414347	10674
8	155	2643.701847254897	10675
8	163	2845.17593401823	10678
8	165	2874.473818380531	10679
8	178	3080.399400490916	10682
8	184	3144.453719984315	10684
8	191	3193.670262127236	10686
8	195	3245.138113323264	10688
8	204	3302.707511347415	10681
8	213	3373.179309450888	10690
8	222	3459.028708514965	10689
8	229	3551.752725345533	10691
8	236	3609.33054931923	10694
8	238	3626.912812727936	10695
8	239	3647.182449198535	10693
8	243	3697.858037136643	10696
8	272	4057.443631518249	10697
8	275	4122.233503754159	10704
8	278	4159.490511547791	10701
8	280	4199.958997534829	10703
8	308	4635.48958462697	10708
8	311	4650.770538867381	10710
8	314	4739.408550347169	10709
8	315	4742.185802871508	10711
8	327	4986.465850907427	10712
8	352	5946.862913919636	10720
8	353	5957.933382559614	10717
8	354	6034.565492126577	10718
8	366	6328.843338214074	10721
8	370	6516.251884157861	10723
8	373	6616.86173394143	10724
8	376	6662.936186661459	10725
8	391	7001.993665523626	10727
8	395	7051.995614534245	10726
8	397	7128.723305414896	10728
8	398	7135.637966472095	10729
8	410	7515.395159190783	10730
8	420	7669.549448017976	10734
8	428	7781.536804741747	10732
8	430	7816.417340449505	10735
8	435	7866.758688136015	10736
8	441	7957.860031327481	10739
8	471	8862.815005237123	10745
8	476	8944.333027752646	10744
8	481	9032.601260128139	10743
8	488	9120.991066522143	10749
8	490	9142.739935124364	10746
8	493	9175.394544499822	10747
8	494	9177.182694731909	10748
8	509	9421.072935498174	10750
8	512	9505.553127828146	10751
8	519	9609.869560246913	10753
8	520	9610.824351470453	10754
8	532	9826.743359721207	10755
8	534	9906.455265506718	10756
8	559	10417.126919909425	10763
8	562	10440.630198856253	10758
8	572	10546.608269071686	10762
8	583	10717.944313395566	10767
8	585	10741.611799726148	10766
8	586	10750.999495858437	10764
8	597	10959.643444668267	10771
8	599	11034.91797631417	10772
8	610	11397.794875667417	10773
8	620	11791.005900225535	10775
8	628	12496.808699463251	10778
8	641	13153.283710955159	10780
8	643	13230.735991628174	10781
8	652	13474.915387178494	10783
8	653	13491.918841765112	10784
8	668	13698.098489286507	10788
8	669	13704.169656087793	10787
8	671	13764.659257167587	10785
8	679	13874.94975935146	10789
8	681	13901.111395681116	10786
8	691	14057.878644291498	10791
8	695	14102.452727516703	10793
8	697	14115.789960907805	10794
8	704	14268.125779128801	10792
8	712	14379.185247805982	10797
8	728	14565.764021307062	10801
8	733	14633.649141353714	10799
8	734	14635.714847207938	10800
8	735	14663.516207286282	10798
8	738	14685.343388233432	10803
8	772	15162.253232942747	10807
8	781	15356.987469464309	10808
8	783	15388.519156058817	10811
8	784	15399.095218663541	10809
8	791	15551.411036214136	10812
8	798	15696.633495227939	10813
8	807	16002.14498518552	10814
8	829	16572.328426253825	10820
8	832	16695.961466083264	10819
8	842	17084.742491539906	10822
8	844	17093.693179753664	10823
8	858	17291.162681721658	10825
8	870	17452.581558759406	10828
8	871	17481.910726046237	10827
8	872	17486.828073515863	10824
8	887	17724.680431746042	10830
8	896	17964.629004011432	10833
8	903	18098.229173190672	10834
8	910	18290.838072483273	10837
8	921	18869.41741613768	10838
8	928	18990.043515051106	10842
8	935	19138.977070363976	10843
8	940	19249.5872723158	10841
8	958	19600.822081790237	10846
8	969	19764.845320298939	10848
8	970	19798.562715674203	10849
9	100	1040.530278588587	0
9	106	1458.681093497233	0
9	108	1518.358285946404	0
9	110	1602.014149071603	0
9	125	1949.589337408828	0
9	126	1955.984528980405	0
9	136	2166.232388395505	0
9	142	2334.701847254897	0
9	152	2604.249298614506	0
9	171	2977.473818380531	0
9	173	2993.707511347415	0
9	189	3183.399400490916	0
9	194	3218.210242665116	0
9	197	3247.453719984315	0
9	203	3296.670262127236	0
9	210	3348.138113323264	0
9	223	3476.179309450888	0
9	240	3654.752725345533	0
9	244	3712.33054931923	0
9	245	3729.912812727936	0
9	252	3800.858037136643	0
9	257	3868.493980505993	0
9	270	4050.37901477744	0
9	282	4225.233503754159	0
9	284	4256.554402465543	0
9	285	4262.490511547791	0
9	286	4302.958997534829	0
9	287	4304.282475155097	0
9	293	4405.911660963871	0
9	316	4753.770538867381	0
9	320	4845.185802871508	0
9	333	5162.968322358236	0
9	337	5378.066293627892	0
9	343	5704.018182280875	0
9	356	6049.862913919636	0
9	359	6137.565492126577	0
9	374	6619.251884157861	0
9	377	6719.86173394143	0
9	379	6742.995614534245	0
9	380	6765.936186661459	0
9	400	7231.723305414896	0
9	401	7238.637966472095	0
9	417	7618.395159190783	0
9	418	7633.408919640247	0
9	427	7772.549448017976	0
9	429	7807.705668657858	0
9	437	7884.536804741747	0
9	439	7919.417340449505	0
9	440	7951.745694560152	0
9	442	7969.758688136015	0
9	448	8060.860031327481	0
9	455	8194.54369179969	0
9	477	8965.815005237123	0
9	483	9047.333027752646	0
9	497	9223.991066522143	0
9	498	9245.739935124364	0
9	502	9280.182694731909	0
9	516	9524.072935498174	0
9	517	9572.990550088202	0
9	518	9608.553127828146	0
9	525	9712.869560246913	0
9	526	9713.824351470453	0
9	535	9929.743359721207	0
9	537	10009.455265506718	0
9	541	10098.784188947884	0
9	543	10131.630198856253	0
9	545	10159.530709066795	0
9	550	10243.560504861551	0
9	552	10300.409304206599	0
9	563	10441.999495858437	0
9	567	10520.126919909425	0
9	581	10671.284221251742	0
9	594	10889.549682308754	0
9	600	11062.643444668267	0
9	601	11137.91797631417	0
9	609	11352.681366032403	0
9	622	11894.005900225535	0
9	625	12369.352967722687	0
9	630	12599.808699463251	0
9	634	12784.354234394516	0
9	645	13322.769267109537	0
9	646	13333.735991628174	0
9	657	13577.915387178494	0
9	658	13592.111395681116	0
9	659	13594.918841765112	0
9	675	13801.098489286507	0
9	685	13977.94975935146	0
9	702	14205.452727516703	0
9	703	14218.789960907805	0
9	705	14277.537699188726	0
9	711	14371.125779128801	0
9	721	14482.185247805982	0
9	736	14668.764021307062	0
9	742	14736.649141353714	0
9	743	14738.714847207938	0
9	745	14766.516207286282	0
9	747	14780.04541758798	0
9	748	14788.343388233432	0
9	750	14832.768675037861	0
9	776	15265.253232942747	0
9	779	15297.31450039783	0
9	787	15459.987469464309	0
9	789	15491.519156058817	0
9	790	15502.095218663541	0
9	796	15654.411036214136	0
9	809	16084.662715334181	0
9	810	16105.14498518552	0
9	824	16386.961466083264	0
9	831	16675.328426253825	0
9	840	17039.714865385551	0
9	848	17177.828073515863	0
9	849	17187.742491539906	0
9	851	17196.693179753664	0
9	852	17226.817633902397	0
9	866	17394.162681721658	0
9	878	17555.581558759406	0
9	879	17584.910726046237	0
9	883	17649.343080943858	0
9	888	17751.393429676069	0
9	907	18201.229173190672	0
9	918	18776.273280826199	0
9	924	18890.719746947137	0
9	925	18940.5872723158	0
9	933	19093.043515051106	0
9	939	19241.977070363976	0
9	948	19442.345301947267	0
9	953	19504.184183753472	0
9	965	19703.822081790237	0
9	971	19800.844662912483	0
9	974	19847.582587282547	0
9	976	19867.845320298939	0
9	977	19901.562715674203	0
10	100	1040.530278588587	3
10	106	1458.681093497233	3
10	108	1518.358285946404	3
10	110	1602.014149071603	3
10	125	1949.589337408828	3
10	126	1955.984528980405	3
10	136	2166.232388395505	3
10	142	2334.701847254897	3
10	152	2604.249298614506	3
10	171	2977.473818380531	3
10	173	2993.707511347415	3
10	189	3183.399400490916	3
10	194	3218.210242665116	3
10	197	3247.453719984315	3
10	203	3296.670262127236	3
10	210	3348.138113323264	3
10	223	3476.179309450888	3
10	240	3654.752725345533	3
10	244	3712.33054931923	3
10	245	3729.912812727936	3
10	252	3800.858037136643	3
10	257	3868.493980505993	3
10	270	4050.37901477744	3
10	282	4225.233503754159	3
10	284	4256.554402465543	3
10	285	4262.490511547791	3
10	286	4302.958997534829	3
10	287	4304.282475155097	3
10	293	4405.911660963871	3
10	316	4753.770538867381	3
10	320	4845.185802871508	3
10	333	5162.968322358236	3
10	337	5378.066293627892	3
10	343	5704.018182280875	3
10	356	6049.862913919636	3
10	359	6137.565492126577	3
10	374	6619.251884157861	3
10	377	6719.86173394143	3
10	379	6742.995614534245	3
10	380	6765.936186661459	3
10	400	7231.723305414896	3
10	401	7238.637966472095	3
10	417	7618.395159190783	3
10	418	7633.408919640247	3
10	427	7772.549448017976	3
10	429	7807.705668657858	3
10	437	7884.536804741747	3
10	439	7919.417340449505	3
10	440	7951.745694560152	3
10	442	7969.758688136015	3
10	448	8060.860031327481	3
10	455	8194.54369179969	3
10	477	8965.815005237123	3
10	483	9047.333027752646	3
10	497	9223.991066522143	3
10	498	9245.739935124364	3
10	502	9280.182694731909	3
10	516	9524.072935498174	3
10	517	9572.990550088202	3
10	518	9608.553127828146	3
10	525	9712.869560246913	3
10	526	9713.824351470453	3
10	535	9929.743359721207	3
10	537	10009.455265506718	3
10	541	10098.784188947884	3
10	543	10131.630198856253	3
10	545	10159.530709066795	3
10	550	10243.560504861551	3
10	552	10300.409304206599	3
10	563	10441.999495858437	3
10	567	10520.126919909425	3
10	581	10671.284221251742	3
10	594	10889.549682308754	3
10	600	11062.643444668267	3
10	601	11137.91797631417	3
10	609	11352.681366032403	3
10	622	11894.005900225535	3
10	625	12369.352967722687	3
10	630	12599.808699463251	3
10	634	12784.354234394516	3
10	645	13322.769267109537	3
10	646	13333.735991628174	3
10	657	13577.915387178494	3
10	658	13592.111395681116	3
10	659	13594.918841765112	3
10	675	13801.098489286507	3
10	685	13977.94975935146	3
10	702	14205.452727516703	3
10	703	14218.789960907805	3
10	705	14277.537699188726	3
10	711	14371.125779128801	3
10	721	14482.185247805982	3
10	736	14668.764021307062	3
10	742	14736.649141353714	3
10	743	14738.714847207938	3
10	745	14766.516207286282	3
10	747	14780.04541758798	3
10	748	14788.343388233432	3
10	750	14832.768675037861	3
10	776	15265.253232942747	3
10	779	15297.31450039783	3
10	787	15459.987469464309	3
10	789	15491.519156058817	3
10	790	15502.095218663541	3
10	796	15654.411036214136	3
10	809	16084.662715334181	3
10	810	16105.14498518552	3
10	824	16386.961466083264	3
10	831	16675.328426253825	3
10	840	17039.714865385551	3
10	848	17177.828073515863	3
10	849	17187.742491539906	3
10	851	17196.693179753664	3
10	852	17226.817633902397	3
10	866	17394.162681721658	3
10	878	17555.581558759406	3
10	879	17584.910726046237	3
10	883	17649.343080943858	3
10	888	17751.393429676069	3
10	907	18201.229173190672	3
10	918	18776.273280826199	3
10	924	18890.719746947137	3
10	925	18940.5872723158	3
10	933	19093.043515051106	3
10	939	19241.977070363976	3
10	948	19442.345301947267	3
10	953	19504.184183753472	3
10	965	19703.822081790237	3
10	971	19800.844662912483	3
10	974	19847.582587282547	3
10	976	19867.845320298939	3
10	977	19901.562715674203	3
11	100	1040.530278588587	10663
11	106	1458.681093497233	10667
11	108	1518.358285946404	10666
11	110	1602.014149071603	10668
11	125	1949.589337408828	10670
11	126	1955.984528980405	10671
11	136	2166.232388395505	10673
11	142	2334.701847254897	10675
11	152	2604.249298614506	10676
11	171	2977.473818380531	10679
11	173	2993.707511347415	10681
11	189	3183.399400490916	10682
11	194	3218.210242665116	10687
11	197	3247.453719984315	10684
11	203	3296.670262127236	10686
11	210	3348.138113323264	10688
11	223	3476.179309450888	10690
11	240	3654.752725345533	10691
11	244	3712.33054931923	10694
11	245	3729.912812727936	10695
11	252	3800.858037136643	10696
11	257	3868.493980505993	10698
11	270	4050.37901477744	10702
11	282	4225.233503754159	10704
11	284	4256.554402465543	10705
11	285	4262.490511547791	10701
11	286	4302.958997534829	10703
11	287	4304.282475155097	10706
11	293	4405.911660963871	10707
11	316	4753.770538867381	10710
11	320	4845.185802871508	10711
11	333	5162.968322358236	10714
11	337	5378.066293627892	10715
11	343	5704.018182280875	10716
11	356	6049.862913919636	10720
11	359	6137.565492126577	10718
11	374	6619.251884157861	10723
11	377	6719.86173394143	10724
11	379	6742.995614534245	10726
11	380	6765.936186661459	10725
11	400	7231.723305414896	10728
11	401	7238.637966472095	10729
11	417	7618.395159190783	10730
11	418	7633.408919640247	10733
11	427	7772.549448017976	10734
11	429	7807.705668657858	10737
11	437	7884.536804741747	10732
11	439	7919.417340449505	10735
11	440	7951.745694560152	10738
11	442	7969.758688136015	10736
11	448	8060.860031327481	10739
11	455	8194.54369179969	10740
11	477	8965.815005237123	10745
11	483	9047.333027752646	10744
11	497	9223.991066522143	10749
11	498	9245.739935124364	10746
11	502	9280.182694731909	10748
11	516	9524.072935498174	10750
11	517	9572.990550088202	10752
11	518	9608.553127828146	10751
11	525	9712.869560246913	10753
11	526	9713.824351470453	10754
11	535	9929.743359721207	10755
11	537	10009.455265506718	10756
11	541	10098.784188947884	10757
11	543	10131.630198856253	10758
11	545	10159.530709066795	10759
11	550	10243.560504861551	10760
11	552	10300.409304206599	10761
11	563	10441.999495858437	10764
11	567	10520.126919909425	10763
11	581	10671.284221251742	10768
11	594	10889.549682308754	10770
11	600	11062.643444668267	10771
11	601	11137.91797631417	10772
11	609	11352.681366032403	10774
11	622	11894.005900225535	10775
11	625	12369.352967722687	10777
11	630	12599.808699463251	10778
11	634	12784.354234394516	10779
11	645	13322.769267109537	10782
11	646	13333.735991628174	10781
11	657	13577.915387178494	10783
11	658	13592.111395681116	10786
11	659	13594.918841765112	10784
11	675	13801.098489286507	10788
11	685	13977.94975935146	10789
11	702	14205.452727516703	10793
11	703	14218.789960907805	10794
11	705	14277.537699188726	10796
11	711	14371.125779128801	10792
11	721	14482.185247805982	10797
11	736	14668.764021307062	10801
11	742	14736.649141353714	10799
11	743	14738.714847207938	10800
11	745	14766.516207286282	10798
11	747	14780.04541758798	10804
11	748	14788.343388233432	10803
11	750	14832.768675037861	10805
11	776	15265.253232942747	10807
11	779	15297.31450039783	10810
11	787	15459.987469464309	10808
11	789	15491.519156058817	10811
11	790	15502.095218663541	10809
11	796	15654.411036214136	10812
11	809	16084.662715334181	10815
11	810	16105.14498518552	10814
11	824	16386.961466083264	10819
11	831	16675.328426253825	10820
11	840	17039.714865385551	10821
11	848	17177.828073515863	10824
11	849	17187.742491539906	10822
11	851	17196.693179753664	10823
11	852	17226.817633902397	10826
11	866	17394.162681721658	10825
11	878	17555.581558759406	10828
11	879	17584.910726046237	10827
11	883	17649.343080943858	10831
11	888	17751.393429676069	10832
11	907	18201.229173190672	10834
11	918	18776.273280826199	10839
11	924	18890.719746947137	10840
11	925	18940.5872723158	10841
11	933	19093.043515051106	10842
11	939	19241.977070363976	10843
11	948	19442.345301947267	10844
11	953	19504.184183753472	10847
11	965	19703.822081790237	10846
11	971	19800.844662912483	10850
11	974	19847.582587282547	10851
11	976	19867.845320298939	10848
11	977	19901.562715674203	10849
12	214	3389.399400490916	409
12	242	3682.179309450888	512
12	267	3999.728533670162	203
12	273	4074.493980505993	306
12	283	4256.37901477744	306
12	328	5051.185802871508	409
12	415	7605.772839577248	203
12	445	8013.705668657858	306
12	456	8266.860031327481	409
12	510	9429.991066522143	409
12	800	15708.095218663541	512
12	804	15860.411036214136	512
12	820	16311.14498518552	512
12	941	19299.043515051106	409
12	960	19648.345301947267	306
13	214	3389.399400490916	9
13	242	3682.179309450888	12
13	267	3999.728533670162	3
13	273	4074.493980505993	6
13	283	4256.37901477744	6
13	328	5051.185802871508	9
13	415	7605.772839577248	3
13	445	8013.705668657858	6
13	456	8266.860031327481	9
13	510	9429.991066522143	9
13	800	15708.095218663541	12
13	804	15860.411036214136	12
13	820	16311.14498518552	12
13	941	19299.043515051106	9
13	960	19648.345301947267	6
14	214	3389.399400490916	3
14	242	3682.179309450888	4
14	267	3999.728533670162	1
14	273	4074.493980505993	2
14	283	4256.37901477744	2
14	328	5051.185802871508	3
14	415	7605.772839577248	1
14	445	8013.705668657858	2
14	456	8266.860031327481	3
14	510	9429.991066522143	3
14	800	15708.095218663541	4
14	804	15860.411036214136	4
14	820	16311.14498518552	4
14	941	19299.043515051106	3
14	960	19648.345301947267	2
15	98	1002.110383463528	512
15	148	2475.232388395505	409
15	168	2916.046155325683	306
15	206	3314.410571023119	306
15	237	3610.122753599379	306
15	265	3979.214971938538	203
15	306	4565.554402465543	409
15	329	5060.70599490006	306
15	360	6139.301261813835	306
15	393	7028.86173394143	512
15	412	7540.723305414896	512
15	450	8081.549448017976	512
15	500	9274.815005237123	512
15	595	10891.014270724925	306
15	631	12678.352967722687	409
15	731	14586.537699188726	409
15	763	14977.764021307062	512
15	769	15089.04541758798	409
15	823	16346.394519046244	306
15	826	16448.735492560129	306
15	837	16984.328426253825	512
15	861	17348.714865385551	409
15	875	17535.817633902397	409
15	882	17640.037458636748	203
15	900	18060.393429676069	409
15	932	19085.273280826199	409
15	955	19550.977070363976	512
15	962	19675.9544051778	306
16	98	1002.110383463528	12
16	148	2475.232388395505	9
16	168	2916.046155325683	6
16	206	3314.410571023119	6
16	237	3610.122753599379	6
16	265	3979.214971938538	3
16	306	4565.554402465543	9
16	329	5060.70599490006	6
16	360	6139.301261813835	6
16	393	7028.86173394143	12
16	412	7540.723305414896	12
16	450	8081.549448017976	12
16	500	9274.815005237123	12
16	595	10891.014270724925	6
16	631	12678.352967722687	9
16	731	14586.537699188726	9
16	763	14977.764021307062	12
16	769	15089.04541758798	9
16	823	16346.394519046244	6
16	826	16448.735492560129	6
16	837	16984.328426253825	12
16	861	17348.714865385551	9
16	875	17535.817633902397	9
16	882	17640.037458636748	3
16	900	18060.393429676069	9
16	932	19085.273280826199	9
16	955	19550.977070363976	12
16	962	19675.9544051778	6
17	98	1002.110383463528	4
17	148	2475.232388395505	3
17	168	2916.046155325683	2
17	206	3314.410571023119	2
17	237	3610.122753599379	2
17	265	3979.214971938538	1
17	306	4565.554402465543	3
17	329	5060.70599490006	2
17	360	6139.301261813835	2
17	393	7028.86173394143	4
17	412	7540.723305414896	4
17	450	8081.549448017976	4
17	500	9274.815005237123	4
17	595	10891.014270724925	2
17	631	12678.352967722687	3
17	731	14586.537699188726	3
17	763	14977.764021307062	4
17	769	15089.04541758798	3
17	823	16346.394519046244	2
17	826	16448.735492560129	2
17	837	16984.328426253825	4
17	861	17348.714865385551	3
17	875	17535.817633902397	3
17	882	17640.037458636748	1
17	900	18060.393429676069	3
17	932	19085.273280826199	3
17	955	19550.977070363976	4
17	962	19675.9544051778	2
18	119	1827.358285946404	512
18	167	2913.249298614506	409
18	177	3076.275542841828	203
18	202	3286.473818380531	512
18	231	3556.453719984315	512
18	235	3605.670262127236	512
18	241	3657.138113323264	512
18	330	5062.770538867381	512
18	342	5687.066293627892	409
18	388	6928.251884157861	512
18	463	8681.619475657404	203
18	533	9881.990550088202	409
18	584	10734.267868417604	306
18	611	11446.91797631417	512
18	616	11661.681366032403	409
18	686	13989.949313850217	306
18	696	14110.098489286507	512
18	714	14394.553846804354	306
18	724	14527.789960907805	512
18	749	14800.22488092915	306
18	768	15070.55582983415	306
18	770	15097.343388233432	512
18	825	16438.282244820554	306
18	909	18249.149803396075	203
18	912	18336.257898990044	306
18	938	19199.719746947137	409
19	119	1827.358285946404	12
19	167	2913.249298614506	9
19	177	3076.275542841828	3
19	202	3286.473818380531	12
19	231	3556.453719984315	12
19	235	3605.670262127236	12
19	241	3657.138113323264	12
19	330	5062.770538867381	12
19	342	5687.066293627892	9
19	388	6928.251884157861	12
19	463	8681.619475657404	3
19	533	9881.990550088202	9
19	584	10734.267868417604	6
19	611	11446.91797631417	12
19	616	11661.681366032403	9
19	686	13989.949313850217	6
19	696	14110.098489286507	12
19	714	14394.553846804354	6
19	724	14527.789960907805	12
19	749	14800.22488092915	6
19	768	15070.55582983415	6
19	770	15097.343388233432	12
19	825	16438.282244820554	6
19	909	18249.149803396075	3
19	912	18336.257898990044	6
19	938	19199.719746947137	9
20	119	1827.358285946404	4
20	167	2913.249298614506	3
20	177	3076.275542841828	1
20	202	3286.473818380531	4
20	231	3556.453719984315	4
20	235	3605.670262127236	4
20	241	3657.138113323264	4
20	330	5062.770538867381	4
20	342	5687.066293627892	3
20	388	6928.251884157861	4
20	463	8681.619475657404	1
20	533	9881.990550088202	3
20	584	10734.267868417604	2
20	611	11446.91797631417	4
20	616	11661.681366032403	3
20	686	13989.949313850217	2
20	696	14110.098489286507	4
20	714	14394.553846804354	2
20	724	14527.789960907805	4
20	749	14800.22488092915	2
20	768	15070.55582983415	2
20	770	15097.343388233432	4
20	825	16438.282244820554	2
20	909	18249.149803396075	1
20	912	18336.257898990044	2
20	938	19199.719746947137	3
21	101	1122.595435321053	306
21	123	1870.681093497233	512
21	134	2151.344707175577	409
21	147	2449.637951779742	409
21	232	3562.028708514965	409
21	319	4842.408550347169	409
21	332	5089.465850907427	409
21	357	6060.933382559614	409
21	369	6431.843338214074	306
21	396	7104.993665523626	306
21	501	9278.394544499822	409
21	570	10543.630198856253	512
21	590	10820.944313395566	306
21	591	10844.611799726148	409
21	592	10853.999495858437	512
21	644	13256.283710955159	306
21	688	14004.111395681116	512
21	698	14160.878644291498	409
21	880	17589.828073515863	512
21	891	17827.680431746042	306
21	901	18067.629004011432	306
21	913	18393.838072483273	306
21	926	18972.41741613768	306
21	944	19352.5872723158	512
22	101	1122.595435321053	6
22	123	1870.681093497233	12
22	134	2151.344707175577	9
22	147	2449.637951779742	9
22	232	3562.028708514965	9
22	319	4842.408550347169	9
22	332	5089.465850907427	9
22	357	6060.933382559614	9
22	369	6431.843338214074	6
22	396	7104.993665523626	6
22	501	9278.394544499822	9
22	570	10543.630198856253	12
22	590	10820.944313395566	6
22	591	10844.611799726148	9
22	592	10853.999495858437	12
22	644	13256.283710955159	6
22	688	14004.111395681116	12
22	698	14160.878644291498	9
22	880	17589.828073515863	12
22	891	17827.680431746042	6
22	901	18067.629004011432	6
22	913	18393.838072483273	6
22	926	18972.41741613768	6
22	944	19352.5872723158	12
23	101	1122.595435321053	2
23	123	1870.681093497233	4
23	134	2151.344707175577	3
23	147	2449.637951779742	3
23	232	3562.028708514965	3
23	319	4842.408550347169	3
23	332	5089.465850907427	3
23	357	6060.933382559614	3
23	369	6431.843338214074	2
23	396	7104.993665523626	2
23	501	9278.394544499822	3
23	570	10543.630198856253	4
23	590	10820.944313395566	2
23	591	10844.611799726148	3
23	592	10853.999495858437	4
23	644	13256.283710955159	2
23	688	14004.111395681116	4
23	698	14160.878644291498	3
23	880	17589.828073515863	4
23	891	17827.680431746042	2
23	901	18067.629004011432	2
23	913	18393.838072483273	2
23	926	18972.41741613768	2
23	944	19352.5872723158	4
24	149	2475.445778414347	409
24	159	2746.701847254897	512
24	169	2948.17593401823	306
24	217	3405.707511347415	512
24	246	3750.182449198535	409
24	279	4160.443631518249	409
24	313	4738.48958462697	409
24	399	7154.995614534245	512
24	489	9135.601260128139	409
24	580	10649.608269071686	409
24	613	11500.794875667417	306
24	676	13807.169656087793	306
24	678	13867.659257167587	409
24	803	15799.633495227939	203
24	834	16798.961466083264	512
25	149	2475.445778414347	9
25	159	2746.701847254897	12
25	169	2948.17593401823	6
25	217	3405.707511347415	12
25	246	3750.182449198535	9
25	279	4160.443631518249	9
25	313	4738.48958462697	9
25	399	7154.995614534245	12
25	489	9135.601260128139	9
25	580	10649.608269071686	9
25	613	11500.794875667417	6
25	676	13807.169656087793	6
25	678	13867.659257167587	9
25	803	15799.633495227939	3
25	834	16798.961466083264	12
26	149	2475.445778414347	3
26	159	2746.701847254897	4
26	169	2948.17593401823	2
26	217	3405.707511347415	4
26	246	3750.182449198535	3
26	279	4160.443631518249	3
26	313	4738.48958462697	3
26	399	7154.995614534245	4
26	489	9135.601260128139	3
26	580	10649.608269071686	3
26	613	11500.794875667417	2
26	676	13807.169656087793	2
26	678	13867.659257167587	3
26	803	15799.633495227939	1
26	834	16798.961466083264	4
27	102	1143.530278588587	512
27	130	2058.984528980405	306
27	207	3321.210242665116	203
27	248	3757.752725345533	512
27	253	3815.33054931923	306
27	254	3832.912812727936	306
27	292	4365.490511547791	512
27	345	5807.018182280875	203
27	362	6152.862913919636	306
27	404	7341.637966472095	306
27	444	7987.536804741747	512
27	530	9815.869560246913	306
27	531	9816.824351470453	306
27	539	10032.743359721207	512
27	551	10262.530709066795	203
27	623	11997.005900225535	409
27	649	13425.769267109537	203
27	664	13680.915387178494	306
27	667	13697.918841765112	306
27	693	14080.94975935146	409
27	708	14308.452727516703	306
27	981	19950.582587282547	203
27	984	19970.845320298939	512
28	102	1143.530278588587	12
28	130	2058.984528980405	6
28	207	3321.210242665116	3
28	248	3757.752725345533	12
28	253	3815.33054931923	6
28	254	3832.912812727936	6
28	292	4365.490511547791	12
28	345	5807.018182280875	3
28	362	6152.862913919636	6
28	404	7341.637966472095	6
28	444	7987.536804741747	12
28	530	9815.869560246913	6
28	531	9816.824351470453	6
28	539	10032.743359721207	12
28	551	10262.530709066795	3
28	623	11997.005900225535	9
28	649	13425.769267109537	3
28	664	13680.915387178494	6
28	667	13697.918841765112	6
28	693	14080.94975935146	9
28	708	14308.452727516703	6
28	981	19950.582587282547	3
28	984	19970.845320298939	12
29	102	1143.530278588587	4
29	130	2058.984528980405	2
29	207	3321.210242665116	1
29	248	3757.752725345533	4
29	253	3815.33054931923	2
29	254	3832.912812727936	2
29	292	4365.490511547791	4
29	345	5807.018182280875	1
29	362	6152.862913919636	2
29	404	7341.637966472095	2
29	444	7987.536804741747	4
29	530	9815.869560246913	2
29	531	9816.824351470453	2
29	539	10032.743359721207	4
29	551	10262.530709066795	1
29	623	11997.005900225535	3
29	649	13425.769267109537	1
29	664	13680.915387178494	2
29	667	13697.918841765112	2
29	693	14080.94975935146	3
29	708	14308.452727516703	2
29	981	19950.582587282547	1
29	984	19970.845320298939	4
30	113	1705.014149071603	203
30	364	6240.565492126577	409
30	449	8072.758688136015	409
30	506	9348.739935124364	512
30	507	9383.182694731909	512
30	522	9627.072935498174	512
30	524	9711.553127828146	512
30	542	10112.455265506718	306
30	547	10201.784188947884	203
30	558	10403.409304206599	203
30	576	10623.126919909425	306
30	587	10774.284221251742	203
30	598	10992.549682308754	203
30	636	12887.354234394516	203
30	650	13436.735991628174	409
30	720	14474.125779128801	512
30	754	14869.516207286282	512
30	785	15400.31450039783	203
30	814	16187.662715334181	203
30	873	17497.162681721658	409
30	885	17658.581558759406	409
30	886	17687.910726046237	512
30	889	17752.343080943858	203
31	113	1705.014149071603	3
31	364	6240.565492126577	9
31	449	8072.758688136015	9
31	506	9348.739935124364	12
31	507	9383.182694731909	12
31	522	9627.072935498174	12
31	524	9711.553127828146	12
31	542	10112.455265506718	6
31	547	10201.784188947884	3
31	558	10403.409304206599	3
31	576	10623.126919909425	6
31	587	10774.284221251742	3
31	598	10992.549682308754	3
31	636	12887.354234394516	3
31	650	13436.735991628174	9
31	720	14474.125779128801	12
31	754	14869.516207286282	12
31	785	15400.31450039783	3
31	814	16187.662715334181	3
31	873	17497.162681721658	9
31	885	17658.581558759406	9
31	886	17687.910726046237	12
31	889	17752.343080943858	3
32	113	1705.014149071603	1
32	364	6240.565492126577	3
32	449	8072.758688136015	3
32	506	9348.739935124364	4
32	507	9383.182694731909	4
32	522	9627.072935498174	4
32	524	9711.553127828146	4
32	542	10112.455265506718	2
32	547	10201.784188947884	1
32	558	10403.409304206599	1
32	576	10623.126919909425	2
32	587	10774.284221251742	1
32	598	10992.549682308754	1
32	636	12887.354234394516	1
32	650	13436.735991628174	3
32	720	14474.125779128801	4
32	754	14869.516207286282	4
32	785	15400.31450039783	1
32	814	16187.662715334181	1
32	873	17497.162681721658	3
32	885	17658.581558759406	3
32	886	17687.910726046237	4
32	889	17752.343080943858	1
33	135	2155.589337408828	409
33	200	3272.178367670527	203
33	268	4006.858037136643	409
33	297	4431.233503754159	409
33	301	4508.958997534829	512
33	302	4510.282475155097	306
33	307	4611.911660963871	306
33	336	5368.968322358236	306
33	367	6351.586331073012	203
33	390	6971.936186661459	409
33	431	7824.395159190783	512
33	432	7839.408919640247	306
33	452	8125.417340449505	512
33	453	8157.745694560152	306
33	458	8400.54369179969	306
33	464	8715.795092390676	203
33	499	9253.333027752646	512
33	565	10449.560504861551	306
33	606	11268.643444668267	409
33	621	11868.475982066257	203
33	635	12805.808699463251	409
33	739	14688.185247805982	409
33	759	14942.649141353714	512
33	760	14944.714847207938	512
33	766	15038.768675037861	306
33	788	15471.253232942747	512
33	797	15665.987469464309	512
33	799	15697.519156058817	409
33	865	17393.742491539906	409
33	867	17402.693179753664	409
33	914	18407.229173190672	512
33	966	19710.184183753472	306
33	979	19909.822081790237	512
34	135	2155.589337408828	9
34	200	3272.178367670527	3
34	268	4006.858037136643	9
34	297	4431.233503754159	9
34	301	4508.958997534829	12
34	302	4510.282475155097	6
34	307	4611.911660963871	6
34	336	5368.968322358236	6
34	367	6351.586331073012	3
34	390	6971.936186661459	9
34	431	7824.395159190783	12
34	432	7839.408919640247	6
34	452	8125.417340449505	12
34	453	8157.745694560152	6
34	458	8400.54369179969	6
34	464	8715.795092390676	3
34	499	9253.333027752646	12
34	565	10449.560504861551	6
34	606	11268.643444668267	9
34	621	11868.475982066257	3
34	635	12805.808699463251	9
34	739	14688.185247805982	9
34	759	14942.649141353714	12
34	760	14944.714847207938	12
34	766	15038.768675037861	6
34	788	15471.253232942747	12
34	797	15665.987469464309	12
34	799	15697.519156058817	9
34	865	17393.742491539906	9
34	867	17402.693179753664	9
34	914	18407.229173190672	12
34	966	19710.184183753472	6
34	979	19909.822081790237	12
35	135	2155.589337408828	3
35	200	3272.178367670527	1
35	268	4006.858037136643	3
35	297	4431.233503754159	3
35	301	4508.958997534829	4
35	302	4510.282475155097	2
35	307	4611.911660963871	2
35	336	5368.968322358236	2
35	367	6351.586331073012	1
35	390	6971.936186661459	3
35	431	7824.395159190783	4
35	432	7839.408919640247	2
35	452	8125.417340449505	4
35	453	8157.745694560152	2
35	458	8400.54369179969	2
35	464	8715.795092390676	1
35	499	9253.333027752646	4
35	565	10449.560504861551	2
35	606	11268.643444668267	3
35	621	11868.475982066257	1
35	635	12805.808699463251	3
35	739	14688.185247805982	3
35	759	14942.649141353714	4
35	760	14944.714847207938	4
35	766	15038.768675037861	2
35	788	15471.253232942747	4
35	797	15665.987469464309	4
35	799	15697.519156058817	3
35	865	17393.742491539906	3
35	867	17402.693179753664	3
35	914	18407.229173190672	4
35	966	19710.184183753472	2
35	979	19909.822081790237	4

