version 3
run MediumLoad_Queue-42-20260125-17:51:22-1418
attr configname MediumLoad_Queue
attr datetime 20260125-17:51:22
attr datetimef 20260125-175122
attr experiment MediumLoad_Queue
attr inifile simulations/nwsim_project/omnetpp.ini
attr iterationvars ""
attr iterationvarsd ""
attr iterationvarsf ""
attr measurement ""
attr network CrossTraffic
attr processid 1418
attr repetition 42
attr replication #42
attr resultdir results
attr runnumber 42
attr seedset 42
config description "Medium Load - Queue Mode (50% more traffic)"
config *.Junc*.junctionMode "\"queue\""
config *.EndNW.spawnInterval exponential(533s)
config *.EndNE.spawnInterval exponential(800s)
config *.EndEN.spawnInterval exponential(667s)
config *.EndES.spawnInterval exponential(1000s)
config *.EndSE.spawnInterval exponential(600s)
config *.EndSW.spawnInterval exponential(733s)
config *.EndWS.spawnInterval exponential(867s)
config *.EndWN.spawnInterval exponential(933s)
config network CrossTraffic
config sim-time-limit 20000s
config warmup-period 1000s
config repeat 50
config **.scalar-recording true
config **.vector-recording true
config *.Junc*.junctionMode "\"queue\""
config *.EndNW.spawnInterval exponential(800s)
config *.EndNE.spawnInterval exponential(1200s)
config *.EndEN.spawnInterval exponential(1000s)
config *.EndES.spawnInterval exponential(1500s)
config *.EndSE.spawnInterval exponential(900s)
config *.EndSW.spawnInterval exponential(1100s)
config *.EndWS.spawnInterval exponential(1300s)
config *.EndWN.spawnInterval exponential(1400s)

vector 0 CrossTraffic.JuncNW queueLength:vector ETV
attr interpolationmode sample-hold
attr recordingmode vector
attr source queueLength
attr title "Queue Length"
vector 1 CrossTraffic.JuncNW junctionProcessingTime:vector ETV
attr recordingmode vector
attr source junctionProcessingTime
attr title "Junction Processing Time"
vector 2 CrossTraffic.JuncNW vehicleCount:vector ETV
attr recordingmode vector
attr source vehicleCount
attr title "Vehicle Count"
vector 3 CrossTraffic.JuncNE queueLength:vector ETV
attr interpolationmode sample-hold
attr recordingmode vector
attr source queueLength
attr title "Queue Length"
vector 4 CrossTraffic.JuncNE junctionProcessingTime:vector ETV
attr recordingmode vector
attr source junctionProcessingTime
attr title "Junction Processing Time"
vector 5 CrossTraffic.JuncNE vehicleCount:vector ETV
attr recordingmode vector
attr source vehicleCount
attr title "Vehicle Count"
vector 6 CrossTraffic.JuncSE queueLength:vector ETV
attr interpolationmode sample-hold
attr recordingmode vector
attr source queueLength
attr title "Queue Length"
vector 7 CrossTraffic.JuncSE junctionProcessingTime:vector ETV
attr recordingmode vector
attr source junctionProcessingTime
attr title "Junction Processing Time"
vector 8 CrossTraffic.JuncSE vehicleCount:vector ETV
attr recordingmode vector
attr source vehicleCount
attr title "Vehicle Count"
vector 9 CrossTraffic.JuncSW queueLength:vector ETV
attr interpolationmode sample-hold
attr recordingmode vector
attr source queueLength
attr title "Queue Length"
vector 10 CrossTraffic.JuncSW junctionProcessingTime:vector ETV
attr recordingmode vector
attr source junctionProcessingTime
attr title "Junction Processing Time"
vector 11 CrossTraffic.JuncSW vehicleCount:vector ETV
attr recordingmode vector
attr source vehicleCount
attr title "Vehicle Count"
vector 12 CrossTraffic.EndNW travelTime:vector ETV
attr recordingmode vector
attr source travelTime
attr title "Vehicle Travel Time"
vector 13 CrossTraffic.EndNW junctionTime:vector ETV
attr recordingmode vector
attr source junctionTime
attr title "Total Junction Time per Vehicle"
vector 14 CrossTraffic.EndNW junctionCount:vector ETV
attr recordingmode vector
attr source junctionCount
attr title "Junctions Visited per Vehicle"
vector 15 CrossTraffic.EndNE travelTime:vector ETV
attr recordingmode vector
attr source travelTime
attr title "Vehicle Travel Time"
vector 16 CrossTraffic.EndNE junctionTime:vector ETV
attr recordingmode vector
attr source junctionTime
attr title "Total Junction Time per Vehicle"
vector 17 CrossTraffic.EndNE junctionCount:vector ETV
attr recordingmode vector
attr source junctionCount
attr title "Junctions Visited per Vehicle"
vector 18 CrossTraffic.EndEN travelTime:vector ETV
attr recordingmode vector
attr source travelTime
attr title "Vehicle Travel Time"
vector 19 CrossTraffic.EndEN junctionTime:vector ETV
attr recordingmode vector
attr source junctionTime
attr title "Total Junction Time per Vehicle"
vector 20 CrossTraffic.EndEN junctionCount:vector ETV
attr recordingmode vector
attr source junctionCount
attr title "Junctions Visited per Vehicle"
vector 21 CrossTraffic.EndES travelTime:vector ETV
attr recordingmode vector
attr source travelTime
attr title "Vehicle Travel Time"
vector 22 CrossTraffic.EndES junctionTime:vector ETV
attr recordingmode vector
attr source junctionTime
attr title "Total Junction Time per Vehicle"
vector 23 CrossTraffic.EndES junctionCount:vector ETV
attr recordingmode vector
attr source junctionCount
attr title "Junctions Visited per Vehicle"
vector 24 CrossTraffic.EndSE travelTime:vector ETV
attr recordingmode vector
attr source travelTime
attr title "Vehicle Travel Time"
vector 25 CrossTraffic.EndSE junctionTime:vector ETV
attr recordingmode vector
attr source junctionTime
attr title "Total Junction Time per Vehicle"
vector 26 CrossTraffic.EndSE junctionCount:vector ETV
attr recordingmode vector
attr source junctionCount
attr title "Junctions Visited per Vehicle"
vector 27 CrossTraffic.EndSW travelTime:vector ETV
attr recordingmode vector
attr source travelTime
attr title "Vehicle Travel Time"
vector 28 CrossTraffic.EndSW junctionTime:vector ETV
attr recordingmode vector
attr source junctionTime
attr title "Total Junction Time per Vehicle"
vector 29 CrossTraffic.EndSW junctionCount:vector ETV
attr recordingmode vector
attr source junctionCount
attr title "Junctions Visited per Vehicle"
vector 30 CrossTraffic.EndWS travelTime:vector ETV
attr recordingmode vector
attr source travelTime
attr title "Vehicle Travel Time"
vector 31 CrossTraffic.EndWS junctionTime:vector ETV
attr recordingmode vector
attr source junctionTime
attr title "Total Junction Time per Vehicle"
vector 32 CrossTraffic.EndWS junctionCount:vector ETV
attr recordingmode vector
attr source junctionCount
attr title "Junctions Visited per Vehicle"
vector 33 CrossTraffic.EndWN travelTime:vector ETV
attr recordingmode vector
attr source travelTime
attr title "Vehicle Travel Time"
vector 34 CrossTraffic.EndWN junctionTime:vector ETV
attr recordingmode vector
attr source junctionTime
attr title "Total Junction Time per Vehicle"
vector 35 CrossTraffic.EndWN junctionCount:vector ETV
attr recordingmode vector
attr source junctionCount
attr title "Junctions Visited per Vehicle"
0	133	1025.221976276969	1
0	134	1028.221976276969	0
0	152	1225.082152709836	1
0	154	1228.082152709836	0
0	159	1272.645996235427	1
0	160	1275.645996235427	0
0	161	1303.881124197294	1
0	162	1306.881124197294	0
0	174	1459.607249780257	1
0	175	1462.607249780257	0
0	178	1526.871182048036	1
0	179	1529.871182048036	0
0	184	1718.070568525855	1
0	185	1721.070568525855	0
0	189	1897.88768245638	1
0	190	1900.88768245638	0
0	204	2236.835258146737	1
0	205	2239.835258146737	0
0	234	2771.107503922133	1
0	235	2774.107503922133	0
0	236	2778.060011227371	1
0	237	2781.060011227371	0
0	241	2820.175731374481	1
0	242	2823.175731374481	0
0	250	2888.856652219	1
0	251	2891.856652219	0
0	264	2997.795778801229	1
0	265	3000.795778801229	0
0	280	3126.578967935671	1
0	281	3129.578967935671	0
0	306	3448.767839347531	1
0	307	3451.767839347531	0
0	311	3522.288667556251	1
0	312	3525.288667556251	0
0	344	4310.975978830939	1
0	345	4313.975978830939	0
0	366	4859.461992981341	1
0	367	4862.461992981341	0
0	375	4955.744869442625	1
0	377	4958.744869442625	0
0	383	5022.030050664837	1
0	384	5025.030050664837	0
0	385	5032.541932674435	1
0	386	5035.541932674435	0
0	387	5051.949903255092	1
0	388	5054.949903255092	0
0	393	5073.825391481359	1
0	394	5076.825391481359	0
0	409	5201.188017742583	1
0	410	5204.188017742583	0
0	411	5220.464344512886	1
0	412	5223.464344512886	0
0	413	5227.836780286152	1
0	414	5230.836780286152	0
0	425	5399.798172378561	1
0	426	5402.798172378561	0
0	435	5722.622272354864	1
0	436	5725.622272354864	0
0	447	5906.096352796826	1
0	449	5909.096352796826	0
0	450	5941.097432286074	1
0	451	5944.097432286074	0
0	452	5999.026745365654	1
0	454	6002.026745365654	0
0	463	6102.085206271624	1
0	464	6105.085206271624	0
0	467	6139.633723162332	1
0	468	6142.633723162332	0
0	483	6364.425786854477	1
0	484	6367.425786854477	0
0	504	6836.731508245579	1
0	505	6839.731508245579	0
0	507	6915.737200214423	1
0	508	6918.737200214423	0
0	526	7236.913520295562	1
0	527	7239.913520295562	0
0	548	7599.130833654261	1
0	549	7602.130833654261	0
0	550	7612.854396546831	1
0	551	7615.854396546831	0
0	555	7660.880958188836	1
0	556	7663.880958188836	0
0	557	7673.705640275443	1
0	558	7676.705640275443	0
0	559	7690.675083134796	1
0	560	7693.675083134796	0
0	561	7694.326054693733	1
0	562	7697.326054693733	0
0	603	8017.523928684813	1
0	604	8020.523928684813	0
0	609	8041.526360019093	1
0	610	8044.526360019093	0
0	612	8075.592857614039	1
0	613	8078.592857614039	0
0	621	8140.577413221142	1
0	622	8143.577413221142	0
0	624	8156.000072949484	1
0	625	8159.000072949484	0
0	653	8414.289657318662	1
0	655	8417.289657318662	0
0	656	8463.621628140432	1
0	658	8466.621628140432	0
0	669	8656.281906961252	1
0	670	8659.281906961252	0
0	701	9408.291973136332	1
0	702	9411.291973136332	0
0	708	9489.648829896898	1
0	709	9492.648829896898	0
0	720	9571.088435221269	1
0	721	9574.088435221269	0
0	723	9620.155122569931	1
0	725	9623.155122569931	0
0	728	9642.287715610643	1
0	729	9645.287715610643	0
0	730	9666.981256169877	1
0	731	9669.981256169877	0
0	758	9908.75428721186	1
0	759	9911.75428721186	0
0	766	9954.946934618834	1
0	768	9957.946934618834	0
0	772	9990.707776556224	1
0	773	9993.707776556224	0
0	774	10002.344016033442	1
0	775	10005.344016033442	0
0	784	10055.505427810902	1
0	786	10058.505427810902	0
0	800	10146.832162990276	1
0	801	10149.832162990276	0
0	818	10283.349972570626	1
0	819	10286.349972570626	0
0	821	10315.998976912772	1
0	822	10318.998976912772	0
0	825	10345.240088202436	1
0	826	10348.240088202436	0
0	834	10422.304744398589	1
0	835	10425.304744398589	0
0	852	10737.630815532165	1
0	853	10740.630815532165	0
0	860	10810.80880215578	1
0	861	10813.80880215578	0
0	872	10958.5269897534	1
0	873	10961.5269897534	0
0	886	11342.826288402194	1
0	887	11345.826288402194	0
0	897	11552.904610398065	1
0	898	11555.904610398065	0
0	902	11621.131425613097	1
0	903	11624.131425613097	0
0	908	11676.305657369978	1
0	910	11679.305657369978	0
0	921	11806.123820367417	1
0	922	11809.123820367417	0
0	925	11881.827145257191	1
0	927	11884.827145257191	0
0	935	12086.173103730563	1
0	936	12089.173103730563	0
0	948	12392.276088029555	1
0	951	12395.276088029555	0
0	966	12624.378911476833	1
0	968	12627.378911476833	0
0	973	12720.50280528976	1
0	974	12723.50280528976	0
0	989	12866.799486435211	1
0	990	12869.799486435211	0
0	999	13058.403705845036	1
0	1000	13061.403705845036	0
0	1001	13090.206290958093	1
0	1002	13093.206290958093	0
0	1006	13346.358077374928	1
0	1007	13349.358077374928	0
0	1020	13573.739362163333	1
0	1022	13576.739362163333	0
0	1037	13765.839765395561	1
0	1039	13768.839765395561	0
0	1052	13968.964400515988	1
0	1054	13971.964400515988	0
0	1057	14054.630515831582	1
0	1058	14057.630515831582	0
0	1067	14171.394238808723	1
0	1069	14174.394238808723	0
0	1092	14519.255224775106	1
0	1093	14522.255224775106	0
0	1105	14737.32268898539	1
0	1106	14740.32268898539	0
0	1118	15514.685473130435	1
0	1119	15517.685473130435	0
0	1140	15818.747487561067	1
0	1141	15821.747487561067	0
0	1162	16294.084193405444	1
0	1163	16297.084193405444	0
0	1194	17032.49423663138	1
0	1195	17035.49423663138	0
0	1212	17242.301645711224	1
0	1213	17245.301645711224	0
0	1217	17303.741048998826	1
0	1218	17306.741048998826	0
0	1224	17392.519360543305	1
0	1225	17395.519360543305	0
0	1227	17438.582723201791	1
0	1228	17441.582723201791	0
0	1248	17817.509781607844	1
0	1249	17820.509781607844	0
0	1251	17850.113403077076	1
0	1252	17853.113403077076	0
0	1272	18122.187255652321	1
0	1273	18125.187255652321	0
0	1285	18252.248792933703	1
0	1286	18255.248792933703	0
0	1287	18292.563706807294	1
0	1288	18295.563706807294	0
0	1306	18555.141907956511	1
0	1307	18558.141907956511	0
0	1313	18653.864958784083	1
0	1314	18656.864958784083	0
0	1331	18881.745905203586	1
0	1332	18884.745905203586	0
0	1334	18943.213222787427	1
0	1335	18946.213222787427	0
0	1336	18972.950079300229	1
0	1337	18975.950079300229	0
0	1350	19220.080226894613	1
0	1351	19223.080226894613	0
0	1354	19245.98399915539	1
0	1355	19248.98399915539	0
0	1369	19508.298888500383	1
0	1370	19511.298888500383	0
1	134	1028.221976276969	3
1	154	1228.082152709836	3
1	160	1275.645996235427	3
1	162	1306.881124197294	3
1	175	1462.607249780257	3
1	179	1529.871182048036	3
1	185	1721.070568525855	3
1	190	1900.88768245638	3
1	205	2239.835258146737	3
1	235	2774.107503922133	3
1	237	2781.060011227371	3
1	242	2823.175731374481	3
1	251	2891.856652219	3
1	265	3000.795778801229	3
1	281	3129.578967935671	3
1	307	3451.767839347531	3
1	312	3525.288667556251	3
1	345	4313.975978830939	3
1	367	4862.461992981341	3
1	377	4958.744869442625	3
1	384	5025.030050664837	3
1	386	5035.541932674435	3
1	388	5054.949903255092	3
1	394	5076.825391481359	3
1	410	5204.188017742583	3
1	412	5223.464344512886	3
1	414	5230.836780286152	3
1	426	5402.798172378561	3
1	436	5725.622272354864	3
1	449	5909.096352796826	3
1	451	5944.097432286074	3
1	454	6002.026745365654	3
1	464	6105.085206271624	3
1	468	6142.633723162332	3
1	484	6367.425786854477	3
1	505	6839.731508245579	3
1	508	6918.737200214423	3
1	527	7239.913520295562	3
1	549	7602.130833654261	3
1	551	7615.854396546831	3
1	556	7663.880958188836	3
1	558	7676.705640275443	3
1	560	7693.675083134796	3
1	562	7697.326054693733	3
1	604	8020.523928684813	3
1	610	8044.526360019093	3
1	613	8078.592857614039	3
1	622	8143.577413221142	3
1	625	8159.000072949484	3
1	655	8417.289657318662	3
1	658	8466.621628140432	3
1	670	8659.281906961252	3
1	702	9411.291973136332	3
1	709	9492.648829896898	3
1	721	9574.088435221269	3
1	725	9623.155122569931	3
1	729	9645.287715610643	3
1	731	9669.981256169877	3
1	759	9911.75428721186	3
1	768	9957.946934618834	3
1	773	9993.707776556224	3
1	775	10005.344016033442	3
1	786	10058.505427810902	3
1	801	10149.832162990276	3
1	819	10286.349972570626	3
1	822	10318.998976912772	3
1	826	10348.240088202436	3
1	835	10425.304744398589	3
1	853	10740.630815532165	3
1	861	10813.80880215578	3
1	873	10961.5269897534	3
1	887	11345.826288402194	3
1	898	11555.904610398065	3
1	903	11624.131425613097	3
1	910	11679.305657369978	3
1	922	11809.123820367417	3
1	927	11884.827145257191	3
1	936	12089.173103730563	3
1	951	12395.276088029555	3
1	968	12627.378911476833	3
1	974	12723.50280528976	3
1	990	12869.799486435211	3
1	1000	13061.403705845036	3
1	1002	13093.206290958093	3
1	1007	13349.358077374928	3
1	1022	13576.739362163333	3
1	1039	13768.839765395561	3
1	1054	13971.964400515988	3
1	1058	14057.630515831582	3
1	1069	14174.394238808723	3
1	1093	14522.255224775106	3
1	1106	14740.32268898539	3
1	1119	15517.685473130435	3
1	1141	15821.747487561067	3
1	1163	16297.084193405444	3
1	1195	17035.49423663138	3
1	1213	17245.301645711224	3
1	1218	17306.741048998826	3
1	1225	17395.519360543305	3
1	1228	17441.582723201791	3
1	1249	17820.509781607844	3
1	1252	17853.113403077076	3
1	1273	18125.187255652321	3
1	1286	18255.248792933703	3
1	1288	18295.563706807294	3
1	1307	18558.141907956511	3
1	1314	18656.864958784083	3
1	1332	18884.745905203586	3
1	1335	18946.213222787427	3
1	1337	18975.950079300229	3
1	1351	19223.080226894613	3
1	1355	19248.98399915539	3
1	1370	19511.298888500383	3
2	134	1028.221976276969	9577
2	154	1228.082152709836	9576
2	160	1275.645996235427	9578
2	162	1306.881124197294	9580
2	175	1462.607249780257	9579
2	179	1529.871182048036	9581
2	185	1721.070568525855	9582
2	190	1900.88768245638	9583
2	205	2239.835258146737	9586
2	235	2774.107503922133	9589
2	237	2781.060011227371	9592
2	242	2823.175731374481	9590
2	251	2891.856652219	9595
2	265	3000.795778801229	9596
2	281	3129.578967935671	9599
2	307	3451.767839347531	9602
2	312	3525.288667556251	9601
2	345	4313.975978830939	9608
2	367	4862.461992981341	9613
2	377	4958.744869442625	9616
2	384	5025.030050664837	9614
2	386	5035.541932674435	9615
2	388	5054.949903255092	9612
2	394	5076.825391481359	9619
2	410	5204.188017742583	9620
2	412	5223.464344512886	9617
2	414	5230.836780286152	9621
2	426	5402.798172378561	9622
2	436	5725.622272354864	9623
2	449	5909.096352796826	9626
2	451	5944.097432286074	9627
2	454	6002.026745365654	9624
2	464	6105.085206271624	9628
2	468	6142.633723162332	9629
2	484	6367.425786854477	9631
2	505	6839.731508245579	9635
2	508	6918.737200214423	9634
2	527	7239.913520295562	9637
2	549	7602.130833654261	9641
2	551	7615.854396546831	9642
2	556	7663.880958188836	9643
2	558	7676.705640275443	9644
2	560	7693.675083134796	9645
2	562	7697.326054693733	9640
2	604	8020.523928684813	9650
2	610	8044.526360019093	9649
2	613	8078.592857614039	9648
2	622	8143.577413221142	9652
2	625	8159.000072949484	9654
2	655	8417.289657318662	9657
2	658	8466.621628140432	9659
2	670	8659.281906961252	9660
2	702	9411.291973136332	9665
2	709	9492.648829896898	9664
2	721	9574.088435221269	9670
2	725	9623.155122569931	9666
2	729	9645.287715610643	9669
2	731	9669.981256169877	9671
2	759	9911.75428721186	9673
2	768	9957.946934618834	9678
2	773	9993.707776556224	9679
2	775	10005.344016033442	9675
2	786	10058.505427810902	9677
2	801	10149.832162990276	9682
2	819	10286.349972570626	9683
2	822	10318.998976912772	9684
2	826	10348.240088202436	9685
2	835	10425.304744398589	9686
2	853	10740.630815532165	9690
2	861	10813.80880215578	9694
2	873	10961.5269897534	9695
2	887	11345.826288402194	9696
2	898	11555.904610398065	9699
2	903	11624.131425613097	9698
2	910	11679.305657369978	9701
2	922	11809.123820367417	9702
2	927	11884.827145257191	9703
2	936	12089.173103730563	9705
2	951	12395.276088029555	9708
2	968	12627.378911476833	9710
2	974	12723.50280528976	9713
2	990	12869.799486435211	9712
2	1000	13061.403705845036	9714
2	1002	13093.206290958093	9715
2	1007	13349.358077374928	9716
2	1022	13576.739362163333	9717
2	1039	13768.839765395561	9718
2	1054	13971.964400515988	9723
2	1058	14057.630515831582	9725
2	1069	14174.394238808723	9726
2	1093	14522.255224775106	9729
2	1106	14740.32268898539	9732
2	1119	15517.685473130435	9733
2	1141	15821.747487561067	9735
2	1163	16297.084193405444	9743
2	1195	17035.49423663138	9748
2	1213	17245.301645711224	9751
2	1218	17306.741048998826	9750
2	1225	17395.519360543305	9752
2	1228	17441.582723201791	9753
2	1249	17820.509781607844	9756
2	1252	17853.113403077076	9755
2	1273	18125.187255652321	9760
2	1286	18255.248792933703	9762
2	1288	18295.563706807294	9763
2	1307	18558.141907956511	9764
2	1314	18656.864958784083	9767
2	1332	18884.745905203586	9770
2	1335	18946.213222787427	9768
2	1337	18975.950079300229	9769
2	1351	19223.080226894613	9772
2	1355	19248.98399915539	9771
2	1370	19511.298888500383	9774
3	126	1016.434913291703	1
3	128	1019.434913291703	0
3	139	1122.082152709836	1
3	142	1125.082152709836	0
3	147	1169.645996235427	1
3	148	1172.645996235427	0
3	167	1356.607249780257	1
3	168	1359.607249780257	0
3	170	1406.881124197294	1
3	171	1409.881124197294	0
3	172	1423.871182048036	1
3	173	1426.871182048036	0
3	181	1615.070568525855	1
3	182	1618.070568525855	0
3	194	2000.88768245638	1
3	195	2003.88768245638	0
3	196	2009.757196591253	1
3	197	2012.757196591253	0
3	198	2091.979051196586	1
3	199	2094.979051196586	0
3	226	2717.175731374481	1
3	227	2720.175731374481	0
3	266	3014.179668333597	1
3	267	3017.179668333597	0
3	271	3048.032102887997	1
3	272	3051.032102887997	0
3	289	3229.578967935671	1
3	290	3232.578967935671	0
3	303	3419.288667556251	1
3	304	3422.288667556251	0
3	337	4207.975978830939	1
3	338	4210.975978830939	0
3	351	4462.692216547992	1
3	352	4465.692216547992	0
3	369	4919.030050664837	1
3	370	4922.030050664837	0
3	371	4929.541932674435	1
3	372	4932.541932674435	0
3	373	4948.949903255092	1
3	374	4951.949903255092	0
3	390	5058.744869442625	1
3	392	5061.744869442625	0
3	397	5117.464344512886	1
3	398	5120.464344512886	0
3	403	5159.769204156336	1
3	405	5162.769204156336	0
3	418	5296.798172378561	1
3	419	5299.798172378561	0
3	432	5619.622272354864	1
3	433	5622.622272354864	0
3	443	5896.026745365654	1
3	444	5899.026745365654	0
3	453	5999.085206271624	1
3	455	6002.085206271624	0
3	457	6009.096352796826	1
3	459	6012.096352796826	0
3	477	6261.425786854477	1
3	478	6264.425786854477	0
3	497	6807.361126587837	1
3	498	6810.361126587837	0
3	509	6925.373240946529	1
3	510	6928.373240946529	0
3	540	7528.785558662502	1
3	541	7531.785558662502	0
3	546	7591.326054693733	1
3	547	7594.326054693733	0
3	563	7702.130833654261	1
3	564	7705.130833654261	0
3	566	7716.987823496944	1
3	568	7719.987823496944	0
3	571	7763.880958188836	1
3	572	7766.880958188836	0
3	599	7972.592857614039	1
3	600	7975.592857614039	0
3	607	8037.577413221142	1
3	608	8040.577413221142	0
3	630	8207.346269769232	1
3	631	8210.346269769232	0
3	640	8289.562041293853	1
3	641	8292.562041293853	0
3	643	8311.289657318662	1
3	645	8314.289657318662	0
3	691	9280.094291433645	1
3	692	9283.094291433645	0
3	695	9305.291973136332	1
3	696	9308.291973136332	0
3	699	9386.648829896898	1
3	700	9389.648829896898	0
3	711	9517.155122569931	1
3	714	9520.155122569931	0
3	765	9952.505427810902	1
3	767	9955.505427810902	0
3	777	10029.225232858347	1
3	778	10032.225232858347	0
3	785	10057.946934618834	1
3	787	10060.946934618834	0
3	791	10093.707776556224	1
3	792	10096.707776556224	0
3	809	10212.998976912772	1
3	810	10215.998976912772	0
3	815	10249.832162990276	1
3	816	10252.832162990276	0
3	828	10366.297245243242	1
3	829	10369.297245243242	0
3	854	10789.81080386355	1
3	855	10792.81080386355	0
3	866	10897.553852648415	1
3	867	10900.553852648415	0
3	888	11351.761677377617	1
3	889	11354.761677377617	0
3	895	11518.131425613097	1
3	896	11521.131425613097	0
3	911	11703.123820367417	1
3	912	11706.123820367417	0
3	915	11759.96166422927	1
3	916	11762.96166422927	0
3	917	11778.827145257191	1
3	919	11781.827145257191	0
3	929	11909.517909064827	1
3	930	11912.517909064827	0
3	953	12477.262446165658	1
3	954	12480.262446165658	0
3	956	12495.276088029555	1
3	958	12498.276088029555	0
3	975	12727.378911476833	1
3	976	12729.966676113759	2
3	977	12730.378911476833	1
3	978	12736.378911476833	0
3	980	12763.799486435211	1
3	981	12766.799486435211	0
3	983	12823.50280528976	1
3	984	12826.50280528976	0
3	994	12955.403705845036	1
3	995	12958.403705845036	0
3	997	12987.206290958093	1
3	998	12990.206290958093	0
3	1012	13470.739362163333	1
3	1013	13473.739362163333	0
3	1026	13658.377647088087	1
3	1027	13661.377647088087	0
3	1028	13662.839765395561	1
3	1029	13665.839765395561	0
3	1044	13865.964400515988	1
3	1047	13868.964400515988	0
3	1059	14070.452316810174	1
3	1062	14073.452316810174	0
3	1065	14157.630515831582	1
3	1066	14160.630515831582	0
3	1075	14276.768086401697	1
3	1077	14279.768086401697	0
3	1086	14416.255224775106	1
3	1087	14419.255224775106	0
3	1088	14447.552450130649	1
3	1089	14450.552450130649	0
3	1100	14634.32268898539	1
3	1101	14637.32268898539	0
3	1107	14813.206760396104	1
3	1108	14816.206760396104	0
3	1114	15411.685473130435	1
3	1115	15414.685473130435	0
3	1127	15643.868667187499	1
3	1129	15646.868667187499	0
3	1133	15715.747487561067	1
3	1134	15718.747487561067	0
3	1143	15892.041697209204	1
3	1144	15895.041697209204	0
3	1154	16233.53402578372	1
3	1155	16236.53402578372	0
3	1170	16397.084193405444	1
3	1171	16400.084193405444	0
3	1178	16691.671932195821	1
3	1179	16694.671932195821	0
3	1205	17170.118385688331	1
3	1206	17173.118385688331	0
3	1220	17345.301645711224	1
3	1221	17348.301645711224	0
3	1230	17474.567872166551	1
3	1231	17477.567872166551	0
3	1244	17747.113403077076	1
3	1245	17750.113403077076	0
3	1277	18149.248792933703	1
3	1278	18152.248792933703	0
3	1281	18225.187255652321	1
3	1282	18228.187255652321	0
3	1290	18342.289604345036	1
3	1291	18345.289604345036	0
3	1320	18756.864958784083	1
3	1321	18759.864958784083	0
3	1324	18817.360425516098	1
3	1325	18820.360425516098	0
3	1326	18840.213222787427	1
3	1327	18843.213222787427	0
3	1329	18869.950079300229	1
3	1330	18872.950079300229	0
3	1347	19142.98399915539	1
3	1348	19145.98399915539	0
3	1363	19405.298888500383	1
3	1364	19408.298888500383	0
3	1366	19439.414935206102	1
3	1367	19442.414935206102	0
4	128	1019.434913291703	3
4	142	1125.082152709836	3
4	148	1172.645996235427	3
4	168	1359.607249780257	3
4	171	1409.881124197294	3
4	173	1426.871182048036	3
4	182	1618.070568525855	3
4	195	2003.88768245638	3
4	197	2012.757196591253	3
4	199	2094.979051196586	3
4	227	2720.175731374481	3
4	267	3017.179668333597	3
4	272	3051.032102887997	3
4	290	3232.578967935671	3
4	304	3422.288667556251	3
4	338	4210.975978830939	3
4	352	4465.692216547992	3
4	370	4922.030050664837	3
4	372	4932.541932674435	3
4	374	4951.949903255092	3
4	392	5061.744869442625	3
4	398	5120.464344512886	3
4	405	5162.769204156336	3
4	419	5299.798172378561	3
4	433	5622.622272354864	3
4	444	5899.026745365654	3
4	455	6002.085206271624	3
4	459	6012.096352796826	3
4	478	6264.425786854477	3
4	498	6810.361126587837	3
4	510	6928.373240946529	3
4	541	7531.785558662502	3
4	547	7594.326054693733	3
4	564	7705.130833654261	3
4	568	7719.987823496944	3
4	572	7766.880958188836	3
4	600	7975.592857614039	3
4	608	8040.577413221142	3
4	631	8210.346269769232	3
4	641	8292.562041293853	3
4	645	8314.289657318662	3
4	692	9283.094291433645	3
4	696	9308.291973136332	3
4	700	9389.648829896898	3
4	714	9520.155122569931	3
4	767	9955.505427810902	3
4	778	10032.225232858347	3
4	787	10060.946934618834	3
4	792	10096.707776556224	3
4	810	10215.998976912772	3
4	816	10252.832162990276	3
4	829	10369.297245243242	3
4	855	10792.81080386355	3
4	867	10900.553852648415	3
4	889	11354.761677377617	3
4	896	11521.131425613097	3
4	912	11706.123820367417	3
4	916	11762.96166422927	3
4	919	11781.827145257191	3
4	930	11912.517909064827	3
4	954	12480.262446165658	3
4	958	12498.276088029555	3
4	977	12730.378911476833	3
4	978	12736.378911476833	6.412235363074
4	981	12766.799486435211	3
4	984	12826.50280528976	3
4	995	12958.403705845036	3
4	998	12990.206290958093	3
4	1013	13473.739362163333	3
4	1027	13661.377647088087	3
4	1029	13665.839765395561	3
4	1047	13868.964400515988	3
4	1062	14073.452316810174	3
4	1066	14160.630515831582	3
4	1077	14279.768086401697	3
4	1087	14419.255224775106	3
4	1089	14450.552450130649	3
4	1101	14637.32268898539	3
4	1108	14816.206760396104	3
4	1115	15414.685473130435	3
4	1129	15646.868667187499	3
4	1134	15718.747487561067	3
4	1144	15895.041697209204	3
4	1155	16236.53402578372	3
4	1171	16400.084193405444	3
4	1179	16694.671932195821	3
4	1206	17173.118385688331	3
4	1221	17348.301645711224	3
4	1231	17477.567872166551	3
4	1245	17750.113403077076	3
4	1278	18152.248792933703	3
4	1282	18228.187255652321	3
4	1291	18345.289604345036	3
4	1321	18759.864958784083	3
4	1325	18820.360425516098	3
4	1327	18843.213222787427	3
4	1330	18872.950079300229	3
4	1348	19145.98399915539	3
4	1364	19408.298888500383	3
4	1367	19442.414935206102	3
5	128	1019.434913291703	9575
5	142	1125.082152709836	9576
5	148	1172.645996235427	9578
5	168	1359.607249780257	9579
5	171	1409.881124197294	9580
5	173	1426.871182048036	9581
5	182	1618.070568525855	9582
5	195	2003.88768245638	9583
5	197	2012.757196591253	9584
5	199	2094.979051196586	9585
5	227	2720.175731374481	9590
5	267	3017.179668333597	9597
5	272	3051.032102887997	9598
5	290	3232.578967935671	9599
5	304	3422.288667556251	9601
5	338	4210.975978830939	9608
5	352	4465.692216547992	9609
5	370	4922.030050664837	9614
5	372	4932.541932674435	9615
5	374	4951.949903255092	9612
5	392	5061.744869442625	9616
5	398	5120.464344512886	9617
5	405	5162.769204156336	9618
5	419	5299.798172378561	9622
5	433	5622.622272354864	9623
5	444	5899.026745365654	9624
5	455	6002.085206271624	9628
5	459	6012.096352796826	9626
5	478	6264.425786854477	9631
5	498	6810.361126587837	9632
5	510	6928.373240946529	9633
5	541	7531.785558662502	9639
5	547	7594.326054693733	9640
5	564	7705.130833654261	9641
5	568	7719.987823496944	9646
5	572	7766.880958188836	9643
5	600	7975.592857614039	9648
5	608	8040.577413221142	9652
5	631	8210.346269769232	9653
5	641	8292.562041293853	9655
5	645	8314.289657318662	9657
5	692	9283.094291433645	9662
5	696	9308.291973136332	9665
5	700	9389.648829896898	9664
5	714	9520.155122569931	9666
5	767	9955.505427810902	9677
5	778	10032.225232858347	9674
5	787	10060.946934618834	9678
5	792	10096.707776556224	9679
5	810	10215.998976912772	9684
5	816	10252.832162990276	9682
5	829	10369.297245243242	9687
5	855	10792.81080386355	9691
5	867	10900.553852648415	9692
5	889	11354.761677377617	9697
5	896	11521.131425613097	9698
5	912	11706.123820367417	9702
5	916	11762.96166422927	9700
5	919	11781.827145257191	9703
5	930	11912.517909064827	9704
5	954	12480.262446165658	9709
5	958	12498.276088029555	9708
5	977	12730.378911476833	9710
5	978	12736.378911476833	9711
5	981	12766.799486435211	9712
5	984	12826.50280528976	9713
5	995	12958.403705845036	9714
5	998	12990.206290958093	9715
5	1013	13473.739362163333	9717
5	1027	13661.377647088087	9720
5	1029	13665.839765395561	9718
5	1047	13868.964400515988	9723
5	1062	14073.452316810174	9722
5	1066	14160.630515831582	9725
5	1077	14279.768086401697	9728
5	1087	14419.255224775106	9729
5	1089	14450.552450130649	9730
5	1101	14637.32268898539	9732
5	1108	14816.206760396104	9731
5	1115	15414.685473130435	9733
5	1129	15646.868667187499	9736
5	1134	15718.747487561067	9735
5	1144	15895.041697209204	9738
5	1155	16236.53402578372	9740
5	1171	16400.084193405444	9743
5	1179	16694.671932195821	9744
5	1206	17173.118385688331	9749
5	1221	17348.301645711224	9751
5	1231	17477.567872166551	9754
5	1245	17750.113403077076	9755
5	1278	18152.248792933703	9762
5	1282	18228.187255652321	9760
5	1291	18345.289604345036	9761
5	1321	18759.864958784083	9767
5	1325	18820.360425516098	9766
5	1327	18843.213222787427	9768
5	1330	18872.950079300229	9769
5	1348	19145.98399915539	9771
5	1364	19408.298888500383	9774
5	1367	19442.414935206102	9773
6	127	1019.082152709836	1
6	130	1022.082152709836	0
6	135	1066.645996235427	1
6	136	1069.645996235427	0
6	138	1119.434913291703	1
6	140	1122.434913291703	0
6	141	1125.039586982253	1
6	143	1128.039586982253	0
6	155	1231.221976276969	1
6	156	1234.221976276969	0
6	157	1253.607249780257	1
6	158	1256.607249780257	0
6	163	1320.871182048036	1
6	164	1323.871182048036	0
6	209	2442.835258146737	1
6	210	2445.835258146737	0
6	218	2621.562056434242	1
6	219	2624.562056434242	0
6	228	2720.845432360879	1
6	229	2723.845432360879	0
6	231	2734.404040164206	1
6	232	2737.404040164206	0
6	245	2841.554391592149	1
6	246	2844.554391592149	0
6	260	2984.060011227371	1
6	261	2987.060011227371	0
6	274	3094.856652219	1
6	275	3097.856652219	0
6	282	3151.032102887997	1
6	283	3154.032102887997	0
6	294	3316.288667556251	1
6	295	3319.288667556251	0
6	296	3327.039487491447	1
6	297	3330.039487491447	0
6	319	3676.577020949793	1
6	320	3679.577020949793	0
6	327	3998.960715151447	1
6	328	4001.960715151447	0
6	333	4116.923657870595	1
6	334	4119.923657870595	0
6	346	4359.692216547992	1
6	347	4362.692216547992	0
6	348	4391.381562057806	1
6	349	4394.381562057806	0
6	356	4691.501585310106	1
6	357	4694.501585310106	0
6	363	4845.949903255092	1
6	364	4848.949903255092	0
6	381	5014.464344512886	1
6	382	5017.464344512886	0
6	389	5056.769204156336	1
6	391	5059.769204156336	0
6	416	5279.825391481359	1
6	417	5282.825391481359	0
6	427	5433.836780286152	1
6	428	5436.836780286152	0
6	437	5793.026745365654	1
6	438	5796.026745365654	0
6	456	6008.6275470388	1
6	458	6011.6275470388	0
6	481	6357.004447104263	1
6	482	6360.004447104263	0
6	491	6704.361126587837	1
6	492	6707.361126587837	0
6	501	6822.373240946529	1
6	502	6825.373240946529	0
6	511	6931.453056175048	1
6	512	6934.453056175048	0
6	520	7042.731508245579	1
6	521	7045.731508245579	0
6	531	7343.427254558485	1
6	532	7346.427254558485	0
6	533	7425.785558662502	1
6	534	7428.785558662502	0
6	579	7818.854396546831	1
6	580	7819.987823496944	2
6	581	7821.854396546831	1
6	582	7827.854396546831	0
6	583	7831.346802167923	1
6	584	7834.346802167923	0
6	587	7869.592857614039	1
6	588	7872.592857614039	0
6	589	7896.675083134796	1
6	590	7899.675083134796	0
6	605	8024.241988233363	1
6	606	8027.241988233363	0
6	615	8104.346269769232	1
6	616	8107.346269769232	0
6	628	8186.562041293853	1
6	629	8189.562041293853	0
6	638	8280.154626277646	1
6	639	8283.154626277646	0
6	646	8362.000072949484	1
6	648	8365.000072949484	0
6	660	8514.776140662119	1
6	662	8517.776140662119	0
6	671	8669.621628140432	1
6	672	8672.621628140432	0
6	676	8862.281906961252	1
6	677	8865.281906961252	0
6	685	9177.094291433645	1
6	686	9180.094291433645	0
6	689	9255.219610308488	1
6	690	9258.219610308488	0
6	693	9283.648829896898	1
6	694	9286.648829896898	0
6	712	9519.531098113384	1
6	713	9519.843405272225	2
6	715	9522.531098113384	1
6	716	9525.531098113384	0
6	741	9780.68910165356	1
6	742	9783.68910165356	0
6	751	9872.981256169877	1
6	752	9875.981256169877	0
6	760	9926.225232858347	1
6	761	9929.225232858347	0
6	762	9931.389501358144	1
6	763	9934.389501358144	0
6	788	10079.516471423297	1
6	790	10082.516471423297	0
6	798	10143.389501358144	1
6	799	10146.389501358144	0
6	844	10597.333538622786	1
6	845	10600.333538622786	0
6	856	10794.553852648415	1
6	857	10797.553852648415	0
6	864	10892.81080386355	1
6	865	10895.81080386355	0
6	868	10907.560267761722	1
6	869	10910.560267761722	0
6	883	11248.761677377617	1
6	884	11251.761677377617	0
6	890	11415.131425613097	1
6	891	11418.131425613097	0
6	905	11656.96166422927	1
6	907	11659.96166422927	0
6	933	12012.517909064827	1
6	934	12015.517909064827	0
6	947	12390.288155960813	1
6	949	12393.288155960813	0
6	950	12393.865917126316	1
6	952	12396.865917126316	0
6	962	12580.262446165658	1
6	963	12583.262446165658	0
6	967	12626.966676113759	1
6	969	12629.966676113759	0
6	970	12660.799486435211	1
6	971	12663.799486435211	0
6	987	12852.403705845036	1
6	988	12855.403705845036	0
6	991	12884.206290958093	1
6	992	12887.206290958093	0
6	1015	13552.358077374928	1
6	1016	13555.358077374928	0
6	1018	13559.839765395561	1
6	1019	13562.839765395561	0
6	1034	13761.377647088087	1
6	1035	13764.377647088087	0
6	1040	13826.483767304682	1
6	1041	13829.483767304682	0
6	1051	13967.452316810174	1
6	1053	13970.452316810174	0
6	1055	14027.648679983601	1
6	1056	14030.648679983601	0
6	1071	14208.984418073792	1
6	1072	14211.984418073792	0
6	1083	14379.768086401697	1
6	1084	14382.768086401697	0
6	1095	14550.552450130649	1
6	1096	14553.552450130649	0
6	1103	14710.206760396104	1
6	1104	14713.206760396104	0
6	1122	15593.049040651679	1
6	1123	15596.049040651679	0
6	1124	15612.747487561067	1
6	1125	15615.747487561067	0
6	1128	15645.784073327783	1
6	1130	15648.784073327783	0
6	1135	15746.868667187499	1
6	1137	15749.868667187499	0
6	1138	15789.041697209204	1
6	1139	15792.041697209204	0
6	1150	16167.266113939492	1
6	1151	16170.266113939492	0
6	1156	16254.707180708022	1
6	1157	16257.707180708022	0
6	1164	16336.53402578372	1
6	1165	16339.53402578372	0
6	1176	16588.671932195821	1
6	1177	16591.671932195821	0
6	1186	16919.081983891104	1
6	1187	16922.081983891104	0
6	1197	17082.227185813842	1
6	1198	17085.227185813842	0
6	1200	17105.227237149385	1
6	1201	17108.227237149385	0
6	1214	17273.118385688331	1
6	1215	17276.118385688331	0
6	1236	17577.567872166551	1
6	1237	17580.567872166551	0
6	1238	17644.113403077076	1
6	1239	17644.582723201791	2
6	1240	17647.113403077076	1
6	1241	17653.113403077076	0
6	1253	17856.648461143603	1
6	1254	17859.648461143603	0
6	1257	17932.411427424501	1
6	1258	17935.411427424501	0
6	1283	18239.289604345036	1
6	1284	18242.289604345036	0
6	1301	18498.563706807294	1
6	1303	18501.563706807294	0
6	1308	18599.3883569161	1
6	1310	18602.3883569161	0
6	1317	18714.360425516098	1
6	1318	18717.360425516098	0
6	1343	19087.745905203586	1
6	1344	19090.745905203586	0
6	1359	19336.414935206102	1
6	1360	19339.414935206102	0
6	1374	19881.150170070172	1
6	1375	19884.150170070172	0
7	130	1022.082152709836	3
7	136	1069.645996235427	3
7	140	1122.434913291703	3
7	143	1128.039586982253	3
7	156	1234.221976276969	3
7	158	1256.607249780257	3
7	164	1323.871182048036	3
7	210	2445.835258146737	3
7	219	2624.562056434242	3
7	229	2723.845432360879	3
7	232	2737.404040164206	3
7	246	2844.554391592149	3
7	261	2987.060011227371	3
7	275	3097.856652219	3
7	283	3154.032102887997	3
7	295	3319.288667556251	3
7	297	3330.039487491447	3
7	320	3679.577020949793	3
7	328	4001.960715151447	3
7	334	4119.923657870595	3
7	347	4362.692216547992	3
7	349	4394.381562057806	3
7	357	4694.501585310106	3
7	364	4848.949903255092	3
7	382	5017.464344512886	3
7	391	5059.769204156336	3
7	417	5282.825391481359	3
7	428	5436.836780286152	3
7	438	5796.026745365654	3
7	458	6011.6275470388	3
7	482	6360.004447104263	3
7	492	6707.361126587837	3
7	502	6825.373240946529	3
7	512	6934.453056175048	3
7	521	7045.731508245579	3
7	532	7346.427254558485	3
7	534	7428.785558662502	3
7	581	7821.854396546831	3
7	582	7827.854396546831	7.866573049887
7	584	7834.346802167923	3
7	588	7872.592857614039	3
7	590	7899.675083134796	3
7	606	8027.241988233363	3
7	616	8107.346269769232	3
7	629	8189.562041293853	3
7	639	8283.154626277646	3
7	648	8365.000072949484	3
7	662	8517.776140662119	3
7	672	8672.621628140432	3
7	677	8865.281906961252	3
7	686	9180.094291433645	3
7	690	9258.219610308488	3
7	694	9286.648829896898	3
7	715	9522.531098113384	3
7	716	9525.531098113384	5.687692841159
7	742	9783.68910165356	3
7	752	9875.981256169877	3
7	761	9929.225232858347	3
7	763	9934.389501358144	3
7	790	10082.516471423297	3
7	799	10146.389501358144	3
7	845	10600.333538622786	3
7	857	10797.553852648415	3
7	865	10895.81080386355	3
7	869	10910.560267761722	3
7	884	11251.761677377617	3
7	891	11418.131425613097	3
7	907	11659.96166422927	3
7	934	12015.517909064827	3
7	949	12393.288155960813	3
7	952	12396.865917126316	3
7	963	12583.262446165658	3
7	969	12629.966676113759	3
7	971	12663.799486435211	3
7	988	12855.403705845036	3
7	992	12887.206290958093	3
7	1016	13555.358077374928	3
7	1019	13562.839765395561	3
7	1035	13764.377647088087	3
7	1041	13829.483767304682	3
7	1053	13970.452316810174	3
7	1056	14030.648679983601	3
7	1072	14211.984418073792	3
7	1084	14382.768086401697	3
7	1096	14553.552450130649	3
7	1104	14713.206760396104	3
7	1123	15596.049040651679	3
7	1125	15615.747487561067	3
7	1130	15648.784073327783	3
7	1137	15749.868667187499	3
7	1139	15792.041697209204	3
7	1151	16170.266113939492	3
7	1157	16257.707180708022	3
7	1165	16339.53402578372	3
7	1177	16591.671932195821	3
7	1187	16922.081983891104	3
7	1198	17085.227185813842	3
7	1201	17108.227237149385	3
7	1215	17276.118385688331	3
7	1237	17580.567872166551	3
7	1240	17647.113403077076	3
7	1241	17653.113403077076	8.530679875285
7	1254	17859.648461143603	3
7	1258	17935.411427424501	3
7	1284	18242.289604345036	3
7	1303	18501.563706807294	3
7	1310	18602.3883569161	3
7	1318	18717.360425516098	3
7	1344	19090.745905203586	3
7	1360	19339.414935206102	3
7	1375	19884.150170070172	3
8	130	1022.082152709836	9576
8	136	1069.645996235427	9578
8	140	1122.434913291703	9575
8	143	1128.039586982253	9574
8	156	1234.221976276969	9577
8	158	1256.607249780257	9579
8	164	1323.871182048036	9581
8	210	2445.835258146737	9586
8	219	2624.562056434242	9587
8	229	2723.845432360879	9591
8	232	2737.404040164206	9588
8	246	2844.554391592149	9594
8	261	2987.060011227371	9592
8	275	3097.856652219	9595
8	283	3154.032102887997	9598
8	295	3319.288667556251	9601
8	297	3330.039487491447	9600
8	320	3679.577020949793	9604
8	328	4001.960715151447	9606
8	334	4119.923657870595	9607
8	347	4362.692216547992	9609
8	349	4394.381562057806	9610
8	357	4694.501585310106	9611
8	364	4848.949903255092	9612
8	382	5017.464344512886	9617
8	391	5059.769204156336	9618
8	417	5282.825391481359	9619
8	428	5436.836780286152	9621
8	438	5796.026745365654	9624
8	458	6011.6275470388	9625
8	482	6360.004447104263	9630
8	492	6707.361126587837	9632
8	502	6825.373240946529	9633
8	512	6934.453056175048	9636
8	521	7045.731508245579	9635
8	532	7346.427254558485	9638
8	534	7428.785558662502	9639
8	581	7821.854396546831	9642
8	582	7827.854396546831	9646
8	584	7834.346802167923	9647
8	588	7872.592857614039	9648
8	590	7899.675083134796	9645
8	606	8027.241988233363	9651
8	616	8107.346269769232	9653
8	629	8189.562041293853	9655
8	639	8283.154626277646	9656
8	648	8365.000072949484	9654
8	662	8517.776140662119	9658
8	672	8672.621628140432	9659
8	677	8865.281906961252	9660
8	686	9180.094291433645	9662
8	690	9258.219610308488	9663
8	694	9286.648829896898	9664
8	715	9522.531098113384	9667
8	716	9525.531098113384	9668
8	742	9783.68910165356	9672
8	752	9875.981256169877	9671
8	761	9929.225232858347	9674
8	763	9934.389501358144	9676
8	790	10082.516471423297	9681
8	799	10146.389501358144	9680
8	845	10600.333538622786	9689
8	857	10797.553852648415	9692
8	865	10895.81080386355	9691
8	869	10910.560267761722	9693
8	884	11251.761677377617	9697
8	891	11418.131425613097	9698
8	907	11659.96166422927	9700
8	934	12015.517909064827	9704
8	949	12393.288155960813	9707
8	952	12396.865917126316	9706
8	963	12583.262446165658	9709
8	969	12629.966676113759	9711
8	971	12663.799486435211	9712
8	988	12855.403705845036	9714
8	992	12887.206290958093	9715
8	1016	13555.358077374928	9716
8	1019	13562.839765395561	9718
8	1035	13764.377647088087	9720
8	1041	13829.483767304682	9721
8	1053	13970.452316810174	9722
8	1056	14030.648679983601	9724
8	1072	14211.984418073792	9727
8	1084	14382.768086401697	9728
8	1096	14553.552450130649	9730
8	1104	14713.206760396104	9731
8	1123	15596.049040651679	9734
8	1125	15615.747487561067	9735
8	1130	15648.784073327783	9737
8	1137	15749.868667187499	9736
8	1139	15792.041697209204	9738
8	1151	16170.266113939492	9739
8	1157	16257.707180708022	9741
8	1165	16339.53402578372	9740
8	1177	16591.671932195821	9744
8	1187	16922.081983891104	9745
8	1198	17085.227185813842	9746
8	1201	17108.227237149385	9747
8	1215	17276.118385688331	9749
8	1237	17580.567872166551	9754
8	1240	17647.113403077076	9755
8	1241	17653.113403077076	9753
8	1254	17859.648461143603	9757
8	1258	17935.411427424501	9758
8	1284	18242.289604345036	9761
8	1303	18501.563706807294	9763
8	1310	18602.3883569161	9765
8	1318	18717.360425516098	9766
8	1344	19090.745905203586	9770
8	1360	19339.414935206102	9773
8	1375	19884.150170070172	9775
9	129	1022.039586982253	1
9	132	1025.039586982253	0
9	144	1128.221976276969	1
9	145	1131.221976276969	0
9	187	1821.070568525855	1
9	188	1824.070568525855	0
9	206	2339.835258146737	1
9	207	2342.835258146737	0
9	211	2518.562056434242	1
9	212	2521.562056434242	0
9	220	2631.404040164206	1
9	221	2634.404040164206	0
9	222	2668.107503922133	1
9	223	2671.107503922133	0
9	239	2807.66455323428	1
9	240	2810.66455323428	0
9	248	2881.060011227371	1
9	249	2884.060011227371	0
9	255	2923.175731374481	1
9	256	2926.175731374481	0
9	257	2944.554391592149	1
9	258	2947.554391592149	0
9	262	2991.856652219	1
9	263	2994.856652219	0
9	276	3100.795778801229	1
9	277	3103.795778801229	0
9	287	3224.039487491447	1
9	288	3227.039487491447	0
9	299	3345.767839347531	1
9	300	3348.767839347531	0
9	301	3413.684288652999	1
9	302	3416.684288652999	0
9	314	3573.577020949793	1
9	315	3576.577020949793	0
9	316	3607.501700590342	1
9	317	3610.501700590342	0
9	324	3895.960715151447	1
9	325	3898.960715151447	0
9	329	4013.923657870595	1
9	330	4016.923657870595	0
9	340	4256.692216547992	1
9	341	4259.692216547992	0
9	342	4288.381562057806	1
9	343	4291.381562057806	0
9	395	5098.188017742583	1
9	396	5101.188017742583	0
9	406	5176.825391481359	1
9	407	5179.825391481359	0
9	422	5330.836780286152	1
9	423	5333.836780286152	0
9	446	5905.6275470388	1
9	448	5908.6275470388	0
9	471	6205.085206271624	1
9	472	6208.085206271624	0
9	473	6242.633723162332	1
9	474	6245.633723162332	0
9	475	6254.004447104263	1
9	476	6257.004447104263	0
9	486	6467.425786854477	1
9	487	6470.425786854477	0
9	494	6719.373240946529	1
9	495	6722.373240946529	0
9	499	6812.737200214423	1
9	500	6815.737200214423	0
9	513	6939.731508245579	1
9	514	6942.731508245579	0
9	518	7034.453056175048	1
9	519	7037.453056175048	0
9	522	7133.913520295562	1
9	523	7136.913520295562	0
9	535	7446.427254558485	1
9	536	7449.427254558485	0
9	565	7715.854396546831	1
9	567	7718.854396546831	0
9	569	7728.346802167923	1
9	570	7731.346802167923	0
9	575	7793.675083134796	1
9	576	7796.675083134796	0
9	597	7938.526360019093	1
9	598	7941.526360019093	0
9	617	8120.523928684813	1
9	618	8123.523928684813	0
9	619	8127.241988233363	1
9	620	8130.241988233363	0
9	636	8259.000072949484	1
9	637	8262.000072949484	0
9	649	8383.154626277646	1
9	650	8386.154626277646	0
9	652	8411.776140662119	1
9	654	8414.776140662119	0
9	661	8517.289657318662	1
9	663	8520.289657318662	0
9	665	8566.621628140432	1
9	666	8569.621628140432	0
9	673	8759.281906961252	1
9	674	8762.281906961252	0
9	680	8971.139487609866	1
9	681	8974.139487609866	0
9	717	9539.287715610643	1
9	718	9542.287715610643	0
9	724	9622.531098113384	1
9	727	9625.531098113384	0
9	739	9769.981256169877	1
9	740	9772.981256169877	0
9	744	9805.75428721186	1
9	745	9808.75428721186	0
9	746	9823.225232858347	1
9	747	9826.225232858347	0
9	753	9883.68910165356	1
9	754	9886.68910165356	0
9	756	9899.344016033442	1
9	757	9902.344016033442	0
9	779	10034.389501358144	1
9	780	10034.415915429181	2
9	781	10037.389501358144	1
9	782	10043.389501358144	0
9	804	10180.349972570626	1
9	805	10182.516471423297	2
9	806	10183.349972570626	1
9	807	10189.349972570626	0
9	812	10242.240088202436	1
9	813	10245.240088202436	0
9	823	10319.304744398589	1
9	824	10322.304744398589	0
9	838	10469.697956705023	1
9	839	10472.697956705023	0
9	840	10494.333538622786	1
9	841	10497.333538622786	0
9	858	10804.560267761722	1
9	859	10807.560267761722	0
9	870	10913.80880215578	1
9	871	10916.80880215578	0
9	881	11239.826288402194	1
9	882	11242.826288402194	0
9	904	11655.904610398065	1
9	906	11658.904610398065	0
9	918	11779.305657369978	1
9	920	11782.305657369978	0
9	938	12189.173103730563	1
9	940	12192.173103730563	0
9	942	12290.865917126316	1
9	945	12293.865917126316	0
9	1009	13449.358077374928	1
9	1010	13452.358077374928	0
9	1021	13575.460619597053	1
9	1023	13578.460619597053	0
9	1032	13723.483767304682	1
9	1033	13726.483767304682	0
9	1043	13864.452316810174	1
9	1045	13867.452316810174	0
9	1074	14274.394238808723	1
9	1076	14277.394238808723	0
9	1078	14311.984418073792	1
9	1079	14314.984418073792	0
9	1097	14607.206760396104	1
9	1098	14610.206760396104	0
9	1109	14840.32268898539	1
9	1110	14843.32268898539	0
9	1158	16270.266113939492	1
9	1159	16273.266113939492	0
9	1160	16289.357152558128	1
9	1161	16292.357152558128	0
9	1166	16357.707180708022	1
9	1167	16360.707180708022	0
9	1182	16816.081983891104	1
9	1183	16819.081983891104	0
9	1189	16979.227185813842	1
9	1190	16982.227185813842	0
9	1191	17002.227237149385	1
9	1192	17005.227237149385	0
9	1202	17135.49423663138	1
9	1203	17138.49423663138	0
9	1208	17200.741048998826	1
9	1209	17203.741048998826	0
9	1233	17541.582723201791	1
9	1235	17544.582723201791	0
9	1255	17920.509781607844	1
9	1256	17923.509781607844	0
9	1261	17959.648461143603	1
9	1262	17962.648461143603	0
9	1265	18035.411427424501	1
9	1267	18038.411427424501	0
9	1269	18059.003974883204	1
9	1270	18062.003974883204	0
9	1274	18136.289604345036	1
9	1276	18139.289604345036	0
9	1293	18355.248792933703	1
9	1294	18358.248792933703	0
9	1295	18395.563706807294	1
9	1296	18398.563706807294	0
9	1298	18452.141907956511	1
9	1299	18455.141907956511	0
9	1311	18611.360425516098	1
9	1312	18614.360425516098	0
9	1338	18984.745905203586	1
9	1339	18987.745905203586	0
9	1352	19233.414935206102	1
9	1353	19236.414935206102	0
9	1357	19323.080226894613	1
9	1358	19326.080226894613	0
9	1361	19348.98399915539	1
9	1362	19351.98399915539	0
9	1377	19984.150170070172	1
9	1378	19987.150170070172	0
10	132	1025.039586982253	3
10	145	1131.221976276969	3
10	188	1824.070568525855	3
10	207	2342.835258146737	3
10	212	2521.562056434242	3
10	221	2634.404040164206	3
10	223	2671.107503922133	3
10	240	2810.66455323428	3
10	249	2884.060011227371	3
10	256	2926.175731374481	3
10	258	2947.554391592149	3
10	263	2994.856652219	3
10	277	3103.795778801229	3
10	288	3227.039487491447	3
10	300	3348.767839347531	3
10	302	3416.684288652999	3
10	315	3576.577020949793	3
10	317	3610.501700590342	3
10	325	3898.960715151447	3
10	330	4016.923657870595	3
10	341	4259.692216547992	3
10	343	4291.381562057806	3
10	396	5101.188017742583	3
10	407	5179.825391481359	3
10	423	5333.836780286152	3
10	448	5908.6275470388	3
10	472	6208.085206271624	3
10	474	6245.633723162332	3
10	476	6257.004447104263	3
10	487	6470.425786854477	3
10	495	6722.373240946529	3
10	500	6815.737200214423	3
10	514	6942.731508245579	3
10	519	7037.453056175048	3
10	523	7136.913520295562	3
10	536	7449.427254558485	3
10	567	7718.854396546831	3
10	570	7731.346802167923	3
10	576	7796.675083134796	3
10	598	7941.526360019093	3
10	618	8123.523928684813	3
10	620	8130.241988233363	3
10	637	8262.000072949484	3
10	650	8386.154626277646	3
10	654	8414.776140662119	3
10	663	8520.289657318662	3
10	666	8569.621628140432	3
10	674	8762.281906961252	3
10	681	8974.139487609866	3
10	718	9542.287715610643	3
10	727	9625.531098113384	3
10	740	9772.981256169877	3
10	745	9808.75428721186	3
10	747	9826.225232858347	3
10	754	9886.68910165356	3
10	757	9902.344016033442	3
10	781	10037.389501358144	3
10	782	10043.389501358144	8.973585928963
10	806	10183.349972570626	3
10	807	10189.349972570626	6.833501147329
10	813	10245.240088202436	3
10	824	10322.304744398589	3
10	839	10472.697956705023	3
10	841	10497.333538622786	3
10	859	10807.560267761722	3
10	871	10916.80880215578	3
10	882	11242.826288402194	3
10	906	11658.904610398065	3
10	920	11782.305657369978	3
10	940	12192.173103730563	3
10	945	12293.865917126316	3
10	1010	13452.358077374928	3
10	1023	13578.460619597053	3
10	1033	13726.483767304682	3
10	1045	13867.452316810174	3
10	1076	14277.394238808723	3
10	1079	14314.984418073792	3
10	1098	14610.206760396104	3
10	1110	14843.32268898539	3
10	1159	16273.266113939492	3
10	1161	16292.357152558128	3
10	1167	16360.707180708022	3
10	1183	16819.081983891104	3
10	1190	16982.227185813842	3
10	1192	17005.227237149385	3
10	1203	17138.49423663138	3
10	1209	17203.741048998826	3
10	1235	17544.582723201791	3
10	1256	17923.509781607844	3
10	1262	17962.648461143603	3
10	1267	18038.411427424501	3
10	1270	18062.003974883204	3
10	1276	18139.289604345036	3
10	1294	18358.248792933703	3
10	1296	18398.563706807294	3
10	1299	18455.141907956511	3
10	1312	18614.360425516098	3
10	1339	18987.745905203586	3
10	1353	19236.414935206102	3
10	1358	19326.080226894613	3
10	1362	19351.98399915539	3
10	1378	19987.150170070172	3
11	132	1025.039586982253	9574
11	145	1131.221976276969	9577
11	188	1824.070568525855	9582
11	207	2342.835258146737	9586
11	212	2521.562056434242	9587
11	221	2634.404040164206	9588
11	223	2671.107503922133	9589
11	240	2810.66455323428	9593
11	249	2884.060011227371	9592
11	256	2926.175731374481	9590
11	258	2947.554391592149	9594
11	263	2994.856652219	9595
11	277	3103.795778801229	9596
11	288	3227.039487491447	9600
11	300	3348.767839347531	9602
11	302	3416.684288652999	9603
11	315	3576.577020949793	9604
11	317	3610.501700590342	9605
11	325	3898.960715151447	9606
11	330	4016.923657870595	9607
11	341	4259.692216547992	9609
11	343	4291.381562057806	9610
11	396	5101.188017742583	9620
11	407	5179.825391481359	9619
11	423	5333.836780286152	9621
11	448	5908.6275470388	9625
11	472	6208.085206271624	9628
11	474	6245.633723162332	9629
11	476	6257.004447104263	9630
11	487	6470.425786854477	9631
11	495	6722.373240946529	9633
11	500	6815.737200214423	9634
11	514	6942.731508245579	9635
11	519	7037.453056175048	9636
11	523	7136.913520295562	9637
11	536	7449.427254558485	9638
11	567	7718.854396546831	9642
11	570	7731.346802167923	9647
11	576	7796.675083134796	9645
11	598	7941.526360019093	9649
11	618	8123.523928684813	9650
11	620	8130.241988233363	9651
11	637	8262.000072949484	9654
11	650	8386.154626277646	9656
11	654	8414.776140662119	9658
11	663	8520.289657318662	9657
11	666	8569.621628140432	9659
11	674	8762.281906961252	9660
11	681	8974.139487609866	9661
11	718	9542.287715610643	9669
11	727	9625.531098113384	9667
11	740	9772.981256169877	9671
11	745	9808.75428721186	9673
11	747	9826.225232858347	9674
11	754	9886.68910165356	9672
11	757	9902.344016033442	9675
11	781	10037.389501358144	9676
11	782	10043.389501358144	9680
11	806	10183.349972570626	9683
11	807	10189.349972570626	9681
11	813	10245.240088202436	9685
11	824	10322.304744398589	9686
11	839	10472.697956705023	9688
11	841	10497.333538622786	9689
11	859	10807.560267761722	9693
11	871	10916.80880215578	9694
11	882	11242.826288402194	9696
11	906	11658.904610398065	9699
11	920	11782.305657369978	9701
11	940	12192.173103730563	9705
11	945	12293.865917126316	9706
11	1010	13452.358077374928	9716
11	1023	13578.460619597053	9719
11	1033	13726.483767304682	9721
11	1045	13867.452316810174	9722
11	1076	14277.394238808723	9726
11	1079	14314.984418073792	9727
11	1098	14610.206760396104	9731
11	1110	14843.32268898539	9732
11	1159	16273.266113939492	9739
11	1161	16292.357152558128	9742
11	1167	16360.707180708022	9741
11	1183	16819.081983891104	9745
11	1190	16982.227185813842	9746
11	1192	17005.227237149385	9747
11	1203	17138.49423663138	9748
11	1209	17203.741048998826	9750
11	1235	17544.582723201791	9753
11	1256	17923.509781607844	9756
11	1262	17962.648461143603	9757
11	1267	18038.411427424501	9758
11	1270	18062.003974883204	9759
11	1276	18139.289604345036	9761
11	1294	18358.248792933703	9762
11	1296	18398.563706807294	9763
11	1299	18455.141907956511	9764
11	1312	18614.360425516098	9766
11	1339	18987.745905203586	9770
11	1353	19236.414935206102	9773
11	1358	19326.080226894613	9772
11	1362	19351.98399915539	9771
11	1378	19987.150170070172	9775
12	165	1328.082152709836	409
12	180	1562.607249780257	409
12	183	1629.871182048036	409
12	399	5125.030050664837	306
12	402	5154.949903255092	409
12	420	5304.188017742583	306
12	441	5825.622272354864	306
12	710	9511.291973136332	306
12	735	9723.155122569931	306
12	738	9745.287715610643	306
12	776	10011.75428721186	306
12	802	10158.505427810902	306
12	831	10386.349972570626	306
12	833	10418.998976912772	306
12	836	10448.240088202436	306
12	842	10525.304744398589	306
12	862	10840.630815532165	203
12	931	11984.827145257191	306
12	1004	13193.206290958093	409
12	1030	13676.739362163333	306
12	1061	14071.964400515988	306
12	1099	14622.255224775106	306
12	1126	15617.685473130435	306
12	1145	15921.747487561067	409
12	1232	17495.519360543305	203
12	1315	18658.141907956511	306
12	1341	19046.213222787427	306
12	1342	19075.950079300229	306
12	1372	19611.298888500383	306
13	165	1328.082152709836	9
13	180	1562.607249780257	9
13	183	1629.871182048036	9
13	399	5125.030050664837	6
13	402	5154.949903255092	9
13	420	5304.188017742583	6
13	441	5825.622272354864	6
13	710	9511.291973136332	6
13	735	9723.155122569931	6
13	738	9745.287715610643	6
13	776	10011.75428721186	6
13	802	10158.505427810902	6
13	831	10386.349972570626	6
13	833	10418.998976912772	6
13	836	10448.240088202436	6
13	842	10525.304744398589	6
13	862	10840.630815532165	3
13	931	11984.827145257191	6
13	1004	13193.206290958093	9
13	1030	13676.739362163333	6
13	1061	14071.964400515988	6
13	1099	14622.255224775106	6
13	1126	15617.685473130435	6
13	1145	15921.747487561067	9
13	1232	17495.519360543305	3
13	1315	18658.141907956511	6
13	1341	19046.213222787427	6
13	1342	19075.950079300229	6
13	1372	19611.298888500383	6
14	165	1328.082152709836	3
14	180	1562.607249780257	3
14	183	1629.871182048036	3
14	399	5125.030050664837	2
14	402	5154.949903255092	3
14	420	5304.188017742583	2
14	441	5825.622272354864	2
14	710	9511.291973136332	2
14	735	9723.155122569931	2
14	738	9745.287715610643	2
14	776	10011.75428721186	2
14	802	10158.505427810902	2
14	831	10386.349972570626	2
14	833	10418.998976912772	2
14	836	10448.240088202436	2
14	842	10525.304744398589	2
14	862	10840.630815532165	1
14	931	11984.827145257191	2
14	1004	13193.206290958093	3
14	1030	13676.739362163333	2
14	1061	14071.964400515988	2
14	1099	14622.255224775106	2
14	1126	15617.685473130435	2
14	1145	15921.747487561067	3
14	1232	17495.519360543305	1
14	1315	18658.141907956511	2
14	1341	19046.213222787427	2
14	1342	19075.950079300229	2
14	1372	19611.298888500383	2
15	200	2103.88768245638	306
15	298	3332.578967935671	306
15	354	4565.692216547992	409
15	404	5161.744869442625	306
15	466	6112.096352796826	306
15	651	8392.562041293853	306
15	698	9383.094291433645	306
15	795	10132.225232858347	409
15	803	10160.946934618834	306
15	808	10196.707776556224	306
15	875	11000.553852648415	306
15	924	11862.96166422927	306
15	993	12926.50280528976	306
15	1068	14173.452316810174	409
15	1175	16500.084193405444	306
15	1229	17448.301645711224	306
15	1297	18445.289604345036	409
16	200	2103.88768245638	6
16	298	3332.578967935671	6
16	354	4565.692216547992	9
16	404	5161.744869442625	6
16	466	6112.096352796826	6
16	651	8392.562041293853	6
16	698	9383.094291433645	6
16	795	10132.225232858347	9
16	803	10160.946934618834	6
16	808	10196.707776556224	6
16	875	11000.553852648415	6
16	924	11862.96166422927	6
16	993	12926.50280528976	6
16	1068	14173.452316810174	9
16	1175	16500.084193405444	6
16	1229	17448.301645711224	6
16	1297	18445.289604345036	9
17	200	2103.88768245638	2
17	298	3332.578967935671	2
17	354	4565.692216547992	3
17	404	5161.744869442625	2
17	466	6112.096352796826	2
17	651	8392.562041293853	2
17	698	9383.094291433645	2
17	795	10132.225232858347	3
17	803	10160.946934618834	2
17	808	10196.707776556224	2
17	875	11000.553852648415	2
17	924	11862.96166422927	2
17	993	12926.50280528976	2
17	1068	14173.452316810174	3
17	1175	16500.084193405444	2
17	1229	17448.301645711224	2
17	1297	18445.289604345036	3
18	176	1509.881124197294	306
18	201	2112.757196591253	203
18	203	2194.979051196586	203
18	278	3117.179668333597	203
18	415	5262.769204156336	306
18	506	6910.361126587837	306
18	516	7028.373240946529	409
18	554	7631.785558662502	306
18	578	7805.130833654261	306
18	586	7866.880958188836	306
18	642	8310.346269769232	306
18	827	10352.832162990276	306
18	837	10469.297245243242	203
18	894	11454.761677377617	306
18	964	12598.276088029555	306
18	985	12830.378911476833	306
18	986	12836.378911476833	309.41223536307
18	1073	14260.630515831582	306
18	1111	14916.206760396104	409
18	1146	15995.041697209204	306
18	1181	16794.671932195821	306
18	1289	18328.187255652321	306
18	1328	18859.864958784083	306
18	1333	18920.360425516098	409
18	1371	19542.414935206102	409
19	176	1509.881124197294	6
19	201	2112.757196591253	3
19	203	2194.979051196586	3
19	278	3117.179668333597	3
19	415	5262.769204156336	6
19	506	6910.361126587837	6
19	516	7028.373240946529	9
19	554	7631.785558662502	6
19	578	7805.130833654261	6
19	586	7866.880958188836	6
19	642	8310.346269769232	6
19	827	10352.832162990276	6
19	837	10469.297245243242	3
19	894	11454.761677377617	6
19	964	12598.276088029555	6
19	985	12830.378911476833	6
19	986	12836.378911476833	9.412235363074
19	1073	14260.630515831582	6
19	1111	14916.206760396104	9
19	1146	15995.041697209204	6
19	1181	16794.671932195821	6
19	1289	18328.187255652321	6
19	1328	18859.864958784083	6
19	1333	18920.360425516098	9
19	1371	19542.414935206102	9
20	176	1509.881124197294	2
20	201	2112.757196591253	1
20	203	2194.979051196586	1
20	278	3117.179668333597	1
20	415	5262.769204156336	2
20	506	6910.361126587837	2
20	516	7028.373240946529	3
20	554	7631.785558662502	2
20	578	7805.130833654261	2
20	586	7866.880958188836	2
20	642	8310.346269769232	2
20	827	10352.832162990276	2
20	837	10469.297245243242	1
20	894	11454.761677377617	2
20	964	12598.276088029555	2
20	985	12830.378911476833	2
20	986	12836.378911476833	2
20	1073	14260.630515831582	2
20	1111	14916.206760396104	3
20	1146	15995.041697209204	2
20	1181	16794.671932195821	2
20	1289	18328.187255652321	2
20	1328	18859.864958784083	2
20	1333	18920.360425516098	3
20	1371	19542.414935206102	3
21	214	2545.835258146737	409
21	230	2724.562056434242	306
21	243	2823.845432360879	203
21	244	2837.404040164206	306
21	273	3087.060011227371	409
21	305	3430.039487491447	306
21	322	3779.577020949793	306
21	353	4494.381562057806	306
21	424	5382.825391481359	409
21	465	6111.6275470388	306
21	485	6460.004447104263	306
21	525	7145.731508245579	409
21	601	7999.675083134796	409
21	667	8617.776140662119	306
21	675	8772.621628140432	409
21	679	8965.281906961252	409
21	697	9358.219610308488	203
21	726	9625.531098113384	205.68769284116
21	769	9975.981256169877	409
21	814	10246.389501358144	311.97358592896
21	874	10995.81080386355	306
21	876	11010.560267761722	306
21	955	12493.288155960813	203
21	972	12683.262446165658	306
21	1042	13864.377647088087	306
21	1049	13929.483767304682	306
21	1064	14130.648679983601	203
21	1090	14482.768086401697	306
21	1102	14653.552450130649	306
21	1132	15696.049040651679	203
21	1136	15748.784073327783	203
21	1172	16439.53402578372	306
21	1207	17185.227185813842	306
21	1210	17208.227237149385	306
21	1242	17680.567872166551	306
22	214	2545.835258146737	9
22	230	2724.562056434242	6
22	243	2823.845432360879	3
22	244	2837.404040164206	6
22	273	3087.060011227371	9
22	305	3430.039487491447	6
22	322	3779.577020949793	6
22	353	4494.381562057806	6
22	424	5382.825391481359	9
22	465	6111.6275470388	6
22	485	6460.004447104263	6
22	525	7145.731508245579	9
22	601	7999.675083134796	9
22	667	8617.776140662119	6
22	675	8772.621628140432	9
22	679	8965.281906961252	9
22	697	9358.219610308488	3
22	726	9625.531098113384	5.687692841159
22	769	9975.981256169877	9
22	814	10246.389501358144	11.973585928963
22	874	10995.81080386355	6
22	876	11010.560267761722	6
22	955	12493.288155960813	3
22	972	12683.262446165658	6
22	1042	13864.377647088087	6
22	1049	13929.483767304682	6
22	1064	14130.648679983601	3
22	1090	14482.768086401697	6
22	1102	14653.552450130649	6
22	1132	15696.049040651679	3
22	1136	15748.784073327783	3
22	1172	16439.53402578372	6
22	1207	17185.227185813842	6
22	1210	17208.227237149385	6
22	1242	17680.567872166551	6
23	214	2545.835258146737	3
23	230	2724.562056434242	2
23	243	2823.845432360879	1
23	244	2837.404040164206	2
23	273	3087.060011227371	3
23	305	3430.039487491447	2
23	322	3779.577020949793	2
23	353	4494.381562057806	2
23	424	5382.825391481359	3
23	465	6111.6275470388	2
23	485	6460.004447104263	2
23	525	7145.731508245579	3
23	601	7999.675083134796	3
23	667	8617.776140662119	2
23	675	8772.621628140432	3
23	679	8965.281906961252	3
23	697	9358.219610308488	1
23	726	9625.531098113384	1
23	769	9975.981256169877	3
23	814	10246.389501358144	2
23	874	10995.81080386355	2
23	876	11010.560267761722	2
23	955	12493.288155960813	1
23	972	12683.262446165658	2
23	1042	13864.377647088087	2
23	1049	13929.483767304682	2
23	1064	14130.648679983601	1
23	1090	14482.768086401697	2
23	1102	14653.552450130649	2
23	1132	15696.049040651679	1
23	1136	15748.784073327783	1
23	1172	16439.53402578372	2
23	1207	17185.227185813842	2
23	1210	17208.227237149385	2
23	1242	17680.567872166551	2
24	151	1222.434913291703	306
24	153	1228.039586982253	409
24	166	1334.221976276969	409
24	284	3197.856652219	409
24	292	3254.032102887997	306
24	331	4101.960715151447	306
24	339	4219.923657870595	306
24	360	4794.501585310106	203
24	431	5536.836780286152	409
24	592	7921.854396546831	409
24	594	7927.854396546831	310.86657304989
24	595	7934.346802167923	306
24	657	8465.000072949484	409
24	849	10700.333538622786	306
24	937	12115.517909064827	306
24	957	12496.865917126316	306
24	1025	13655.358077374928	409
24	1142	15849.868667187499	306
24	1193	17022.081983891104	306
24	1223	17376.118385688331	306
24	1246	17753.113403077076	414.53067987528
24	1309	18601.563706807294	409
24	1316	18702.3883569161	203
24	1349	19190.745905203586	409
25	151	1222.434913291703	6
25	153	1228.039586982253	9
25	166	1334.221976276969	9
25	284	3197.856652219	9
25	292	3254.032102887997	6
25	331	4101.960715151447	6
25	339	4219.923657870595	6
25	360	4794.501585310106	3
25	431	5536.836780286152	9
25	592	7921.854396546831	9
25	594	7927.854396546831	10.866573049887
25	595	7934.346802167923	6
25	657	8465.000072949484	9
25	849	10700.333538622786	6
25	937	12115.517909064827	6
25	957	12496.865917126316	6
25	1025	13655.358077374928	9
25	1142	15849.868667187499	6
25	1193	17022.081983891104	6
25	1223	17376.118385688331	6
25	1246	17753.113403077076	14.530679875285
25	1309	18601.563706807294	9
25	1316	18702.3883569161	3
25	1349	19190.745905203586	9
26	151	1222.434913291703	2
26	153	1228.039586982253	3
26	166	1334.221976276969	3
26	284	3197.856652219	3
26	292	3254.032102887997	2
26	331	4101.960715151447	2
26	339	4219.923657870595	2
26	360	4794.501585310106	1
26	431	5536.836780286152	3
26	592	7921.854396546831	3
26	594	7927.854396546831	2
26	595	7934.346802167923	2
26	657	8465.000072949484	3
26	849	10700.333538622786	2
26	937	12115.517909064827	2
26	957	12496.865917126316	2
26	1025	13655.358077374928	3
26	1142	15849.868667187499	2
26	1193	17022.081983891104	2
26	1223	17376.118385688331	2
26	1246	17753.113403077076	3
26	1309	18601.563706807294	3
26	1316	18702.3883569161	1
26	1349	19190.745905203586	3
27	131	1023.409415347145	306
27	285	3203.795778801229	306
27	480	6345.633723162332	306
27	524	7137.453056175048	306
27	633	8223.523928684813	306
27	634	8230.241988233363	306
27	668	8620.289657318662	409
27	914	11758.904610398065	306
27	926	11882.305657369978	306
27	1031	13678.460619597053	203
27	1082	14377.394238808723	306
27	1085	14414.984418073792	306
27	1169	16392.357152558128	203
27	1173	16460.707180708022	306
27	1275	18138.411427424501	306
27	1279	18162.003974883204	203
27	1365	19426.080226894613	306
27	1368	19451.98399915539	409
28	131	1023.409415347145	6
28	285	3203.795778801229	6
28	480	6345.633723162332	6
28	524	7137.453056175048	6
28	633	8223.523928684813	6
28	634	8230.241988233363	6
28	668	8620.289657318662	9
28	914	11758.904610398065	6
28	926	11882.305657369978	6
28	1031	13678.460619597053	3
28	1082	14377.394238808723	6
28	1085	14414.984418073792	6
28	1169	16392.357152558128	3
28	1173	16460.707180708022	6
28	1275	18138.411427424501	6
28	1279	18162.003974883204	3
28	1365	19426.080226894613	6
28	1368	19451.98399915539	9
29	131	1023.409415347145	2
29	285	3203.795778801229	2
29	480	6345.633723162332	2
29	524	7137.453056175048	2
29	633	8223.523928684813	2
29	634	8230.241988233363	2
29	668	8620.289657318662	3
29	914	11758.904610398065	2
29	926	11882.305657369978	2
29	1031	13678.460619597053	1
29	1082	14377.394238808723	2
29	1085	14414.984418073792	2
29	1169	16392.357152558128	1
29	1173	16460.707180708022	2
29	1275	18138.411427424501	2
29	1279	18162.003974883204	1
29	1365	19426.080226894613	2
29	1368	19451.98399915539	3
30	137	1088.40839278535	409
30	192	1924.070568525855	409
30	253	2910.66455323428	203
30	268	3026.175731374481	409
30	270	3047.554391592149	306
30	310	3516.684288652999	203
30	321	3710.501700590342	203
30	479	6308.085206271624	409
30	488	6570.425786854477	409
30	542	7549.427254558485	306
30	659	8486.154626277646	306
30	682	9074.139487609866	203
30	737	9725.531098113384	306
30	771	9986.68910165356	306
30	796	10137.389501358144	306
30	820	10289.349972570626	309.83350114733
30	843	10572.697956705023	203
30	877	11016.80880215578	306
30	943	12292.173103730563	306
30	1112	14943.32268898539	409
30	1168	16373.266113939492	306
30	1211	17238.49423663138	306
30	1264	18023.509781607844	306
30	1271	18062.648461143603	306
30	1300	18458.248792933703	409
31	137	1088.40839278535	9
31	192	1924.070568525855	9
31	253	2910.66455323428	3
31	268	3026.175731374481	9
31	270	3047.554391592149	6
31	310	3516.684288652999	3
31	321	3710.501700590342	3
31	479	6308.085206271624	9
31	488	6570.425786854477	9
31	542	7549.427254558485	6
31	659	8486.154626277646	6
31	682	9074.139487609866	3
31	737	9725.531098113384	6
31	771	9986.68910165356	6
31	796	10137.389501358144	6
31	820	10289.349972570626	9.833501147329
31	843	10572.697956705023	3
31	877	11016.80880215578	6
31	943	12292.173103730563	6
31	1112	14943.32268898539	9
31	1168	16373.266113939492	6
31	1211	17238.49423663138	6
31	1264	18023.509781607844	6
31	1271	18062.648461143603	6
31	1300	18458.248792933703	9
32	137	1088.40839278535	3
32	192	1924.070568525855	3
32	253	2910.66455323428	1
32	268	3026.175731374481	3
32	270	3047.554391592149	2
32	310	3516.684288652999	1
32	321	3710.501700590342	1
32	479	6308.085206271624	3
32	488	6570.425786854477	3
32	542	7549.427254558485	2
32	659	8486.154626277646	2
32	682	9074.139487609866	1
32	737	9725.531098113384	2
32	771	9986.68910165356	2
32	796	10137.389501358144	2
32	820	10289.349972570626	2
32	843	10572.697956705023	1
32	877	11016.80880215578	2
32	943	12292.173103730563	2
32	1112	14943.32268898539	3
32	1168	16373.266113939492	2
32	1211	17238.49423663138	2
32	1264	18023.509781607844	2
32	1271	18062.648461143603	2
32	1300	18458.248792933703	3
33	169	1375.645996235427	409
33	247	2874.107503922133	306
33	313	3551.767839347531	306
33	318	3625.288667556251	409
33	350	4413.975978830939	306
33	378	4962.461992981341	203
33	401	5135.541932674435	306
33	421	5323.464344512886	409
33	429	5502.798172378561	306
33	461	6044.097432286074	203
33	462	6102.026745365654	409
33	515	7018.737200214423	306
33	530	7339.913520295562	306
33	574	7776.705640275443	203
33	577	7797.326054693733	306
33	623	8144.526360019093	306
33	626	8178.592857614039	409
33	635	8243.577413221142	306
33	722	9592.648829896898	409
33	732	9674.088435221269	203
33	793	10105.344016033442	306
33	878	11061.5269897534	203
33	892	11445.826288402194	306
33	913	11724.131425613097	409
33	928	11909.123820367417	306
33	996	12969.799486435211	409
33	1003	13161.403705845036	409
33	1046	13868.839765395561	409
33	1226	17406.741048998826	306
33	1259	17953.113403077076	409
34	169	1375.645996235427	9
34	247	2874.107503922133	6
34	313	3551.767839347531	6
34	318	3625.288667556251	9
34	350	4413.975978830939	6
34	378	4962.461992981341	3
34	401	5135.541932674435	6
34	421	5323.464344512886	9
34	429	5502.798172378561	6
34	461	6044.097432286074	3
34	462	6102.026745365654	9
34	515	7018.737200214423	6
34	530	7339.913520295562	6
34	574	7776.705640275443	3
34	577	7797.326054693733	6
34	623	8144.526360019093	6
34	626	8178.592857614039	9
34	635	8243.577413221142	6
34	722	9592.648829896898	9
34	732	9674.088435221269	3
34	793	10105.344016033442	6
34	878	11061.5269897534	3
34	892	11445.826288402194	6
34	913	11724.131425613097	9
34	928	11909.123820367417	6
34	996	12969.799486435211	9
34	1003	13161.403705845036	9
34	1046	13868.839765395561	9
34	1226	17406.741048998826	6
34	1259	17953.113403077076	9
35	169	1375.645996235427	3
35	247	2874.107503922133	2
35	313	3551.767839347531	2
35	318	3625.288667556251	3
35	350	4413.975978830939	2
35	378	4962.461992981341	1
35	401	5135.541932674435	2
35	421	5323.464344512886	3
35	429	5502.798172378561	2
35	461	6044.097432286074	1
35	462	6102.026745365654	3
35	515	7018.737200214423	2
35	530	7339.913520295562	2
35	574	7776.705640275443	1
35	577	7797.326054693733	2
35	623	8144.526360019093	2
35	626	8178.592857614039	3
35	635	8243.577413221142	2
35	722	9592.648829896898	3
35	732	9674.088435221269	1
35	793	10105.344016033442	2
35	878	11061.5269897534	1
35	892	11445.826288402194	2
35	913	11724.131425613097	3
35	928	11909.123820367417	2
35	996	12969.799486435211	3
35	1003	13161.403705845036	3
35	1046	13868.839765395561	3
35	1226	17406.741048998826	2
35	1259	17953.113403077076	3

