version 3
run ParameterStudy-86-20251130-20:03:57-476
attr configname ParameterStudy
attr datetime 20251130-20:03:57
attr datetimef 20251130-200357
attr experiment ParameterStudy
attr inifile omnetpp.ini
attr iterationvars $betaProducer=2.7s
attr iterationvarsd betaProducer=2.7s
attr iterationvarsf betaProducer=2.7s-
attr measurement $betaProducer=2.7s
attr network queue_sim
attr processid 476
attr repetition 1
attr replication #1
attr resultdir results
attr runnumber 86
attr seedset 86
itervar betaProducer 2.7s
config description "Parameter study: β_producer = 1s to 10s (0.1s steps), β_service = 1s, 5 repetitions"
config *.serviceUnit.meanServiceTime 1s
config *.producer.warmupPeriod 100s
config *.queue.warmupPeriod 100s
config *.serviceUnit.warmupPeriod 100s
config *.sink.warmupPeriod 100s
config *.producer.meanInterArrivalTime 2.7s
config network queue_sim
config sim-time-limit 600s
config warmup-period 100s
config repeat 5
config **.vector-recording true
config **.scalar-recording true
config debug-on-errors true

vector 0 queue_sim.producer jobGenerated:vector ETV
attr recordingmode vector
attr title "Jobs Generated"
vector 1 queue_sim.producer interArrivalTime:vector ETV
attr recordingmode vector
attr title "Inter-arrival Time"
attr unit s
vector 2 queue_sim.queue queueLength:vector ETV
attr recordingmode vector
attr title "Queue Length"
vector 3 queue_sim.queue queueingDelay:vector ETV
attr recordingmode vector
attr title "Queueing Delay"
attr unit s
vector 4 queue_sim.queue queueUtilization:vector ETV
attr recordingmode vector
attr title "Queue Utilization"
vector 5 queue_sim.queue systemSize:vector ETV
attr recordingmode vector
attr title "System Size"
vector 6 queue_sim.serviceUnit serviceTime:vector ETV
attr recordingmode vector
attr title "Service Time"
attr unit s
vector 7 queue_sim.serviceUnit utilization:vector ETV
attr recordingmode vector
attr title "Server Utilization"
vector 8 queue_sim.sink jobCompleted:vector ETV
attr recordingmode vector
attr title "Jobs Completed"
vector 9 queue_sim.sink totalDelay:vector ETV
attr recordingmode vector
attr title "Total System Delay"
attr unit s
0	80	104.427053910049	39
0	82	107.832421491101	40
0	84	108.747764996199	41
0	86	109.263946696466	42
0	88	112.33719653419	43
0	90	113.168238458039	44
0	92	118.416998211738	45
0	94	125.020970499287	46
0	96	125.894123535719	47
0	98	129.421203448171	48
0	100	131.393363578448	49
0	102	133.467376249266	50
0	104	135.799733189365	51
0	106	139.483765125044	52
0	108	139.958606733656	53
0	110	142.765983212827	54
0	112	146.384949752204	55
0	114	146.569433140418	56
0	116	149.056675829519	57
0	118	160.927571003672	58
0	120	161.064848039339	59
0	122	162.614265401329	60
0	124	163.760771045722	61
0	126	164.718200476591	62
0	128	167.717411820658	63
0	130	168.711947894671	64
0	132	169.326397291686	65
0	134	174.632157965232	66
0	136	175.034463269589	67
0	138	178.483319378206	68
0	140	180.03789871794	69
0	142	180.057891689897	70
0	144	181.011021139043	71
0	146	182.947503595306	72
0	148	198.901541620465	73
0	150	202.010729783903	74
0	152	208.178718259195	75
0	154	209.802535205721	76
0	156	213.700579409566	77
0	158	219.750760314477	78
0	160	220.389893267551	79
0	162	222.258899231412	80
0	164	224.503400756884	81
0	166	234.38566211093	82
0	168	237.945395282665	83
0	170	238.117990781866	84
0	172	246.141451782076	85
0	174	246.709083854449	86
0	176	248.531912871023	87
0	178	249.571130409373	88
0	180	254.36479140186	89
0	182	254.513426439424	90
0	184	255.499199296083	91
0	186	256.237286845873	92
0	188	257.008403583491	93
0	190	264.114953773758	94
0	192	265.865651572125	95
0	194	266.88590858473	96
0	196	270.805488141989	97
0	198	273.940547821565	98
0	200	278.123019785642	99
0	202	279.268267158618	100
0	204	282.072485701985	101
0	206	290.593333204725	102
0	208	291.55474124791	103
0	210	293.108245424164	104
0	212	298.195462041512	105
0	214	311.764054619893	106
0	216	311.959950027406	107
0	218	313.970519314967	108
0	220	315.044585884749	109
0	222	322.939247705531	110
0	224	325.837101889952	111
0	226	327.720008819841	112
0	228	328.380563891896	113
0	230	329.429418597057	114
0	232	330.314412752774	115
0	234	335.084850156993	116
0	236	337.801435458846	117
0	238	341.114319636367	118
0	240	353.421881831781	119
0	242	359.018069234448	120
0	244	359.335491575729	121
0	246	361.026303646283	122
0	248	361.472914565935	123
0	250	364.017967778136	124
0	252	369.188533664395	125
0	254	369.707739835688	126
0	256	369.895342419785	127
0	258	372.37920548395	128
0	260	374.953662187488	129
0	262	377.061878185494	130
0	264	378.172322740885	131
0	266	389.344373088241	132
0	268	390.770363951565	133
0	270	391.347443073814	134
0	272	396.034941094436	135
0	274	396.605598448315	136
0	276	401.052895894886	137
0	278	402.726741008821	138
0	280	404.622887338711	139
0	282	405.081231021682	140
0	284	419.752503678459	141
0	286	426.840025585591	142
0	288	427.502620557778	143
0	290	428.97478277748	144
0	292	435.105638238346	145
0	294	439.855357146563	146
0	296	440.44187185827	147
0	298	443.292718685272	148
0	300	443.915760103342	149
0	302	448.416130044687	150
0	304	449.319887910974	151
0	306	449.727937837698	152
0	308	453.696274481777	153
0	310	458.269157863631	154
0	312	459.264167193923	155
0	314	460.836392475597	156
0	316	461.694957500335	157
0	318	467.391012398469	158
0	320	468.893347666582	159
0	322	473.58117047352	160
0	324	473.963655401922	161
0	326	480.979789165285	162
0	328	482.513865431583	163
0	330	482.580360777268	164
0	332	482.966273039412	165
0	334	484.660895315862	166
0	336	484.858877291698	167
0	338	486.644480270839	168
0	340	488.686771823185	169
0	342	494.233453439608	170
0	344	495.459704767726	171
0	346	496.71092110406	172
0	348	499.695508253203	173
0	350	502.97506807325	174
0	352	504.345851393648	175
0	354	505.921696353945	176
0	356	506.356304532602	177
0	358	507.648355953378	178
0	360	508.938936405217	179
0	362	510.807835350532	180
0	364	514.388591954563	181
0	366	515.805127529206	182
0	368	517.665120012063	183
0	370	527.342636048744	184
0	372	532.877787231881	185
0	374	539.672010227061	186
0	376	540.666470799829	187
0	378	541.475903564974	188
0	380	544.234591866667	189
0	382	545.280266191982	190
0	384	547.651667819966	191
0	386	550.638076465844	192
0	388	562.718453231861	193
0	390	563.292642870688	194
0	392	563.662953032651	195
0	394	563.688939826368	196
0	396	563.793773362582	197
0	398	568.585836761249	198
0	400	568.936054082322	199
0	402	571.781834671725	200
0	404	578.140716270327	201
0	406	579.965054727291	202
0	408	580.142684635113	203
0	410	584.088965765452	204
0	412	584.40427191577	205
0	414	594.502942429133	206
0	416	594.769666074968	207
0	418	595.61378906245	208
0	420	597.969636938072	209
1	80	104.427053910049	3.4053675810517
1	82	107.832421491101	0.9153435050984
1	84	108.747764996199	0.5161817002667
1	86	109.263946696466	3.0732498377245
1	88	112.33719653419	0.83104192384864
1	90	113.168238458039	5.248759753699
1	92	118.416998211738	6.6039722875492
1	94	125.020970499287	0.87315303643248
1	96	125.894123535719	3.5270799124516
1	98	129.421203448171	1.9721601302767
1	100	131.393363578448	2.0740126708182
1	102	133.467376249266	2.3323569400995
1	104	135.799733189365	3.6840319356792
1	106	139.483765125044	0.47484160861231
1	108	139.958606733656	2.8073764791713
1	110	142.765983212827	3.6189665393774
1	112	146.384949752204	0.18448338821378
1	114	146.569433140418	2.4872426891006
1	116	149.056675829519	11.870895174153
1	118	160.927571003672	0.13727703566726
1	120	161.064848039339	1.5494173619905
1	122	162.614265401329	1.1465056443934
1	124	163.760771045722	0.95742943086871
1	126	164.718200476591	2.9992113440667
1	128	167.717411820658	0.99453607401313
1	130	168.711947894671	0.61444939701521
1	132	169.326397291686	5.3057606735461
1	134	174.632157965232	0.40230530435728
1	136	175.034463269589	3.4488561086173
1	138	178.483319378206	1.5545793397338
1	140	180.03789871794	0.019992971956748
1	142	180.057891689897	0.95312944914628
1	144	181.011021139043	1.9364824562632
1	146	182.947503595306	15.954038025159
1	148	198.901541620465	3.1091881634377
1	150	202.010729783903	6.167988475292
1	152	208.178718259195	1.6238169465265
1	154	209.802535205721	3.898044203845
1	156	213.700579409566	6.0501809049107
1	158	219.750760314477	0.63913295307365
1	160	220.389893267551	1.8690059638607
1	162	222.258899231412	2.2445015254716
1	164	224.503400756884	9.882261354046
1	166	234.38566211093	3.559733171735
1	168	237.945395282665	0.17259549920083
1	170	238.117990781866	8.0234610002103
1	172	246.141451782076	0.56763207237268
1	174	246.709083854449	1.8228290165744
1	176	248.531912871023	1.0392175383504
1	178	249.571130409373	4.7936609924868
1	180	254.36479140186	0.1486350375639
1	182	254.513426439424	0.98577285665872
1	184	255.499199296083	0.73808754979009
1	186	256.237286845873	0.77111673761798
1	188	257.008403583491	7.1065501902665
1	190	264.114953773758	1.750697798367
1	192	265.865651572125	1.0202570126048
1	194	266.88590858473	3.9195795572592
1	196	270.805488141989	3.1350596795757
1	198	273.940547821565	4.1824719640771
1	200	278.123019785642	1.1452473729758
1	202	279.268267158618	2.8042185433671
1	204	282.072485701985	8.5208475027399
1	206	290.593333204725	0.96140804318533
1	208	291.55474124791	1.5535041762539
1	210	293.108245424164	5.0872166173477
1	212	298.195462041512	13.568592578381
1	214	311.764054619893	0.1958954075129
1	216	311.959950027406	2.0105692875611
1	218	313.970519314967	1.0740665697822
1	220	315.044585884749	7.8946618207816
1	222	322.939247705531	2.897854184421
1	224	325.837101889952	1.8829069298894
1	226	327.720008819841	0.66055507205514
1	228	328.380563891896	1.0488547051609
1	230	329.429418597057	0.88499415571677
1	232	330.314412752774	4.7704374042194
1	234	335.084850156993	2.7165853018528
1	236	337.801435458846	3.3128841775213
1	238	341.114319636367	12.307562195414
1	240	353.421881831781	5.5961874026666
1	242	359.018069234448	0.31742234128082
1	244	359.335491575729	1.6908120705542
1	246	361.026303646283	0.44661091965235
1	248	361.472914565935	2.5450532122008
1	250	364.017967778136	5.1705658862586
1	252	369.188533664395	0.51920617129292
1	254	369.707739835688	0.18760258409739
1	256	369.895342419785	2.4838630641648
1	258	372.37920548395	2.5744567035378
1	260	374.953662187488	2.1082159980061
1	262	377.061878185494	1.1104445553912
1	264	378.172322740885	11.172050347356
1	266	389.344373088241	1.425990863324
1	268	390.770363951565	0.57707912224899
1	270	391.347443073814	4.6874980206217
1	272	396.034941094436	0.57065735387894
1	274	396.605598448315	4.4472974465707
1	276	401.052895894886	1.6738451139346
1	278	402.726741008821	1.8961463298902
1	280	404.622887338711	0.45834368297145
1	282	405.081231021682	14.671272656777
1	284	419.752503678459	7.087521907132
1	286	426.840025585591	0.66259497218656
1	288	427.502620557778	1.4721622197019
1	290	428.97478277748	6.1308554608662
1	292	435.105638238346	4.7497189082173
1	294	439.855357146563	0.58651471170734
1	296	440.44187185827	2.8508468270022
1	298	443.292718685272	0.62304141806992
1	300	443.915760103342	4.5003699413454
1	302	448.416130044687	0.90375786628654
1	304	449.319887910974	0.40804992672363
1	306	449.727937837698	3.9683366440787
1	308	453.696274481777	4.5728833818544
1	310	458.269157863631	0.99500933029183
1	312	459.264167193923	1.572225281674
1	314	460.836392475597	0.85856502473762
1	316	461.694957500335	5.6960548981342
1	318	467.391012398469	1.5023352681132
1	320	468.893347666582	4.6878228069379
1	322	473.58117047352	0.38248492840154
1	324	473.963655401922	7.0161337633628
1	326	480.979789165285	1.5340762662983
1	328	482.513865431583	0.066495345685217
1	330	482.580360777268	0.38591226214405
1	332	482.966273039412	1.6946222764501
1	334	484.660895315862	0.19798197583625
1	336	484.858877291698	1.7856029791413
1	338	486.644480270839	2.0422915523464
1	340	488.686771823185	5.5466816164231
1	342	494.233453439608	1.2262513281177
1	344	495.459704767726	1.2512163363344
1	346	496.71092110406	2.9845871491433
1	348	499.695508253203	3.2795598200474
1	350	502.97506807325	1.370783320398
1	352	504.345851393648	1.5758449602965
1	354	505.921696353945	0.43460817865727
1	356	506.356304532602	1.2920514207761
1	358	507.648355953378	1.2905804518387
1	360	508.938936405217	1.8688989453152
1	362	510.807835350532	3.5807566040306
1	364	514.388591954563	1.4165355746432
1	366	515.805127529206	1.8599924828567
1	368	517.665120012063	9.6775160366811
1	370	527.342636048744	5.5351511831374
1	372	532.877787231881	6.7942229951805
1	374	539.672010227061	0.99446057276825
1	376	540.666470799829	0.80943276514452
1	378	541.475903564974	2.7586883016935
1	380	544.234591866667	1.0456743253147
1	382	545.280266191982	2.3714016279841
1	384	547.651667819966	2.9864086458777
1	386	550.638076465844	12.080376766017
1	388	562.718453231861	0.57418963882735
1	390	563.292642870688	0.37031016196273
1	392	563.662953032651	0.02598679371682
1	394	563.688939826368	0.10483353621422
1	396	563.793773362582	4.7920633986671
1	398	568.585836761249	0.35021732107345
1	400	568.936054082322	2.8457805894029
1	402	571.781834671725	6.358881598602
1	404	578.140716270327	1.8243384569643
1	406	579.965054727291	0.17762990782159
1	408	580.142684635113	3.9462811303386
1	410	584.088965765452	0.31530615031789
1	412	584.40427191577	10.098670513363
1	414	594.502942429133	0.26672364583459
1	416	594.769666074968	0.84412298748199
1	418	595.61378906245	2.3558478756224
1	420	597.969636938072	6.172307979713
2	81	104.427053910049	38
2	83	107.832421491101	39
2	85	108.747764996199	40
2	87	109.263946696466	41
2	89	112.33719653419	42
2	91	113.168238458039	43
2	93	118.416998211738	44
2	95	125.020970499287	45
2	97	125.894123535719	46
2	99	129.421203448171	47
2	101	131.393363578448	48
2	103	133.467376249266	49
2	105	135.799733189365	50
2	107	139.483765125044	51
2	109	139.958606733656	52
2	111	142.765983212827	53
2	113	146.384949752204	54
2	115	146.569433140418	55
2	117	149.056675829519	56
2	119	160.927571003672	57
2	121	161.064848039339	58
2	123	162.614265401329	59
2	125	163.760771045722	60
2	127	164.718200476591	61
2	129	167.717411820658	62
2	131	168.711947894671	63
2	133	169.326397291686	64
2	135	174.632157965232	65
2	137	175.034463269589	66
2	139	178.483319378206	67
2	141	180.03789871794	68
2	143	180.057891689897	69
2	145	181.011021139043	70
2	147	182.947503595306	71
2	149	198.901541620465	72
2	151	202.010729783903	73
2	153	208.178718259195	74
2	155	209.802535205721	75
2	157	213.700579409566	76
2	159	219.750760314477	77
2	161	220.389893267551	78
2	163	222.258899231412	79
2	165	224.503400756884	80
2	167	234.38566211093	81
2	169	237.945395282665	82
2	171	238.117990781866	83
2	173	246.141451782076	84
2	175	246.709083854449	85
2	177	248.531912871023	86
2	179	249.571130409373	87
2	181	254.36479140186	88
2	183	254.513426439424	89
2	185	255.499199296083	90
2	187	256.237286845873	91
2	189	257.008403583491	92
2	191	264.114953773758	93
2	193	265.865651572125	94
2	195	266.88590858473	95
2	197	270.805488141989	96
2	199	273.940547821565	97
2	201	278.123019785642	98
2	203	279.268267158618	99
2	205	282.072485701985	100
2	207	290.593333204725	101
2	209	291.55474124791	102
2	211	293.108245424164	103
2	213	298.195462041512	104
2	215	311.764054619893	105
2	217	311.959950027406	106
2	219	313.970519314967	107
2	221	315.044585884749	108
2	223	322.939247705531	109
2	225	325.837101889952	110
2	227	327.720008819841	111
2	229	328.380563891896	112
2	231	329.429418597057	113
2	233	330.314412752774	114
2	235	335.084850156993	115
2	237	337.801435458846	116
2	239	341.114319636367	117
2	241	353.421881831781	118
2	243	359.018069234448	119
2	245	359.335491575729	120
2	247	361.026303646283	121
2	249	361.472914565935	122
2	251	364.017967778136	123
2	253	369.188533664395	124
2	255	369.707739835688	125
2	257	369.895342419785	126
2	259	372.37920548395	127
2	261	374.953662187488	128
2	263	377.061878185494	129
2	265	378.172322740885	130
2	267	389.344373088241	131
2	269	390.770363951565	132
2	271	391.347443073814	133
2	273	396.034941094436	134
2	275	396.605598448315	135
2	277	401.052895894886	136
2	279	402.726741008821	137
2	281	404.622887338711	138
2	283	405.081231021682	139
2	285	419.752503678459	140
2	287	426.840025585591	141
2	289	427.502620557778	142
2	291	428.97478277748	143
2	293	435.105638238346	144
2	295	439.855357146563	145
2	297	440.44187185827	146
2	299	443.292718685272	147
2	301	443.915760103342	148
2	303	448.416130044687	149
2	305	449.319887910974	150
2	307	449.727937837698	151
2	309	453.696274481777	152
2	311	458.269157863631	153
2	313	459.264167193923	154
2	315	460.836392475597	155
2	317	461.694957500335	156
2	319	467.391012398469	157
2	321	468.893347666582	158
2	323	473.58117047352	159
2	325	473.963655401922	160
2	327	480.979789165285	161
2	329	482.513865431583	162
2	331	482.580360777268	163
2	333	482.966273039412	164
2	335	484.660895315862	165
2	337	484.858877291698	166
2	339	486.644480270839	167
2	341	488.686771823185	168
2	343	494.233453439608	169
2	345	495.459704767726	170
2	347	496.71092110406	171
2	349	499.695508253203	172
2	351	502.97506807325	173
2	353	504.345851393648	174
2	355	505.921696353945	175
2	357	506.356304532602	176
2	359	507.648355953378	177
2	361	508.938936405217	178
2	363	510.807835350532	179
2	365	514.388591954563	180
2	367	515.805127529206	181
2	369	517.665120012063	182
2	371	527.342636048744	183
2	373	532.877787231881	184
2	375	539.672010227061	185
2	377	540.666470799829	186
2	379	541.475903564974	187
2	381	544.234591866667	188
2	383	545.280266191982	189
2	385	547.651667819966	190
2	387	550.638076465844	191
2	389	562.718453231861	192
2	391	563.292642870688	193
2	393	563.662953032651	194
2	395	563.688939826368	195
2	397	563.793773362582	196
2	399	568.585836761249	197
2	401	568.936054082322	198
2	403	571.781834671725	199
2	405	578.140716270327	200
2	407	579.965054727291	201
2	409	580.142684635113	202
2	411	584.088965765452	203
2	413	584.40427191577	204
2	415	594.502942429133	205
2	417	594.769666074968	206
2	419	595.61378906245	207
2	421	597.969636938072	208
4	422	600	1.0030329558626
5	81	104.427053910049	39
5	83	107.832421491101	40
5	85	108.747764996199	41
5	87	109.263946696466	42
5	89	112.33719653419	43
5	91	113.168238458039	44
5	93	118.416998211738	45
5	95	125.020970499287	46
5	97	125.894123535719	47
5	99	129.421203448171	48
5	101	131.393363578448	49
5	103	133.467376249266	50
5	105	135.799733189365	51
5	107	139.483765125044	52
5	109	139.958606733656	53
5	111	142.765983212827	54
5	113	146.384949752204	55
5	115	146.569433140418	56
5	117	149.056675829519	57
5	119	160.927571003672	58
5	121	161.064848039339	59
5	123	162.614265401329	60
5	125	163.760771045722	61
5	127	164.718200476591	62
5	129	167.717411820658	63
5	131	168.711947894671	64
5	133	169.326397291686	65
5	135	174.632157965232	66
5	137	175.034463269589	67
5	139	178.483319378206	68
5	141	180.03789871794	69
5	143	180.057891689897	70
5	145	181.011021139043	71
5	147	182.947503595306	72
5	149	198.901541620465	73
5	151	202.010729783903	74
5	153	208.178718259195	75
5	155	209.802535205721	76
5	157	213.700579409566	77
5	159	219.750760314477	78
5	161	220.389893267551	79
5	163	222.258899231412	80
5	165	224.503400756884	81
5	167	234.38566211093	82
5	169	237.945395282665	83
5	171	238.117990781866	84
5	173	246.141451782076	85
5	175	246.709083854449	86
5	177	248.531912871023	87
5	179	249.571130409373	88
5	181	254.36479140186	89
5	183	254.513426439424	90
5	185	255.499199296083	91
5	187	256.237286845873	92
5	189	257.008403583491	93
5	191	264.114953773758	94
5	193	265.865651572125	95
5	195	266.88590858473	96
5	197	270.805488141989	97
5	199	273.940547821565	98
5	201	278.123019785642	99
5	203	279.268267158618	100
5	205	282.072485701985	101
5	207	290.593333204725	102
5	209	291.55474124791	103
5	211	293.108245424164	104
5	213	298.195462041512	105
5	215	311.764054619893	106
5	217	311.959950027406	107
5	219	313.970519314967	108
5	221	315.044585884749	109
5	223	322.939247705531	110
5	225	325.837101889952	111
5	227	327.720008819841	112
5	229	328.380563891896	113
5	231	329.429418597057	114
5	233	330.314412752774	115
5	235	335.084850156993	116
5	237	337.801435458846	117
5	239	341.114319636367	118
5	241	353.421881831781	119
5	243	359.018069234448	120
5	245	359.335491575729	121
5	247	361.026303646283	122
5	249	361.472914565935	123
5	251	364.017967778136	124
5	253	369.188533664395	125
5	255	369.707739835688	126
5	257	369.895342419785	127
5	259	372.37920548395	128
5	261	374.953662187488	129
5	263	377.061878185494	130
5	265	378.172322740885	131
5	267	389.344373088241	132
5	269	390.770363951565	133
5	271	391.347443073814	134
5	273	396.034941094436	135
5	275	396.605598448315	136
5	277	401.052895894886	137
5	279	402.726741008821	138
5	281	404.622887338711	139
5	283	405.081231021682	140
5	285	419.752503678459	141
5	287	426.840025585591	142
5	289	427.502620557778	143
5	291	428.97478277748	144
5	293	435.105638238346	145
5	295	439.855357146563	146
5	297	440.44187185827	147
5	299	443.292718685272	148
5	301	443.915760103342	149
5	303	448.416130044687	150
5	305	449.319887910974	151
5	307	449.727937837698	152
5	309	453.696274481777	153
5	311	458.269157863631	154
5	313	459.264167193923	155
5	315	460.836392475597	156
5	317	461.694957500335	157
5	319	467.391012398469	158
5	321	468.893347666582	159
5	323	473.58117047352	160
5	325	473.963655401922	161
5	327	480.979789165285	162
5	329	482.513865431583	163
5	331	482.580360777268	164
5	333	482.966273039412	165
5	335	484.660895315862	166
5	337	484.858877291698	167
5	339	486.644480270839	168
5	341	488.686771823185	169
5	343	494.233453439608	170
5	345	495.459704767726	171
5	347	496.71092110406	172
5	349	499.695508253203	173
5	351	502.97506807325	174
5	353	504.345851393648	175
5	355	505.921696353945	176
5	357	506.356304532602	177
5	359	507.648355953378	178
5	361	508.938936405217	179
5	363	510.807835350532	180
5	365	514.388591954563	181
5	367	515.805127529206	182
5	369	517.665120012063	183
5	371	527.342636048744	184
5	373	532.877787231881	185
5	375	539.672010227061	186
5	377	540.666470799829	187
5	379	541.475903564974	188
5	381	544.234591866667	189
5	383	545.280266191982	190
5	385	547.651667819966	191
5	387	550.638076465844	192
5	389	562.718453231861	193
5	391	563.292642870688	194
5	393	563.662953032651	195
5	395	563.688939826368	196
5	397	563.793773362582	197
5	399	568.585836761249	198
5	401	568.936054082322	199
5	403	571.781834671725	200
5	405	578.140716270327	201
5	407	579.965054727291	202
5	409	580.142684635113	203
5	411	584.088965765452	204
5	413	584.40427191577	205
5	415	594.502942429133	206
5	417	594.769666074968	207
5	419	595.61378906245	208
5	421	597.969636938072	209

