version 3
run ParameterStudy-127-20251130-20:03:57-476
attr configname ParameterStudy
attr datetime 20251130-20:03:57
attr datetimef 20251130-200357
attr experiment ParameterStudy
attr inifile omnetpp.ini
attr iterationvars $betaProducer=3.5s
attr iterationvarsd betaProducer=3.5s
attr iterationvarsf betaProducer=3.5s-
attr measurement $betaProducer=3.5s
attr network queue_sim
attr processid 476
attr repetition 2
attr replication #2
attr resultdir results
attr runnumber 127
attr seedset 127
itervar betaProducer 3.5s
config description "Parameter study: β_producer = 1s to 10s (0.1s steps), β_service = 1s, 5 repetitions"
config *.serviceUnit.meanServiceTime 1s
config *.producer.warmupPeriod 100s
config *.queue.warmupPeriod 100s
config *.serviceUnit.warmupPeriod 100s
config *.sink.warmupPeriod 100s
config *.producer.meanInterArrivalTime 3.5s
config network queue_sim
config sim-time-limit 600s
config warmup-period 100s
config repeat 5
config **.vector-recording true
config **.scalar-recording true
config debug-on-errors true

vector 0 queue_sim.producer jobGenerated:vector ETV
attr recordingmode vector
attr title "Jobs Generated"
vector 1 queue_sim.producer interArrivalTime:vector ETV
attr recordingmode vector
attr title "Inter-arrival Time"
attr unit s
vector 2 queue_sim.queue queueLength:vector ETV
attr recordingmode vector
attr title "Queue Length"
vector 3 queue_sim.queue queueingDelay:vector ETV
attr recordingmode vector
attr title "Queueing Delay"
attr unit s
vector 4 queue_sim.queue queueUtilization:vector ETV
attr recordingmode vector
attr title "Queue Utilization"
vector 5 queue_sim.queue systemSize:vector ETV
attr recordingmode vector
attr title "System Size"
vector 6 queue_sim.serviceUnit serviceTime:vector ETV
attr recordingmode vector
attr title "Service Time"
attr unit s
vector 7 queue_sim.serviceUnit utilization:vector ETV
attr recordingmode vector
attr title "Server Utilization"
vector 8 queue_sim.sink jobCompleted:vector ETV
attr recordingmode vector
attr title "Jobs Completed"
vector 9 queue_sim.sink totalDelay:vector ETV
attr recordingmode vector
attr title "Total System Delay"
attr unit s
0	74	100.637389000935	36
0	76	100.983605203401	37
0	78	106.236863185331	38
0	80	109.744130576016	39
0	82	111.967775504896	40
0	84	113.051030847019	41
0	86	113.88446648706	42
0	88	122.572082785089	43
0	90	125.279699536044	44
0	92	125.757174886898	45
0	94	126.852472882278	46
0	96	127.101218020582	47
0	98	134.829993831341	48
0	100	138.735884575823	49
0	102	138.846436730607	50
0	104	139.638020090305	51
0	106	140.094305930856	52
0	108	142.395723408548	53
0	110	143.477694167044	54
0	112	144.425998940333	55
0	114	158.715228451692	56
0	116	164.223378193968	57
0	118	164.367116552143	58
0	120	165.849900220774	59
0	122	166.557336786322	60
0	124	177.333278266546	61
0	126	179.970634293381	62
0	128	183.180222385393	63
0	130	192.390515810913	64
0	132	194.132518505889	65
0	134	195.061542412838	66
0	136	198.62310445311	67
0	138	200.603034892419	68
0	140	208.066644741983	69
0	142	209.015276869063	70
0	144	209.80653533133	71
0	146	213.646520032403	72
0	148	216.83328011123	73
0	150	221.677066473014	74
0	152	223.611712403232	75
0	154	224.582127280374	76
0	156	225.367333812971	77
0	158	231.222982367441	78
0	160	231.842131029575	79
0	162	235.336694293022	80
0	164	237.673598594325	81
0	166	242.213166960013	82
0	168	242.338518247171	83
0	170	243.895729416747	84
0	172	245.745345546783	85
0	174	254.118673653804	86
0	176	260.979433265505	87
0	178	261.104365015305	88
0	180	262.872163204897	89
0	182	266.859179065525	90
0	184	267.829447077653	91
0	186	270.54675252116	92
0	188	280.198800430105	93
0	190	288.587241723354	94
0	192	293.5058444611	95
0	194	299.515489865376	96
0	196	317.765292216964	97
0	198	320.757380096541	98
0	200	321.184931291163	99
0	202	326.614132754155	100
0	204	327.222120489106	101
0	206	329.221190117953	102
0	208	333.441239002231	103
0	210	333.887878439994	104
0	212	336.485674641885	105
0	214	338.751741498064	106
0	216	339.423161485037	107
0	218	342.766335201425	108
0	220	344.77740447559	109
0	222	346.036621949524	110
0	224	350.223940387281	111
0	226	357.461945748991	112
0	228	359.985368019899	113
0	230	360.443282699605	114
0	232	364.789246792937	115
0	234	367.041931919133	116
0	236	368.251763610332	117
0	238	371.510583868376	118
0	240	373.029708979573	119
0	242	373.412129064305	120
0	244	374.706775076238	121
0	246	381.925165278069	122
0	248	386.425520208371	123
0	250	388.393174112291	124
0	252	389.02272297254	125
0	254	389.749625886968	126
0	256	390.659507332189	127
0	258	392.357448929209	128
0	260	392.904463332116	129
0	262	400.364185787655	130
0	264	401.126961210284	131
0	266	407.048710620775	132
0	268	409.510213265482	133
0	270	414.537159534869	134
0	272	415.649548434449	135
0	274	417.324485425357	136
0	276	418.299151897126	137
0	278	418.800540193541	138
0	280	420.282654092925	139
0	282	426.560700767723	140
0	284	442.503508827818	141
0	286	444.236704506735	142
0	288	448.439587501215	143
0	290	449.148951043371	144
0	292	451.592249484329	145
0	294	454.479129910637	146
0	296	458.469200607204	147
0	298	463.171242295893	148
0	300	471.900698153677	149
0	302	473.63239041472	150
0	304	479.56020377071	151
0	306	480.534634981838	152
0	308	491.572095148876	153
0	310	491.887227216884	154
0	312	497.763389086017	155
0	314	497.847192243006	156
0	316	499.091103783095	157
0	318	500.108022727162	158
0	320	501.468966724254	159
0	322	502.180499545639	160
0	324	506.13272149498	161
0	326	517.240165969892	162
0	328	517.399238865299	163
0	330	518.57051604092	164
0	332	522.945106506639	165
0	334	546.330451458296	166
0	336	548.563358270507	167
0	338	550.808169467373	168
0	340	554.382748019392	169
0	342	556.815906938293	170
0	344	559.285628178235	171
0	346	560.187831583966	172
0	348	560.821862017258	173
0	350	561.090416258694	174
0	352	562.963678987829	175
0	354	567.905103420996	176
0	356	575.31662445386	177
0	358	576.088360916884	178
0	360	582.996921654266	179
0	362	583.440058279044	180
0	364	585.312987756962	181
0	366	587.049434560665	182
0	368	590.909279853338	183
0	370	592.883216462045	184
0	372	597.830929065038	185
1	74	100.637389000935	0.34621620246575
1	76	100.983605203401	5.2532579819295
1	78	106.236863185331	3.5072673906855
1	80	109.744130576016	2.2236449288802
1	82	111.967775504896	1.083255342123
1	84	113.051030847019	0.83343564004055
1	86	113.88446648706	8.6876162980294
1	88	122.572082785089	2.7076167509554
1	90	125.279699536044	0.47747535085355
1	92	125.757174886898	1.0952979953804
1	94	126.852472882278	0.24874513830378
1	96	127.101218020582	7.7287758107591
1	98	134.829993831341	3.9058907444818
1	100	138.735884575823	0.11055215478436
1	102	138.846436730607	0.79158335969845
1	104	139.638020090305	0.4562858405506
1	106	140.094305930856	2.3014174776922
1	108	142.395723408548	1.0819707584957
1	110	143.477694167044	0.94830477328858
1	112	144.425998940333	14.289229511359
1	114	158.715228451692	5.5081497422757
1	116	164.223378193968	0.14373835817503
1	118	164.367116552143	1.4827836686313
1	120	165.849900220774	0.70743656554786
1	122	166.557336786322	10.775941480224
1	124	177.333278266546	2.6373560268354
1	126	179.970634293381	3.2095880920123
1	128	183.180222385393	9.2102934255197
1	130	192.390515810913	1.7420026949755
1	132	194.132518505889	0.92902390694896
1	134	195.061542412838	3.5615620402723
1	136	198.62310445311	1.9799304393092
1	138	200.603034892419	7.4636098495638
1	140	208.066644741983	0.94863212707978
1	142	209.015276869063	0.79125846226668
1	144	209.80653533133	3.839984701073
1	146	213.646520032403	3.1867600788274
1	148	216.83328011123	4.8437863617837
1	150	221.677066473014	1.9346459302181
1	152	223.611712403232	0.97041487714228
1	154	224.582127280374	0.78520653259737
1	156	225.367333812971	5.8556485544697
1	158	231.222982367441	0.61914866213411
1	160	231.842131029575	3.4945632634471
1	162	235.336694293022	2.3369043013032
1	164	237.673598594325	4.5395683656881
1	166	242.213166960013	0.12535128715826
1	168	242.338518247171	1.5572111695762
1	170	243.895729416747	1.8496161300363
1	172	245.745345546783	8.3733281070209
1	174	254.118673653804	6.8607596117008
1	176	260.979433265505	0.12493174980027
1	178	261.104365015305	1.7677981895921
1	180	262.872163204897	3.9870158606275
1	182	266.859179065525	0.97026801212824
1	184	267.829447077653	2.7173054435075
1	186	270.54675252116	9.6520479089453
1	188	280.198800430105	8.3884412932488
1	190	288.587241723354	4.9186027377459
1	192	293.5058444611	6.009645404276
1	194	299.515489865376	18.249802351588
1	196	317.765292216964	2.9920878795766
1	198	320.757380096541	0.42755119462175
1	200	321.184931291163	5.4292014629919
1	202	326.614132754155	0.60798773495138
1	204	327.222120489106	1.999069628847
1	206	329.221190117953	4.2200488842783
1	208	333.441239002231	0.44663943776289
1	210	333.887878439994	2.5977962018912
1	212	336.485674641885	2.2660668561792
1	214	338.751741498064	0.67141998697333
1	216	339.423161485037	3.3431737163877
1	218	342.766335201425	2.0110692741648
1	220	344.77740447559	1.2592174739338
1	222	346.036621949524	4.1873184377571
1	224	350.223940387281	7.2380053617104
1	226	357.461945748991	2.5234222709082
1	228	359.985368019899	0.45791467970592
1	230	360.443282699605	4.3459640933315
1	232	364.789246792937	2.2526851261961
1	234	367.041931919133	1.2098316911989
1	236	368.251763610332	3.2588202580437
1	238	371.510583868376	1.5191251111968
1	240	373.029708979573	0.38242008473174
1	242	373.412129064305	1.2946460119331
1	244	374.706775076238	7.2183902018306
1	246	381.925165278069	4.5003549303015
1	248	386.425520208371	1.9676539039196
1	250	388.393174112291	0.62954886024874
1	252	389.02272297254	0.72690291442824
1	254	389.749625886968	0.90988144522119
1	256	390.659507332189	1.6979415970197
1	258	392.357448929209	0.54701440290688
1	260	392.904463332116	7.4597224555394
1	262	400.364185787655	0.76277542262854
1	264	401.126961210284	5.9217494104908
1	266	407.048710620775	2.4615026447073
1	268	409.510213265482	5.0269462693874
1	270	414.537159534869	1.11238889958
1	272	415.649548434449	1.674936990908
1	274	417.324485425357	0.97466647176871
1	276	418.299151897126	0.50138829641489
1	278	418.800540193541	1.4821138993836
1	280	420.282654092925	6.2780466747981
1	282	426.560700767723	15.942808060095
1	284	442.503508827818	1.7331956789169
1	286	444.236704506735	4.2028829944795
1	288	448.439587501215	0.70936354215589
1	290	449.148951043371	2.4432984409577
1	292	451.592249484329	2.8868804263078
1	294	454.479129910637	3.9900706965671
1	296	458.469200607204	4.7020416886892
1	298	463.171242295893	8.7294558577838
1	300	471.900698153677	1.7316922610432
1	302	473.63239041472	5.9278133559903
1	304	479.56020377071	0.97443121112767
1	306	480.534634981838	11.037460167038
1	308	491.572095148876	0.31513206800755
1	310	491.887227216884	5.8761618691325
1	312	497.763389086017	0.083803156988848
1	314	497.847192243006	1.2439115400888
1	316	499.091103783095	1.016918944067
1	318	500.108022727162	1.360943997092
1	320	501.468966724254	0.71153282138498
1	322	502.180499545639	3.9522219493414
1	324	506.13272149498	11.107444474912
1	326	517.240165969892	0.15907289540748
1	328	517.399238865299	1.1712771756209
1	330	518.57051604092	4.3745904657189
1	332	522.945106506639	23.385344951657
1	334	546.330451458296	2.2329068122105
1	336	548.563358270507	2.2448111968659
1	338	550.808169467373	3.5745785520194
1	340	554.382748019392	2.4331589189014
1	342	556.815906938293	2.4697212399418
1	344	559.285628178235	0.90220340573143
1	346	560.187831583966	0.63403043329214
1	348	560.821862017258	0.26855424143577
1	350	561.090416258694	1.8732627291349
1	352	562.963678987829	4.9414244331673
1	354	567.905103420996	7.4115210328636
1	356	575.31662445386	0.77173646302428
1	358	576.088360916884	6.9085607373823
1	360	582.996921654266	0.44313662477849
1	362	583.440058279044	1.872929477918
1	364	585.312987756962	1.7364468037033
1	366	587.049434560665	3.8598452926728
1	368	590.909279853338	1.9739366087066
1	370	592.883216462045	4.9477126029934
1	372	597.830929065038	4.4064003638147
2	75	100.637389000935	35
2	77	100.983605203401	36
2	79	106.236863185331	37
2	81	109.744130576016	38
2	83	111.967775504896	39
2	85	113.051030847019	40
2	87	113.88446648706	41
2	89	122.572082785089	42
2	91	125.279699536044	43
2	93	125.757174886898	44
2	95	126.852472882278	45
2	97	127.101218020582	46
2	99	134.829993831341	47
2	101	138.735884575823	48
2	103	138.846436730607	49
2	105	139.638020090305	50
2	107	140.094305930856	51
2	109	142.395723408548	52
2	111	143.477694167044	53
2	113	144.425998940333	54
2	115	158.715228451692	55
2	117	164.223378193968	56
2	119	164.367116552143	57
2	121	165.849900220774	58
2	123	166.557336786322	59
2	125	177.333278266546	60
2	127	179.970634293381	61
2	129	183.180222385393	62
2	131	192.390515810913	63
2	133	194.132518505889	64
2	135	195.061542412838	65
2	137	198.62310445311	66
2	139	200.603034892419	67
2	141	208.066644741983	68
2	143	209.015276869063	69
2	145	209.80653533133	70
2	147	213.646520032403	71
2	149	216.83328011123	72
2	151	221.677066473014	73
2	153	223.611712403232	74
2	155	224.582127280374	75
2	157	225.367333812971	76
2	159	231.222982367441	77
2	161	231.842131029575	78
2	163	235.336694293022	79
2	165	237.673598594325	80
2	167	242.213166960013	81
2	169	242.338518247171	82
2	171	243.895729416747	83
2	173	245.745345546783	84
2	175	254.118673653804	85
2	177	260.979433265505	86
2	179	261.104365015305	87
2	181	262.872163204897	88
2	183	266.859179065525	89
2	185	267.829447077653	90
2	187	270.54675252116	91
2	189	280.198800430105	92
2	191	288.587241723354	93
2	193	293.5058444611	94
2	195	299.515489865376	95
2	197	317.765292216964	96
2	199	320.757380096541	97
2	201	321.184931291163	98
2	203	326.614132754155	99
2	205	327.222120489106	100
2	207	329.221190117953	101
2	209	333.441239002231	102
2	211	333.887878439994	103
2	213	336.485674641885	104
2	215	338.751741498064	105
2	217	339.423161485037	106
2	219	342.766335201425	107
2	221	344.77740447559	108
2	223	346.036621949524	109
2	225	350.223940387281	110
2	227	357.461945748991	111
2	229	359.985368019899	112
2	231	360.443282699605	113
2	233	364.789246792937	114
2	235	367.041931919133	115
2	237	368.251763610332	116
2	239	371.510583868376	117
2	241	373.029708979573	118
2	243	373.412129064305	119
2	245	374.706775076238	120
2	247	381.925165278069	121
2	249	386.425520208371	122
2	251	388.393174112291	123
2	253	389.02272297254	124
2	255	389.749625886968	125
2	257	390.659507332189	126
2	259	392.357448929209	127
2	261	392.904463332116	128
2	263	400.364185787655	129
2	265	401.126961210284	130
2	267	407.048710620775	131
2	269	409.510213265482	132
2	271	414.537159534869	133
2	273	415.649548434449	134
2	275	417.324485425357	135
2	277	418.299151897126	136
2	279	418.800540193541	137
2	281	420.282654092925	138
2	283	426.560700767723	139
2	285	442.503508827818	140
2	287	444.236704506735	141
2	289	448.439587501215	142
2	291	449.148951043371	143
2	293	451.592249484329	144
2	295	454.479129910637	145
2	297	458.469200607204	146
2	299	463.171242295893	147
2	301	471.900698153677	148
2	303	473.63239041472	149
2	305	479.56020377071	150
2	307	480.534634981838	151
2	309	491.572095148876	152
2	311	491.887227216884	153
2	313	497.763389086017	154
2	315	497.847192243006	155
2	317	499.091103783095	156
2	319	500.108022727162	157
2	321	501.468966724254	158
2	323	502.180499545639	159
2	325	506.13272149498	160
2	327	517.240165969892	161
2	329	517.399238865299	162
2	331	518.57051604092	163
2	333	522.945106506639	164
2	335	546.330451458296	165
2	337	548.563358270507	166
2	339	550.808169467373	167
2	341	554.382748019392	168
2	343	556.815906938293	169
2	345	559.285628178235	170
2	347	560.187831583966	171
2	349	560.821862017258	172
2	351	561.090416258694	173
2	353	562.963678987829	174
2	355	567.905103420996	175
2	357	575.31662445386	176
2	359	576.088360916884	177
2	361	582.996921654266	178
2	363	583.440058279044	179
2	365	585.312987756962	180
2	367	587.049434560665	181
2	369	590.909279853338	182
2	371	592.883216462045	183
2	373	597.830929065038	184
4	374	600	1.0019983899554
5	75	100.637389000935	36
5	77	100.983605203401	37
5	79	106.236863185331	38
5	81	109.744130576016	39
5	83	111.967775504896	40
5	85	113.051030847019	41
5	87	113.88446648706	42
5	89	122.572082785089	43
5	91	125.279699536044	44
5	93	125.757174886898	45
5	95	126.852472882278	46
5	97	127.101218020582	47
5	99	134.829993831341	48
5	101	138.735884575823	49
5	103	138.846436730607	50
5	105	139.638020090305	51
5	107	140.094305930856	52
5	109	142.395723408548	53
5	111	143.477694167044	54
5	113	144.425998940333	55
5	115	158.715228451692	56
5	117	164.223378193968	57
5	119	164.367116552143	58
5	121	165.849900220774	59
5	123	166.557336786322	60
5	125	177.333278266546	61
5	127	179.970634293381	62
5	129	183.180222385393	63
5	131	192.390515810913	64
5	133	194.132518505889	65
5	135	195.061542412838	66
5	137	198.62310445311	67
5	139	200.603034892419	68
5	141	208.066644741983	69
5	143	209.015276869063	70
5	145	209.80653533133	71
5	147	213.646520032403	72
5	149	216.83328011123	73
5	151	221.677066473014	74
5	153	223.611712403232	75
5	155	224.582127280374	76
5	157	225.367333812971	77
5	159	231.222982367441	78
5	161	231.842131029575	79
5	163	235.336694293022	80
5	165	237.673598594325	81
5	167	242.213166960013	82
5	169	242.338518247171	83
5	171	243.895729416747	84
5	173	245.745345546783	85
5	175	254.118673653804	86
5	177	260.979433265505	87
5	179	261.104365015305	88
5	181	262.872163204897	89
5	183	266.859179065525	90
5	185	267.829447077653	91
5	187	270.54675252116	92
5	189	280.198800430105	93
5	191	288.587241723354	94
5	193	293.5058444611	95
5	195	299.515489865376	96
5	197	317.765292216964	97
5	199	320.757380096541	98
5	201	321.184931291163	99
5	203	326.614132754155	100
5	205	327.222120489106	101
5	207	329.221190117953	102
5	209	333.441239002231	103
5	211	333.887878439994	104
5	213	336.485674641885	105
5	215	338.751741498064	106
5	217	339.423161485037	107
5	219	342.766335201425	108
5	221	344.77740447559	109
5	223	346.036621949524	110
5	225	350.223940387281	111
5	227	357.461945748991	112
5	229	359.985368019899	113
5	231	360.443282699605	114
5	233	364.789246792937	115
5	235	367.041931919133	116
5	237	368.251763610332	117
5	239	371.510583868376	118
5	241	373.029708979573	119
5	243	373.412129064305	120
5	245	374.706775076238	121
5	247	381.925165278069	122
5	249	386.425520208371	123
5	251	388.393174112291	124
5	253	389.02272297254	125
5	255	389.749625886968	126
5	257	390.659507332189	127
5	259	392.357448929209	128
5	261	392.904463332116	129
5	263	400.364185787655	130
5	265	401.126961210284	131
5	267	407.048710620775	132
5	269	409.510213265482	133
5	271	414.537159534869	134
5	273	415.649548434449	135
5	275	417.324485425357	136
5	277	418.299151897126	137
5	279	418.800540193541	138
5	281	420.282654092925	139
5	283	426.560700767723	140
5	285	442.503508827818	141
5	287	444.236704506735	142
5	289	448.439587501215	143
5	291	449.148951043371	144
5	293	451.592249484329	145
5	295	454.479129910637	146
5	297	458.469200607204	147
5	299	463.171242295893	148
5	301	471.900698153677	149
5	303	473.63239041472	150
5	305	479.56020377071	151
5	307	480.534634981838	152
5	309	491.572095148876	153
5	311	491.887227216884	154
5	313	497.763389086017	155
5	315	497.847192243006	156
5	317	499.091103783095	157
5	319	500.108022727162	158
5	321	501.468966724254	159
5	323	502.180499545639	160
5	325	506.13272149498	161
5	327	517.240165969892	162
5	329	517.399238865299	163
5	331	518.57051604092	164
5	333	522.945106506639	165
5	335	546.330451458296	166
5	337	548.563358270507	167
5	339	550.808169467373	168
5	341	554.382748019392	169
5	343	556.815906938293	170
5	345	559.285628178235	171
5	347	560.187831583966	172
5	349	560.821862017258	173
5	351	561.090416258694	174
5	353	562.963678987829	175
5	355	567.905103420996	176
5	357	575.31662445386	177
5	359	576.088360916884	178
5	361	582.996921654266	179
5	363	583.440058279044	180
5	365	585.312987756962	181
5	367	587.049434560665	182
5	369	590.909279853338	183
5	371	592.883216462045	184
5	373	597.830929065038	185

