version 3
run ParameterStudy-305-20251130-20:04:00-476
attr configname ParameterStudy
attr datetime 20251130-20:04:00
attr datetimef 20251130-200400
attr experiment ParameterStudy
attr inifile omnetpp.ini
attr iterationvars $betaProducer=7.1s
attr iterationvarsd betaProducer=7.1s
attr iterationvarsf betaProducer=7.1s-
attr measurement $betaProducer=7.1s
attr network queue_sim
attr processid 476
attr repetition 0
attr replication #0
attr resultdir results
attr runnumber 305
attr seedset 305
itervar betaProducer 7.1s
config description "Parameter study: β_producer = 1s to 10s (0.1s steps), β_service = 1s, 5 repetitions"
config *.serviceUnit.meanServiceTime 1s
config *.producer.warmupPeriod 100s
config *.queue.warmupPeriod 100s
config *.serviceUnit.warmupPeriod 100s
config *.sink.warmupPeriod 100s
config *.producer.meanInterArrivalTime 7.1s
config network queue_sim
config sim-time-limit 600s
config warmup-period 100s
config repeat 5
config **.vector-recording true
config **.scalar-recording true
config debug-on-errors true

vector 0 queue_sim.producer jobGenerated:vector ETV
attr recordingmode vector
attr title "Jobs Generated"
vector 1 queue_sim.producer interArrivalTime:vector ETV
attr recordingmode vector
attr title "Inter-arrival Time"
attr unit s
vector 2 queue_sim.queue queueLength:vector ETV
attr recordingmode vector
attr title "Queue Length"
vector 3 queue_sim.queue queueingDelay:vector ETV
attr recordingmode vector
attr title "Queueing Delay"
attr unit s
vector 4 queue_sim.queue queueUtilization:vector ETV
attr recordingmode vector
attr title "Queue Utilization"
vector 5 queue_sim.queue systemSize:vector ETV
attr recordingmode vector
attr title "System Size"
vector 6 queue_sim.serviceUnit serviceTime:vector ETV
attr recordingmode vector
attr title "Service Time"
attr unit s
vector 7 queue_sim.serviceUnit utilization:vector ETV
attr recordingmode vector
attr title "Server Utilization"
vector 8 queue_sim.sink jobCompleted:vector ETV
attr recordingmode vector
attr title "Jobs Completed"
vector 9 queue_sim.sink totalDelay:vector ETV
attr recordingmode vector
attr title "Total System Delay"
attr unit s
0	30	116.362611237515	14
0	32	120.534803330374	15
0	34	133.9816563015	16
0	36	147.062652192982	17
0	38	153.041901871442	18
0	40	156.284741910177	19
0	42	162.480475869075	20
0	44	169.026805058701	21
0	46	184.458213356191	22
0	48	190.802433208394	23
0	50	193.337640321735	24
0	52	193.683814749702	25
0	54	206.993302205785	26
0	56	215.067252891923	27
0	58	241.157678179208	28
0	60	241.607093284166	29
0	62	249.242512995013	30
0	64	255.09446221803	31
0	66	257.171491755429	32
0	68	263.524805008704	33
0	70	266.876814925686	34
0	72	267.489443357093	35
0	74	267.986958951869	36
0	76	290.550083970967	37
0	78	326.374005765458	38
0	80	326.612890970261	39
0	82	337.945515153624	40
0	84	343.153584489006	41
0	86	345.455486788781	42
0	88	353.268754627664	43
0	90	355.147472953534	44
0	92	355.555178838702	45
0	94	371.692527163593	46
0	96	372.203430896607	47
0	98	383.213140877593	48
0	100	384.303584814335	49
0	102	399.762802850956	50
0	104	410.760071365661	51
0	106	415.165265105899	52
0	108	423.62032091072	53
0	110	429.049138654028	54
0	112	435.604288146008	55
0	114	438.814208086761	56
0	116	445.99956125562	57
0	118	452.325988084739	58
0	120	457.397280263467	59
0	122	457.867822062421	60
0	124	459.824637215902	61
0	126	471.363707505753	62
0	128	475.201785404015	63
0	130	480.721223557987	64
0	132	485.437100858111	65
0	134	502.246068673826	66
0	136	511.290843746099	67
0	138	513.718211388865	68
0	140	517.199352312439	69
0	142	520.471588004483	70
0	144	525.176686050831	71
0	146	525.483875338977	72
0	148	544.75951881554	73
0	150	564.057862699945	74
0	152	575.153869451097	75
0	154	577.2649382712	76
0	156	584.249725489171	77
0	158	589.259117410443	78
1	30	116.362611237515	4.1721920928593
1	32	120.534803330374	13.446852971126
1	34	133.9816563015	13.080995891482
1	36	147.062652192982	5.9792496784597
1	38	153.041901871442	3.2428400387346
1	40	156.284741910177	6.1957339588983
1	42	162.480475869075	6.5463291896256
1	44	169.026805058701	15.43140829749
1	46	184.458213356191	6.3442198522032
1	48	190.802433208394	2.535207113341
1	50	193.337640321735	0.34617442796714
1	52	193.683814749702	13.309487456083
1	54	206.993302205785	8.0739506861378
1	56	215.067252891923	26.090425287285
1	58	241.157678179208	0.44941510495783
1	60	241.607093284166	7.6354197108467
1	62	249.242512995013	5.8519492230165
1	64	255.09446221803	2.0770295373986
1	66	257.171491755429	6.353313253275
1	68	263.524805008704	3.3520099169815
1	70	266.876814925686	0.61262843140686
1	72	267.489443357093	0.49751559477608
1	74	267.986958951869	22.563125019098
1	76	290.550083970967	35.823921794491
1	78	326.374005765458	0.23888520480299
1	80	326.612890970261	11.332624183363
1	82	337.945515153624	5.2080693353823
1	84	343.153584489006	2.3019022997746
1	86	345.455486788781	7.813267838883
1	88	353.268754627664	1.8787183258702
1	90	355.147472953534	0.40770588516809
1	92	355.555178838702	16.137348324891
1	94	371.692527163593	0.51090373301421
1	96	372.203430896607	11.009709980986
1	98	383.213140877593	1.0904439367415
1	100	384.303584814335	15.459218036621
1	102	399.762802850956	10.997268514705
1	104	410.760071365661	4.405193740238
1	106	415.165265105899	8.4550558048213
1	108	423.62032091072	5.4288177433076
1	110	429.049138654028	6.5551494919802
1	112	435.604288146008	3.2099199407526
1	114	438.814208086761	7.1853531688592
1	116	445.99956125562	6.3264268291185
1	118	452.325988084739	5.0712921787277
1	120	457.397280263467	0.47054179895408
1	122	457.867822062421	1.9568151534809
1	124	459.824637215902	11.539070289851
1	126	471.363707505753	3.8380778982618
1	128	475.201785404015	5.519438153972
1	130	480.721223557987	4.7158773001242
1	132	485.437100858111	16.808967815715
1	134	502.246068673826	9.0447750722726
1	136	511.290843746099	2.4273676427664
1	138	513.718211388865	3.4811409235742
1	140	517.199352312439	3.272235692044
1	142	520.471588004483	4.7050980463481
1	144	525.176686050831	0.30718928814632
1	146	525.483875338977	19.275643476563
1	148	544.75951881554	19.298343884405
1	150	564.057862699945	11.096006751152
1	152	575.153869451097	2.111068820103
1	154	577.2649382712	6.9847872179714
1	156	584.249725489171	5.0093919212724
1	158	589.259117410443	12.862764118082
2	31	116.362611237515	13
2	33	120.534803330374	14
2	35	133.9816563015	15
2	37	147.062652192982	16
2	39	153.041901871442	17
2	41	156.284741910177	18
2	43	162.480475869075	19
2	45	169.026805058701	20
2	47	184.458213356191	21
2	49	190.802433208394	22
2	51	193.337640321735	23
2	53	193.683814749702	24
2	55	206.993302205785	25
2	57	215.067252891923	26
2	59	241.157678179208	27
2	61	241.607093284166	28
2	63	249.242512995013	29
2	65	255.09446221803	30
2	67	257.171491755429	31
2	69	263.524805008704	32
2	71	266.876814925686	33
2	73	267.489443357093	34
2	75	267.986958951869	35
2	77	290.550083970967	36
2	79	326.374005765458	37
2	81	326.612890970261	38
2	83	337.945515153624	39
2	85	343.153584489006	40
2	87	345.455486788781	41
2	89	353.268754627664	42
2	91	355.147472953534	43
2	93	355.555178838702	44
2	95	371.692527163593	45
2	97	372.203430896607	46
2	99	383.213140877593	47
2	101	384.303584814335	48
2	103	399.762802850956	49
2	105	410.760071365661	50
2	107	415.165265105899	51
2	109	423.62032091072	52
2	111	429.049138654028	53
2	113	435.604288146008	54
2	115	438.814208086761	55
2	117	445.99956125562	56
2	119	452.325988084739	57
2	121	457.397280263467	58
2	123	457.867822062421	59
2	125	459.824637215902	60
2	127	471.363707505753	61
2	129	475.201785404015	62
2	131	480.721223557987	63
2	133	485.437100858111	64
2	135	502.246068673826	65
2	137	511.290843746099	66
2	139	513.718211388865	67
2	141	517.199352312439	68
2	143	520.471588004483	69
2	145	525.176686050831	70
2	147	525.483875338977	71
2	149	544.75951881554	72
2	151	564.057862699945	73
2	153	575.153869451097	74
2	155	577.2649382712	75
2	157	584.249725489171	76
2	159	589.259117410443	77
4	160	600	1.0079166311808
5	31	116.362611237515	14
5	33	120.534803330374	15
5	35	133.9816563015	16
5	37	147.062652192982	17
5	39	153.041901871442	18
5	41	156.284741910177	19
5	43	162.480475869075	20
5	45	169.026805058701	21
5	47	184.458213356191	22
5	49	190.802433208394	23
5	51	193.337640321735	24
5	53	193.683814749702	25
5	55	206.993302205785	26
5	57	215.067252891923	27
5	59	241.157678179208	28
5	61	241.607093284166	29
5	63	249.242512995013	30
5	65	255.09446221803	31
5	67	257.171491755429	32
5	69	263.524805008704	33
5	71	266.876814925686	34
5	73	267.489443357093	35
5	75	267.986958951869	36
5	77	290.550083970967	37
5	79	326.374005765458	38
5	81	326.612890970261	39
5	83	337.945515153624	40
5	85	343.153584489006	41
5	87	345.455486788781	42
5	89	353.268754627664	43
5	91	355.147472953534	44
5	93	355.555178838702	45
5	95	371.692527163593	46
5	97	372.203430896607	47
5	99	383.213140877593	48
5	101	384.303584814335	49
5	103	399.762802850956	50
5	105	410.760071365661	51
5	107	415.165265105899	52
5	109	423.62032091072	53
5	111	429.049138654028	54
5	113	435.604288146008	55
5	115	438.814208086761	56
5	117	445.99956125562	57
5	119	452.325988084739	58
5	121	457.397280263467	59
5	123	457.867822062421	60
5	125	459.824637215902	61
5	127	471.363707505753	62
5	129	475.201785404015	63
5	131	480.721223557987	64
5	133	485.437100858111	65
5	135	502.246068673826	66
5	137	511.290843746099	67
5	139	513.718211388865	68
5	141	517.199352312439	69
5	143	520.471588004483	70
5	145	525.176686050831	71
5	147	525.483875338977	72
5	149	544.75951881554	73
5	151	564.057862699945	74
5	153	575.153869451097	75
5	155	577.2649382712	76
5	157	584.249725489171	77
5	159	589.259117410443	78

