version 3
run ParameterStudy-275-20251130-20:03:59-476
attr configname ParameterStudy
attr datetime 20251130-20:03:59
attr datetimef 20251130-200359
attr experiment ParameterStudy
attr inifile omnetpp.ini
attr iterationvars $betaProducer=6.5s
attr iterationvarsd betaProducer=6.5s
attr iterationvarsf betaProducer=6.5s-
attr measurement $betaProducer=6.5s
attr network queue_sim
attr processid 476
attr repetition 0
attr replication #0
attr resultdir results
attr runnumber 275
attr seedset 275
itervar betaProducer 6.5s
config description "Parameter study: β_producer = 1s to 10s (0.1s steps), β_service = 1s, 5 repetitions"
config *.serviceUnit.meanServiceTime 1s
config *.producer.warmupPeriod 100s
config *.queue.warmupPeriod 100s
config *.serviceUnit.warmupPeriod 100s
config *.sink.warmupPeriod 100s
config *.producer.meanInterArrivalTime 6.5s
config network queue_sim
config sim-time-limit 600s
config warmup-period 100s
config repeat 5
config **.vector-recording true
config **.scalar-recording true
config debug-on-errors true

vector 0 queue_sim.producer jobGenerated:vector ETV
attr recordingmode vector
attr title "Jobs Generated"
vector 1 queue_sim.producer interArrivalTime:vector ETV
attr recordingmode vector
attr title "Inter-arrival Time"
attr unit s
vector 2 queue_sim.queue queueLength:vector ETV
attr recordingmode vector
attr title "Queue Length"
vector 3 queue_sim.queue queueingDelay:vector ETV
attr recordingmode vector
attr title "Queueing Delay"
attr unit s
vector 4 queue_sim.queue queueUtilization:vector ETV
attr recordingmode vector
attr title "Queue Utilization"
vector 5 queue_sim.queue systemSize:vector ETV
attr recordingmode vector
attr title "System Size"
vector 6 queue_sim.serviceUnit serviceTime:vector ETV
attr recordingmode vector
attr title "Service Time"
attr unit s
vector 7 queue_sim.serviceUnit utilization:vector ETV
attr recordingmode vector
attr title "Server Utilization"
vector 8 queue_sim.sink jobCompleted:vector ETV
attr recordingmode vector
attr title "Jobs Completed"
vector 9 queue_sim.sink totalDelay:vector ETV
attr recordingmode vector
attr title "Total System Delay"
attr unit s
0	22	115.614719043386	10
0	24	117.337756808256	11
0	26	125.335055382344	12
0	28	126.14030118401	13
0	30	145.771202933013	14
0	32	157.183607709951	15
0	34	161.997252468156	16
0	36	175.84526105182	17
0	38	177.221670846334	18
0	40	195.845638717088	19
0	42	221.777430736401	20
0	44	225.060550169058	21
0	46	235.100638711301	22
0	48	242.491075961517	23
0	50	244.593742825334	24
0	52	255.927422344579	25
0	54	261.32676925513	26
0	56	263.794751598225	27
0	58	264.405775635448	28
0	60	286.22844028454	29
0	62	291.610622859687	30
0	64	296.152556539835	31
0	66	301.491771768471	32
0	68	301.782756304376	33
0	70	304.567357617126	34
0	72	306.375720831792	35
0	74	306.490178094233	36
0	76	318.030098691439	37
0	78	321.838232830422	38
0	80	324.810848851716	39
0	82	327.67267377631	40
0	84	330.298420487734	41
0	86	335.987376189316	42
0	88	342.846168363655	43
0	90	350.717781793698	44
0	92	351.794246368175	45
0	94	358.709913896632	46
0	96	360.721856049944	47
0	98	364.363937049767	48
0	100	366.412026116597	49
0	102	370.304356087512	50
0	104	401.726353721991	51
0	106	402.742129309983	52
0	108	408.22961422793	53
0	110	409.786396972432	54
0	112	414.93694842764	55
0	114	420.242154262804	56
0	116	420.696511536327	57
0	118	438.758132844197	58
0	120	438.781294373943	59
0	122	446.297421997586	60
0	124	459.381884803376	61
0	126	480.016566083263	62
0	128	490.760454930708	63
0	130	496.889540063154	64
0	132	502.253553840989	65
0	134	522.961308043201	66
0	136	526.805377577842	67
0	138	545.604584930718	68
0	140	548.886742589714	69
0	142	564.25365546608	70
0	144	574.214080146041	71
0	146	584.088584809351	72
0	148	589.662558148022	73
0	150	598.732678950899	74
1	22	115.614719043386	1.7230377648698
1	24	117.337756808256	7.9972985740879
1	26	125.335055382344	0.80524580166586
1	28	126.14030118401	19.630901749003
1	30	145.771202933013	11.412404776938
1	32	157.183607709951	4.8136447582055
1	34	161.997252468156	13.848008583664
1	36	175.84526105182	1.3764097945141
1	38	177.221670846334	18.623967870754
1	40	195.845638717088	25.931792019313
1	42	221.777430736401	3.2831194326567
1	44	225.060550169058	10.040088542243
1	46	235.100638711301	7.3904372502162
1	48	242.491075961517	2.1026668638174
1	50	244.593742825334	11.333679519245
1	52	255.927422344579	5.3993469105507
1	54	261.32676925513	2.4679823430952
1	56	263.794751598225	0.61102403722324
1	58	264.405775635448	21.822664649092
1	60	286.22844028454	5.3821825751468
1	62	291.610622859687	4.5419336801475
1	64	296.152556539835	5.3392152286356
1	66	301.491771768471	0.29098453590536
1	68	301.782756304376	2.7846013127502
1	70	304.567357617126	1.8083632146655
1	72	306.375720831792	0.11445726244149
1	74	306.490178094233	11.539920597206
1	76	318.030098691439	3.8081341389834
1	78	321.838232830422	2.9726160212936
1	80	324.810848851716	2.8618249245941
1	82	327.67267377631	2.625746711424
1	84	330.298420487734	5.6889557015824
1	86	335.987376189316	6.8587921743387
1	88	342.846168363655	7.8716134300433
1	90	350.717781793698	1.0764645744772
1	92	351.794246368175	6.9156675284571
1	94	358.709913896632	2.0119421533118
1	96	360.721856049944	3.6420809998225
1	98	364.363937049767	2.0480890668299
1	100	366.412026116597	3.8923299709146
1	102	370.304356087512	31.421997634479
1	104	401.726353721991	1.0157755879918
1	106	402.742129309983	5.4874849179472
1	108	408.22961422793	1.556782744502
1	110	409.786396972432	5.1505514552084
1	112	414.93694842764	5.3052058351642
1	114	420.242154262804	0.45435727352349
1	116	420.696511536327	18.06162130787
1	118	438.758132844197	0.023161529745866
1	120	438.781294373943	7.5161276236429
1	122	446.297421997586	13.08446280579
1	124	459.381884803376	20.634681279887
1	126	480.016566083263	10.743888847445
1	128	490.760454930708	6.1290851324463
1	130	496.889540063154	5.3640137778353
1	132	502.253553840989	20.707754202212
1	134	522.961308043201	3.8440695346409
1	136	526.805377577842	18.799207352876
1	138	545.604584930718	3.2821576589963
1	140	548.886742589714	15.366912876366
1	142	564.25365546608	9.9604246799612
1	144	574.214080146041	9.8745046633105
1	146	584.088584809351	5.5739733386715
1	148	589.662558148022	9.0701208028771
1	150	598.732678950899	3.4325026260227
2	23	115.614719043386	9
2	25	117.337756808256	10
2	27	125.335055382344	11
2	29	126.14030118401	12
2	31	145.771202933013	13
2	33	157.183607709951	14
2	35	161.997252468156	15
2	37	175.84526105182	16
2	39	177.221670846334	17
2	41	195.845638717088	18
2	43	221.777430736401	19
2	45	225.060550169058	20
2	47	235.100638711301	21
2	49	242.491075961517	22
2	51	244.593742825334	23
2	53	255.927422344579	24
2	55	261.32676925513	25
2	57	263.794751598225	26
2	59	264.405775635448	27
2	61	286.22844028454	28
2	63	291.610622859687	29
2	65	296.152556539835	30
2	67	301.491771768471	31
2	69	301.782756304376	32
2	71	304.567357617126	33
2	73	306.375720831792	34
2	75	306.490178094233	35
2	77	318.030098691439	36
2	79	321.838232830422	37
2	81	324.810848851716	38
2	83	327.67267377631	39
2	85	330.298420487734	40
2	87	335.987376189316	41
2	89	342.846168363655	42
2	91	350.717781793698	43
2	93	351.794246368175	44
2	95	358.709913896632	45
2	97	360.721856049944	46
2	99	364.363937049767	47
2	101	366.412026116597	48
2	103	370.304356087512	49
2	105	401.726353721991	50
2	107	402.742129309983	51
2	109	408.22961422793	52
2	111	409.786396972432	53
2	113	414.93694842764	54
2	115	420.242154262804	55
2	117	420.696511536327	56
2	119	438.758132844197	57
2	121	438.781294373943	58
2	123	446.297421997586	59
2	125	459.381884803376	60
2	127	480.016566083263	61
2	129	490.760454930708	62
2	131	496.889540063154	63
2	133	502.253553840989	64
2	135	522.961308043201	65
2	137	526.805377577842	66
2	139	545.604584930718	67
2	141	548.886742589714	68
2	143	564.25365546608	69
2	145	574.214080146041	70
2	147	584.088584809351	71
2	149	589.662558148022	72
2	151	598.732678950899	73
4	152	600	1.0185175756587
5	23	115.614719043386	10
5	25	117.337756808256	11
5	27	125.335055382344	12
5	29	126.14030118401	13
5	31	145.771202933013	14
5	33	157.183607709951	15
5	35	161.997252468156	16
5	37	175.84526105182	17
5	39	177.221670846334	18
5	41	195.845638717088	19
5	43	221.777430736401	20
5	45	225.060550169058	21
5	47	235.100638711301	22
5	49	242.491075961517	23
5	51	244.593742825334	24
5	53	255.927422344579	25
5	55	261.32676925513	26
5	57	263.794751598225	27
5	59	264.405775635448	28
5	61	286.22844028454	29
5	63	291.610622859687	30
5	65	296.152556539835	31
5	67	301.491771768471	32
5	69	301.782756304376	33
5	71	304.567357617126	34
5	73	306.375720831792	35
5	75	306.490178094233	36
5	77	318.030098691439	37
5	79	321.838232830422	38
5	81	324.810848851716	39
5	83	327.67267377631	40
5	85	330.298420487734	41
5	87	335.987376189316	42
5	89	342.846168363655	43
5	91	350.717781793698	44
5	93	351.794246368175	45
5	95	358.709913896632	46
5	97	360.721856049944	47
5	99	364.363937049767	48
5	101	366.412026116597	49
5	103	370.304356087512	50
5	105	401.726353721991	51
5	107	402.742129309983	52
5	109	408.22961422793	53
5	111	409.786396972432	54
5	113	414.93694842764	55
5	115	420.242154262804	56
5	117	420.696511536327	57
5	119	438.758132844197	58
5	121	438.781294373943	59
5	123	446.297421997586	60
5	125	459.381884803376	61
5	127	480.016566083263	62
5	129	490.760454930708	63
5	131	496.889540063154	64
5	133	502.253553840989	65
5	135	522.961308043201	66
5	137	526.805377577842	67
5	139	545.604584930718	68
5	141	548.886742589714	69
5	143	564.25365546608	70
5	145	574.214080146041	71
5	147	584.088584809351	72
5	149	589.662558148022	73
5	151	598.732678950899	74

