version 3
run ParameterStudy-216-20251130-20:03:59-476
attr configname ParameterStudy
attr datetime 20251130-20:03:59
attr datetimef 20251130-200359
attr experiment ParameterStudy
attr inifile omnetpp.ini
attr iterationvars $betaProducer=5.3s
attr iterationvarsd betaProducer=5.3s
attr iterationvarsf betaProducer=5.3s-
attr measurement $betaProducer=5.3s
attr network queue_sim
attr processid 476
attr repetition 1
attr replication #1
attr resultdir results
attr runnumber 216
attr seedset 216
itervar betaProducer 5.3s
config description "Parameter study: β_producer = 1s to 10s (0.1s steps), β_service = 1s, 5 repetitions"
config *.serviceUnit.meanServiceTime 1s
config *.producer.warmupPeriod 100s
config *.queue.warmupPeriod 100s
config *.serviceUnit.warmupPeriod 100s
config *.sink.warmupPeriod 100s
config *.producer.meanInterArrivalTime 5.3s
config network queue_sim
config sim-time-limit 600s
config warmup-period 100s
config repeat 5
config **.vector-recording true
config **.scalar-recording true
config debug-on-errors true

vector 0 queue_sim.producer jobGenerated:vector ETV
attr recordingmode vector
attr title "Jobs Generated"
vector 1 queue_sim.producer interArrivalTime:vector ETV
attr recordingmode vector
attr title "Inter-arrival Time"
attr unit s
vector 2 queue_sim.queue queueLength:vector ETV
attr recordingmode vector
attr title "Queue Length"
vector 3 queue_sim.queue queueingDelay:vector ETV
attr recordingmode vector
attr title "Queueing Delay"
attr unit s
vector 4 queue_sim.queue queueUtilization:vector ETV
attr recordingmode vector
attr title "Queue Utilization"
vector 5 queue_sim.queue systemSize:vector ETV
attr recordingmode vector
attr title "System Size"
vector 6 queue_sim.serviceUnit serviceTime:vector ETV
attr recordingmode vector
attr title "Service Time"
attr unit s
vector 7 queue_sim.serviceUnit utilization:vector ETV
attr recordingmode vector
attr title "Server Utilization"
vector 8 queue_sim.sink jobCompleted:vector ETV
attr recordingmode vector
attr title "Jobs Completed"
vector 9 queue_sim.sink totalDelay:vector ETV
attr recordingmode vector
attr title "Total System Delay"
attr unit s
0	34	109.013491611288	16
0	36	109.777491944675	17
0	38	135.812381384244	18
0	40	138.731859618503	19
0	42	139.352669095521	20
0	44	142.491455569465	21
0	46	153.506830029243	22
0	48	164.352404841035	23
0	50	168.424849815994	24
0	52	172.215782221147	25
0	54	173.396119128352	26
0	56	175.613123248285	27
0	58	185.657261170975	28
0	60	187.521602616094	29
0	62	189.384183830449	30
0	64	197.930007609671	31
0	66	205.015865443898	32
0	68	210.896550098223	33
0	70	215.562722467009	34
0	72	216.144274443298	35
0	74	222.508915269303	36
0	76	225.977317048587	37
0	78	226.360895370329	38
0	80	233.700300029772	39
0	82	239.024933868586	40
0	84	245.426923055575	41
0	86	250.318670524425	42
0	88	254.776222054431	43
0	90	261.605071258948	44
0	92	268.090119447076	45
0	94	268.575534107393	46
0	96	273.594341129063	47
0	98	289.944403216846	48
0	100	307.817433267267	49
0	102	311.37383797223	50
0	104	314.568892517825	51
0	106	319.14406209432	52
0	108	339.512363011099	53
0	110	339.963096806512	54
0	112	345.967603243732	55
0	114	388.774078723792	56
0	116	430.745317072731	57
0	118	431.527048885182	58
0	120	436.357774728456	59
0	122	451.68851253983	60
0	124	452.864374556187	61
0	126	461.01354698637	62
0	128	461.552010287467	63
0	130	465.198491115476	64
0	132	466.5485704321	65
0	134	484.915742227293	66
0	136	489.928323661147	67
0	138	491.20634481148	68
0	140	496.442028708447	69
0	142	496.810903890648	70
0	144	498.413592794102	71
0	146	500.647394860215	72
0	148	507.31170855469	73
0	150	509.214885125311	74
0	152	509.907598977923	75
0	154	510.90288373616	76
0	156	512.270535027423	77
0	158	522.907253181636	78
0	160	531.634707693022	79
0	162	539.071176926814	80
0	164	540.900830714795	81
0	166	543.715943627033	82
0	168	545.682093769635	83
0	170	546.994487302217	84
0	172	552.6176297704	85
0	174	557.700821403474	86
0	176	563.725552557753	87
0	178	569.458410433218	88
0	180	570.067921319888	89
0	182	574.507526301038	90
0	184	574.514358324408	91
0	186	576.72299092872	92
0	188	579.094542485273	93
0	190	592.528514093302	94
1	34	109.013491611288	0.76400033338684
1	36	109.777491944675	26.034889439569
1	38	135.812381384244	2.9194782342588
1	40	138.731859618503	0.62080947701764
1	42	139.352669095521	3.138786473944
1	44	142.491455569465	11.015374459778
1	46	153.506830029243	10.845574811792
1	48	164.352404841035	4.0724449749588
1	50	168.424849815994	3.7909324051532
1	52	172.215782221147	1.1803369072053
1	54	173.396119128352	2.2170041199328
1	56	175.613123248285	10.04413792269
1	58	185.657261170975	1.8643414451191
1	60	187.521602616094	1.8625812143549
1	62	189.384183830449	8.5458237792215
1	64	197.930007609671	7.0858578342273
1	66	205.015865443898	5.880684654325
1	68	210.896550098223	4.6661723687862
1	70	215.562722467009	0.58155197628874
1	72	216.144274443298	6.3646408260046
1	74	222.508915269303	3.4684017792835
1	76	225.977317048587	0.38357832174248
1	78	226.360895370329	7.339404659443
1	80	233.700300029772	5.3246338388139
1	82	239.024933868586	6.401989186989
1	84	245.426923055575	4.8917474688503
1	86	250.318670524425	4.4575515300059
1	88	254.776222054431	6.8288492045172
1	90	261.605071258948	6.4850481881278
1	92	268.090119447076	0.48541466031741
1	94	268.575534107393	5.0188070216699
1	96	273.594341129063	16.350062087783
1	98	289.944403216846	17.873030050421
1	100	307.817433267267	3.5564047049626
1	102	311.37383797223	3.1950545455955
1	104	314.568892517825	4.5751695764945
1	106	319.14406209432	20.368300916779
1	108	339.512363011099	0.45073379541255
1	110	339.963096806512	6.0045064372196
1	112	345.967603243732	42.80647548006
1	114	388.774078723792	41.971238348939
1	116	430.745317072731	0.78173181245094
1	118	431.527048885182	4.8307258432735
1	120	436.357774728456	15.330737811374
1	122	451.68851253983	1.1758620163573
1	124	452.864374556187	8.1491724301835
1	126	461.01354698637	0.53846330109701
1	128	461.552010287467	3.6464808280095
1	130	465.198491115476	1.3500793166236
1	132	466.5485704321	18.367171795193
1	134	484.915742227293	5.0125814338537
1	136	489.928323661147	1.278021150333
1	138	491.20634481148	5.2356838969665
1	140	496.442028708447	0.36887518220084
1	142	496.810903890648	1.6026889034536
1	144	498.413592794102	2.2338020661129
1	146	500.647394860215	6.6643136944746
1	148	507.31170855469	1.9031765706207
1	150	509.214885125311	0.69271385261247
1	152	509.907598977923	0.9952847582367
1	154	510.90288373616	1.3676512912631
1	156	512.270535027423	10.636718154213
1	158	522.907253181636	8.7274545113858
1	160	531.634707693022	7.4364692337919
1	162	539.071176926814	1.8296537879811
1	164	540.900830714795	2.8151129122383
1	166	543.715943627033	1.9661501426022
1	168	545.682093769635	1.3123935325824
1	170	546.994487302217	5.6231424681831
1	172	552.6176297704	5.0831916330743
1	174	557.700821403474	6.0247311542787
1	176	563.725552557753	5.7328578754653
1	178	569.458410433218	0.60951088667028
1	180	570.067921319888	4.4396049811498
1	182	574.507526301038	0.0068320233698526
1	184	574.514358324408	2.2086326043123
1	186	576.72299092872	2.3715515565531
1	188	579.094542485273	13.433971608029
1	190	592.528514093302	9.3403578121421
2	35	109.013491611288	15
2	37	109.777491944675	16
2	39	135.812381384244	17
2	41	138.731859618503	18
2	43	139.352669095521	19
2	45	142.491455569465	20
2	47	153.506830029243	21
2	49	164.352404841035	22
2	51	168.424849815994	23
2	53	172.215782221147	24
2	55	173.396119128352	25
2	57	175.613123248285	26
2	59	185.657261170975	27
2	61	187.521602616094	28
2	63	189.384183830449	29
2	65	197.930007609671	30
2	67	205.015865443898	31
2	69	210.896550098223	32
2	71	215.562722467009	33
2	73	216.144274443298	34
2	75	222.508915269303	35
2	77	225.977317048587	36
2	79	226.360895370329	37
2	81	233.700300029772	38
2	83	239.024933868586	39
2	85	245.426923055575	40
2	87	250.318670524425	41
2	89	254.776222054431	42
2	91	261.605071258948	43
2	93	268.090119447076	44
2	95	268.575534107393	45
2	97	273.594341129063	46
2	99	289.944403216846	47
2	101	307.817433267267	48
2	103	311.37383797223	49
2	105	314.568892517825	50
2	107	319.14406209432	51
2	109	339.512363011099	52
2	111	339.963096806512	53
2	113	345.967603243732	54
2	115	388.774078723792	55
2	117	430.745317072731	56
2	119	431.527048885182	57
2	121	436.357774728456	58
2	123	451.68851253983	59
2	125	452.864374556187	60
2	127	461.01354698637	61
2	129	461.552010287467	62
2	131	465.198491115476	63
2	133	466.5485704321	64
2	135	484.915742227293	65
2	137	489.928323661147	66
2	139	491.20634481148	67
2	141	496.442028708447	68
2	143	496.810903890648	69
2	145	498.413592794102	70
2	147	500.647394860215	71
2	149	507.31170855469	72
2	151	509.214885125311	73
2	153	509.907598977923	74
2	155	510.90288373616	75
2	157	512.270535027423	76
2	159	522.907253181636	77
2	161	531.634707693022	78
2	163	539.071176926814	79
2	165	540.900830714795	80
2	167	543.715943627033	81
2	169	545.682093769635	82
2	171	546.994487302217	83
2	173	552.6176297704	84
2	175	557.700821403474	85
2	177	563.725552557753	86
2	179	569.458410433218	87
2	181	570.067921319888	88
2	183	574.507526301038	89
2	185	574.514358324408	90
2	187	576.72299092872	91
2	189	579.094542485273	92
2	191	592.528514093302	93
4	192	600	1.001883056934
5	35	109.013491611288	16
5	37	109.777491944675	17
5	39	135.812381384244	18
5	41	138.731859618503	19
5	43	139.352669095521	20
5	45	142.491455569465	21
5	47	153.506830029243	22
5	49	164.352404841035	23
5	51	168.424849815994	24
5	53	172.215782221147	25
5	55	173.396119128352	26
5	57	175.613123248285	27
5	59	185.657261170975	28
5	61	187.521602616094	29
5	63	189.384183830449	30
5	65	197.930007609671	31
5	67	205.015865443898	32
5	69	210.896550098223	33
5	71	215.562722467009	34
5	73	216.144274443298	35
5	75	222.508915269303	36
5	77	225.977317048587	37
5	79	226.360895370329	38
5	81	233.700300029772	39
5	83	239.024933868586	40
5	85	245.426923055575	41
5	87	250.318670524425	42
5	89	254.776222054431	43
5	91	261.605071258948	44
5	93	268.090119447076	45
5	95	268.575534107393	46
5	97	273.594341129063	47
5	99	289.944403216846	48
5	101	307.817433267267	49
5	103	311.37383797223	50
5	105	314.568892517825	51
5	107	319.14406209432	52
5	109	339.512363011099	53
5	111	339.963096806512	54
5	113	345.967603243732	55
5	115	388.774078723792	56
5	117	430.745317072731	57
5	119	431.527048885182	58
5	121	436.357774728456	59
5	123	451.68851253983	60
5	125	452.864374556187	61
5	127	461.01354698637	62
5	129	461.552010287467	63
5	131	465.198491115476	64
5	133	466.5485704321	65
5	135	484.915742227293	66
5	137	489.928323661147	67
5	139	491.20634481148	68
5	141	496.442028708447	69
5	143	496.810903890648	70
5	145	498.413592794102	71
5	147	500.647394860215	72
5	149	507.31170855469	73
5	151	509.214885125311	74
5	153	509.907598977923	75
5	155	510.90288373616	76
5	157	512.270535027423	77
5	159	522.907253181636	78
5	161	531.634707693022	79
5	163	539.071176926814	80
5	165	540.900830714795	81
5	167	543.715943627033	82
5	169	545.682093769635	83
5	171	546.994487302217	84
5	173	552.6176297704	85
5	175	557.700821403474	86
5	177	563.725552557753	87
5	179	569.458410433218	88
5	181	570.067921319888	89
5	183	574.507526301038	90
5	185	574.514358324408	91
5	187	576.72299092872	92
5	189	579.094542485273	93
5	191	592.528514093302	94

