version 3
run ParameterStudy-0-20251130-20:03:54-476
attr configname ParameterStudy
attr datetime 20251130-20:03:54
attr datetimef 20251130-200354
attr experiment ParameterStudy
attr inifile omnetpp.ini
attr iterationvars $betaProducer=1.0s
attr iterationvarsd betaProducer=1.0s
attr iterationvarsf betaProducer=1.0s-
attr measurement $betaProducer=1.0s
attr network queue_sim
attr processid 476
attr repetition 0
attr replication #0
attr resultdir results
attr runnumber 0
attr seedset 0
itervar betaProducer 1.0s
config description "Parameter study: β_producer = 1s to 10s (0.1s steps), β_service = 1s, 5 repetitions"
config *.serviceUnit.meanServiceTime 1s
config *.producer.warmupPeriod 100s
config *.queue.warmupPeriod 100s
config *.serviceUnit.warmupPeriod 100s
config *.sink.warmupPeriod 100s
config *.producer.meanInterArrivalTime 1.0s
config network queue_sim
config sim-time-limit 600s
config warmup-period 100s
config repeat 5
config **.vector-recording true
config **.scalar-recording true
config debug-on-errors true

vector 0 queue_sim.producer jobGenerated:vector ETV
attr recordingmode vector
attr title "Jobs Generated"
vector 1 queue_sim.producer interArrivalTime:vector ETV
attr recordingmode vector
attr title "Inter-arrival Time"
attr unit s
vector 2 queue_sim.queue queueLength:vector ETV
attr recordingmode vector
attr title "Queue Length"
vector 3 queue_sim.queue queueingDelay:vector ETV
attr recordingmode vector
attr title "Queueing Delay"
attr unit s
vector 4 queue_sim.queue queueUtilization:vector ETV
attr recordingmode vector
attr title "Queue Utilization"
vector 5 queue_sim.queue systemSize:vector ETV
attr recordingmode vector
attr title "System Size"
vector 6 queue_sim.serviceUnit serviceTime:vector ETV
attr recordingmode vector
attr title "Service Time"
attr unit s
vector 7 queue_sim.serviceUnit utilization:vector ETV
attr recordingmode vector
attr title "Server Utilization"
vector 8 queue_sim.sink jobCompleted:vector ETV
attr recordingmode vector
attr title "Jobs Completed"
vector 9 queue_sim.sink totalDelay:vector ETV
attr recordingmode vector
attr title "Total System Delay"
attr unit s
0	204	100.157850707047	101
0	206	100.19703386346	102
0	208	100.774358174267	103
0	210	101.780229179434	104
0	212	106.23472602561	105
0	214	109.427672667664	106
0	216	109.53530777582	107
0	218	110.593134189172	108
0	220	110.827435707948	109
0	222	111.835454953368	110
0	224	112.011368498794	111
0	226	117.371468849037	112
0	228	118.430211564131	113
0	230	119.302127417757	114
0	232	119.594207951024	115
0	234	120.129272628107	116
0	236	120.757214209098	117
0	238	121.400995210701	118
0	240	121.68127221918	119
0	242	122.658136293251	120
0	244	122.831263749397	121
0	246	123.243764979319	122
0	248	123.360720389111	123
0	250	124.483888690644	124
0	252	125.551960887794	125
0	254	125.933516731168	126
0	256	126.08222900042	127
0	258	127.588864333693	128
0	260	127.8077449302	129
0	262	130.794934822052	130
0	264	131.254948779792	131
0	266	132.34121816067	132
0	268	134.061549818387	133
0	270	134.075214396818	134
0	272	134.177359278343	135
0	274	135.152461212499	136
0	276	136.972280131783	137
0	278	138.092094497537	138
0	280	138.193129272846	139
0	282	141.76671764519	140
0	284	145.515749104774	141
0	286	147.621070405566	142
0	288	148.253407001962	143
0	290	148.965990595295	144
0	292	152.727917879799	145
0	294	152.785244806223	146
0	296	153.713723303124	147
0	298	154.313670189765	148
0	300	155.657915461917	149
0	302	155.678105590063	150
0	304	155.718081889121	151
0	306	156.300960277988	152
0	308	156.633370518952	153
0	310	160.524940641797	154
0	312	160.652997407108	155
0	314	161.098416869028	156
0	316	161.449592958409	157
0	318	162.105239242773	158
0	320	162.231627879198	159
0	322	163.398501405747	160
0	324	163.781202354609	161
0	326	165.905439551611	162
0	328	166.440323927368	163
0	330	168.944235710453	164
0	332	169.010533111935	165
0	334	169.254928560017	166
0	336	170.434118087082	167
0	338	171.266961603148	168
0	340	172.103059135118	169
0	342	174.106299657625	170
0	344	174.414714497723	171
0	346	175.12596243494	172
0	348	175.866721385387	173
0	350	178.352303742364	174
0	352	178.450954050782	175
0	354	180.991258558741	176
0	356	181.849154199815	177
0	358	181.935924682155	178
0	360	184.585180610831	179
0	362	184.91052102636	180
0	364	185.294081240459	181
0	366	185.303481991123	182
0	368	186.404327901214	183
0	370	188.251655552216	184
0	372	188.392986265777	185
0	374	189.434766919956	186
0	376	190.694700730065	187
0	378	192.535983201552	188
0	380	192.877637368578	189
0	382	193.18515509234	190
0	384	193.387505530907	191
0	386	193.894705654164	192
0	388	194.777834696123	193
0	390	195.582632095924	194
0	392	195.60294455472	195
0	394	195.783196806705	196
0	396	197.548937879118	197
0	398	198.010668775162	198
0	400	198.015375315654	199
0	402	198.173716821885	200
0	404	199.306350963857	201
0	406	200.149433996005	202
0	408	200.46415565686	203
0	410	201.680664310297	204
0	412	203.009422184047	205
0	414	203.349768922282	206
0	416	206.624912099997	207
0	418	207.192816253477	208
0	420	207.478837225985	209
0	422	208.889861635279	210
0	424	209.748254603108	211
0	426	210.252598409696	212
0	428	211.149189280482	213
0	430	213.412922856343	214
0	432	214.262143667907	215
0	434	215.280802397926	216
0	436	215.533222390817	217
0	438	217.754729289291	218
0	440	220.807010946175	219
0	442	221.946618909708	220
0	444	222.53924293716	221
0	446	223.13562233149	222
0	448	225.009082211347	223
0	450	228.852088794591	224
0	452	230.054327361838	225
0	454	230.1778540092	226
0	456	230.530874142474	227
0	458	231.987692701038	228
0	460	233.668614905584	229
0	462	234.199337402201	230
0	464	234.704356149956	231
0	466	235.8296381668	232
0	468	237.959137562868	233
0	470	238.246548038938	234
0	472	239.117083865264	235
0	474	239.492822707671	236
0	476	241.627653157654	237
0	478	244.992023610705	238
0	480	246.17140654435	239
0	482	247.059267954787	240
0	484	248.351177223588	241
0	486	249.429012107724	242
0	488	250.124811568624	243
0	490	250.88667933992	244
0	492	254.012147697578	245
0	494	254.274204939253	246
0	496	255.307001949898	247
0	498	255.809312748159	248
0	500	256.360708738293	249
0	502	257.325162303787	250
0	504	258.257565184194	251
0	506	258.901669892517	252
0	508	258.921049673865	253
0	510	259.556177389496	254
0	512	259.915104605366	255
0	514	261.17414812263	256
0	516	262.253468321286	257
0	518	262.593133053868	258
0	520	262.935732678566	259
0	522	263.419368365155	260
0	524	264.381743420926	261
0	526	265.764722627463	262
0	528	266.324683697537	263
0	530	268.432131302487	264
0	532	268.577705280935	265
0	534	268.68625237943	266
0	536	269.040476511675	267
0	538	269.137399266252	268
0	540	269.981287738843	269
0	542	270.418315752617	270
0	544	271.312044830923	271
0	546	272.114596816682	272
0	548	272.968676552325	273
0	550	273.002879970683	274
0	552	274.061889356064	275
0	554	277.534424835346	276
0	556	278.590274444006	277
0	558	278.977404536155	278
0	560	279.542015037276	279
0	562	279.792096532254	280
0	564	282.060730524946	281
0	566	282.2130241502	282
0	568	282.671197034158	283
0	570	282.773517649011	284
0	572	283.345979200439	285
0	574	287.483788960949	286
0	576	289.708703618174	287
0	578	290.010269531397	288
0	580	291.651167109324	289
0	582	292.42124396887	290
0	584	293.638263464207	291
0	586	294.232336962531	292
0	588	294.33794960616	293
0	590	294.44283144176	294
0	592	296.962113571843	295
0	594	297.396459227787	296
0	596	298.649066752699	297
0	598	299.282529370422	298
0	600	306.047919890359	299
0	602	307.887652675436	300
0	604	308.049522762148	301
0	606	310.399700051899	302
0	608	312.425608869002	303
0	610	312.463891781887	304
0	612	312.641217357032	305
0	614	313.351135284256	306
0	616	314.307101708178	307
0	618	314.489640310061	308
0	620	314.621824019676	309
0	622	316.131647475285	310
0	624	318.015576361871	311
0	626	320.017562857397	312
0	628	321.664281958724	313
0	630	322.194284836861	314
0	632	323.036165798593	315
0	634	323.186956808787	316
0	636	323.709826838875	317
0	638	323.743613624427	318
0	640	323.81528900874	319
0	642	327.865135847545	320
0	644	329.060574413827	321
0	646	329.527846980237	322
0	648	330.132146052085	323
0	650	330.67700318023	324
0	652	331.957337384042	325
0	654	332.009249936225	326
0	656	334.022022672431	327
0	658	334.476934517223	328
0	660	338.186895109127	329
0	662	338.203662875119	330
0	664	340.14024011261	331
0	666	340.402569421776	332
0	668	340.414352653694	333
0	670	341.862146735682	334
0	672	342.308399556201	335
0	674	345.193011308303	336
0	676	346.502309672326	337
0	678	347.888601024347	338
0	680	348.076895999566	339
0	682	348.491508542225	340
0	684	349.227639642212	341
0	686	349.900100159046	342
0	688	349.955970211935	343
0	690	350.369949134608	344
0	692	350.593088342709	345
0	694	350.790917850168	346
0	696	350.809613320589	347
0	698	350.997132271792	348
0	700	352.575544993898	349
0	702	353.198142337876	350
0	704	353.451648043019	351
0	706	355.527679103462	352
0	708	355.951336204819	353
0	710	358.835880493226	354
0	712	361.468099355775	355
0	714	362.405238073498	356
0	716	363.624034876841	357
0	718	364.531998904166	358
0	720	364.564355708811	359
0	722	366.095186935078	360
0	724	366.27514427663	361
0	726	366.968344046168	362
0	728	367.939826204263	363
0	730	367.991509110058	364
0	732	368.852432746739	365
0	734	370.053403653281	366
0	736	370.325071723623	367
0	738	375.204204611617	368
0	740	377.92555286753	369
0	742	378.2365206725	370
0	744	379.188350380042	371
0	746	380.324946875299	372
0	748	381.092026529871	373
0	750	383.089198497361	374
0	752	383.980577074271	375
0	754	385.370254138047	376
0	756	386.680039509409	377
0	758	390.017973843263	378
0	760	390.391860339166	379
0	762	391.199840392565	380
0	764	391.707705515252	381
0	766	391.9464583881	382
0	768	392.181982961519	383
0	770	392.433581574632	384
0	772	392.639613623115	385
0	774	392.886472891914	386
0	776	395.775548483813	387
0	778	396.618527259227	388
0	780	397.963874692461	389
0	782	398.565553678985	390
0	784	399.239798248621	391
0	786	402.754276929158	392
0	788	403.012289693098	393
0	790	404.153427595957	394
0	792	404.44693524788	395
0	794	404.536089537875	396
0	796	404.59587050079	397
0	798	404.653942862906	398
0	800	405.223840428212	399
0	802	405.892954151902	400
0	804	406.266623946296	401
0	806	408.395294040827	402
0	808	409.587152144482	403
0	810	413.333846758307	404
0	812	413.80826304864	405
0	814	414.769702620211	406
0	816	414.967670355545	407
0	818	415.749646076421	408
0	820	415.774634429734	409
0	822	417.702994566614	410
0	824	417.772612237688	411
0	826	419.134543961994	412
0	828	420.272082467535	413
0	830	420.923313199453	414
0	832	421.527894417788	415
0	834	422.658249963699	416
0	836	423.427369764795	417
0	838	424.3614300974	418
0	840	426.631270113184	419
0	842	427.885473383275	420
0	844	432.525125909649	421
0	846	433.159055929043	422
0	848	433.403546951086	423
0	850	434.012379864823	424
0	852	435.100284298437	425
0	854	437.469202469274	426
0	856	437.774807371088	427
0	858	437.922403403979	428
0	860	437.943270622589	429
0	862	438.203622034136	430
0	864	439.624005489721	431
0	866	441.757568777196	432
0	868	442.143256471241	433
0	870	444.49110023267	434
0	872	444.97473862016	435
0	874	446.012588695649	436
0	876	446.900090624133	437
0	878	447.292663652321	438
0	880	449.070806989155	439
0	882	449.804174662323	440
0	884	450.79567895522	441
0	886	450.795734307115	442
0	888	452.856555547996	443
0	890	453.230318841813	444
0	892	453.549893496686	445
0	894	454.104064325734	446
0	896	455.703783767574	447
0	898	457.869547448449	448
0	900	458.074895217185	449
0	902	459.213952867858	450
0	904	462.267137537451	451
0	906	462.87618215016	452
0	908	464.039295433585	453
0	910	464.699798513334	454
0	912	464.942517007006	455
0	914	466.497179944815	456
0	916	469.441660222238	457
0	918	469.702300351614	458
0	920	471.01480834458	459
0	922	473.137554998522	460
0	924	473.430506457009	461
0	926	473.80693580853	462
0	928	474.046859327966	463
0	930	477.203954869382	464
0	932	477.934182534621	465
0	934	478.572371140214	466
0	936	478.598368885407	467
0	938	479.841719663356	468
0	940	480.074244681741	469
0	942	480.241119322974	470
0	944	480.793957693626	471
0	946	482.104930061786	472
0	948	482.573606537763	473
0	950	483.612812174344	474
0	952	484.235641484109	475
0	954	484.47756112888	476
0	956	484.802777146856	477
0	958	485.009135140461	478
0	960	485.892920796494	479
0	962	487.540996969655	480
0	964	489.535036170932	481
0	966	490.909716124734	482
0	968	491.034748714657	483
0	970	492.158209214205	484
0	972	492.886733056939	485
0	974	493.210932170425	486
0	976	493.35257420522	487
0	978	493.544835646062	488
0	980	494.806648319549	489
0	982	496.02564766473	490
0	984	496.529927597981	491
0	986	497.151964517062	492
0	988	497.985342757708	493
0	990	499.820606160648	494
0	992	500.023064924346	495
0	994	500.252309249553	496
0	996	500.408785019937	497
0	998	500.589059319515	498
0	1000	501.258599910376	499
0	1002	501.391940533649	500
0	1004	501.831395924142	501
0	1006	503.111820278121	502
0	1008	505.932456226536	503
0	1010	505.963382518097	504
0	1012	507.412937294525	505
0	1014	508.787280308945	506
0	1016	510.168243404612	507
0	1018	510.265411082979	508
0	1020	512.605903043636	509
0	1022	512.851101136278	510
0	1024	512.938209719536	511
0	1026	514.321526185687	512
0	1028	515.124917948354	513
0	1030	516.440544206651	514
0	1032	517.318759285369	515
0	1034	517.365447029013	516
0	1036	520.633943429836	517
0	1038	520.868599279092	518
0	1040	521.214118862801	519
0	1042	521.552273577645	520
0	1044	521.827801514683	521
0	1046	522.958719993872	522
0	1048	523.064407167977	523
0	1050	523.129520032764	524
0	1052	523.146086127186	525
0	1054	523.957227149414	526
0	1056	526.609785664934	527
0	1058	526.619068689312	528
0	1060	527.727478443526	529
0	1062	529.517468048007	530
0	1064	531.055296762484	531
0	1066	535.211267858047	532
0	1068	535.542177739223	533
0	1070	536.757868212582	534
0	1072	537.640748757539	535
0	1074	537.841190952625	536
0	1076	537.907282963318	537
0	1078	538.625529443426	538
0	1080	539.290337192978	539
0	1082	540.158902924444	540
0	1084	543.952926707532	541
0	1086	545.501938386687	542
0	1088	547.59349495931	543
0	1090	548.526106814579	544
0	1092	548.938836681306	545
0	1094	549.185252503519	546
0	1096	552.444173480704	547
0	1098	553.051452769323	548
0	1100	553.315029882158	549
0	1102	555.425918656541	550
0	1104	558.408119332014	551
0	1106	559.085921334069	552
0	1108	561.922561527444	553
0	1110	563.179798523015	554
0	1112	564.785257286083	555
0	1114	565.45109977272	556
0	1116	566.446563416087	557
0	1118	567.679443879118	558
0	1120	569.753205342218	559
0	1122	570.442639880066	560
0	1124	570.789393183855	561
0	1126	572.650824826837	562
0	1128	574.540926524933	563
0	1130	574.757022741527	564
0	1132	575.719034668117	565
0	1134	577.203277150767	566
0	1136	577.216602395595	567
0	1138	580.87625972636	568
0	1140	581.302795538396	569
0	1142	583.285544442999	570
0	1144	583.445878537486	571
0	1146	584.961947467311	572
0	1148	588.969897122185	573
0	1150	593.171756548433	574
0	1152	593.822553890792	575
0	1154	595.223229587752	576
0	1156	595.911173066213	577
0	1158	595.915229387534	578
0	1160	596.935416475489	579
0	1162	597.249414373552	580
0	1164	597.709205691328	581
0	1166	598.23767291963	582
0	1168	598.384897956943	583
0	1170	598.943905626934	584
1	204	100.157850707047	0.039183156413078
1	206	100.19703386346	0.57732431080652
1	208	100.774358174267	1.0058710051666
1	210	101.780229179434	4.4544968461761
1	212	106.23472602561	3.1929466420536
1	214	109.427672667664	0.10763510815607
1	216	109.53530777582	1.0578264133522
1	218	110.593134189172	0.23430151877557
1	220	110.827435707948	1.0080192454201
1	222	111.835454953368	0.17591354542561
1	224	112.011368498794	5.3601003502432
1	226	117.371468849037	1.0587427150941
1	228	118.430211564131	0.87191585362575
1	230	119.302127417757	0.29208053326722
1	232	119.594207951024	0.53506467708326
1	234	120.129272628107	0.62794158099116
1	236	120.757214209098	0.64378100160253
1	238	121.400995210701	0.280277008479
1	240	121.68127221918	0.9768640740707
1	242	122.658136293251	0.17312745614615
1	244	122.831263749397	0.4125012299225
1	246	123.243764979319	0.11695540979245
1	248	123.360720389111	1.1231683015333
1	250	124.483888690644	1.0680721971495
1	252	125.551960887794	0.3815558433742
1	254	125.933516731168	0.1487122692521
1	256	126.08222900042	1.5066353332725
1	258	127.588864333693	0.21888059650729
1	260	127.8077449302	2.987189891852
1	262	130.794934822052	0.46001395774029
1	264	131.254948779792	1.0862693808783
1	266	132.34121816067	1.7203316577166
1	268	134.061549818387	0.013664578430863
1	270	134.075214396818	0.10214488152493
1	272	134.177359278343	0.97510193415631
1	274	135.152461212499	1.8198189192844
1	276	136.972280131783	1.1198143657539
1	278	138.092094497537	0.10103477530896
1	280	138.193129272846	3.5735883723444
1	282	141.76671764519	3.7490314595845
1	284	145.515749104774	2.1053213007922
1	286	147.621070405566	0.6323365963958
1	288	148.253407001962	0.71258359333322
1	290	148.965990595295	3.761927284504
1	292	152.727917879799	0.057326926423752
1	294	152.785244806223	0.92847849690139
1	296	153.713723303124	0.59994688664105
1	298	154.313670189765	1.3442452721523
1	300	155.657915461917	0.020190128146165
1	302	155.678105590063	0.03997629905828
1	304	155.718081889121	0.58287838886697
1	306	156.300960277988	0.3324102409637
1	308	156.633370518952	3.8915701228453
1	310	160.524940641797	0.12805676531121
1	312	160.652997407108	0.44541946191978
1	314	161.098416869028	0.35117608938131
1	316	161.449592958409	0.65564628436364
1	318	162.105239242773	0.12638863642532
1	320	162.231627879198	1.1668735265486
1	322	163.398501405747	0.38270094886178
1	324	163.781202354609	2.1242371970017
1	326	165.905439551611	0.53488437575689
1	328	166.440323927368	2.5039117830852
1	330	168.944235710453	0.066297401482185
1	332	169.010533111935	0.2443954480818
1	334	169.254928560017	1.1791895270652
1	336	170.434118087082	0.83284351606617
1	338	171.266961603148	0.83609753197026
1	340	172.103059135118	2.0032405225072
1	342	174.106299657625	0.30841484009782
1	344	174.414714497723	0.71124793721716
1	346	175.12596243494	0.74075895044704
1	348	175.866721385387	2.4855823569768
1	350	178.352303742364	0.098650308418253
1	352	178.450954050782	2.5403045079587
1	354	180.991258558741	0.85789564107422
1	356	181.849154199815	0.08677048233958
1	358	181.935924682155	2.6492559286764
1	360	184.585180610831	0.32534041552903
1	362	184.91052102636	0.3835602140986
1	364	185.294081240459	0.0094007506640785
1	366	185.303481991123	1.1008459100908
1	368	186.404327901214	1.8473276510018
1	370	188.251655552216	0.14133071356076
1	372	188.392986265777	1.0417806541795
1	374	189.434766919956	1.259933810109
1	376	190.694700730065	1.8412824714871
1	378	192.535983201552	0.3416541670261
1	380	192.877637368578	0.3075177237624
1	382	193.18515509234	0.20235043856724
1	384	193.387505530907	0.50720012325658
1	386	193.894705654164	0.88312904195928
1	388	194.777834696123	0.80479739980141
1	390	195.582632095924	0.020312458795632
1	392	195.60294455472	0.18025225198479
1	394	195.783196806705	1.7657410724131
1	396	197.548937879118	0.46173089604448
1	398	198.010668775162	0.0047065404923458
1	400	198.015375315654	0.15834150623055
1	402	198.173716821885	1.1326341419725
1	404	199.306350963857	0.84308303214841
1	406	200.149433996005	0.31472166085463
1	408	200.46415565686	1.2165086534366
1	410	201.680664310297	1.3287578737503
1	412	203.009422184047	0.34034673823525
1	414	203.349768922282	3.2751431777148
1	416	206.624912099997	0.56790415348025
1	418	207.192816253477	0.28602097250807
1	420	207.478837225985	1.4110244092944
1	422	208.889861635279	0.85839296782897
1	424	209.748254603108	0.50434380658782
1	426	210.252598409696	0.89659087078588
1	428	211.149189280482	2.2637335758609
1	430	213.412922856343	0.84922081156443
1	432	214.262143667907	1.0186587300188
1	434	215.280802397926	0.25241999289112
1	436	215.533222390817	2.2215068984741
1	438	217.754729289291	3.0522816568843
1	440	220.807010946175	1.1396079635329
1	442	221.946618909708	0.59262402745221
1	444	222.53924293716	0.59637939432954
1	446	223.13562233149	1.8734598798572
1	448	225.009082211347	3.8430065832437
1	450	228.852088794591	1.2022385672465
1	452	230.054327361838	0.12352664736212
1	454	230.1778540092	0.35302013327416
1	456	230.530874142474	1.4568185585642
1	458	231.987692701038	1.6809222045459
1	460	233.668614905584	0.53072249661655
1	462	234.199337402201	0.50501874775467
1	464	234.704356149956	1.1252820168437
1	466	235.8296381668	2.129499396068
1	468	237.959137562868	0.28741047607001
1	470	238.246548038938	0.87053582632645
1	472	239.117083865264	0.37573884240679
1	474	239.492822707671	2.1348304499832
1	476	241.627653157654	3.3643704530511
1	478	244.992023610705	1.1793829336446
1	480	246.17140654435	0.88786141043673
1	482	247.059267954787	1.2919092688007
1	484	248.351177223588	1.0778348841364
1	486	249.429012107724	0.69579946090045
1	488	250.124811568624	0.76186777129591
1	490	250.88667933992	3.1254683576582
1	492	254.012147697578	0.26205724167543
1	494	254.274204939253	1.0327970106454
1	496	255.307001949898	0.50231079826093
1	498	255.809312748159	0.55139599013424
1	500	256.360708738293	0.96445356549388
1	502	257.325162303787	0.93240288040658
1	504	258.257565184194	0.64410470832262
1	506	258.901669892517	0.019379781348018
1	508	258.921049673865	0.63512771563083
1	510	259.556177389496	0.35892721586978
1	512	259.915104605366	1.2590435172639
1	514	261.17414812263	1.0793201986556
1	516	262.253468321286	0.33966473258235
1	518	262.593133053868	0.34259962469809
1	520	262.935732678566	0.48363568658942
1	522	263.419368365155	0.96237505577102
1	524	264.381743420926	1.3829792065368
1	526	265.764722627463	0.55996107007398
1	528	266.324683697537	2.1074476049504
1	530	268.432131302487	0.14557397844785
1	532	268.577705280935	0.10854709849486
1	534	268.68625237943	0.35422413224543
1	536	269.040476511675	0.09692275457686
1	538	269.137399266252	0.84388847259085
1	540	269.981287738843	0.43702801377393
1	542	270.418315752617	0.8937290783055
1	544	271.312044830923	0.80255198575856
1	546	272.114596816682	0.85407973564302
1	548	272.968676552325	0.034203418358066
1	550	273.002879970683	1.0590093853812
1	552	274.061889356064	3.4725354792825
1	554	277.534424835346	1.0558496086597
1	556	278.590274444006	0.38713009214908
1	558	278.977404536155	0.56461050112079
1	560	279.542015037276	0.2500814949777
1	562	279.792096532254	2.2686339926925
1	564	282.060730524946	0.15229362525447
1	566	282.2130241502	0.45817288395821
1	568	282.671197034158	0.10232061485256
1	570	282.773517649011	0.57246155142835
1	572	283.345979200439	4.1378097605104
1	574	287.483788960949	2.2249146572253
1	576	289.708703618174	0.30156591322334
1	578	290.010269531397	1.6408975779268
1	580	291.651167109324	0.77007685954627
1	582	292.42124396887	1.2170194953375
1	584	293.638263464207	0.59407349832382
1	586	294.232336962531	0.10561264362881
1	588	294.33794960616	0.10488183560037
1	590	294.44283144176	2.5192821300833
1	592	296.962113571843	0.43434565594379
1	594	297.396459227787	1.2526075249117
1	596	298.649066752699	0.6334626177227
1	598	299.282529370422	6.7653905199371
1	600	306.047919890359	1.8397327850775
1	602	307.887652675436	0.1618700867123
1	604	308.049522762148	2.3501772897507
1	606	310.399700051899	2.0259088171033
1	608	312.425608869002	0.03828291288477
1	610	312.463891781887	0.17732557514515
1	612	312.641217357032	0.70991792722397
1	614	313.351135284256	0.95596642392238
1	616	314.307101708178	0.18253860188262
1	618	314.489640310061	0.13218370961469
1	620	314.621824019676	1.5098234556094
1	622	316.131647475285	1.8839288865861
1	624	318.015576361871	2.001986495526
1	626	320.017562857397	1.6467191013268
1	628	321.664281958724	0.53000287813669
1	630	322.194284836861	0.841880961732
1	632	323.036165798593	0.15079101019384
1	634	323.186956808787	0.52287003008841
1	636	323.709826838875	0.0337867855519
1	638	323.743613624427	0.071675384312889
1	640	323.81528900874	4.0498468388046
1	642	327.865135847545	1.1954385662822
1	644	329.060574413827	0.46727256640992
1	646	329.527846980237	0.60429907184761
1	648	330.132146052085	0.54485712814465
1	650	330.67700318023	1.2803342038124
1	652	331.957337384042	0.051912552182968
1	654	332.009249936225	2.0127727362058
1	656	334.022022672431	0.45491184479174
1	658	334.476934517223	3.7099605919038
1	660	338.186895109127	0.016767765992163
1	662	338.203662875119	1.9365772374912
1	664	340.14024011261	0.26232930916617
1	666	340.402569421776	0.011783231918407
1	668	340.414352653694	1.4477940819885
1	670	341.862146735682	0.44625282051904
1	672	342.308399556201	2.8846117521025
1	674	345.193011308303	1.3092983640228
1	676	346.502309672326	1.3862913520212
1	678	347.888601024347	0.18829497521912
1	680	348.076895999566	0.41461254265908
1	682	348.491508542225	0.73613109998658
1	684	349.227639642212	0.67246051683361
1	686	349.900100159046	0.055870052888516
1	688	349.955970211935	0.41397892267266
1	690	350.369949134608	0.22313920810081
1	692	350.593088342709	0.19782950745909
1	694	350.790917850168	0.018695470420954
1	696	350.809613320589	0.18751895120274
1	698	350.997132271792	1.578412722106
1	700	352.575544993898	0.62259734397842
1	702	353.198142337876	0.25350570514339
1	704	353.451648043019	2.0760310604428
1	706	355.527679103462	0.42365710135673
1	708	355.951336204819	2.8845442884068
1	710	358.835880493226	2.6322188625488
1	712	361.468099355775	0.93713871772337
1	714	362.405238073498	1.2187968033434
1	716	363.624034876841	0.90796402732456
1	718	364.531998904166	0.032356804645281
1	720	364.564355708811	1.5308312262673
1	722	366.095186935078	0.17995734155184
1	724	366.27514427663	0.69319976953756
1	726	366.968344046168	0.97148215809495
1	728	367.939826204263	0.051682905795465
1	730	367.991509110058	0.86092363668068
1	732	368.852432746739	1.200970906542
1	734	370.053403653281	0.27166807034231
1	736	370.325071723623	4.8791328879935
1	738	375.204204611617	2.7213482559129
1	740	377.92555286753	0.3109678049698
1	742	378.2365206725	0.95182970754217
1	744	379.188350380042	1.1365964952572
1	746	380.324946875299	0.76707965457232
1	748	381.092026529871	1.99717196749
1	750	383.089198497361	0.89137857691001
1	752	383.980577074271	1.3896770637755
1	754	385.370254138047	1.3097853713617
1	756	386.680039509409	3.3379343338538
1	758	390.017973843263	0.3738864959031
1	760	390.391860339166	0.80798005339931
1	762	391.199840392565	0.50786512268668
1	764	391.707705515252	0.23875287284786
1	766	391.9464583881	0.23552457341851
1	768	392.181982961519	0.25159861311289
1	770	392.433581574632	0.20603204848304
1	772	392.639613623115	0.2468592687988
1	774	392.886472891914	2.8890755918988
1	776	395.775548483813	0.8429787754144
1	778	396.618527259227	1.3453474332339
1	780	397.963874692461	0.60167898652439
1	782	398.565553678985	0.67424456963624
1	784	399.239798248621	3.5144786805367
1	786	402.754276929158	0.25801276393997
1	788	403.012289693098	1.1411379028594
1	790	404.153427595957	0.29350765192326
1	792	404.44693524788	0.089154289995237
1	794	404.536089537875	0.059780962915412
1	796	404.59587050079	0.058072362115967
1	798	404.653942862906	0.56989756530646
1	800	405.223840428212	0.66911372368991
1	802	405.892954151902	0.37366979439447
1	804	406.266623946296	2.1286700945315
1	806	408.395294040827	1.1918581036549
1	808	409.587152144482	3.7466946138253
1	810	413.333846758307	0.47441629033294
1	812	413.80826304864	0.96143957157121
1	814	414.769702620211	0.19796773533397
1	816	414.967670355545	0.7819757208756
1	818	415.749646076421	0.024988353312802
1	820	415.774634429734	1.9283601368799
1	822	417.702994566614	0.069617671073597
1	824	417.772612237688	1.3619317243056
1	826	419.134543961994	1.1375385055406
1	828	420.272082467535	0.6512307319176
1	830	420.923313199453	0.60458121833525
1	832	421.527894417788	1.1303555459106
1	834	422.658249963699	0.76911980109644
1	836	423.427369764795	0.93406033260526
1	838	424.3614300974	2.2698400157841
1	840	426.631270113184	1.254203270091
1	842	427.885473383275	4.6396525263737
1	844	432.525125909649	0.6339300193941
1	846	433.159055929043	0.24449102204292
1	848	433.403546951086	0.60883291373718
1	850	434.012379864823	1.0879044336143
1	852	435.100284298437	2.368918170837
1	854	437.469202469274	0.3056049018143
1	856	437.774807371088	0.14759603289124
1	858	437.922403403979	0.02086721861016
1	860	437.943270622589	0.26035141154722
1	862	438.203622034136	1.4203834555852
1	864	439.624005489721	2.1335632874749
1	866	441.757568777196	0.38568769404523
1	868	442.143256471241	2.3478437614294
1	870	444.49110023267	0.48363838748964
1	872	444.97473862016	1.0378500754892
1	874	446.012588695649	0.8875019284837
1	876	446.900090624133	0.39257302818755
1	878	447.292663652321	1.778143336834
1	880	449.070806989155	0.73336767316797
1	882	449.804174662323	0.99150429289719
1	884	450.79567895522	5.5351895142431e-05
1	886	450.795734307115	2.0608212408809
1	888	452.856555547996	0.37376329381655
1	890	453.230318841813	0.31957465487283
1	892	453.549893496686	0.5541708290481
1	894	454.104064325734	1.59971944184
1	896	455.703783767574	2.1657636808746
1	898	457.869547448449	0.20534776873569
1	900	458.074895217185	1.1390576506728
1	902	459.213952867858	3.0531846695934
1	904	462.267137537451	0.60904461270887
1	906	462.87618215016	1.1631132834255
1	908	464.039295433585	0.66050307974918
1	910	464.699798513334	0.24271849367179
1	912	464.942517007006	1.5546629378088
1	914	466.497179944815	2.9444802774233
1	916	469.441660222238	0.26064012937644
1	918	469.702300351614	1.3125079929656
1	920	471.01480834458	2.1227466539419
1	922	473.137554998522	0.2929514584866
1	924	473.430506457009	0.37642935152143
1	926	473.80693580853	0.23992351943628
1	928	474.046859327966	3.1570955414156
1	930	477.203954869382	0.73022766523907
1	932	477.934182534621	0.63818860559288
1	934	478.572371140214	0.025997745193121
1	936	478.598368885407	1.2433507779486
1	938	479.841719663356	0.23252501838479
1	940	480.074244681741	0.16687464123273
1	942	480.241119322974	0.55283837065181
1	944	480.793957693626	1.3109723681604
1	946	482.104930061786	0.46867647597692
1	948	482.573606537763	1.0392056365815
1	950	483.612812174344	0.62282930976488
1	952	484.235641484109	0.24191964477111
1	954	484.47756112888	0.3252160179763
1	956	484.802777146856	0.20635799360494
1	958	485.009135140461	0.88378565603291
1	960	485.892920796494	1.648076173161
1	962	487.540996969655	1.994039201277
1	964	489.535036170932	1.3746799538019
1	966	490.909716124734	0.12503258992348
1	968	491.034748714657	1.123460499548
1	970	492.158209214205	0.72852384273434
1	972	492.886733056939	0.32419911348648
1	974	493.210932170425	0.14164203479521
1	976	493.35257420522	0.19226144084217
1	978	493.544835646062	1.2618126734873
1	980	494.806648319549	1.2189993451813
1	982	496.02564766473	0.50427993325148
1	984	496.529927597981	0.62203691908121
1	986	497.151964517062	0.83337824064591
1	988	497.985342757708	1.8352634029395
1	990	499.820606160648	0.20245876369809
1	992	500.023064924346	0.22924432520697
1	994	500.252309249553	0.15647577038441
1	996	500.408785019937	0.18027429957829
1	998	500.589059319515	0.66954059086109
1	1000	501.258599910376	0.13334062327262
1	1002	501.391940533649	0.43945539049281
1	1004	501.831395924142	1.2804243539788
1	1006	503.111820278121	2.820635948415
1	1008	505.932456226536	0.030926291560505
1	1010	505.963382518097	1.4495547764276
1	1012	507.412937294525	1.3743430144204
1	1014	508.787280308945	1.3809630956668
1	1016	510.168243404612	0.097167678367039
1	1018	510.265411082979	2.3404919606574
1	1020	512.605903043636	0.2451980926423
1	1022	512.851101136278	0.087108583258459
1	1024	512.938209719536	1.3833164661512
1	1026	514.321526185687	0.80339176266712
1	1028	515.124917948354	1.3156262582969
1	1030	516.440544206651	0.87821507871827
1	1032	517.318759285369	0.046687743644495
1	1034	517.365447029013	3.2684964008229
1	1036	520.633943429836	0.23465584925645
1	1038	520.868599279092	0.34551958370873
1	1040	521.214118862801	0.33815471484443
1	1042	521.552273577645	0.27552793703831
1	1044	521.827801514683	1.1309184791887
1	1046	522.958719993872	0.10568717410466
1	1048	523.064407167977	0.065112864786662
1	1050	523.129520032764	0.016566094421582
1	1052	523.146086127186	0.81114102222795
1	1054	523.957227149414	2.6525585155205
1	1056	526.609785664934	0.0092830243780063
1	1058	526.619068689312	1.108409754214
1	1060	527.727478443526	1.7899896044811
1	1062	529.517468048007	1.5378287144766
1	1064	531.055296762484	4.1559710955631
1	1066	535.211267858047	0.33090988117613
1	1068	535.542177739223	1.2156904733585
1	1070	536.757868212582	0.88288054495711
1	1072	537.640748757539	0.20044219508572
1	1074	537.841190952625	0.0660920106934
1	1076	537.907282963318	0.7182464801081
1	1078	538.625529443426	0.66480774955156
1	1080	539.290337192978	0.86856573146579
1	1082	540.158902924444	3.7940237830878
1	1084	543.952926707532	1.549011679155
1	1086	545.501938386687	2.0915565726233
1	1088	547.59349495931	0.93261185526887
1	1090	548.526106814579	0.41272986672684
1	1092	548.938836681306	0.24641582221277
1	1094	549.185252503519	3.2589209771847
1	1096	552.444173480704	0.60727928861947
1	1098	553.051452769323	0.26357711283518
1	1100	553.315029882158	2.1108887743828
1	1102	555.425918656541	2.9822006754726
1	1104	558.408119332014	0.67780200205503
1	1106	559.085921334069	2.8366401933755
1	1108	561.922561527444	1.2572369955706
1	1110	563.179798523015	1.6054587630678
1	1112	564.785257286083	0.66584248663698
1	1114	565.45109977272	0.99546364336667
1	1116	566.446563416087	1.2328804630308
1	1118	567.679443879118	2.0737614631001
1	1120	569.753205342218	0.68943453784797
1	1122	570.442639880066	0.34675330378876
1	1124	570.789393183855	1.8614316429821
1	1126	572.650824826837	1.8901016980963
1	1128	574.540926524933	0.21609621659418
1	1130	574.757022741527	0.96201192659007
1	1132	575.719034668117	1.4842424826501
1	1134	577.203277150767	0.013325244828403
1	1136	577.216602395595	3.6596573307649
1	1138	580.87625972636	0.4265358120365
1	1140	581.302795538396	1.9827489046034
1	1142	583.285544442999	0.16033409448658
1	1144	583.445878537486	1.516068929825
1	1146	584.961947467311	4.0079496548744
1	1148	588.969897122185	4.2018594262477
1	1150	593.171756548433	0.65079734235913
1	1152	593.822553890792	1.4006756969605
1	1154	595.223229587752	0.68794347846101
1	1156	595.911173066213	0.0040563213210957
1	1158	595.915229387534	1.0201870879548
1	1160	596.935416475489	0.31399789806332
1	1162	597.249414373552	0.45979131777579
1	1164	597.709205691328	0.5284672283018
1	1166	598.23767291963	0.14722503731308
1	1168	598.384897956943	0.55900766999096
1	1170	598.943905626934	1.7266333797422
2	205	100.157850707047	100
2	207	100.19703386346	101
2	209	100.774358174267	102
2	211	101.780229179434	103
2	213	106.23472602561	104
2	215	109.427672667664	105
2	217	109.53530777582	106
2	219	110.593134189172	107
2	221	110.827435707948	108
2	223	111.835454953368	109
2	225	112.011368498794	110
2	227	117.371468849037	111
2	229	118.430211564131	112
2	231	119.302127417757	113
2	233	119.594207951024	114
2	235	120.129272628107	115
2	237	120.757214209098	116
2	239	121.400995210701	117
2	241	121.68127221918	118
2	243	122.658136293251	119
2	245	122.831263749397	120
2	247	123.243764979319	121
2	249	123.360720389111	122
2	251	124.483888690644	123
2	253	125.551960887794	124
2	255	125.933516731168	125
2	257	126.08222900042	126
2	259	127.588864333693	127
2	261	127.8077449302	128
2	263	130.794934822052	129
2	265	131.254948779792	130
2	267	132.34121816067	131
2	269	134.061549818387	132
2	271	134.075214396818	133
2	273	134.177359278343	134
2	275	135.152461212499	135
2	277	136.972280131783	136
2	279	138.092094497537	137
2	281	138.193129272846	138
2	283	141.76671764519	139
2	285	145.515749104774	140
2	287	147.621070405566	141
2	289	148.253407001962	142
2	291	148.965990595295	143
2	293	152.727917879799	144
2	295	152.785244806223	145
2	297	153.713723303124	146
2	299	154.313670189765	147
2	301	155.657915461917	148
2	303	155.678105590063	149
2	305	155.718081889121	150
2	307	156.300960277988	151
2	309	156.633370518952	152
2	311	160.524940641797	153
2	313	160.652997407108	154
2	315	161.098416869028	155
2	317	161.449592958409	156
2	319	162.105239242773	157
2	321	162.231627879198	158
2	323	163.398501405747	159
2	325	163.781202354609	160
2	327	165.905439551611	161
2	329	166.440323927368	162
2	331	168.944235710453	163
2	333	169.010533111935	164
2	335	169.254928560017	165
2	337	170.434118087082	166
2	339	171.266961603148	167
2	341	172.103059135118	168
2	343	174.106299657625	169
2	345	174.414714497723	170
2	347	175.12596243494	171
2	349	175.866721385387	172
2	351	178.352303742364	173
2	353	178.450954050782	174
2	355	180.991258558741	175
2	357	181.849154199815	176
2	359	181.935924682155	177
2	361	184.585180610831	178
2	363	184.91052102636	179
2	365	185.294081240459	180
2	367	185.303481991123	181
2	369	186.404327901214	182
2	371	188.251655552216	183
2	373	188.392986265777	184
2	375	189.434766919956	185
2	377	190.694700730065	186
2	379	192.535983201552	187
2	381	192.877637368578	188
2	383	193.18515509234	189
2	385	193.387505530907	190
2	387	193.894705654164	191
2	389	194.777834696123	192
2	391	195.582632095924	193
2	393	195.60294455472	194
2	395	195.783196806705	195
2	397	197.548937879118	196
2	399	198.010668775162	197
2	401	198.015375315654	198
2	403	198.173716821885	199
2	405	199.306350963857	200
2	407	200.149433996005	201
2	409	200.46415565686	202
2	411	201.680664310297	203
2	413	203.009422184047	204
2	415	203.349768922282	205
2	417	206.624912099997	206
2	419	207.192816253477	207
2	421	207.478837225985	208
2	423	208.889861635279	209
2	425	209.748254603108	210
2	427	210.252598409696	211
2	429	211.149189280482	212
2	431	213.412922856343	213
2	433	214.262143667907	214
2	435	215.280802397926	215
2	437	215.533222390817	216
2	439	217.754729289291	217
2	441	220.807010946175	218
2	443	221.946618909708	219
2	445	222.53924293716	220
2	447	223.13562233149	221
2	449	225.009082211347	222
2	451	228.852088794591	223
2	453	230.054327361838	224
2	455	230.1778540092	225
2	457	230.530874142474	226
2	459	231.987692701038	227
2	461	233.668614905584	228
2	463	234.199337402201	229
2	465	234.704356149956	230
2	467	235.8296381668	231
2	469	237.959137562868	232
2	471	238.246548038938	233
2	473	239.117083865264	234
2	475	239.492822707671	235
2	477	241.627653157654	236
2	479	244.992023610705	237
2	481	246.17140654435	238
2	483	247.059267954787	239
2	485	248.351177223588	240
2	487	249.429012107724	241
2	489	250.124811568624	242
2	491	250.88667933992	243
2	493	254.012147697578	244
2	495	254.274204939253	245
2	497	255.307001949898	246
2	499	255.809312748159	247
2	501	256.360708738293	248
2	503	257.325162303787	249
2	505	258.257565184194	250
2	507	258.901669892517	251
2	509	258.921049673865	252
2	511	259.556177389496	253
2	513	259.915104605366	254
2	515	261.17414812263	255
2	517	262.253468321286	256
2	519	262.593133053868	257
2	521	262.935732678566	258
2	523	263.419368365155	259
2	525	264.381743420926	260
2	527	265.764722627463	261
2	529	266.324683697537	262
2	531	268.432131302487	263
2	533	268.577705280935	264
2	535	268.68625237943	265
2	537	269.040476511675	266
2	539	269.137399266252	267
2	541	269.981287738843	268
2	543	270.418315752617	269
2	545	271.312044830923	270
2	547	272.114596816682	271
2	549	272.968676552325	272
2	551	273.002879970683	273
2	553	274.061889356064	274
2	555	277.534424835346	275
2	557	278.590274444006	276
2	559	278.977404536155	277
2	561	279.542015037276	278
2	563	279.792096532254	279
2	565	282.060730524946	280
2	567	282.2130241502	281
2	569	282.671197034158	282
2	571	282.773517649011	283
2	573	283.345979200439	284
2	575	287.483788960949	285
2	577	289.708703618174	286
2	579	290.010269531397	287
2	581	291.651167109324	288
2	583	292.42124396887	289
2	585	293.638263464207	290
2	587	294.232336962531	291
2	589	294.33794960616	292
2	591	294.44283144176	293
2	593	296.962113571843	294
2	595	297.396459227787	295
2	597	298.649066752699	296
2	599	299.282529370422	297
2	601	306.047919890359	298
2	603	307.887652675436	299
2	605	308.049522762148	300
2	607	310.399700051899	301
2	609	312.425608869002	302
2	611	312.463891781887	303
2	613	312.641217357032	304
2	615	313.351135284256	305
2	617	314.307101708178	306
2	619	314.489640310061	307
2	621	314.621824019676	308
2	623	316.131647475285	309
2	625	318.015576361871	310
2	627	320.017562857397	311
2	629	321.664281958724	312
2	631	322.194284836861	313
2	633	323.036165798593	314
2	635	323.186956808787	315
2	637	323.709826838875	316
2	639	323.743613624427	317
2	641	323.81528900874	318
2	643	327.865135847545	319
2	645	329.060574413827	320
2	647	329.527846980237	321
2	649	330.132146052085	322
2	651	330.67700318023	323
2	653	331.957337384042	324
2	655	332.009249936225	325
2	657	334.022022672431	326
2	659	334.476934517223	327
2	661	338.186895109127	328
2	663	338.203662875119	329
2	665	340.14024011261	330
2	667	340.402569421776	331
2	669	340.414352653694	332
2	671	341.862146735682	333
2	673	342.308399556201	334
2	675	345.193011308303	335
2	677	346.502309672326	336
2	679	347.888601024347	337
2	681	348.076895999566	338
2	683	348.491508542225	339
2	685	349.227639642212	340
2	687	349.900100159046	341
2	689	349.955970211935	342
2	691	350.369949134608	343
2	693	350.593088342709	344
2	695	350.790917850168	345
2	697	350.809613320589	346
2	699	350.997132271792	347
2	701	352.575544993898	348
2	703	353.198142337876	349
2	705	353.451648043019	350
2	707	355.527679103462	351
2	709	355.951336204819	352
2	711	358.835880493226	353
2	713	361.468099355775	354
2	715	362.405238073498	355
2	717	363.624034876841	356
2	719	364.531998904166	357
2	721	364.564355708811	358
2	723	366.095186935078	359
2	725	366.27514427663	360
2	727	366.968344046168	361
2	729	367.939826204263	362
2	731	367.991509110058	363
2	733	368.852432746739	364
2	735	370.053403653281	365
2	737	370.325071723623	366
2	739	375.204204611617	367
2	741	377.92555286753	368
2	743	378.2365206725	369
2	745	379.188350380042	370
2	747	380.324946875299	371
2	749	381.092026529871	372
2	751	383.089198497361	373
2	753	383.980577074271	374
2	755	385.370254138047	375
2	757	386.680039509409	376
2	759	390.017973843263	377
2	761	390.391860339166	378
2	763	391.199840392565	379
2	765	391.707705515252	380
2	767	391.9464583881	381
2	769	392.181982961519	382
2	771	392.433581574632	383
2	773	392.639613623115	384
2	775	392.886472891914	385
2	777	395.775548483813	386
2	779	396.618527259227	387
2	781	397.963874692461	388
2	783	398.565553678985	389
2	785	399.239798248621	390
2	787	402.754276929158	391
2	789	403.012289693098	392
2	791	404.153427595957	393
2	793	404.44693524788	394
2	795	404.536089537875	395
2	797	404.59587050079	396
2	799	404.653942862906	397
2	801	405.223840428212	398
2	803	405.892954151902	399
2	805	406.266623946296	400
2	807	408.395294040827	401
2	809	409.587152144482	402
2	811	413.333846758307	403
2	813	413.80826304864	404
2	815	414.769702620211	405
2	817	414.967670355545	406
2	819	415.749646076421	407
2	821	415.774634429734	408
2	823	417.702994566614	409
2	825	417.772612237688	410
2	827	419.134543961994	411
2	829	420.272082467535	412
2	831	420.923313199453	413
2	833	421.527894417788	414
2	835	422.658249963699	415
2	837	423.427369764795	416
2	839	424.3614300974	417
2	841	426.631270113184	418
2	843	427.885473383275	419
2	845	432.525125909649	420
2	847	433.159055929043	421
2	849	433.403546951086	422
2	851	434.012379864823	423
2	853	435.100284298437	424
2	855	437.469202469274	425
2	857	437.774807371088	426
2	859	437.922403403979	427
2	861	437.943270622589	428
2	863	438.203622034136	429
2	865	439.624005489721	430
2	867	441.757568777196	431
2	869	442.143256471241	432
2	871	444.49110023267	433
2	873	444.97473862016	434
2	875	446.012588695649	435
2	877	446.900090624133	436
2	879	447.292663652321	437
2	881	449.070806989155	438
2	883	449.804174662323	439
2	885	450.79567895522	440
2	887	450.795734307115	441
2	889	452.856555547996	442
2	891	453.230318841813	443
2	893	453.549893496686	444
2	895	454.104064325734	445
2	897	455.703783767574	446
2	899	457.869547448449	447
2	901	458.074895217185	448
2	903	459.213952867858	449
2	905	462.267137537451	450
2	907	462.87618215016	451
2	909	464.039295433585	452
2	911	464.699798513334	453
2	913	464.942517007006	454
2	915	466.497179944815	455
2	917	469.441660222238	456
2	919	469.702300351614	457
2	921	471.01480834458	458
2	923	473.137554998522	459
2	925	473.430506457009	460
2	927	473.80693580853	461
2	929	474.046859327966	462
2	931	477.203954869382	463
2	933	477.934182534621	464
2	935	478.572371140214	465
2	937	478.598368885407	466
2	939	479.841719663356	467
2	941	480.074244681741	468
2	943	480.241119322974	469
2	945	480.793957693626	470
2	947	482.104930061786	471
2	949	482.573606537763	472
2	951	483.612812174344	473
2	953	484.235641484109	474
2	955	484.47756112888	475
2	957	484.802777146856	476
2	959	485.009135140461	477
2	961	485.892920796494	478
2	963	487.540996969655	479
2	965	489.535036170932	480
2	967	490.909716124734	481
2	969	491.034748714657	482
2	971	492.158209214205	483
2	973	492.886733056939	484
2	975	493.210932170425	485
2	977	493.35257420522	486
2	979	493.544835646062	487
2	981	494.806648319549	488
2	983	496.02564766473	489
2	985	496.529927597981	490
2	987	497.151964517062	491
2	989	497.985342757708	492
2	991	499.820606160648	493
2	993	500.023064924346	494
2	995	500.252309249553	495
2	997	500.408785019937	496
2	999	500.589059319515	497
2	1001	501.258599910376	498
2	1003	501.391940533649	499
2	1005	501.831395924142	500
2	1007	503.111820278121	501
2	1009	505.932456226536	502
2	1011	505.963382518097	503
2	1013	507.412937294525	504
2	1015	508.787280308945	505
2	1017	510.168243404612	506
2	1019	510.265411082979	507
2	1021	512.605903043636	508
2	1023	512.851101136278	509
2	1025	512.938209719536	510
2	1027	514.321526185687	511
2	1029	515.124917948354	512
2	1031	516.440544206651	513
2	1033	517.318759285369	514
2	1035	517.365447029013	515
2	1037	520.633943429836	516
2	1039	520.868599279092	517
2	1041	521.214118862801	518
2	1043	521.552273577645	519
2	1045	521.827801514683	520
2	1047	522.958719993872	521
2	1049	523.064407167977	522
2	1051	523.129520032764	523
2	1053	523.146086127186	524
2	1055	523.957227149414	525
2	1057	526.609785664934	526
2	1059	526.619068689312	527
2	1061	527.727478443526	528
2	1063	529.517468048007	529
2	1065	531.055296762484	530
2	1067	535.211267858047	531
2	1069	535.542177739223	532
2	1071	536.757868212582	533
2	1073	537.640748757539	534
2	1075	537.841190952625	535
2	1077	537.907282963318	536
2	1079	538.625529443426	537
2	1081	539.290337192978	538
2	1083	540.158902924444	539
2	1085	543.952926707532	540
2	1087	545.501938386687	541
2	1089	547.59349495931	542
2	1091	548.526106814579	543
2	1093	548.938836681306	544
2	1095	549.185252503519	545
2	1097	552.444173480704	546
2	1099	553.051452769323	547
2	1101	553.315029882158	548
2	1103	555.425918656541	549
2	1105	558.408119332014	550
2	1107	559.085921334069	551
2	1109	561.922561527444	552
2	1111	563.179798523015	553
2	1113	564.785257286083	554
2	1115	565.45109977272	555
2	1117	566.446563416087	556
2	1119	567.679443879118	557
2	1121	569.753205342218	558
2	1123	570.442639880066	559
2	1125	570.789393183855	560
2	1127	572.650824826837	561
2	1129	574.540926524933	562
2	1131	574.757022741527	563
2	1133	575.719034668117	564
2	1135	577.203277150767	565
2	1137	577.216602395595	566
2	1139	580.87625972636	567
2	1141	581.302795538396	568
2	1143	583.285544442999	569
2	1145	583.445878537486	570
2	1147	584.961947467311	571
2	1149	588.969897122185	572
2	1151	593.171756548433	573
2	1153	593.822553890792	574
2	1155	595.223229587752	575
2	1157	595.911173066213	576
2	1159	595.915229387534	577
2	1161	596.935416475489	578
2	1163	597.249414373552	579
2	1165	597.709205691328	580
2	1167	598.23767291963	581
2	1169	598.384897956943	582
2	1171	598.943905626934	583
4	1172	600	1.001373154173
5	205	100.157850707047	101
5	207	100.19703386346	102
5	209	100.774358174267	103
5	211	101.780229179434	104
5	213	106.23472602561	105
5	215	109.427672667664	106
5	217	109.53530777582	107
5	219	110.593134189172	108
5	221	110.827435707948	109
5	223	111.835454953368	110
5	225	112.011368498794	111
5	227	117.371468849037	112
5	229	118.430211564131	113
5	231	119.302127417757	114
5	233	119.594207951024	115
5	235	120.129272628107	116
5	237	120.757214209098	117
5	239	121.400995210701	118
5	241	121.68127221918	119
5	243	122.658136293251	120
5	245	122.831263749397	121
5	247	123.243764979319	122
5	249	123.360720389111	123
5	251	124.483888690644	124
5	253	125.551960887794	125
5	255	125.933516731168	126
5	257	126.08222900042	127
5	259	127.588864333693	128
5	261	127.8077449302	129
5	263	130.794934822052	130
5	265	131.254948779792	131
5	267	132.34121816067	132
5	269	134.061549818387	133
5	271	134.075214396818	134
5	273	134.177359278343	135
5	275	135.152461212499	136
5	277	136.972280131783	137
5	279	138.092094497537	138
5	281	138.193129272846	139
5	283	141.76671764519	140
5	285	145.515749104774	141
5	287	147.621070405566	142
5	289	148.253407001962	143
5	291	148.965990595295	144
5	293	152.727917879799	145
5	295	152.785244806223	146
5	297	153.713723303124	147
5	299	154.313670189765	148
5	301	155.657915461917	149
5	303	155.678105590063	150
5	305	155.718081889121	151
5	307	156.300960277988	152
5	309	156.633370518952	153
5	311	160.524940641797	154
5	313	160.652997407108	155
5	315	161.098416869028	156
5	317	161.449592958409	157
5	319	162.105239242773	158
5	321	162.231627879198	159
5	323	163.398501405747	160
5	325	163.781202354609	161
5	327	165.905439551611	162
5	329	166.440323927368	163
5	331	168.944235710453	164
5	333	169.010533111935	165
5	335	169.254928560017	166
5	337	170.434118087082	167
5	339	171.266961603148	168
5	341	172.103059135118	169
5	343	174.106299657625	170
5	345	174.414714497723	171
5	347	175.12596243494	172
5	349	175.866721385387	173
5	351	178.352303742364	174
5	353	178.450954050782	175
5	355	180.991258558741	176
5	357	181.849154199815	177
5	359	181.935924682155	178
5	361	184.585180610831	179
5	363	184.91052102636	180
5	365	185.294081240459	181
5	367	185.303481991123	182
5	369	186.404327901214	183
5	371	188.251655552216	184
5	373	188.392986265777	185
5	375	189.434766919956	186
5	377	190.694700730065	187
5	379	192.535983201552	188
5	381	192.877637368578	189
5	383	193.18515509234	190
5	385	193.387505530907	191
5	387	193.894705654164	192
5	389	194.777834696123	193
5	391	195.582632095924	194
5	393	195.60294455472	195
5	395	195.783196806705	196
5	397	197.548937879118	197
5	399	198.010668775162	198
5	401	198.015375315654	199
5	403	198.173716821885	200
5	405	199.306350963857	201
5	407	200.149433996005	202
5	409	200.46415565686	203
5	411	201.680664310297	204
5	413	203.009422184047	205
5	415	203.349768922282	206
5	417	206.624912099997	207
5	419	207.192816253477	208
5	421	207.478837225985	209
5	423	208.889861635279	210
5	425	209.748254603108	211
5	427	210.252598409696	212
5	429	211.149189280482	213
5	431	213.412922856343	214
5	433	214.262143667907	215
5	435	215.280802397926	216
5	437	215.533222390817	217
5	439	217.754729289291	218
5	441	220.807010946175	219
5	443	221.946618909708	220
5	445	222.53924293716	221
5	447	223.13562233149	222
5	449	225.009082211347	223
5	451	228.852088794591	224
5	453	230.054327361838	225
5	455	230.1778540092	226
5	457	230.530874142474	227
5	459	231.987692701038	228
5	461	233.668614905584	229
5	463	234.199337402201	230
5	465	234.704356149956	231
5	467	235.8296381668	232
5	469	237.959137562868	233
5	471	238.246548038938	234
5	473	239.117083865264	235
5	475	239.492822707671	236
5	477	241.627653157654	237
5	479	244.992023610705	238
5	481	246.17140654435	239
5	483	247.059267954787	240
5	485	248.351177223588	241
5	487	249.429012107724	242
5	489	250.124811568624	243
5	491	250.88667933992	244
5	493	254.012147697578	245
5	495	254.274204939253	246
5	497	255.307001949898	247
5	499	255.809312748159	248
5	501	256.360708738293	249
5	503	257.325162303787	250
5	505	258.257565184194	251
5	507	258.901669892517	252
5	509	258.921049673865	253
5	511	259.556177389496	254
5	513	259.915104605366	255
5	515	261.17414812263	256
5	517	262.253468321286	257
5	519	262.593133053868	258
5	521	262.935732678566	259
5	523	263.419368365155	260
5	525	264.381743420926	261
5	527	265.764722627463	262
5	529	266.324683697537	263
5	531	268.432131302487	264
5	533	268.577705280935	265
5	535	268.68625237943	266
5	537	269.040476511675	267
5	539	269.137399266252	268
5	541	269.981287738843	269
5	543	270.418315752617	270
5	545	271.312044830923	271
5	547	272.114596816682	272
5	549	272.968676552325	273
5	551	273.002879970683	274
5	553	274.061889356064	275
5	555	277.534424835346	276
5	557	278.590274444006	277
5	559	278.977404536155	278
5	561	279.542015037276	279
5	563	279.792096532254	280
5	565	282.060730524946	281
5	567	282.2130241502	282
5	569	282.671197034158	283
5	571	282.773517649011	284
5	573	283.345979200439	285
5	575	287.483788960949	286
5	577	289.708703618174	287
5	579	290.010269531397	288
5	581	291.651167109324	289
5	583	292.42124396887	290
5	585	293.638263464207	291
5	587	294.232336962531	292
5	589	294.33794960616	293
5	591	294.44283144176	294
5	593	296.962113571843	295
5	595	297.396459227787	296
5	597	298.649066752699	297
5	599	299.282529370422	298
5	601	306.047919890359	299
5	603	307.887652675436	300
5	605	308.049522762148	301
5	607	310.399700051899	302
5	609	312.425608869002	303
5	611	312.463891781887	304
5	613	312.641217357032	305
5	615	313.351135284256	306
5	617	314.307101708178	307
5	619	314.489640310061	308
5	621	314.621824019676	309
5	623	316.131647475285	310
5	625	318.015576361871	311
5	627	320.017562857397	312
5	629	321.664281958724	313
5	631	322.194284836861	314
5	633	323.036165798593	315
5	635	323.186956808787	316
5	637	323.709826838875	317
5	639	323.743613624427	318
5	641	323.81528900874	319
5	643	327.865135847545	320
5	645	329.060574413827	321
5	647	329.527846980237	322
5	649	330.132146052085	323
5	651	330.67700318023	324
5	653	331.957337384042	325
5	655	332.009249936225	326
5	657	334.022022672431	327
5	659	334.476934517223	328
5	661	338.186895109127	329
5	663	338.203662875119	330
5	665	340.14024011261	331
5	667	340.402569421776	332
5	669	340.414352653694	333
5	671	341.862146735682	334
5	673	342.308399556201	335
5	675	345.193011308303	336
5	677	346.502309672326	337
5	679	347.888601024347	338
5	681	348.076895999566	339
5	683	348.491508542225	340
5	685	349.227639642212	341
5	687	349.900100159046	342
5	689	349.955970211935	343
5	691	350.369949134608	344
5	693	350.593088342709	345
5	695	350.790917850168	346
5	697	350.809613320589	347
5	699	350.997132271792	348
5	701	352.575544993898	349
5	703	353.198142337876	350
5	705	353.451648043019	351
5	707	355.527679103462	352
5	709	355.951336204819	353
5	711	358.835880493226	354
5	713	361.468099355775	355
5	715	362.405238073498	356
5	717	363.624034876841	357
5	719	364.531998904166	358
5	721	364.564355708811	359
5	723	366.095186935078	360
5	725	366.27514427663	361
5	727	366.968344046168	362
5	729	367.939826204263	363
5	731	367.991509110058	364
5	733	368.852432746739	365
5	735	370.053403653281	366
5	737	370.325071723623	367
5	739	375.204204611617	368
5	741	377.92555286753	369
5	743	378.2365206725	370
5	745	379.188350380042	371
5	747	380.324946875299	372
5	749	381.092026529871	373
5	751	383.089198497361	374
5	753	383.980577074271	375
5	755	385.370254138047	376
5	757	386.680039509409	377
5	759	390.017973843263	378
5	761	390.391860339166	379
5	763	391.199840392565	380
5	765	391.707705515252	381
5	767	391.9464583881	382
5	769	392.181982961519	383
5	771	392.433581574632	384
5	773	392.639613623115	385
5	775	392.886472891914	386
5	777	395.775548483813	387
5	779	396.618527259227	388
5	781	397.963874692461	389
5	783	398.565553678985	390
5	785	399.239798248621	391
5	787	402.754276929158	392
5	789	403.012289693098	393
5	791	404.153427595957	394
5	793	404.44693524788	395
5	795	404.536089537875	396
5	797	404.59587050079	397
5	799	404.653942862906	398
5	801	405.223840428212	399
5	803	405.892954151902	400
5	805	406.266623946296	401
5	807	408.395294040827	402
5	809	409.587152144482	403
5	811	413.333846758307	404
5	813	413.80826304864	405
5	815	414.769702620211	406
5	817	414.967670355545	407
5	819	415.749646076421	408
5	821	415.774634429734	409
5	823	417.702994566614	410
5	825	417.772612237688	411
5	827	419.134543961994	412
5	829	420.272082467535	413
5	831	420.923313199453	414
5	833	421.527894417788	415
5	835	422.658249963699	416
5	837	423.427369764795	417
5	839	424.3614300974	418
5	841	426.631270113184	419
5	843	427.885473383275	420
5	845	432.525125909649	421
5	847	433.159055929043	422
5	849	433.403546951086	423
5	851	434.012379864823	424
5	853	435.100284298437	425
5	855	437.469202469274	426
5	857	437.774807371088	427
5	859	437.922403403979	428
5	861	437.943270622589	429
5	863	438.203622034136	430
5	865	439.624005489721	431
5	867	441.757568777196	432
5	869	442.143256471241	433
5	871	444.49110023267	434
5	873	444.97473862016	435
5	875	446.012588695649	436
5	877	446.900090624133	437
5	879	447.292663652321	438
5	881	449.070806989155	439
5	883	449.804174662323	440
5	885	450.79567895522	441
5	887	450.795734307115	442
5	889	452.856555547996	443
5	891	453.230318841813	444
5	893	453.549893496686	445
5	895	454.104064325734	446
5	897	455.703783767574	447
5	899	457.869547448449	448
5	901	458.074895217185	449
5	903	459.213952867858	450
5	905	462.267137537451	451
5	907	462.87618215016	452
5	909	464.039295433585	453
5	911	464.699798513334	454
5	913	464.942517007006	455
5	915	466.497179944815	456
5	917	469.441660222238	457
5	919	469.702300351614	458
5	921	471.01480834458	459
5	923	473.137554998522	460
5	925	473.430506457009	461
5	927	473.80693580853	462
5	929	474.046859327966	463
5	931	477.203954869382	464
5	933	477.934182534621	465
5	935	478.572371140214	466
5	937	478.598368885407	467
5	939	479.841719663356	468
5	941	480.074244681741	469
5	943	480.241119322974	470
5	945	480.793957693626	471
5	947	482.104930061786	472
5	949	482.573606537763	473
5	951	483.612812174344	474
5	953	484.235641484109	475
5	955	484.47756112888	476
5	957	484.802777146856	477
5	959	485.009135140461	478
5	961	485.892920796494	479
5	963	487.540996969655	480
5	965	489.535036170932	481
5	967	490.909716124734	482
5	969	491.034748714657	483
5	971	492.158209214205	484
5	973	492.886733056939	485
5	975	493.210932170425	486
5	977	493.35257420522	487
5	979	493.544835646062	488
5	981	494.806648319549	489
5	983	496.02564766473	490
5	985	496.529927597981	491
5	987	497.151964517062	492
5	989	497.985342757708	493
5	991	499.820606160648	494
5	993	500.023064924346	495
5	995	500.252309249553	496
5	997	500.408785019937	497
5	999	500.589059319515	498
5	1001	501.258599910376	499
5	1003	501.391940533649	500
5	1005	501.831395924142	501
5	1007	503.111820278121	502
5	1009	505.932456226536	503
5	1011	505.963382518097	504
5	1013	507.412937294525	505
5	1015	508.787280308945	506
5	1017	510.168243404612	507
5	1019	510.265411082979	508
5	1021	512.605903043636	509
5	1023	512.851101136278	510
5	1025	512.938209719536	511
5	1027	514.321526185687	512
5	1029	515.124917948354	513
5	1031	516.440544206651	514
5	1033	517.318759285369	515
5	1035	517.365447029013	516
5	1037	520.633943429836	517
5	1039	520.868599279092	518
5	1041	521.214118862801	519
5	1043	521.552273577645	520
5	1045	521.827801514683	521
5	1047	522.958719993872	522
5	1049	523.064407167977	523
5	1051	523.129520032764	524
5	1053	523.146086127186	525
5	1055	523.957227149414	526
5	1057	526.609785664934	527
5	1059	526.619068689312	528
5	1061	527.727478443526	529
5	1063	529.517468048007	530
5	1065	531.055296762484	531
5	1067	535.211267858047	532
5	1069	535.542177739223	533
5	1071	536.757868212582	534
5	1073	537.640748757539	535
5	1075	537.841190952625	536
5	1077	537.907282963318	537
5	1079	538.625529443426	538
5	1081	539.290337192978	539
5	1083	540.158902924444	540
5	1085	543.952926707532	541
5	1087	545.501938386687	542
5	1089	547.59349495931	543
5	1091	548.526106814579	544
5	1093	548.938836681306	545
5	1095	549.185252503519	546
5	1097	552.444173480704	547
5	1099	553.051452769323	548
5	1101	553.315029882158	549
5	1103	555.425918656541	550
5	1105	558.408119332014	551
5	1107	559.085921334069	552
5	1109	561.922561527444	553
5	1111	563.179798523015	554
5	1113	564.785257286083	555
5	1115	565.45109977272	556
5	1117	566.446563416087	557
5	1119	567.679443879118	558
5	1121	569.753205342218	559
5	1123	570.442639880066	560
5	1125	570.789393183855	561
5	1127	572.650824826837	562
5	1129	574.540926524933	563
5	1131	574.757022741527	564
5	1133	575.719034668117	565
5	1135	577.203277150767	566
5	1137	577.216602395595	567
5	1139	580.87625972636	568
5	1141	581.302795538396	569
5	1143	583.285544442999	570
5	1145	583.445878537486	571
5	1147	584.961947467311	572
5	1149	588.969897122185	573
5	1151	593.171756548433	574
5	1153	593.822553890792	575
5	1155	595.223229587752	576
5	1157	595.911173066213	577
5	1159	595.915229387534	578
5	1161	596.935416475489	579
5	1163	597.249414373552	580
5	1165	597.709205691328	581
5	1167	598.23767291963	582
5	1169	598.384897956943	583
5	1171	598.943905626934	584

