version 3
run ParameterStudy-329-20251130-20:04:00-476
attr configname ParameterStudy
attr datetime 20251130-20:04:00
attr datetimef 20251130-200400
attr experiment ParameterStudy
attr inifile omnetpp.ini
attr iterationvars $betaProducer=7.5s
attr iterationvarsd betaProducer=7.5s
attr iterationvarsf betaProducer=7.5s-
attr measurement $betaProducer=7.5s
attr network queue_sim
attr processid 476
attr repetition 4
attr replication #4
attr resultdir results
attr runnumber 329
attr seedset 329
itervar betaProducer 7.5s
config description "Parameter study: β_producer = 1s to 10s (0.1s steps), β_service = 1s, 5 repetitions"
config *.serviceUnit.meanServiceTime 1s
config *.producer.warmupPeriod 100s
config *.queue.warmupPeriod 100s
config *.serviceUnit.warmupPeriod 100s
config *.sink.warmupPeriod 100s
config *.producer.meanInterArrivalTime 7.5s
config network queue_sim
config sim-time-limit 600s
config warmup-period 100s
config repeat 5
config **.vector-recording true
config **.scalar-recording true
config debug-on-errors true

vector 0 queue_sim.producer jobGenerated:vector ETV
attr recordingmode vector
attr title "Jobs Generated"
vector 1 queue_sim.producer interArrivalTime:vector ETV
attr recordingmode vector
attr title "Inter-arrival Time"
attr unit s
vector 2 queue_sim.queue queueLength:vector ETV
attr recordingmode vector
attr title "Queue Length"
vector 3 queue_sim.queue queueingDelay:vector ETV
attr recordingmode vector
attr title "Queueing Delay"
attr unit s
vector 4 queue_sim.queue queueUtilization:vector ETV
attr recordingmode vector
attr title "Queue Utilization"
vector 5 queue_sim.queue systemSize:vector ETV
attr recordingmode vector
attr title "System Size"
vector 6 queue_sim.serviceUnit serviceTime:vector ETV
attr recordingmode vector
attr title "Service Time"
attr unit s
vector 7 queue_sim.serviceUnit utilization:vector ETV
attr recordingmode vector
attr title "Server Utilization"
vector 8 queue_sim.sink jobCompleted:vector ETV
attr recordingmode vector
attr title "Jobs Completed"
vector 9 queue_sim.sink totalDelay:vector ETV
attr recordingmode vector
attr title "Total System Delay"
attr unit s
0	30	105.283297941428	14
0	32	108.081189827139	15
0	34	118.949358821333	16
0	36	121.687060259019	17
0	38	135.080242735723	18
0	40	137.178182689777	19
0	42	164.694980146666	20
0	44	170.760819836753	21
0	46	172.520804023125	22
0	48	188.73796188378	23
0	50	190.611583103345	24
0	52	194.697227136217	25
0	54	204.145386974499	26
0	56	208.159820185376	27
0	58	219.64169494871	28
0	60	229.069277896417	29
0	62	240.465486418401	30
0	64	242.560531558975	31
0	66	253.541182868414	32
0	68	253.848753949089	33
0	70	254.65004334671	34
0	72	279.408606664903	35
0	74	281.695152891979	36
0	76	284.004243817279	37
0	78	289.224184403325	38
0	80	292.599972876065	39
0	82	337.453936336511	40
0	84	338.844470438302	41
0	86	338.964189725052	42
0	88	342.677871706182	43
0	90	349.54310091062	44
0	92	356.83276283241	45
0	94	362.736702115352	46
0	96	376.641419278852	47
0	98	391.593190908792	48
0	100	391.83211069879	49
0	102	394.950531763706	50
0	104	396.869549930732	51
0	106	397.286656936235	52
0	108	398.201108252314	53
0	110	415.916061714733	54
0	112	424.590102987915	55
0	114	430.735632331878	56
0	116	439.077407970369	57
0	118	442.324843873104	58
0	120	443.963754192679	59
0	122	447.364480065712	60
0	124	465.176698581555	61
0	126	468.86412991134	62
0	128	475.592151429213	63
0	130	476.568966018129	64
0	132	497.587400210677	65
0	134	501.766015991029	66
0	136	504.604043789658	67
0	138	516.776087807758	68
0	140	518.154137289919	69
0	142	520.678590805283	70
0	144	530.61584304503	71
0	146	547.664606204994	72
0	148	552.923433278451	73
0	150	561.716885831245	74
0	152	565.176332143799	75
0	154	567.327230872796	76
0	156	573.478999072212	77
0	158	573.560886398801	78
0	160	579.37511968681	79
0	162	579.612705376025	80
0	164	590.778912138909	81
0	166	592.84967903196	82
0	168	594.209745946128	83
1	30	105.283297941428	2.7978918857108
1	32	108.081189827139	10.868168994194
1	34	118.949358821333	2.737701437686
1	36	121.687060259019	13.393182476704
1	38	135.080242735723	2.0979399540543
1	40	137.178182689777	27.516797456889
1	42	164.694980146666	6.0658396900867
1	44	170.760819836753	1.7599841863716
1	46	172.520804023125	16.217157860655
1	48	188.73796188378	1.8736212195649
1	50	190.611583103345	4.0856440328721
1	52	194.697227136217	9.4481598382822
1	54	204.145386974499	4.0144332108766
1	56	208.159820185376	11.481874763334
1	58	219.64169494871	9.4275829477075
1	60	229.069277896417	11.396208521984
1	62	240.465486418401	2.0950451405744
1	64	242.560531558975	10.980651309439
1	66	253.541182868414	0.30757108067507
1	68	253.848753949089	0.80128939762101
1	70	254.65004334671	24.758563318193
1	72	279.408606664903	2.2865462270765
1	74	281.695152891979	2.3090909252996
1	76	284.004243817279	5.2199405860462
1	78	289.224184403325	3.3757884727396
1	80	292.599972876065	44.853963460446
1	82	337.453936336511	1.390534101791
1	84	338.844470438302	0.11971928675034
1	86	338.964189725052	3.71368198113
1	88	342.677871706182	6.8652292044379
1	90	349.54310091062	7.2896619217896
1	92	356.83276283241	5.9039392829423
1	94	362.736702115352	13.9047171635
1	96	376.641419278852	14.95177162994
1	98	391.593190908792	0.23891978999836
1	100	391.83211069879	3.1184210649164
1	102	394.950531763706	1.9190181670258
1	104	396.869549930732	0.41710700550299
1	106	397.286656936235	0.91445131607856
1	108	398.201108252314	17.714953462419
1	110	415.916061714733	8.6740412731817
1	112	424.590102987915	6.1455293439631
1	114	430.735632331878	8.3417756384912
1	116	439.077407970369	3.247435902735
1	118	442.324843873104	1.6389103195748
1	120	443.963754192679	3.4007258730333
1	122	447.364480065712	17.812218515843
1	124	465.176698581555	3.6874313297851
1	126	468.86412991134	6.7280215178734
1	128	475.592151429213	0.97681458891579
1	130	476.568966018129	21.018434192548
1	132	497.587400210677	4.1786157803521
1	134	501.766015991029	2.8380277986295
1	136	504.604043789658	12.1720440181
1	138	516.776087807758	1.3780494821606
1	140	518.154137289919	2.5244535153638
1	142	520.678590805283	9.9372522397465
1	144	530.61584304503	17.048763159964
1	146	547.664606204994	5.2588270734573
1	148	552.923433278451	8.7934525527938
1	150	561.716885831245	3.4594463125538
1	152	565.176332143799	2.1508987289974
1	154	567.327230872796	6.1517681994161
1	156	573.478999072212	0.081887326589005
1	158	573.560886398801	5.8142332880091
1	160	579.37511968681	0.23758568921472
1	162	579.612705376025	11.166206762884
1	164	590.778912138909	2.0707668930507
1	166	592.84967903196	1.3600669141677
1	168	594.209745946128	11.62894745888
2	31	105.283297941428	13
2	33	108.081189827139	14
2	35	118.949358821333	15
2	37	121.687060259019	16
2	39	135.080242735723	17
2	41	137.178182689777	18
2	43	164.694980146666	19
2	45	170.760819836753	20
2	47	172.520804023125	21
2	49	188.73796188378	22
2	51	190.611583103345	23
2	53	194.697227136217	24
2	55	204.145386974499	25
2	57	208.159820185376	26
2	59	219.64169494871	27
2	61	229.069277896417	28
2	63	240.465486418401	29
2	65	242.560531558975	30
2	67	253.541182868414	31
2	69	253.848753949089	32
2	71	254.65004334671	33
2	73	279.408606664903	34
2	75	281.695152891979	35
2	77	284.004243817279	36
2	79	289.224184403325	37
2	81	292.599972876065	38
2	83	337.453936336511	39
2	85	338.844470438302	40
2	87	338.964189725052	41
2	89	342.677871706182	42
2	91	349.54310091062	43
2	93	356.83276283241	44
2	95	362.736702115352	45
2	97	376.641419278852	46
2	99	391.593190908792	47
2	101	391.83211069879	48
2	103	394.950531763706	49
2	105	396.869549930732	50
2	107	397.286656936235	51
2	109	398.201108252314	52
2	111	415.916061714733	53
2	113	424.590102987915	54
2	115	430.735632331878	55
2	117	439.077407970369	56
2	119	442.324843873104	57
2	121	443.963754192679	58
2	123	447.364480065712	59
2	125	465.176698581555	60
2	127	468.86412991134	61
2	129	475.592151429213	62
2	131	476.568966018129	63
2	133	497.587400210677	64
2	135	501.766015991029	65
2	137	504.604043789658	66
2	139	516.776087807758	67
2	141	518.154137289919	68
2	143	520.678590805283	69
2	145	530.61584304503	70
2	147	547.664606204994	71
2	149	552.923433278451	72
2	151	561.716885831245	73
2	153	565.176332143799	74
2	155	567.327230872796	75
2	157	573.478999072212	76
2	159	573.560886398801	77
2	161	579.37511968681	78
2	163	579.612705376025	79
2	165	590.778912138909	80
2	167	592.84967903196	81
2	169	594.209745946128	82
4	170	600	1.0372355654859
5	31	105.283297941428	14
5	33	108.081189827139	15
5	35	118.949358821333	16
5	37	121.687060259019	17
5	39	135.080242735723	18
5	41	137.178182689777	19
5	43	164.694980146666	20
5	45	170.760819836753	21
5	47	172.520804023125	22
5	49	188.73796188378	23
5	51	190.611583103345	24
5	53	194.697227136217	25
5	55	204.145386974499	26
5	57	208.159820185376	27
5	59	219.64169494871	28
5	61	229.069277896417	29
5	63	240.465486418401	30
5	65	242.560531558975	31
5	67	253.541182868414	32
5	69	253.848753949089	33
5	71	254.65004334671	34
5	73	279.408606664903	35
5	75	281.695152891979	36
5	77	284.004243817279	37
5	79	289.224184403325	38
5	81	292.599972876065	39
5	83	337.453936336511	40
5	85	338.844470438302	41
5	87	338.964189725052	42
5	89	342.677871706182	43
5	91	349.54310091062	44
5	93	356.83276283241	45
5	95	362.736702115352	46
5	97	376.641419278852	47
5	99	391.593190908792	48
5	101	391.83211069879	49
5	103	394.950531763706	50
5	105	396.869549930732	51
5	107	397.286656936235	52
5	109	398.201108252314	53
5	111	415.916061714733	54
5	113	424.590102987915	55
5	115	430.735632331878	56
5	117	439.077407970369	57
5	119	442.324843873104	58
5	121	443.963754192679	59
5	123	447.364480065712	60
5	125	465.176698581555	61
5	127	468.86412991134	62
5	129	475.592151429213	63
5	131	476.568966018129	64
5	133	497.587400210677	65
5	135	501.766015991029	66
5	137	504.604043789658	67
5	139	516.776087807758	68
5	141	518.154137289919	69
5	143	520.678590805283	70
5	145	530.61584304503	71
5	147	547.664606204994	72
5	149	552.923433278451	73
5	151	561.716885831245	74
5	153	565.176332143799	75
5	155	567.327230872796	76
5	157	573.478999072212	77
5	159	573.560886398801	78
5	161	579.37511968681	79
5	163	579.612705376025	80
5	165	590.778912138909	81
5	167	592.84967903196	82
5	169	594.209745946128	83

