version 3
run ParameterStudy-34-20251130-20:03:56-476
attr configname ParameterStudy
attr datetime 20251130-20:03:56
attr datetimef 20251130-200356
attr experiment ParameterStudy
attr inifile omnetpp.ini
attr iterationvars $betaProducer=1.6s
attr iterationvarsd betaProducer=1.6s
attr iterationvarsf betaProducer=1.6s-
attr measurement $betaProducer=1.6s
attr network queue_sim
attr processid 476
attr repetition 4
attr replication #4
attr resultdir results
attr runnumber 34
attr seedset 34
itervar betaProducer 1.6s
config description "Parameter study: β_producer = 1s to 10s (0.1s steps), β_service = 1s, 5 repetitions"
config *.serviceUnit.meanServiceTime 1s
config *.producer.warmupPeriod 100s
config *.queue.warmupPeriod 100s
config *.serviceUnit.warmupPeriod 100s
config *.sink.warmupPeriod 100s
config *.producer.meanInterArrivalTime 1.6s
config network queue_sim
config sim-time-limit 600s
config warmup-period 100s
config repeat 5
config **.vector-recording true
config **.scalar-recording true
config debug-on-errors true

vector 0 queue_sim.producer jobGenerated:vector ETV
attr recordingmode vector
attr title "Jobs Generated"
vector 1 queue_sim.producer interArrivalTime:vector ETV
attr recordingmode vector
attr title "Inter-arrival Time"
attr unit s
vector 2 queue_sim.queue queueLength:vector ETV
attr recordingmode vector
attr title "Queue Length"
vector 3 queue_sim.queue queueingDelay:vector ETV
attr recordingmode vector
attr title "Queueing Delay"
attr unit s
vector 4 queue_sim.queue queueUtilization:vector ETV
attr recordingmode vector
attr title "Queue Utilization"
vector 5 queue_sim.queue systemSize:vector ETV
attr recordingmode vector
attr title "System Size"
vector 6 queue_sim.serviceUnit serviceTime:vector ETV
attr recordingmode vector
attr title "Service Time"
attr unit s
vector 7 queue_sim.serviceUnit utilization:vector ETV
attr recordingmode vector
attr title "Server Utilization"
vector 8 queue_sim.sink jobCompleted:vector ETV
attr recordingmode vector
attr title "Jobs Completed"
vector 9 queue_sim.sink totalDelay:vector ETV
attr recordingmode vector
attr title "Total System Delay"
attr unit s
0	130	101.56601780209	64
0	132	105.140368675201	65
0	134	108.686328690077	66
0	136	112.802863551483	67
0	138	113.289004054307	68
0	140	116.181416983338	69
0	142	120.760526863016	70
0	144	121.868466069163	71
0	146	123.392920152694	72
0	148	126.145188725825	73
0	150	128.923223838294	74
0	152	133.281622382821	75
0	154	139.966666815631	76
0	156	142.500791633157	77
0	158	145.840870824447	78
0	160	146.831472147572	79
0	162	148.72452532679	80
0	164	149.420412795835	81
0	166	150.271113117593	82
0	168	150.455038748536	83
0	170	152.010733421757	84
0	172	158.706600410464	85
0	174	161.707599994302	86
0	176	161.969623576286	87
0	178	162.204324444003	88
0	180	162.726406229596	89
0	182	163.716381571132	90
0	184	165.638102361546	91
0	186	165.692473726658	92
0	188	167.361721657379	93
0	190	171.260446126246	94
0	192	171.665255253408	95
0	194	171.804999000509	96
0	196	174.394956681323	97
0	198	175.946223728355	98
0	200	177.094495786308	99
0	202	179.72977098643	100
0	204	179.860856944667	101
0	206	182.126640044661	102
0	208	182.18225099254	103
0	210	183.33268198493	104
0	212	184.668777107443	105
0	214	184.936715134879	106
0	216	185.196131063748	107
0	218	185.459400183318	108
0	220	185.901097086531	109
0	222	185.945563034425	110
0	224	186.00005777465	111
0	226	186.389940990289	112
0	228	188.096971351877	113
0	230	189.368925114855	114
0	232	192.452260617042	115
0	234	193.587095141466	116
0	236	193.943632489428	117
0	238	194.371559144347	118
0	240	197.00409851779	119
0	242	197.537045468428	120
0	244	197.662556424574	121
0	246	198.043340820202	122
0	248	199.660454238887	123
0	250	200.226215555119	124
0	252	203.069302202336	125
0	254	204.490311836609	126
0	256	205.041728836205	127
0	258	206.2481683675	128
0	260	207.281259559082	129
0	262	208.212847700728	130
0	264	208.518751711077	131
0	266	210.419573052099	132
0	268	215.310661808976	133
0	270	220.628668307952	134
0	272	220.695811132059	135
0	274	221.114763448263	136
0	276	224.16519635489	137
0	278	224.974003544206	138
0	280	227.900166703244	139
0	282	229.598440327179	140
0	284	234.79902988017	141
0	286	238.861931153903	142
0	288	239.01462851399	143
0	290	240.798572537942	144
0	292	246.086971228892	145
0	294	250.466241871644	146
0	296	250.65650644316	147
0	298	261.069006858659	148
0	300	261.141767149555	149
0	302	261.540968270944	150
0	304	263.725988091856	151
0	306	264.073197929237	152
0	308	267.28172062494	153
0	310	268.274165168406	154
0	312	272.66738434448	155
0	314	273.194917482338	156
0	316	274.785405201478	157
0	318	274.814716162445	158
0	320	275.458788818533	159
0	322	280.452540980851	160
0	324	281.470521274764	161
0	326	282.972721755216	162
0	328	285.564948112779	163
0	330	289.114994195272	164
0	332	293.693029471636	165
0	334	294.557975331917	166
0	336	294.844244857605	167
0	338	300.906880843483	168
0	340	302.449475407106	169
0	342	303.233214359004	170
0	344	303.27097931927	171
0	346	306.314374923208	172
0	348	306.445585503552	173
0	350	307.42619851825	174
0	352	310.573246650624	175
0	354	311.020233678184	176
0	356	316.706702391338	177
0	358	318.153921612925	178
0	360	321.71620903752	179
0	362	323.802037918936	180
0	364	325.312888147643	181
0	366	327.421607676813	182
0	368	327.82708942475	183
0	370	330.300353169979	184
0	372	331.405755039785	185
0	374	333.117460736655	186
0	376	338.801895247018	187
0	378	339.29019551625	188
0	380	339.622627635542	189
0	382	340.706825096619	190
0	384	343.149484558891	191
0	386	344.520461729533	192
0	388	346.041884330395	193
0	390	349.729545629233	194
0	392	351.141204868295	195
0	394	351.820168868917	196
0	396	352.806014111656	197
0	398	355.977247617797	198
0	400	356.497156673303	199
0	402	357.775138684058	200
0	404	360.532044269441	201
0	406	361.141949693545	202
0	408	365.384204152029	203
0	410	365.622688132245	204
0	412	366.425968909816	205
0	414	366.465377070691	206
0	416	370.199582367969	207
0	418	371.27460974591	208
0	420	372.911742606879	209
0	422	374.522959936737	210
0	424	374.638096965016	211
0	426	375.361088706522	212
0	428	376.469112809743	213
0	430	378.637446772117	214
0	432	380.955095808367	215
0	434	382.725322307034	216
0	436	385.355494464796	217
0	438	389.553848923849	218
0	440	390.603944148218	219
0	442	391.314899726116	220
0	444	394.761207172475	221
0	446	394.973151192832	222
0	448	403.628905571607	223
0	450	404.789835568292	224
0	452	409.181014572114	225
0	454	412.94555242181	226
0	456	413.800059061455	227
0	458	414.955873968603	228
0	460	419.744325968952	229
0	462	420.701912654005	230
0	464	421.340571425317	231
0	466	422.450622036537	232
0	468	424.140504619844	233
0	470	427.180236086418	234
0	472	428.13337757151	235
0	474	433.572040316825	236
0	476	435.350639496732	237
0	478	436.845562342847	238
0	480	438.184985897233	239
0	482	438.787352407626	240
0	484	438.834951930728	241
0	486	441.382875316447	242
0	488	446.457893101827	243
0	490	447.61026816242	244
0	492	447.727945039426	245
0	494	450.092309027224	246
0	496	450.714408364988	247
0	498	452.285241862867	248
0	500	452.291334253921	249
0	502	455.918029939042	250
0	504	456.214175059392	251
0	506	456.407843494505	252
0	508	456.600201467453	253
0	510	457.549134037422	254
0	512	457.673523360866	255
0	514	458.668239302719	256
0	516	458.792005443551	257
0	518	458.99953036998	258
0	520	460.013376298815	259
0	522	461.597453034715	260
0	524	461.966500652065	261
0	526	462.139222787849	262
0	528	462.62133997469	263
0	530	466.914432258235	264
0	532	466.919566004368	265
0	534	467.939032571056	266
0	536	468.168729374874	267
0	538	471.513174567265	268
0	540	471.829700367193	269
0	542	472.170461169521	270
0	544	472.37108188257	271
0	546	473.275363815561	272
0	548	477.260258710723	273
0	550	479.048432333247	274
0	552	481.156273245847	275
0	554	482.046709753251	276
0	556	482.450067550968	277
0	558	488.699230820533	278
0	560	488.720813306813	279
0	562	489.187592029901	280
0	564	489.464602761148	281
0	566	489.917282988826	282
0	568	489.937519031985	283
0	570	490.507299491882	284
0	572	492.86142494245	285
0	574	493.402259153442	286
0	576	493.48422527693	287
0	578	494.095030564908	288
0	580	496.399975242852	289
0	582	496.46339648213	290
0	584	499.456556682412	291
0	586	500.687899939963	292
0	588	500.740312914335	293
0	590	504.180349917329	294
0	592	510.087650706912	295
0	594	510.440539918621	296
0	596	513.315554630304	297
0	598	514.475431318521	298
0	600	515.426166073136	299
0	602	516.878173622029	300
0	604	522.52456098445	301
0	606	525.154190268188	302
0	608	525.662243726631	303
0	610	528.590662937467	304
0	612	531.269610077504	305
0	614	531.531825045081	306
0	616	540.131130041219	307
0	618	540.189369739454	308
0	620	540.510496724979	309
0	622	542.290790515675	310
0	624	543.201240310417	311
0	626	543.868393827581	312
0	628	545.443837828637	313
0	630	546.182166326857	314
0	632	547.925008763377	315
0	634	548.424406083	316
0	636	551.05622391521	317
0	638	551.165372438238	318
0	640	552.052907408909	319
0	642	555.608409832223	320
0	644	555.66015654488	321
0	646	560.232067446982	322
0	648	561.272601181424	323
0	650	562.382863685069	324
0	652	564.106918866859	325
0	654	564.563269245996	326
0	656	565.035983520516	327
0	658	565.711605999023	328
0	660	565.721516100385	329
0	662	565.729866480587	330
0	664	565.826182614593	331
0	666	566.697629669878	332
0	668	566.96745737616	333
0	670	568.032158082966	334
0	672	572.028830385099	335
0	674	573.759613484308	336
0	676	575.084409393589	337
0	678	575.558741273086	338
0	680	575.712054783495	339
0	682	575.791899086125	340
0	684	581.066631899986	341
0	686	581.595695495353	342
0	688	581.965952691139	343
0	690	582.262162590701	344
0	692	583.410636280315	345
0	694	584.823480884684	346
0	696	585.151511005095	347
0	698	589.834272545178	348
0	700	591.116590312268	349
0	702	593.611363673269	350
0	704	594.01186322157	351
0	706	596.396332621471	352
1	130	101.56601780209	3.5743508731106
1	132	105.140368675201	3.5459600148764
1	134	108.686328690077	4.1165348614057
1	136	112.802863551483	0.4861405028238
1	138	113.289004054307	2.8924129290309
1	140	116.181416983338	4.5791098796775
1	142	120.760526863016	1.1079392061468
1	144	121.868466069163	1.5244540835312
1	146	123.392920152694	2.7522685731306
1	148	126.145188725825	2.778035112469
1	150	128.923223838294	4.358398544527
1	152	133.281622382821	6.6850444328104
1	154	139.966666815631	2.5341248175264
1	156	142.500791633157	3.3400791912904
1	158	145.840870824447	0.9906013231249
1	160	146.831472147572	1.8930531792183
1	162	148.72452532679	0.69588746904534
1	164	149.420412795835	0.85070032175785
1	166	150.271113117593	0.18392563094331
1	168	150.455038748536	1.5556946732208
1	170	152.010733421757	6.6958669887071
1	172	158.706600410464	3.0009995838383
1	174	161.707599994302	0.26202358198356
1	176	161.969623576286	0.23470086771695
1	178	162.204324444003	0.52208178559329
1	180	162.726406229596	0.98997534153566
1	182	163.716381571132	1.9217207904139
1	184	165.638102361546	0.054371365111797
1	186	165.692473726658	1.6692479307209
1	188	167.361721657379	3.8987244688675
1	190	171.260446126246	0.40480912716202
1	192	171.665255253408	0.13974374710054
1	194	171.804999000509	2.5899576808138
1	196	174.394956681323	1.5512670470316
1	198	175.946223728355	1.1482720579529
1	200	177.094495786308	2.6352752001219
1	202	179.72977098643	0.13108595823744
1	204	179.860856944667	2.2657830999937
1	206	182.126640044661	0.055610947879173
1	208	182.18225099254	1.1504309923898
1	210	183.33268198493	1.3360951225127
1	212	184.668777107443	0.26793802743603
1	214	184.936715134879	0.25941592886876
1	216	185.196131063748	0.2632691195698
1	218	185.459400183318	0.441696903213
1	220	185.901097086531	0.044465947894324
1	222	185.945563034425	0.054494740224705
1	224	186.00005777465	0.38988321563859
1	226	186.389940990289	1.7070303615883
1	228	188.096971351877	1.2719537629776
1	230	189.368925114855	3.0833355021872
1	232	192.452260617042	1.1348345244236
1	234	193.587095141466	0.35653734796218
1	236	193.943632489428	0.42792665491907
1	238	194.371559144347	2.6325393734432
1	240	197.00409851779	0.53294695063846
1	242	197.537045468428	0.12551095614575
1	244	197.662556424574	0.38078439562795
1	246	198.043340820202	1.6171134186847
1	248	199.660454238887	0.56576131623207
1	250	200.226215555119	2.8430866472168
1	252	203.069302202336	1.4210096342732
1	254	204.490311836609	0.5514169995961
1	256	205.041728836205	1.2064395312953
1	258	206.2481683675	1.0330911915821
1	260	207.281259559082	0.93158814164602
1	262	208.212847700728	0.30590401034868
1	264	208.518751711077	1.9008213410217
1	266	210.419573052099	4.8910887568774
1	268	215.310661808976	5.3180064989763
1	270	220.628668307952	0.067142824106573
1	272	220.695811132059	0.41895231620388
1	274	221.114763448263	3.0504329066271
1	276	224.16519635489	0.80880718931597
1	278	224.974003544206	2.9261631590378
1	280	227.900166703244	1.6982736239354
1	282	229.598440327179	5.2005895529909
1	284	234.79902988017	4.0629012737334
1	286	238.861931153903	0.15269736008691
1	288	239.01462851399	1.7839440239518
1	290	240.798572537942	5.2883986909505
1	292	246.086971228892	4.3792706427522
1	294	250.466241871644	0.19026457151563
1	296	250.65650644316	10.412500415499
1	298	261.069006858659	0.072760290895521
1	300	261.141767149555	0.39920112138927
1	302	261.540968270944	2.1850198209121
1	304	263.725988091856	0.34720983738099
1	306	264.073197929237	3.2085226957027
1	308	267.28172062494	0.99244454346614
1	310	268.274165168406	4.3932191760745
1	312	272.66738434448	0.52753313785779
1	314	273.194917482338	1.5904877191397
1	316	274.785405201478	0.029310960966553
1	318	274.814716162445	0.64407265608801
1	320	275.458788818533	4.9937521623179
1	322	280.452540980851	1.0179802939126
1	324	281.470521274764	1.5022004804522
1	326	282.972721755216	2.5922263575632
1	328	285.564948112779	3.550046082493
1	330	289.114994195272	4.5780352763642
1	332	293.693029471636	0.86494586028059
1	334	294.557975331917	0.28626952568806
1	336	294.844244857605	6.0626359858777
1	338	300.906880843483	1.5425945636234
1	340	302.449475407106	0.78373895189799
1	342	303.233214359004	0.037764960265797
1	344	303.27097931927	3.0433956039384
1	346	306.314374923208	0.13121058034428
1	348	306.445585503552	0.98061301469836
1	350	307.42619851825	3.1470481323738
1	352	310.573246650624	0.44698702756019
1	354	311.020233678184	5.6864687131543
1	356	316.706702391338	1.4472192215869
1	358	318.153921612925	3.562287424595
1	360	321.71620903752	2.0858288814165
1	362	323.802037918936	1.5108502287067
1	364	325.312888147643	2.1087195291702
1	366	327.421607676813	0.40548174793665
1	368	327.82708942475	2.4732637452293
1	370	330.300353169979	1.1054018698056
1	372	331.405755039785	1.7117056968698
1	374	333.117460736655	5.6844345103633
1	376	338.801895247018	0.48830026923185
1	378	339.29019551625	0.33243211929183
1	380	339.622627635542	1.0841974610766
1	382	340.706825096619	2.4426594622719
1	384	343.149484558891	1.3709771706419
1	386	344.520461729533	1.5214226008616
1	388	346.041884330395	3.6876612988383
1	390	349.729545629233	1.4116592390617
1	392	351.141204868295	0.67896400062191
1	394	351.820168868917	0.98584524273888
1	396	352.806014111656	3.1712335061406
1	398	355.977247617797	0.51990905550575
1	400	356.497156673303	1.2779820107555
1	402	357.775138684058	2.756905585383
1	404	360.532044269441	0.60990542410418
1	406	361.141949693545	4.2422544584845
1	408	365.384204152029	0.23848398021639
1	410	365.622688132245	0.803280777571
1	412	366.425968909816	0.039408160874791
1	414	366.465377070691	3.734205297278
1	416	370.199582367969	1.0750273779405
1	418	371.27460974591	1.6371328609694
1	420	372.911742606879	1.6112173298582
1	422	374.522959936737	0.11513702827919
1	424	374.638096965016	0.72299174150629
1	426	375.361088706522	1.1080241032213
1	428	376.469112809743	2.1683339623743
1	430	378.637446772117	2.31764903625
1	432	380.955095808367	1.7702264986666
1	434	382.725322307034	2.6301721577624
1	436	385.355494464796	4.1983544590525
1	438	389.553848923849	1.0500952243691
1	440	390.603944148218	0.71095557789795
1	442	391.314899726116	3.4463074463593
1	444	394.761207172475	0.21194402035745
1	446	394.973151192832	8.6557543787747
1	448	403.628905571607	1.1609299966846
1	450	404.789835568292	4.3911790038215
1	452	409.181014572114	3.7645378496961
1	454	412.94555242181	0.85450663964498
1	456	413.800059061455	1.1558149071476
1	458	414.955873968603	4.7884520003487
1	460	419.744325968952	0.95758668505338
1	462	420.701912654005	0.638658771312
1	464	421.340571425317	1.1100506112205
1	466	422.450622036537	1.6898825833074
1	468	424.140504619844	3.039731466574
1	470	427.180236086418	0.95314148509204
1	472	428.13337757151	5.4386627453149
1	474	433.572040316825	1.7785991799066
1	476	435.350639496732	1.4949228461153
1	478	436.845562342847	1.3394235543859
1	480	438.184985897233	0.60236651039304
1	482	438.787352407626	0.047599523101551
1	484	438.834951930728	2.5479233857191
1	486	441.382875316447	5.0750177853805
1	488	446.457893101827	1.152375060593
1	490	447.61026816242	0.11767687700604
1	492	447.727945039426	2.3643639877976
1	494	450.092309027224	0.62209933776432
1	496	450.714408364988	1.5708334978791
1	498	452.285241862867	0.006092391053679
1	500	452.291334253921	3.6266956851208
1	502	455.918029939042	0.29614512035044
1	504	456.214175059392	0.19366843511292
1	506	456.407843494505	0.19235797294793
1	508	456.600201467453	0.94893256996879
1	510	457.549134037422	0.12438932344383
1	512	457.673523360866	0.99471594185307
1	514	458.668239302719	0.12376614083214
1	516	458.792005443551	0.20752492642898
1	518	458.99953036998	1.0138459288347
1	520	460.013376298815	1.5840767358998
1	522	461.597453034715	0.36904761734973
1	524	461.966500652065	0.17272213578389
1	526	462.139222787849	0.48211718684052
1	528	462.62133997469	4.2930922835453
1	530	466.914432258235	0.005133746133269
1	532	466.919566004368	1.0194665666879
1	534	467.939032571056	0.22969680381795
1	536	468.168729374874	3.3444451923906
1	538	471.513174567265	0.31652579992841
1	540	471.829700367193	0.3407608023281
1	542	472.170461169521	0.2006207130488
1	544	472.37108188257	0.90428193299083
1	546	473.275363815561	3.9848948951616
1	548	477.260258710723	1.7881736225243
1	550	479.048432333247	2.1078409126004
1	552	481.156273245847	0.89043650740359
1	554	482.046709753251	0.40335779771686
1	556	482.450067550968	6.2491632695645
1	558	488.699230820533	0.021582486279533
1	560	488.720813306813	0.46677872308828
1	562	489.187592029901	0.27701073124711
1	564	489.464602761148	0.45268022767808
1	566	489.917282988826	0.020236043158977
1	568	489.937519031985	0.56978045989681
1	570	490.507299491882	2.3541254505677
1	572	492.86142494245	0.5408342109921
1	574	493.402259153442	0.081966123487847
1	576	493.48422527693	0.61080528797822
1	578	494.095030564908	2.3049446779444
1	580	496.399975242852	0.063421239278075
1	582	496.46339648213	2.9931602002816
1	584	499.456556682412	1.2313432575514
1	586	500.687899939963	0.052412974372359
1	588	500.740312914335	3.4400370029941
1	590	504.180349917329	5.9073007895832
1	592	510.087650706912	0.35288921170938
1	594	510.440539918621	2.8750147116828
1	596	513.315554630304	1.1598766882168
1	598	514.475431318521	0.95073475461458
1	600	515.426166073136	1.4520075488933
1	602	516.878173622029	5.6463873624214
1	604	522.52456098445	2.6296292837381
1	606	525.154190268188	0.50805345844276
1	608	525.662243726631	2.9284192108356
1	610	528.590662937467	2.6789471400374
1	612	531.269610077504	0.26221496757655
1	614	531.531825045081	8.599304996138
1	616	540.131130041219	0.058239698235496
1	618	540.189369739454	0.32112698552471
1	620	540.510496724979	1.7802937906958
1	622	542.290790515675	0.91044979474249
1	624	543.201240310417	0.66715351716437
1	626	543.868393827581	1.575444001056
1	628	545.443837828637	0.73832849821976
1	630	546.182166326857	1.7428424365203
1	632	547.925008763377	0.49939731962284
1	634	548.424406083	2.6318178322096
1	636	551.05622391521	0.10914852302809
1	638	551.165372438238	0.88753497067078
1	640	552.052907408909	3.5555024233144
1	642	555.608409832223	0.051746712656528
1	644	555.66015654488	4.5719109021016
1	646	560.232067446982	1.040533734442
1	648	561.272601181424	1.110262503645
1	650	562.382863685069	1.7240551817899
1	652	564.106918866859	0.45635037913735
1	654	564.563269245996	0.47271427451993
1	656	565.035983520516	0.67562247850709
1	658	565.711605999023	0.0099101013623301
1	660	565.721516100385	0.0083503802021559
1	662	565.729866480587	0.096316134005994
1	664	565.826182614593	0.87144705528491
1	666	566.697629669878	0.26982770628233
1	668	566.96745737616	1.0647007068059
1	670	568.032158082966	3.9966723021328
1	672	572.028830385099	1.7307830992094
1	674	573.759613484308	1.324795909281
1	676	575.084409393589	0.47433187949702
1	678	575.558741273086	0.15331351040891
1	680	575.712054783495	0.079844302629926
1	682	575.791899086125	5.274732813861
1	684	581.066631899986	0.52906359536669
1	686	581.595695495353	0.37025719578638
1	688	581.965952691139	0.29620989956189
1	690	582.262162590701	1.1484736896143
1	692	583.410636280315	1.4128446043691
1	694	584.823480884684	0.32803012041053
1	696	585.151511005095	4.6827615400827
1	698	589.834272545178	1.2823177670905
1	700	591.116590312268	2.4947733610012
1	702	593.611363673269	0.40049954830117
1	704	594.01186322157	2.3844693999011
1	706	596.396332621471	7.0173832973235
2	131	101.56601780209	63
2	133	105.140368675201	64
2	135	108.686328690077	65
2	137	112.802863551483	66
2	139	113.289004054307	67
2	141	116.181416983338	68
2	143	120.760526863016	69
2	145	121.868466069163	70
2	147	123.392920152694	71
2	149	126.145188725825	72
2	151	128.923223838294	73
2	153	133.281622382821	74
2	155	139.966666815631	75
2	157	142.500791633157	76
2	159	145.840870824447	77
2	161	146.831472147572	78
2	163	148.72452532679	79
2	165	149.420412795835	80
2	167	150.271113117593	81
2	169	150.455038748536	82
2	171	152.010733421757	83
2	173	158.706600410464	84
2	175	161.707599994302	85
2	177	161.969623576286	86
2	179	162.204324444003	87
2	181	162.726406229596	88
2	183	163.716381571132	89
2	185	165.638102361546	90
2	187	165.692473726658	91
2	189	167.361721657379	92
2	191	171.260446126246	93
2	193	171.665255253408	94
2	195	171.804999000509	95
2	197	174.394956681323	96
2	199	175.946223728355	97
2	201	177.094495786308	98
2	203	179.72977098643	99
2	205	179.860856944667	100
2	207	182.126640044661	101
2	209	182.18225099254	102
2	211	183.33268198493	103
2	213	184.668777107443	104
2	215	184.936715134879	105
2	217	185.196131063748	106
2	219	185.459400183318	107
2	221	185.901097086531	108
2	223	185.945563034425	109
2	225	186.00005777465	110
2	227	186.389940990289	111
2	229	188.096971351877	112
2	231	189.368925114855	113
2	233	192.452260617042	114
2	235	193.587095141466	115
2	237	193.943632489428	116
2	239	194.371559144347	117
2	241	197.00409851779	118
2	243	197.537045468428	119
2	245	197.662556424574	120
2	247	198.043340820202	121
2	249	199.660454238887	122
2	251	200.226215555119	123
2	253	203.069302202336	124
2	255	204.490311836609	125
2	257	205.041728836205	126
2	259	206.2481683675	127
2	261	207.281259559082	128
2	263	208.212847700728	129
2	265	208.518751711077	130
2	267	210.419573052099	131
2	269	215.310661808976	132
2	271	220.628668307952	133
2	273	220.695811132059	134
2	275	221.114763448263	135
2	277	224.16519635489	136
2	279	224.974003544206	137
2	281	227.900166703244	138
2	283	229.598440327179	139
2	285	234.79902988017	140
2	287	238.861931153903	141
2	289	239.01462851399	142
2	291	240.798572537942	143
2	293	246.086971228892	144
2	295	250.466241871644	145
2	297	250.65650644316	146
2	299	261.069006858659	147
2	301	261.141767149555	148
2	303	261.540968270944	149
2	305	263.725988091856	150
2	307	264.073197929237	151
2	309	267.28172062494	152
2	311	268.274165168406	153
2	313	272.66738434448	154
2	315	273.194917482338	155
2	317	274.785405201478	156
2	319	274.814716162445	157
2	321	275.458788818533	158
2	323	280.452540980851	159
2	325	281.470521274764	160
2	327	282.972721755216	161
2	329	285.564948112779	162
2	331	289.114994195272	163
2	333	293.693029471636	164
2	335	294.557975331917	165
2	337	294.844244857605	166
2	339	300.906880843483	167
2	341	302.449475407106	168
2	343	303.233214359004	169
2	345	303.27097931927	170
2	347	306.314374923208	171
2	349	306.445585503552	172
2	351	307.42619851825	173
2	353	310.573246650624	174
2	355	311.020233678184	175
2	357	316.706702391338	176
2	359	318.153921612925	177
2	361	321.71620903752	178
2	363	323.802037918936	179
2	365	325.312888147643	180
2	367	327.421607676813	181
2	369	327.82708942475	182
2	371	330.300353169979	183
2	373	331.405755039785	184
2	375	333.117460736655	185
2	377	338.801895247018	186
2	379	339.29019551625	187
2	381	339.622627635542	188
2	383	340.706825096619	189
2	385	343.149484558891	190
2	387	344.520461729533	191
2	389	346.041884330395	192
2	391	349.729545629233	193
2	393	351.141204868295	194
2	395	351.820168868917	195
2	397	352.806014111656	196
2	399	355.977247617797	197
2	401	356.497156673303	198
2	403	357.775138684058	199
2	405	360.532044269441	200
2	407	361.141949693545	201
2	409	365.384204152029	202
2	411	365.622688132245	203
2	413	366.425968909816	204
2	415	366.465377070691	205
2	417	370.199582367969	206
2	419	371.27460974591	207
2	421	372.911742606879	208
2	423	374.522959936737	209
2	425	374.638096965016	210
2	427	375.361088706522	211
2	429	376.469112809743	212
2	431	378.637446772117	213
2	433	380.955095808367	214
2	435	382.725322307034	215
2	437	385.355494464796	216
2	439	389.553848923849	217
2	441	390.603944148218	218
2	443	391.314899726116	219
2	445	394.761207172475	220
2	447	394.973151192832	221
2	449	403.628905571607	222
2	451	404.789835568292	223
2	453	409.181014572114	224
2	455	412.94555242181	225
2	457	413.800059061455	226
2	459	414.955873968603	227
2	461	419.744325968952	228
2	463	420.701912654005	229
2	465	421.340571425317	230
2	467	422.450622036537	231
2	469	424.140504619844	232
2	471	427.180236086418	233
2	473	428.13337757151	234
2	475	433.572040316825	235
2	477	435.350639496732	236
2	479	436.845562342847	237
2	481	438.184985897233	238
2	483	438.787352407626	239
2	485	438.834951930728	240
2	487	441.382875316447	241
2	489	446.457893101827	242
2	491	447.61026816242	243
2	493	447.727945039426	244
2	495	450.092309027224	245
2	497	450.714408364988	246
2	499	452.285241862867	247
2	501	452.291334253921	248
2	503	455.918029939042	249
2	505	456.214175059392	250
2	507	456.407843494505	251
2	509	456.600201467453	252
2	511	457.549134037422	253
2	513	457.673523360866	254
2	515	458.668239302719	255
2	517	458.792005443551	256
2	519	458.99953036998	257
2	521	460.013376298815	258
2	523	461.597453034715	259
2	525	461.966500652065	260
2	527	462.139222787849	261
2	529	462.62133997469	262
2	531	466.914432258235	263
2	533	466.919566004368	264
2	535	467.939032571056	265
2	537	468.168729374874	266
2	539	471.513174567265	267
2	541	471.829700367193	268
2	543	472.170461169521	269
2	545	472.37108188257	270
2	547	473.275363815561	271
2	549	477.260258710723	272
2	551	479.048432333247	273
2	553	481.156273245847	274
2	555	482.046709753251	275
2	557	482.450067550968	276
2	559	488.699230820533	277
2	561	488.720813306813	278
2	563	489.187592029901	279
2	565	489.464602761148	280
2	567	489.917282988826	281
2	569	489.937519031985	282
2	571	490.507299491882	283
2	573	492.86142494245	284
2	575	493.402259153442	285
2	577	493.48422527693	286
2	579	494.095030564908	287
2	581	496.399975242852	288
2	583	496.46339648213	289
2	585	499.456556682412	290
2	587	500.687899939963	291
2	589	500.740312914335	292
2	591	504.180349917329	293
2	593	510.087650706912	294
2	595	510.440539918621	295
2	597	513.315554630304	296
2	599	514.475431318521	297
2	601	515.426166073136	298
2	603	516.878173622029	299
2	605	522.52456098445	300
2	607	525.154190268188	301
2	609	525.662243726631	302
2	611	528.590662937467	303
2	613	531.269610077504	304
2	615	531.531825045081	305
2	617	540.131130041219	306
2	619	540.189369739454	307
2	621	540.510496724979	308
2	623	542.290790515675	309
2	625	543.201240310417	310
2	627	543.868393827581	311
2	629	545.443837828637	312
2	631	546.182166326857	313
2	633	547.925008763377	314
2	635	548.424406083	315
2	637	551.05622391521	316
2	639	551.165372438238	317
2	641	552.052907408909	318
2	643	555.608409832223	319
2	645	555.66015654488	320
2	647	560.232067446982	321
2	649	561.272601181424	322
2	651	562.382863685069	323
2	653	564.106918866859	324
2	655	564.563269245996	325
2	657	565.035983520516	326
2	659	565.711605999023	327
2	661	565.721516100385	328
2	663	565.729866480587	329
2	665	565.826182614593	330
2	667	566.697629669878	331
2	669	566.96745737616	332
2	671	568.032158082966	333
2	673	572.028830385099	334
2	675	573.759613484308	335
2	677	575.084409393589	336
2	679	575.558741273086	337
2	681	575.712054783495	338
2	683	575.791899086125	339
2	685	581.066631899986	340
2	687	581.595695495353	341
2	689	581.965952691139	342
2	691	582.262162590701	343
2	693	583.410636280315	344
2	695	584.823480884684	345
2	697	585.151511005095	346
2	699	589.834272545178	347
2	701	591.116590312268	348
2	703	593.611363673269	349
2	705	594.01186322157	350
2	707	596.396332621471	351
4	708	600	1.0035763409342
5	131	101.56601780209	64
5	133	105.140368675201	65
5	135	108.686328690077	66
5	137	112.802863551483	67
5	139	113.289004054307	68
5	141	116.181416983338	69
5	143	120.760526863016	70
5	145	121.868466069163	71
5	147	123.392920152694	72
5	149	126.145188725825	73
5	151	128.923223838294	74
5	153	133.281622382821	75
5	155	139.966666815631	76
5	157	142.500791633157	77
5	159	145.840870824447	78
5	161	146.831472147572	79
5	163	148.72452532679	80
5	165	149.420412795835	81
5	167	150.271113117593	82
5	169	150.455038748536	83
5	171	152.010733421757	84
5	173	158.706600410464	85
5	175	161.707599994302	86
5	177	161.969623576286	87
5	179	162.204324444003	88
5	181	162.726406229596	89
5	183	163.716381571132	90
5	185	165.638102361546	91
5	187	165.692473726658	92
5	189	167.361721657379	93
5	191	171.260446126246	94
5	193	171.665255253408	95
5	195	171.804999000509	96
5	197	174.394956681323	97
5	199	175.946223728355	98
5	201	177.094495786308	99
5	203	179.72977098643	100
5	205	179.860856944667	101
5	207	182.126640044661	102
5	209	182.18225099254	103
5	211	183.33268198493	104
5	213	184.668777107443	105
5	215	184.936715134879	106
5	217	185.196131063748	107
5	219	185.459400183318	108
5	221	185.901097086531	109
5	223	185.945563034425	110
5	225	186.00005777465	111
5	227	186.389940990289	112
5	229	188.096971351877	113
5	231	189.368925114855	114
5	233	192.452260617042	115
5	235	193.587095141466	116
5	237	193.943632489428	117
5	239	194.371559144347	118
5	241	197.00409851779	119
5	243	197.537045468428	120
5	245	197.662556424574	121
5	247	198.043340820202	122
5	249	199.660454238887	123
5	251	200.226215555119	124
5	253	203.069302202336	125
5	255	204.490311836609	126
5	257	205.041728836205	127
5	259	206.2481683675	128
5	261	207.281259559082	129
5	263	208.212847700728	130
5	265	208.518751711077	131
5	267	210.419573052099	132
5	269	215.310661808976	133
5	271	220.628668307952	134
5	273	220.695811132059	135
5	275	221.114763448263	136
5	277	224.16519635489	137
5	279	224.974003544206	138
5	281	227.900166703244	139
5	283	229.598440327179	140
5	285	234.79902988017	141
5	287	238.861931153903	142
5	289	239.01462851399	143
5	291	240.798572537942	144
5	293	246.086971228892	145
5	295	250.466241871644	146
5	297	250.65650644316	147
5	299	261.069006858659	148
5	301	261.141767149555	149
5	303	261.540968270944	150
5	305	263.725988091856	151
5	307	264.073197929237	152
5	309	267.28172062494	153
5	311	268.274165168406	154
5	313	272.66738434448	155
5	315	273.194917482338	156
5	317	274.785405201478	157
5	319	274.814716162445	158
5	321	275.458788818533	159
5	323	280.452540980851	160
5	325	281.470521274764	161
5	327	282.972721755216	162
5	329	285.564948112779	163
5	331	289.114994195272	164
5	333	293.693029471636	165
5	335	294.557975331917	166
5	337	294.844244857605	167
5	339	300.906880843483	168
5	341	302.449475407106	169
5	343	303.233214359004	170
5	345	303.27097931927	171
5	347	306.314374923208	172
5	349	306.445585503552	173
5	351	307.42619851825	174
5	353	310.573246650624	175
5	355	311.020233678184	176
5	357	316.706702391338	177
5	359	318.153921612925	178
5	361	321.71620903752	179
5	363	323.802037918936	180
5	365	325.312888147643	181
5	367	327.421607676813	182
5	369	327.82708942475	183
5	371	330.300353169979	184
5	373	331.405755039785	185
5	375	333.117460736655	186
5	377	338.801895247018	187
5	379	339.29019551625	188
5	381	339.622627635542	189
5	383	340.706825096619	190
5	385	343.149484558891	191
5	387	344.520461729533	192
5	389	346.041884330395	193
5	391	349.729545629233	194
5	393	351.141204868295	195
5	395	351.820168868917	196
5	397	352.806014111656	197
5	399	355.977247617797	198
5	401	356.497156673303	199
5	403	357.775138684058	200
5	405	360.532044269441	201
5	407	361.141949693545	202
5	409	365.384204152029	203
5	411	365.622688132245	204
5	413	366.425968909816	205
5	415	366.465377070691	206
5	417	370.199582367969	207
5	419	371.27460974591	208
5	421	372.911742606879	209
5	423	374.522959936737	210
5	425	374.638096965016	211
5	427	375.361088706522	212
5	429	376.469112809743	213
5	431	378.637446772117	214
5	433	380.955095808367	215
5	435	382.725322307034	216
5	437	385.355494464796	217
5	439	389.553848923849	218
5	441	390.603944148218	219
5	443	391.314899726116	220
5	445	394.761207172475	221
5	447	394.973151192832	222
5	449	403.628905571607	223
5	451	404.789835568292	224
5	453	409.181014572114	225
5	455	412.94555242181	226
5	457	413.800059061455	227
5	459	414.955873968603	228
5	461	419.744325968952	229
5	463	420.701912654005	230
5	465	421.340571425317	231
5	467	422.450622036537	232
5	469	424.140504619844	233
5	471	427.180236086418	234
5	473	428.13337757151	235
5	475	433.572040316825	236
5	477	435.350639496732	237
5	479	436.845562342847	238
5	481	438.184985897233	239
5	483	438.787352407626	240
5	485	438.834951930728	241
5	487	441.382875316447	242
5	489	446.457893101827	243
5	491	447.61026816242	244
5	493	447.727945039426	245
5	495	450.092309027224	246
5	497	450.714408364988	247
5	499	452.285241862867	248
5	501	452.291334253921	249
5	503	455.918029939042	250
5	505	456.214175059392	251
5	507	456.407843494505	252
5	509	456.600201467453	253
5	511	457.549134037422	254
5	513	457.673523360866	255
5	515	458.668239302719	256
5	517	458.792005443551	257
5	519	458.99953036998	258
5	521	460.013376298815	259
5	523	461.597453034715	260
5	525	461.966500652065	261
5	527	462.139222787849	262
5	529	462.62133997469	263
5	531	466.914432258235	264
5	533	466.919566004368	265
5	535	467.939032571056	266
5	537	468.168729374874	267
5	539	471.513174567265	268
5	541	471.829700367193	269
5	543	472.170461169521	270
5	545	472.37108188257	271
5	547	473.275363815561	272
5	549	477.260258710723	273
5	551	479.048432333247	274
5	553	481.156273245847	275
5	555	482.046709753251	276
5	557	482.450067550968	277
5	559	488.699230820533	278
5	561	488.720813306813	279
5	563	489.187592029901	280
5	565	489.464602761148	281
5	567	489.917282988826	282
5	569	489.937519031985	283
5	571	490.507299491882	284
5	573	492.86142494245	285
5	575	493.402259153442	286
5	577	493.48422527693	287
5	579	494.095030564908	288
5	581	496.399975242852	289
5	583	496.46339648213	290
5	585	499.456556682412	291
5	587	500.687899939963	292
5	589	500.740312914335	293
5	591	504.180349917329	294
5	593	510.087650706912	295
5	595	510.440539918621	296
5	597	513.315554630304	297
5	599	514.475431318521	298
5	601	515.426166073136	299
5	603	516.878173622029	300
5	605	522.52456098445	301
5	607	525.154190268188	302
5	609	525.662243726631	303
5	611	528.590662937467	304
5	613	531.269610077504	305
5	615	531.531825045081	306
5	617	540.131130041219	307
5	619	540.189369739454	308
5	621	540.510496724979	309
5	623	542.290790515675	310
5	625	543.201240310417	311
5	627	543.868393827581	312
5	629	545.443837828637	313
5	631	546.182166326857	314
5	633	547.925008763377	315
5	635	548.424406083	316
5	637	551.05622391521	317
5	639	551.165372438238	318
5	641	552.052907408909	319
5	643	555.608409832223	320
5	645	555.66015654488	321
5	647	560.232067446982	322
5	649	561.272601181424	323
5	651	562.382863685069	324
5	653	564.106918866859	325
5	655	564.563269245996	326
5	657	565.035983520516	327
5	659	565.711605999023	328
5	661	565.721516100385	329
5	663	565.729866480587	330
5	665	565.826182614593	331
5	667	566.697629669878	332
5	669	566.96745737616	333
5	671	568.032158082966	334
5	673	572.028830385099	335
5	675	573.759613484308	336
5	677	575.084409393589	337
5	679	575.558741273086	338
5	681	575.712054783495	339
5	683	575.791899086125	340
5	685	581.066631899986	341
5	687	581.595695495353	342
5	689	581.965952691139	343
5	691	582.262162590701	344
5	693	583.410636280315	345
5	695	584.823480884684	346
5	697	585.151511005095	347
5	699	589.834272545178	348
5	701	591.116590312268	349
5	703	593.611363673269	350
5	705	594.01186322157	351
5	707	596.396332621471	352

