version 3
run ParameterStudy-12-20251130-20:03:55-476
attr configname ParameterStudy
attr datetime 20251130-20:03:55
attr datetimef 20251130-200355
attr experiment ParameterStudy
attr inifile omnetpp.ini
attr iterationvars $betaProducer=1.2s
attr iterationvarsd betaProducer=1.2s
attr iterationvarsf betaProducer=1.2s-
attr measurement $betaProducer=1.2s
attr network queue_sim
attr processid 476
attr repetition 2
attr replication #2
attr resultdir results
attr runnumber 12
attr seedset 12
itervar betaProducer 1.2s
config description "Parameter study: β_producer = 1s to 10s (0.1s steps), β_service = 1s, 5 repetitions"
config *.serviceUnit.meanServiceTime 1s
config *.producer.warmupPeriod 100s
config *.queue.warmupPeriod 100s
config *.serviceUnit.warmupPeriod 100s
config *.sink.warmupPeriod 100s
config *.producer.meanInterArrivalTime 1.2s
config network queue_sim
config sim-time-limit 600s
config warmup-period 100s
config repeat 5
config **.vector-recording true
config **.scalar-recording true
config debug-on-errors true

vector 0 queue_sim.producer jobGenerated:vector ETV
attr recordingmode vector
attr title "Jobs Generated"
vector 1 queue_sim.producer interArrivalTime:vector ETV
attr recordingmode vector
attr title "Inter-arrival Time"
attr unit s
vector 2 queue_sim.queue queueLength:vector ETV
attr recordingmode vector
attr title "Queue Length"
vector 3 queue_sim.queue queueingDelay:vector ETV
attr recordingmode vector
attr title "Queueing Delay"
attr unit s
vector 4 queue_sim.queue queueUtilization:vector ETV
attr recordingmode vector
attr title "Queue Utilization"
vector 5 queue_sim.queue systemSize:vector ETV
attr recordingmode vector
attr title "System Size"
vector 6 queue_sim.serviceUnit serviceTime:vector ETV
attr recordingmode vector
attr title "Service Time"
attr unit s
vector 7 queue_sim.serviceUnit utilization:vector ETV
attr recordingmode vector
attr title "Server Utilization"
vector 8 queue_sim.sink jobCompleted:vector ETV
attr recordingmode vector
attr title "Jobs Completed"
vector 9 queue_sim.sink totalDelay:vector ETV
attr recordingmode vector
attr title "Total System Delay"
attr unit s
0	166	101.468039945739	82
0	168	107.859644471749	83
0	170	110.996150038992	84
0	172	111.230731835396	85
0	174	111.606045818234	86
0	176	115.549248065225	87
0	178	115.984539012269	88
0	180	116.636661457769	89
0	182	118.241955515859	90
0	184	118.904041924133	91
0	186	122.0767219122	92
0	188	122.823163261098	93
0	190	122.848107556354	94
0	192	123.409662849544	95
0	194	126.711159079704	96
0	196	127.462885514645	97
0	198	128.477746790187	98
0	200	128.520708665651	99
0	202	128.719013082775	100
0	204	128.824657041326	101
0	206	129.192328612366	102
0	208	130.774784317219	103
0	210	132.816558506742	104
0	212	134.029939684039	105
0	214	135.582885874117	106
0	216	135.616851413071	107
0	218	135.634377115082	108
0	220	136.062678613882	109
0	222	136.765336696757	110
0	224	137.064802616347	111
0	226	138.074015782115	112
0	228	138.141925589575	113
0	230	138.975375704236	114
0	232	139.864281456391	115
0	234	141.824693881608	116
0	236	142.470878841945	117
0	238	143.104488141576	118
0	240	143.163792202081	119
0	242	143.223562489667	120
0	244	144.243055686781	121
0	246	145.259522832056	122
0	248	147.212135947833	123
0	250	147.580108191	124
0	252	147.724814873795	125
0	254	149.143967417015	126
0	256	149.53337724267	127
0	258	152.420762728889	128
0	260	153.652350938363	129
0	262	154.674621855754	130
0	264	155.489093387516	131
0	266	156.703564081495	132
0	268	157.551179350647	133
0	270	158.594375680762	134
0	272	159.33700390438	135
0	274	159.788875178718	136
0	276	162.490496347837	137
0	278	163.387208732657	138
0	280	164.504217084335	139
0	282	165.749484097372	140
0	284	166.859142246309	141
0	286	167.177806577379	142
0	288	167.88191442509	143
0	290	167.957614540653	144
0	292	168.742434272253	145
0	294	169.817759769399	146
0	296	172.449671959341	147
0	298	173.413192973271	148
0	300	173.693784189492	149
0	302	175.954557099322	150
0	304	179.425966384662	151
0	306	181.146230411004	152
0	308	181.237801090141	153
0	310	181.799869824178	154
0	312	182.884963479671	155
0	314	183.825476120681	156
0	316	183.863452017958	157
0	318	187.571269271693	158
0	320	188.884541479889	159
0	322	189.050822899756	160
0	324	190.268120885011	161
0	326	190.289888271545	162
0	328	192.670541893971	163
0	330	193.663206844298	164
0	332	197.072509257456	165
0	334	197.588242561865	166
0	336	198.296143711431	167
0	338	199.535900091586	168
0	340	200.866141187016	169
0	342	201.263326694073	170
0	344	204.360985988498	171
0	346	205.025583400634	172
0	348	206.184864990056	173
0	350	206.757444794158	174
0	352	207.224811526475	175
0	354	207.391088077631	176
0	356	207.852959256677	177
0	358	208.962530366624	178
0	360	209.37598327505	179
0	362	209.46565750763	180
0	364	213.253229644625	181
0	366	213.792284638001	182
0	368	214.417251642714	183
0	370	215.144928351027	184
0	372	218.659869388266	185
0	374	221.455903652364	186
0	376	223.791396596982	187
0	378	224.168184842812	188
0	380	225.569460636728	189
0	382	225.684242307903	190
0	384	225.688194365142	191
0	386	227.115781429857	192
0	388	229.880126130048	193
0	390	231.280944102942	194
0	392	234.309793266094	195
0	394	234.368287510908	196
0	396	234.375399775908	197
0	398	234.835746831276	198
0	400	236.071522010477	199
0	402	239.027530411158	200
0	404	239.611313462628	201
0	406	242.109010207062	202
0	408	243.195852282572	203
0	410	244.090709647246	204
0	412	245.223125725365	205
0	414	245.546420444774	206
0	416	246.644827441301	207
0	418	246.814558064054	208
0	420	247.263813238702	209
0	422	248.214209046561	210
0	424	248.301130883332	211
0	426	250.78416512483	212
0	428	252.719904112118	213
0	430	253.973630447682	214
0	432	256.882439852973	215
0	434	257.558525007897	216
0	436	257.818335680275	217
0	438	258.450137390323	218
0	440	258.73392753358	219
0	442	260.585625961397	220
0	444	261.154325789336	221
0	446	261.520507468959	222
0	448	262.139206193143	223
0	450	262.534269259603	224
0	452	265.131512733733	225
0	454	265.159494029129	226
0	456	265.430502166278	227
0	458	266.769887303569	228
0	460	267.421523356911	229
0	462	267.606957598247	230
0	464	268.859767352838	231
0	466	268.962899435916	232
0	468	269.822949614349	233
0	470	271.157468793984	234
0	472	271.644925730546	235
0	474	273.253882145742	236
0	476	275.06253744395	237
0	478	276.164968318836	238
0	480	276.339603061218	239
0	482	276.404999897502	240
0	484	276.66040229479	241
0	486	277.063416320653	242
0	488	277.681596561165	243
0	490	279.335837415713	244
0	492	281.190717221541	245
0	494	281.833934615462	246
0	496	282.185261739892	247
0	498	282.361733810886	248
0	500	282.500880777894	249
0	502	283.333231611831	250
0	504	286.535988844254	251
0	506	286.737285024455	252
0	508	286.899426774523	253
0	510	286.994691336569	254
0	512	288.109351121928	255
0	514	291.176012882393	256
0	516	291.58720735946	257
0	518	291.813376564763	258
0	520	292.995275727936	259
0	522	293.849017634057	260
0	524	295.141741078387	261
0	526	295.402256211898	262
0	528	295.486410639763	263
0	530	296.417101945405	264
0	532	296.944132228971	265
0	534	298.878269719425	266
0	536	299.367333810541	267
0	538	299.614034754085	268
0	540	299.848532205733	269
0	542	300.299673213717	270
0	544	300.309315863587	271
0	546	300.411972003786	272
0	548	300.424563923631	273
0	550	301.564082904446	274
0	552	302.65603231662	275
0	554	303.140658181999	276
0	556	303.246781652798	277
0	558	306.045735976868	278
0	560	306.500910913176	279
0	562	307.492462255457	280
0	564	311.646299835898	281
0	566	312.286610279277	282
0	568	314.768409243421	283
0	570	315.109595260747	284
0	572	318.036836080371	285
0	574	320.332518222566	286
0	576	320.555966634683	287
0	578	321.578337961978	288
0	580	322.035512996587	289
0	582	323.271312119369	290
0	584	323.603450530662	291
0	586	326.531544435612	292
0	588	327.341806997441	293
0	590	328.4420093352	294
0	592	329.38417539237	295
0	594	330.462491321551	296
0	596	331.086440734672	297
0	598	332.319719811979	298
0	600	333.947384580789	299
0	602	334.728312411025	300
0	604	335.96680224034	301
0	606	337.989048953528	302
0	608	339.281305186617	303
0	610	340.124730848158	304
0	612	340.318658097214	305
0	614	340.319164884113	306
0	616	341.96643136589	307
0	618	342.002188612014	308
0	620	343.233005150516	309
0	622	346.185367141917	310
0	624	346.610348384917	311
0	626	346.823252206972	312
0	628	347.388847173762	313
0	630	347.70061582737	314
0	632	353.072522538018	315
0	634	355.851310040662	316
0	636	356.358312220282	317
0	638	360.369813879989	318
0	640	360.874712451665	319
0	642	362.243431953581	320
0	644	363.384656586859	321
0	646	364.049925791842	322
0	648	365.205961674431	323
0	650	368.173026074946	324
0	652	368.189158129836	325
0	654	373.450842184379	326
0	656	374.476041066638	327
0	658	375.607139104389	328
0	660	377.41150115872	329
0	662	377.635692018241	330
0	664	381.227744033862	331
0	666	381.591260642723	332
0	668	383.048016403907	333
0	670	383.171767006205	334
0	672	383.320004176466	335
0	674	384.210659462028	336
0	676	384.550452604358	337
0	678	384.697220539639	338
0	680	385.348699318607	339
0	682	388.079013690222	340
0	684	389.278723373193	341
0	686	389.583444817352	342
0	688	389.703852922448	343
0	690	390.56389377543	344
0	692	391.157657801794	345
0	694	391.596428373962	346
0	696	392.06270059622	347
0	698	392.173259039105	348
0	700	396.435346974219	349
0	702	396.561635245884	350
0	704	400.737237773697	351
0	706	400.748184968598	352
0	708	402.380553170179	353
0	710	403.638985065762	354
0	712	404.513985168539	355
0	714	409.99107875587	356
0	716	410.206719894918	357
0	718	410.220988335268	358
0	720	413.801115741162	359
0	722	414.378914146166	360
0	724	417.437495230245	361
0	726	417.781277671973	362
0	728	420.351580299847	363
0	730	420.617668082341	364
0	732	420.680532668513	365
0	734	423.972928006735	366
0	736	425.762595059335	367
0	738	425.826017786607	368
0	740	425.96033645897	369
0	742	427.695540775343	370
0	744	430.525205746313	371
0	746	430.733891532268	372
0	748	431.797639277434	373
0	750	432.225474453898	374
0	752	437.541902436971	375
0	754	438.036677188124	376
0	756	438.708405002915	377
0	758	439.230894671677	378
0	760	440.423510957905	379
0	762	440.626565046336	380
0	764	442.42340418256	381
0	766	446.798374346219	382
0	768	447.159404520384	383
0	770	449.957042077308	384
0	772	451.179405927749	385
0	774	452.126661088576	386
0	776	454.230630895186	387
0	778	454.463693504135	388
0	780	455.347724114311	389
0	782	455.894990320482	390
0	784	456.55797858016	391
0	786	459.44630882617	392
0	788	460.354899608823	393
0	790	460.774690110176	394
0	792	464.27672956292	395
0	794	464.816934620057	396
0	796	473.489930630489	397
0	798	474.540224016436	398
0	800	475.873982369842	399
0	802	477.570725355811	400
0	804	479.441083052222	401
0	806	479.704112449682	402
0	808	484.497786845018	403
0	810	485.159879984184	404
0	812	485.343043956761	405
0	814	486.078943253668	406
0	816	486.110909695346	407
0	818	486.217632068757	408
0	820	487.864230884008	409
0	822	488.680630193053	410
0	824	489.83100461777	411
0	826	490.463366233142	412
0	828	490.588738920762	413
0	830	491.094209262288	414
0	832	491.979738413093	415
0	834	492.448830617703	416
0	836	493.298577871483	417
0	838	494.623907809538	418
0	840	495.027638777943	419
0	842	497.263114327337	420
0	844	497.60583699903	421
0	846	498.641754680065	422
0	848	498.880406916975	423
0	850	499.167376055548	424
0	852	500.21934979856	425
0	854	501.329116237155	426
0	856	501.529683891821	427
0	858	503.322716967698	428
0	860	504.815336202004	429
0	862	506.614540767834	430
0	864	508.96322987709	431
0	866	510.749525393231	432
0	868	512.141248101402	433
0	870	512.39966382704	434
0	872	512.769337188008	435
0	874	514.298187281943	436
0	876	514.905258069115	437
0	878	517.242731018402	438
0	880	518.10615988722	439
0	882	518.589562618987	440
0	884	519.095849635363	441
0	886	519.890827705842	442
0	888	520.837366732029	443
0	890	522.370016642752	444
0	892	523.760497606362	445
0	894	524.174394729085	446
0	896	524.601878317985	447
0	898	525.349683067534	448
0	900	525.640716059198	449
0	902	527.417220985847	450
0	904	529.280372901176	451
0	906	530.93004180426	452
0	908	532.72456390961	453
0	910	534.633631691685	454
0	912	534.684777469971	455
0	914	535.09763912242	456
0	916	536.342045902288	457
0	918	538.042020132498	458
0	920	538.206644924178	459
0	922	542.183721922134	460
0	924	543.135687434712	461
0	926	544.49713483544	462
0	928	544.910700806288	463
0	930	546.237067611119	464
0	932	548.334439906425	465
0	934	548.56659305304	466
0	936	548.689500690687	467
0	938	548.924445883077	468
0	940	551.658056265768	469
0	942	552.74412898606	470
0	944	553.246369608179	471
0	946	553.476834680899	472
0	948	553.646828896656	473
0	950	554.591404553833	474
0	952	555.325468670901	475
0	954	556.801726992908	476
0	956	556.907587372983	477
0	958	558.598402726473	478
0	960	560.215937357123	479
0	962	561.175346527303	480
0	964	561.717920009544	481
0	966	562.893258146593	482
0	968	563.380226446813	483
0	970	563.881943783012	484
0	972	564.016973340435	485
0	974	564.960225196375	486
0	976	565.207393782934	487
0	978	565.480805863701	488
0	980	566.359692343842	489
0	982	568.575653857066	490
0	984	568.719035316662	491
0	986	569.363253202737	492
0	988	570.157058381249	493
0	990	570.336568014056	494
0	992	573.553470270159	495
0	994	574.714359490865	496
0	996	575.32506280609	497
0	998	582.361521975191	498
0	1000	582.600236874362	499
0	1002	583.051622646179	500
0	1004	585.016361287261	501
0	1006	586.02712765279	502
0	1008	587.324297799109	503
0	1010	588.198758664867	504
0	1012	589.339305330138	505
0	1014	589.854094098409	506
0	1016	590.012799705875	507
0	1018	590.574518779918	508
0	1020	591.094307586812	509
0	1022	592.559088036626	510
0	1024	593.327980994523	511
0	1026	594.134367692979	512
0	1028	594.704889495441	513
0	1030	595.237558009636	514
0	1032	595.538674789656	515
0	1034	595.916091525753	516
0	1036	596.22487717179	517
1	166	101.468039945739	6.3916045260098
1	168	107.859644471749	3.1365055672429
1	170	110.996150038992	0.23458179640422
1	172	111.230731835396	0.37531398283831
1	174	111.606045818234	3.9432022469915
1	176	115.549248065225	0.43529094704422
1	178	115.984539012269	0.65212244549981
1	180	116.636661457769	1.6052940580903
1	182	118.241955515859	0.66208640827381
1	184	118.904041924133	3.1726799880666
1	186	122.0767219122	0.74644134889781
1	188	122.823163261098	0.024944295256364
1	190	122.848107556354	0.56155529319019
1	192	123.409662849544	3.3014962301604
1	194	126.711159079704	0.75172643494089
1	196	127.462885514645	1.014861275542
1	198	128.477746790187	0.042961875464116
1	200	128.520708665651	0.19830441712404
1	202	128.719013082775	0.10564395855081
1	204	128.824657041326	0.36767157104005
1	206	129.192328612366	1.5824557048528
1	208	130.774784317219	2.0417741895227
1	210	132.816558506742	1.2133811772967
1	212	134.029939684039	1.5529461900776
1	214	135.582885874117	0.033965538954079
1	216	135.616851413071	0.017525702010625
1	218	135.634377115082	0.42830149879967
1	220	136.062678613882	0.70265808287503
1	222	136.765336696757	0.29946591958978
1	224	137.064802616347	1.0092131657677
1	226	138.074015782115	0.067909807459921
1	228	138.141925589575	0.83345011466075
1	230	138.975375704236	0.88890575215539
1	232	139.864281456391	1.9604124252167
1	234	141.824693881608	0.64618496033712
1	236	142.470878841945	0.63360929963122
1	238	143.104488141576	0.059304060504907
1	240	143.163792202081	0.059770287585897
1	242	143.223562489667	1.0194931971138
1	244	144.243055686781	1.0164671452748
1	246	145.259522832056	1.9526131157766
1	248	147.212135947833	0.36797224316653
1	250	147.580108191	0.14470668279486
1	252	147.724814873795	1.4191525432201
1	254	149.143967417015	0.38940982565482
1	256	149.53337724267	2.8873854862191
1	258	152.420762728889	1.2315882094736
1	260	153.652350938363	1.0222709173905
1	262	154.674621855754	0.81447153176229
1	264	155.489093387516	1.2144706939791
1	266	156.703564081495	0.84761526915222
1	268	157.551179350647	1.0431963301151
1	270	158.594375680762	0.74262822361802
1	272	159.33700390438	0.45187127433831
1	274	159.788875178718	2.7016211691185
1	276	162.490496347837	0.89671238482001
1	278	163.387208732657	1.1170083516783
1	280	164.504217084335	1.2452670130366
1	282	165.749484097372	1.109658148937
1	284	166.859142246309	0.31866433106957
1	286	167.177806577379	0.70410784771142
1	288	167.88191442509	0.075700115563152
1	290	167.957614540653	0.7848197316
1	292	168.742434272253	1.0753254971458
1	294	169.817759769399	2.6319121899418
1	296	172.449671959341	0.96352101392994
1	298	173.413192973271	0.28059121622107
1	300	173.693784189492	2.2607729098295
1	302	175.954557099322	3.4714092853404
1	304	179.425966384662	1.7202640263419
1	306	181.146230411004	0.091570679137163
1	308	181.237801090141	0.56206873403725
1	310	181.799869824178	1.085093655493
1	312	182.884963479671	0.9405126410105
1	314	183.825476120681	0.037975897277084
1	316	183.863452017958	3.7078172537345
1	318	187.571269271693	1.3132722081964
1	320	188.884541479889	0.16628141986677
1	322	189.050822899756	1.2172979852547
1	324	190.268120885011	0.021767386534242
1	326	190.289888271545	2.3806536224263
1	328	192.670541893971	0.99266495032738
1	330	193.663206844298	3.409302413158
1	332	197.072509257456	0.51573330440909
1	334	197.588242561865	0.70790114956634
1	336	198.296143711431	1.2397563801552
1	338	199.535900091586	1.3302410954304
1	340	200.866141187016	0.39718550705706
1	342	201.263326694073	3.0976592944253
1	344	204.360985988498	0.66459741213627
1	346	205.025583400634	1.1592815894225
1	348	206.184864990056	0.57257980410202
1	350	206.757444794158	0.46736673231698
1	352	207.224811526475	0.16627655115612
1	354	207.391088077631	0.46187117904602
1	356	207.852959256677	1.1095711099471
1	358	208.962530366624	0.41345290842649
1	360	209.37598327505	0.089674232580344
1	362	209.46565750763	3.7875721369946
1	364	213.253229644625	0.53905499337586
1	366	213.792284638001	0.6249670047127
1	368	214.417251642714	0.72767670831283
1	370	215.144928351027	3.5149410372392
1	372	218.659869388266	2.7960342640984
1	374	221.455903652364	2.335492944618
1	376	223.791396596982	0.37678824582998
1	378	224.168184842812	1.4012757939156
1	380	225.569460636728	0.11478167117491
1	382	225.684242307903	0.0039520572392097
1	384	225.688194365142	1.4275870647148
1	386	227.115781429857	2.7643447001905
1	388	229.880126130048	1.4008179728944
1	390	231.280944102942	3.0288491631524
1	392	234.309793266094	0.05849424481351
1	394	234.368287510908	0.0071122650004641
1	396	234.375399775908	0.46034705536825
1	398	234.835746831276	1.2357751792014
1	400	236.071522010477	2.9560084006806
1	402	239.027530411158	0.58378305147017
1	404	239.611313462628	2.4976967444341
1	406	242.109010207062	1.08684207551
1	408	243.195852282572	0.89485736467429
1	410	244.090709647246	1.1324160781194
1	412	245.223125725365	0.32329471940932
1	414	245.546420444774	1.0984069965273
1	416	246.644827441301	0.16973062275322
1	418	246.814558064054	0.44925517464783
1	420	247.263813238702	0.95039580785949
1	422	248.214209046561	0.086921836770995
1	424	248.301130883332	2.4830342414978
1	426	250.78416512483	1.9357389872884
1	428	252.719904112118	1.2537263355638
1	430	253.973630447682	2.9088094052911
1	432	256.882439852973	0.67608515492354
1	434	257.558525007897	0.25981067237789
1	436	257.818335680275	0.63180171004759
1	438	258.450137390323	0.28379014325682
1	440	258.73392753358	1.8516984278169
1	442	260.585625961397	0.56869982793894
1	444	261.154325789336	0.36618167962277
1	446	261.520507468959	0.61869872418449
1	448	262.139206193143	0.39506306646042
1	450	262.534269259603	2.5972434741298
1	452	265.131512733733	0.027981295395708
1	454	265.159494029129	0.27100813714939
1	456	265.430502166278	1.3393851372909
1	458	266.769887303569	0.65163605334217
1	460	267.421523356911	0.18543424133604
1	462	267.606957598247	1.2528097545914
1	464	268.859767352838	0.10313208307757
1	466	268.962899435916	0.86005017843292
1	468	269.822949614349	1.334519179635
1	470	271.157468793984	0.48745693656198
1	472	271.644925730546	1.608956415196
1	474	273.253882145742	1.8086552982078
1	476	275.06253744395	1.102430874886
1	478	276.164968318836	0.17463474238219
1	480	276.339603061218	0.065396836283721
1	482	276.404999897502	0.25540239728848
1	484	276.66040229479	0.40301402586348
1	486	277.063416320653	0.61818024051241
1	488	277.681596561165	1.6542408545484
1	490	279.335837415713	1.8548798058279
1	492	281.190717221541	0.64321739392104
1	494	281.833934615462	0.35132712443003
1	496	282.185261739892	0.17647207099374
1	498	282.361733810886	0.13914696700775
1	500	282.500880777894	0.83235083393661
1	502	283.333231611831	3.2027572324229
1	504	286.535988844254	0.20129618020097
1	506	286.737285024455	0.162141750068
1	508	286.899426774523	0.095264562045781
1	510	286.994691336569	1.1146597853591
1	512	288.109351121928	3.0666617604648
1	514	291.176012882393	0.41119447706655
1	516	291.58720735946	0.22616920530285
1	518	291.813376564763	1.1818991631733
1	520	292.995275727936	0.85374190612142
1	522	293.849017634057	1.2927234443301
1	524	295.141741078387	0.26051513351136
1	526	295.402256211898	0.084154427864981
1	528	295.486410639763	0.93069130564222
1	530	296.417101945405	0.52703028356645
1	532	296.944132228971	1.9341374904541
1	534	298.878269719425	0.48906409111559
1	536	299.367333810541	0.24670094354361
1	538	299.614034754085	0.23449745164823
1	540	299.848532205733	0.45114100798399
1	542	300.299673213717	0.0096426498701838
1	544	300.309315863587	0.10265614019917
1	546	300.411972003786	0.012591919845233
1	548	300.424563923631	1.1395189808147
1	550	301.564082904446	1.0919494121736
1	552	302.65603231662	0.48462586537913
1	554	303.140658181999	0.10612347079876
1	556	303.246781652798	2.79895432407
1	558	306.045735976868	0.45517493630807
1	560	306.500910913176	0.99155134228104
1	562	307.492462255457	4.1538375804408
1	564	311.646299835898	0.64031044337918
1	566	312.286610279277	2.4817989641437
1	568	314.768409243421	0.34118601732637
1	570	315.109595260747	2.9272408196244
1	572	318.036836080371	2.2956821421947
1	574	320.332518222566	0.22344841211733
1	576	320.555966634683	1.0223713272952
1	578	321.578337961978	0.457175034609
1	580	322.035512996587	1.2357991227819
1	582	323.271312119369	0.33213841129328
1	584	323.603450530662	2.9280939049498
1	586	326.531544435612	0.81026256182925
1	588	327.341806997441	1.1002023377589
1	590	328.4420093352	0.94216605716963
1	592	329.38417539237	1.0783159291807
1	594	330.462491321551	0.62394941312123
1	596	331.086440734672	1.2332790773075
1	598	332.319719811979	1.6276647688098
1	600	333.947384580789	0.78092783023646
1	602	334.728312411025	1.2384898293146
1	604	335.96680224034	2.0222467131879
1	606	337.989048953528	1.2922562330887
1	608	339.281305186617	0.84342566154148
1	610	340.124730848158	0.19392724905623
1	612	340.318658097214	0.00050678689866099
1	614	340.319164884113	1.6472664817774
1	616	341.96643136589	0.035757246123625
1	618	342.002188612014	1.2308165385016
1	620	343.233005150516	2.9523619914009
1	622	346.185367141917	0.42498124299957
1	624	346.610348384917	0.21290382205498
1	626	346.823252206972	0.56559496679044
1	628	347.388847173762	0.31176865360767
1	630	347.70061582737	5.3719067106477
1	632	353.072522538018	2.7787875026439
1	634	355.851310040662	0.5070021796203
1	636	356.358312220282	4.011501659707
1	638	360.369813879989	0.50489857167644
1	640	360.874712451665	1.3687195019162
1	642	362.243431953581	1.1412246332778
1	644	363.384656586859	0.66526920498318
1	646	364.049925791842	1.1560358825887
1	648	365.205961674431	2.9670644005153
1	650	368.173026074946	0.016132054889596
1	652	368.189158129836	5.2616840545432
1	654	373.450842184379	1.0251988822593
1	656	374.476041066638	1.1310980377512
1	658	375.607139104389	1.8043620543305
1	660	377.41150115872	0.22419085952115
1	662	377.635692018241	3.5920520156213
1	664	381.227744033862	0.36351660886093
1	666	381.591260642723	1.4567557611841
1	668	383.048016403907	0.12375060229845
1	670	383.171767006205	0.14823717026069
1	672	383.320004176466	0.89065528556156
1	674	384.210659462028	0.33979314232954
1	676	384.550452604358	0.14676793528085
1	678	384.697220539639	0.65147877896837
1	680	385.348699318607	2.7303143716154
1	682	388.079013690222	1.1997096829706
1	684	389.278723373193	0.304721444159
1	686	389.583444817352	0.12040810509569
1	688	389.703852922448	0.860040852982
1	690	390.56389377543	0.59376402636376
1	692	391.157657801794	0.43877057216796
1	694	391.596428373962	0.46627222225845
1	696	392.06270059622	0.11055844288469
1	698	392.173259039105	4.2620879351142
1	700	396.435346974219	0.12628827166523
1	702	396.561635245884	4.1756025278131
1	704	400.737237773697	0.010947194901172
1	706	400.748184968598	1.632368201581
1	708	402.380553170179	1.2584318955832
1	710	403.638985065762	0.87500010277745
1	712	404.513985168539	5.4770935873311
1	714	409.99107875587	0.21564113904773
1	716	410.206719894918	0.014268440350353
1	718	410.220988335268	3.5801274058939
1	720	413.801115741162	0.57779840500399
1	722	414.378914146166	3.0585810840794
1	724	417.437495230245	0.34378244172795
1	726	417.781277671973	2.5703026278743
1	728	420.351580299847	0.26608778249383
1	730	420.617668082341	0.062864586172378
1	732	420.680532668513	3.2923953382224
1	734	423.972928006735	1.7896670525996
1	736	425.762595059335	0.063422727272379
1	738	425.826017786607	0.13431867236309
1	740	425.96033645897	1.7352043163729
1	742	427.695540775343	2.8296649709699
1	744	430.525205746313	0.2086857859552
1	746	430.733891532268	1.0637477451656
1	748	431.797639277434	0.42783517646448
1	750	432.225474453898	5.3164279830733
1	752	437.541902436971	0.49477475115328
1	754	438.036677188124	0.67172781479148
1	756	438.708405002915	0.52248966876219
1	758	439.230894671677	1.1926162862283
1	760	440.423510957905	0.2030540884307
1	762	440.626565046336	1.7968391362241
1	764	442.42340418256	4.3749701636586
1	766	446.798374346219	0.36103017416504
1	768	447.159404520384	2.7976375569239
1	770	449.957042077308	1.2223638504409
1	772	451.179405927749	0.94725516082702
1	774	452.126661088576	2.1039698066098
1	776	454.230630895186	0.2330626089493
1	778	454.463693504135	0.88403061017636
1	780	455.347724114311	0.54726620617072
1	782	455.894990320482	0.66298825967807
1	784	456.55797858016	2.8883302460099
1	786	459.44630882617	0.90859078265311
1	788	460.354899608823	0.41979050135326
1	790	460.774690110176	3.5020394527437
1	792	464.27672956292	0.54020505713713
1	794	464.816934620057	8.6729960104316
1	796	473.489930630489	1.0502933859468
1	798	474.540224016436	1.3337583534062
1	800	475.873982369842	1.696742985969
1	802	477.570725355811	1.8703576964107
1	804	479.441083052222	0.26302939746031
1	806	479.704112449682	4.7936743953356
1	808	484.497786845018	0.66209313916633
1	810	485.159879984184	0.18316397257722
1	812	485.343043956761	0.73589929690749
1	814	486.078943253668	0.031966441677669
1	816	486.110909695346	0.10672237341109
1	818	486.217632068757	1.6465988152513
1	820	487.864230884008	0.81639930904454
1	822	488.680630193053	1.1503744247169
1	824	489.83100461777	0.63236161537213
1	826	490.463366233142	0.12537268762
1	828	490.588738920762	0.50547034152636
1	830	491.094209262288	0.88552915080506
1	832	491.979738413093	0.46909220460994
1	834	492.448830617703	0.84974725378018
1	836	493.298577871483	1.3253299380553
1	838	494.623907809538	0.40373096840524
1	840	495.027638777943	2.2354755493937
1	842	497.263114327337	0.3427226716934
1	844	497.60583699903	1.0359176810346
1	846	498.641754680065	0.23865223690987
1	848	498.880406916975	0.28696913857279
1	850	499.167376055548	1.0519737430116
1	852	500.21934979856	1.1097664385952
1	854	501.329116237155	0.20056765466596
1	856	501.529683891821	1.7930330758769
1	858	503.322716967698	1.4926192343063
1	860	504.815336202004	1.7992045658299
1	862	506.614540767834	2.3486891092563
1	864	508.96322987709	1.7862955161405
1	866	510.749525393231	1.3917227081711
1	868	512.141248101402	0.25841572563816
1	870	512.39966382704	0.36967336096783
1	872	512.769337188008	1.5288500939346
1	874	514.298187281943	0.60707078717155
1	876	514.905258069115	2.3374729492874
1	878	517.242731018402	0.86342886881756
1	880	518.10615988722	0.48340273176688
1	882	518.589562618987	0.50628701637563
1	884	519.095849635363	0.79497807047893
1	886	519.890827705842	0.94653902618693
1	888	520.837366732029	1.5326499107234
1	890	522.370016642752	1.3904809636098
1	892	523.760497606362	0.41389712272296
1	894	524.174394729085	0.42748358890017
1	896	524.601878317985	0.74780474954882
1	898	525.349683067534	0.29103299166431
1	900	525.640716059198	1.7765049266487
1	902	527.417220985847	1.8631519153293
1	904	529.280372901176	1.6496689030843
1	906	530.93004180426	1.7945221053501
1	908	532.72456390961	1.9090677820749
1	910	534.633631691685	0.051145778285517
1	912	534.684777469971	0.41286165244936
1	914	535.09763912242	1.2444067798683
1	916	536.342045902288	1.6999742302101
1	918	538.042020132498	0.16462479167982
1	920	538.206644924178	3.9770769979557
1	922	542.183721922134	0.95196551257758
1	924	543.135687434712	1.3614474007276
1	926	544.49713483544	0.4135659708478
1	928	544.910700806288	1.3263668048314
1	930	546.237067611119	2.0973722953059
1	932	548.334439906425	0.23215314661491
1	934	548.56659305304	0.12290763764669
1	936	548.689500690687	0.23494519239046
1	938	548.924445883077	2.7336103826913
1	940	551.658056265768	1.0860727202925
1	942	552.74412898606	0.502240622119
1	944	553.246369608179	0.23046507271954
1	946	553.476834680899	0.16999421575664
1	948	553.646828896656	0.94457565717704
1	950	554.591404553833	0.73406411706816
1	952	555.325468670901	1.4762583220075
1	954	556.801726992908	0.10586038007463
1	956	556.907587372983	1.6908153534899
1	958	558.598402726473	1.6175346306502
1	960	560.215937357123	0.95940917018015
1	962	561.175346527303	0.54257348224097
1	964	561.717920009544	1.1753381370494
1	966	562.893258146593	0.48696830022033
1	968	563.380226446813	0.50171733619928
1	970	563.881943783012	0.13502955742342
1	972	564.016973340435	0.94325185594019
1	974	564.960225196375	0.24716858655871
1	976	565.207393782934	0.27341208076712
1	978	565.480805863701	0.87888648014132
1	980	566.359692343842	2.2159615132244
1	982	568.575653857066	0.14338145959566
1	984	568.719035316662	0.64421788607466
1	986	569.363253202737	0.79380517851196
1	988	570.157058381249	0.17950963280661
1	990	570.336568014056	3.2169022561027
1	992	573.553470270159	1.1608892207055
1	994	574.714359490865	0.61070331522495
1	996	575.32506280609	7.0364591691014
1	998	582.361521975191	0.23871489917079
1	1000	582.600236874362	0.45138577181658
1	1002	583.051622646179	1.9647386410816
1	1004	585.016361287261	1.0107663655294
1	1006	586.02712765279	1.2971701463185
1	1008	587.324297799109	0.87446086575768
1	1010	588.198758664867	1.1405466652712
1	1012	589.339305330138	0.51478876827115
1	1014	589.854094098409	0.15870560746643
1	1016	590.012799705875	0.56171907404311
1	1018	590.574518779918	0.51978880689436
1	1020	591.094307586812	1.4647804498144
1	1022	592.559088036626	0.7688929578972
1	1024	593.327980994523	0.80638669845625
1	1026	594.134367692979	0.57052180246197
1	1028	594.704889495441	0.53266851419523
1	1030	595.237558009636	0.30111678001985
1	1032	595.538674789656	0.37741673609654
1	1034	595.916091525753	0.30878564603662
1	1036	596.22487717179	5.2381370215983
2	167	101.468039945739	81
2	169	107.859644471749	82
2	171	110.996150038992	83
2	173	111.230731835396	84
2	175	111.606045818234	85
2	177	115.549248065225	86
2	179	115.984539012269	87
2	181	116.636661457769	88
2	183	118.241955515859	89
2	185	118.904041924133	90
2	187	122.0767219122	91
2	189	122.823163261098	92
2	191	122.848107556354	93
2	193	123.409662849544	94
2	195	126.711159079704	95
2	197	127.462885514645	96
2	199	128.477746790187	97
2	201	128.520708665651	98
2	203	128.719013082775	99
2	205	128.824657041326	100
2	207	129.192328612366	101
2	209	130.774784317219	102
2	211	132.816558506742	103
2	213	134.029939684039	104
2	215	135.582885874117	105
2	217	135.616851413071	106
2	219	135.634377115082	107
2	221	136.062678613882	108
2	223	136.765336696757	109
2	225	137.064802616347	110
2	227	138.074015782115	111
2	229	138.141925589575	112
2	231	138.975375704236	113
2	233	139.864281456391	114
2	235	141.824693881608	115
2	237	142.470878841945	116
2	239	143.104488141576	117
2	241	143.163792202081	118
2	243	143.223562489667	119
2	245	144.243055686781	120
2	247	145.259522832056	121
2	249	147.212135947833	122
2	251	147.580108191	123
2	253	147.724814873795	124
2	255	149.143967417015	125
2	257	149.53337724267	126
2	259	152.420762728889	127
2	261	153.652350938363	128
2	263	154.674621855754	129
2	265	155.489093387516	130
2	267	156.703564081495	131
2	269	157.551179350647	132
2	271	158.594375680762	133
2	273	159.33700390438	134
2	275	159.788875178718	135
2	277	162.490496347837	136
2	279	163.387208732657	137
2	281	164.504217084335	138
2	283	165.749484097372	139
2	285	166.859142246309	140
2	287	167.177806577379	141
2	289	167.88191442509	142
2	291	167.957614540653	143
2	293	168.742434272253	144
2	295	169.817759769399	145
2	297	172.449671959341	146
2	299	173.413192973271	147
2	301	173.693784189492	148
2	303	175.954557099322	149
2	305	179.425966384662	150
2	307	181.146230411004	151
2	309	181.237801090141	152
2	311	181.799869824178	153
2	313	182.884963479671	154
2	315	183.825476120681	155
2	317	183.863452017958	156
2	319	187.571269271693	157
2	321	188.884541479889	158
2	323	189.050822899756	159
2	325	190.268120885011	160
2	327	190.289888271545	161
2	329	192.670541893971	162
2	331	193.663206844298	163
2	333	197.072509257456	164
2	335	197.588242561865	165
2	337	198.296143711431	166
2	339	199.535900091586	167
2	341	200.866141187016	168
2	343	201.263326694073	169
2	345	204.360985988498	170
2	347	205.025583400634	171
2	349	206.184864990056	172
2	351	206.757444794158	173
2	353	207.224811526475	174
2	355	207.391088077631	175
2	357	207.852959256677	176
2	359	208.962530366624	177
2	361	209.37598327505	178
2	363	209.46565750763	179
2	365	213.253229644625	180
2	367	213.792284638001	181
2	369	214.417251642714	182
2	371	215.144928351027	183
2	373	218.659869388266	184
2	375	221.455903652364	185
2	377	223.791396596982	186
2	379	224.168184842812	187
2	381	225.569460636728	188
2	383	225.684242307903	189
2	385	225.688194365142	190
2	387	227.115781429857	191
2	389	229.880126130048	192
2	391	231.280944102942	193
2	393	234.309793266094	194
2	395	234.368287510908	195
2	397	234.375399775908	196
2	399	234.835746831276	197
2	401	236.071522010477	198
2	403	239.027530411158	199
2	405	239.611313462628	200
2	407	242.109010207062	201
2	409	243.195852282572	202
2	411	244.090709647246	203
2	413	245.223125725365	204
2	415	245.546420444774	205
2	417	246.644827441301	206
2	419	246.814558064054	207
2	421	247.263813238702	208
2	423	248.214209046561	209
2	425	248.301130883332	210
2	427	250.78416512483	211
2	429	252.719904112118	212
2	431	253.973630447682	213
2	433	256.882439852973	214
2	435	257.558525007897	215
2	437	257.818335680275	216
2	439	258.450137390323	217
2	441	258.73392753358	218
2	443	260.585625961397	219
2	445	261.154325789336	220
2	447	261.520507468959	221
2	449	262.139206193143	222
2	451	262.534269259603	223
2	453	265.131512733733	224
2	455	265.159494029129	225
2	457	265.430502166278	226
2	459	266.769887303569	227
2	461	267.421523356911	228
2	463	267.606957598247	229
2	465	268.859767352838	230
2	467	268.962899435916	231
2	469	269.822949614349	232
2	471	271.157468793984	233
2	473	271.644925730546	234
2	475	273.253882145742	235
2	477	275.06253744395	236
2	479	276.164968318836	237
2	481	276.339603061218	238
2	483	276.404999897502	239
2	485	276.66040229479	240
2	487	277.063416320653	241
2	489	277.681596561165	242
2	491	279.335837415713	243
2	493	281.190717221541	244
2	495	281.833934615462	245
2	497	282.185261739892	246
2	499	282.361733810886	247
2	501	282.500880777894	248
2	503	283.333231611831	249
2	505	286.535988844254	250
2	507	286.737285024455	251
2	509	286.899426774523	252
2	511	286.994691336569	253
2	513	288.109351121928	254
2	515	291.176012882393	255
2	517	291.58720735946	256
2	519	291.813376564763	257
2	521	292.995275727936	258
2	523	293.849017634057	259
2	525	295.141741078387	260
2	527	295.402256211898	261
2	529	295.486410639763	262
2	531	296.417101945405	263
2	533	296.944132228971	264
2	535	298.878269719425	265
2	537	299.367333810541	266
2	539	299.614034754085	267
2	541	299.848532205733	268
2	543	300.299673213717	269
2	545	300.309315863587	270
2	547	300.411972003786	271
2	549	300.424563923631	272
2	551	301.564082904446	273
2	553	302.65603231662	274
2	555	303.140658181999	275
2	557	303.246781652798	276
2	559	306.045735976868	277
2	561	306.500910913176	278
2	563	307.492462255457	279
2	565	311.646299835898	280
2	567	312.286610279277	281
2	569	314.768409243421	282
2	571	315.109595260747	283
2	573	318.036836080371	284
2	575	320.332518222566	285
2	577	320.555966634683	286
2	579	321.578337961978	287
2	581	322.035512996587	288
2	583	323.271312119369	289
2	585	323.603450530662	290
2	587	326.531544435612	291
2	589	327.341806997441	292
2	591	328.4420093352	293
2	593	329.38417539237	294
2	595	330.462491321551	295
2	597	331.086440734672	296
2	599	332.319719811979	297
2	601	333.947384580789	298
2	603	334.728312411025	299
2	605	335.96680224034	300
2	607	337.989048953528	301
2	609	339.281305186617	302
2	611	340.124730848158	303
2	613	340.318658097214	304
2	615	340.319164884113	305
2	617	341.96643136589	306
2	619	342.002188612014	307
2	621	343.233005150516	308
2	623	346.185367141917	309
2	625	346.610348384917	310
2	627	346.823252206972	311
2	629	347.388847173762	312
2	631	347.70061582737	313
2	633	353.072522538018	314
2	635	355.851310040662	315
2	637	356.358312220282	316
2	639	360.369813879989	317
2	641	360.874712451665	318
2	643	362.243431953581	319
2	645	363.384656586859	320
2	647	364.049925791842	321
2	649	365.205961674431	322
2	651	368.173026074946	323
2	653	368.189158129836	324
2	655	373.450842184379	325
2	657	374.476041066638	326
2	659	375.607139104389	327
2	661	377.41150115872	328
2	663	377.635692018241	329
2	665	381.227744033862	330
2	667	381.591260642723	331
2	669	383.048016403907	332
2	671	383.171767006205	333
2	673	383.320004176466	334
2	675	384.210659462028	335
2	677	384.550452604358	336
2	679	384.697220539639	337
2	681	385.348699318607	338
2	683	388.079013690222	339
2	685	389.278723373193	340
2	687	389.583444817352	341
2	689	389.703852922448	342
2	691	390.56389377543	343
2	693	391.157657801794	344
2	695	391.596428373962	345
2	697	392.06270059622	346
2	699	392.173259039105	347
2	701	396.435346974219	348
2	703	396.561635245884	349
2	705	400.737237773697	350
2	707	400.748184968598	351
2	709	402.380553170179	352
2	711	403.638985065762	353
2	713	404.513985168539	354
2	715	409.99107875587	355
2	717	410.206719894918	356
2	719	410.220988335268	357
2	721	413.801115741162	358
2	723	414.378914146166	359
2	725	417.437495230245	360
2	727	417.781277671973	361
2	729	420.351580299847	362
2	731	420.617668082341	363
2	733	420.680532668513	364
2	735	423.972928006735	365
2	737	425.762595059335	366
2	739	425.826017786607	367
2	741	425.96033645897	368
2	743	427.695540775343	369
2	745	430.525205746313	370
2	747	430.733891532268	371
2	749	431.797639277434	372
2	751	432.225474453898	373
2	753	437.541902436971	374
2	755	438.036677188124	375
2	757	438.708405002915	376
2	759	439.230894671677	377
2	761	440.423510957905	378
2	763	440.626565046336	379
2	765	442.42340418256	380
2	767	446.798374346219	381
2	769	447.159404520384	382
2	771	449.957042077308	383
2	773	451.179405927749	384
2	775	452.126661088576	385
2	777	454.230630895186	386
2	779	454.463693504135	387
2	781	455.347724114311	388
2	783	455.894990320482	389
2	785	456.55797858016	390
2	787	459.44630882617	391
2	789	460.354899608823	392
2	791	460.774690110176	393
2	793	464.27672956292	394
2	795	464.816934620057	395
2	797	473.489930630489	396
2	799	474.540224016436	397
2	801	475.873982369842	398
2	803	477.570725355811	399
2	805	479.441083052222	400
2	807	479.704112449682	401
2	809	484.497786845018	402
2	811	485.159879984184	403
2	813	485.343043956761	404
2	815	486.078943253668	405
2	817	486.110909695346	406
2	819	486.217632068757	407
2	821	487.864230884008	408
2	823	488.680630193053	409
2	825	489.83100461777	410
2	827	490.463366233142	411
2	829	490.588738920762	412
2	831	491.094209262288	413
2	833	491.979738413093	414
2	835	492.448830617703	415
2	837	493.298577871483	416
2	839	494.623907809538	417
2	841	495.027638777943	418
2	843	497.263114327337	419
2	845	497.60583699903	420
2	847	498.641754680065	421
2	849	498.880406916975	422
2	851	499.167376055548	423
2	853	500.21934979856	424
2	855	501.329116237155	425
2	857	501.529683891821	426
2	859	503.322716967698	427
2	861	504.815336202004	428
2	863	506.614540767834	429
2	865	508.96322987709	430
2	867	510.749525393231	431
2	869	512.141248101402	432
2	871	512.39966382704	433
2	873	512.769337188008	434
2	875	514.298187281943	435
2	877	514.905258069115	436
2	879	517.242731018402	437
2	881	518.10615988722	438
2	883	518.589562618987	439
2	885	519.095849635363	440
2	887	519.890827705842	441
2	889	520.837366732029	442
2	891	522.370016642752	443
2	893	523.760497606362	444
2	895	524.174394729085	445
2	897	524.601878317985	446
2	899	525.349683067534	447
2	901	525.640716059198	448
2	903	527.417220985847	449
2	905	529.280372901176	450
2	907	530.93004180426	451
2	909	532.72456390961	452
2	911	534.633631691685	453
2	913	534.684777469971	454
2	915	535.09763912242	455
2	917	536.342045902288	456
2	919	538.042020132498	457
2	921	538.206644924178	458
2	923	542.183721922134	459
2	925	543.135687434712	460
2	927	544.49713483544	461
2	929	544.910700806288	462
2	931	546.237067611119	463
2	933	548.334439906425	464
2	935	548.56659305304	465
2	937	548.689500690687	466
2	939	548.924445883077	467
2	941	551.658056265768	468
2	943	552.74412898606	469
2	945	553.246369608179	470
2	947	553.476834680899	471
2	949	553.646828896656	472
2	951	554.591404553833	473
2	953	555.325468670901	474
2	955	556.801726992908	475
2	957	556.907587372983	476
2	959	558.598402726473	477
2	961	560.215937357123	478
2	963	561.175346527303	479
2	965	561.717920009544	480
2	967	562.893258146593	481
2	969	563.380226446813	482
2	971	563.881943783012	483
2	973	564.016973340435	484
2	975	564.960225196375	485
2	977	565.207393782934	486
2	979	565.480805863701	487
2	981	566.359692343842	488
2	983	568.575653857066	489
2	985	568.719035316662	490
2	987	569.363253202737	491
2	989	570.157058381249	492
2	991	570.336568014056	493
2	993	573.553470270159	494
2	995	574.714359490865	495
2	997	575.32506280609	496
2	999	582.361521975191	497
2	1001	582.600236874362	498
2	1003	583.051622646179	499
2	1005	585.016361287261	500
2	1007	586.02712765279	501
2	1009	587.324297799109	502
2	1011	588.198758664867	503
2	1013	589.339305330138	504
2	1015	589.854094098409	505
2	1017	590.012799705875	506
2	1019	590.574518779918	507
2	1021	591.094307586812	508
2	1023	592.559088036626	509
2	1025	593.327980994523	510
2	1027	594.134367692979	511
2	1029	594.704889495441	512
2	1031	595.237558009636	513
2	1033	595.538674789656	514
2	1035	595.916091525753	515
2	1037	596.22487717179	516
4	1038	600	1.0008029290254
5	167	101.468039945739	82
5	169	107.859644471749	83
5	171	110.996150038992	84
5	173	111.230731835396	85
5	175	111.606045818234	86
5	177	115.549248065225	87
5	179	115.984539012269	88
5	181	116.636661457769	89
5	183	118.241955515859	90
5	185	118.904041924133	91
5	187	122.0767219122	92
5	189	122.823163261098	93
5	191	122.848107556354	94
5	193	123.409662849544	95
5	195	126.711159079704	96
5	197	127.462885514645	97
5	199	128.477746790187	98
5	201	128.520708665651	99
5	203	128.719013082775	100
5	205	128.824657041326	101
5	207	129.192328612366	102
5	209	130.774784317219	103
5	211	132.816558506742	104
5	213	134.029939684039	105
5	215	135.582885874117	106
5	217	135.616851413071	107
5	219	135.634377115082	108
5	221	136.062678613882	109
5	223	136.765336696757	110
5	225	137.064802616347	111
5	227	138.074015782115	112
5	229	138.141925589575	113
5	231	138.975375704236	114
5	233	139.864281456391	115
5	235	141.824693881608	116
5	237	142.470878841945	117
5	239	143.104488141576	118
5	241	143.163792202081	119
5	243	143.223562489667	120
5	245	144.243055686781	121
5	247	145.259522832056	122
5	249	147.212135947833	123
5	251	147.580108191	124
5	253	147.724814873795	125
5	255	149.143967417015	126
5	257	149.53337724267	127
5	259	152.420762728889	128
5	261	153.652350938363	129
5	263	154.674621855754	130
5	265	155.489093387516	131
5	267	156.703564081495	132
5	269	157.551179350647	133
5	271	158.594375680762	134
5	273	159.33700390438	135
5	275	159.788875178718	136
5	277	162.490496347837	137
5	279	163.387208732657	138
5	281	164.504217084335	139
5	283	165.749484097372	140
5	285	166.859142246309	141
5	287	167.177806577379	142
5	289	167.88191442509	143
5	291	167.957614540653	144
5	293	168.742434272253	145
5	295	169.817759769399	146
5	297	172.449671959341	147
5	299	173.413192973271	148
5	301	173.693784189492	149
5	303	175.954557099322	150
5	305	179.425966384662	151
5	307	181.146230411004	152
5	309	181.237801090141	153
5	311	181.799869824178	154
5	313	182.884963479671	155
5	315	183.825476120681	156
5	317	183.863452017958	157
5	319	187.571269271693	158
5	321	188.884541479889	159
5	323	189.050822899756	160
5	325	190.268120885011	161
5	327	190.289888271545	162
5	329	192.670541893971	163
5	331	193.663206844298	164
5	333	197.072509257456	165
5	335	197.588242561865	166
5	337	198.296143711431	167
5	339	199.535900091586	168
5	341	200.866141187016	169
5	343	201.263326694073	170
5	345	204.360985988498	171
5	347	205.025583400634	172
5	349	206.184864990056	173
5	351	206.757444794158	174
5	353	207.224811526475	175
5	355	207.391088077631	176
5	357	207.852959256677	177
5	359	208.962530366624	178
5	361	209.37598327505	179
5	363	209.46565750763	180
5	365	213.253229644625	181
5	367	213.792284638001	182
5	369	214.417251642714	183
5	371	215.144928351027	184
5	373	218.659869388266	185
5	375	221.455903652364	186
5	377	223.791396596982	187
5	379	224.168184842812	188
5	381	225.569460636728	189
5	383	225.684242307903	190
5	385	225.688194365142	191
5	387	227.115781429857	192
5	389	229.880126130048	193
5	391	231.280944102942	194
5	393	234.309793266094	195
5	395	234.368287510908	196
5	397	234.375399775908	197
5	399	234.835746831276	198
5	401	236.071522010477	199
5	403	239.027530411158	200
5	405	239.611313462628	201
5	407	242.109010207062	202
5	409	243.195852282572	203
5	411	244.090709647246	204
5	413	245.223125725365	205
5	415	245.546420444774	206
5	417	246.644827441301	207
5	419	246.814558064054	208
5	421	247.263813238702	209
5	423	248.214209046561	210
5	425	248.301130883332	211
5	427	250.78416512483	212
5	429	252.719904112118	213
5	431	253.973630447682	214
5	433	256.882439852973	215
5	435	257.558525007897	216
5	437	257.818335680275	217
5	439	258.450137390323	218
5	441	258.73392753358	219
5	443	260.585625961397	220
5	445	261.154325789336	221
5	447	261.520507468959	222
5	449	262.139206193143	223
5	451	262.534269259603	224
5	453	265.131512733733	225
5	455	265.159494029129	226
5	457	265.430502166278	227
5	459	266.769887303569	228
5	461	267.421523356911	229
5	463	267.606957598247	230
5	465	268.859767352838	231
5	467	268.962899435916	232
5	469	269.822949614349	233
5	471	271.157468793984	234
5	473	271.644925730546	235
5	475	273.253882145742	236
5	477	275.06253744395	237
5	479	276.164968318836	238
5	481	276.339603061218	239
5	483	276.404999897502	240
5	485	276.66040229479	241
5	487	277.063416320653	242
5	489	277.681596561165	243
5	491	279.335837415713	244
5	493	281.190717221541	245
5	495	281.833934615462	246
5	497	282.185261739892	247
5	499	282.361733810886	248
5	501	282.500880777894	249
5	503	283.333231611831	250
5	505	286.535988844254	251
5	507	286.737285024455	252
5	509	286.899426774523	253
5	511	286.994691336569	254
5	513	288.109351121928	255
5	515	291.176012882393	256
5	517	291.58720735946	257
5	519	291.813376564763	258
5	521	292.995275727936	259
5	523	293.849017634057	260
5	525	295.141741078387	261
5	527	295.402256211898	262
5	529	295.486410639763	263
5	531	296.417101945405	264
5	533	296.944132228971	265
5	535	298.878269719425	266
5	537	299.367333810541	267
5	539	299.614034754085	268
5	541	299.848532205733	269
5	543	300.299673213717	270
5	545	300.309315863587	271
5	547	300.411972003786	272
5	549	300.424563923631	273
5	551	301.564082904446	274
5	553	302.65603231662	275
5	555	303.140658181999	276
5	557	303.246781652798	277
5	559	306.045735976868	278
5	561	306.500910913176	279
5	563	307.492462255457	280
5	565	311.646299835898	281
5	567	312.286610279277	282
5	569	314.768409243421	283
5	571	315.109595260747	284
5	573	318.036836080371	285
5	575	320.332518222566	286
5	577	320.555966634683	287
5	579	321.578337961978	288
5	581	322.035512996587	289
5	583	323.271312119369	290
5	585	323.603450530662	291
5	587	326.531544435612	292
5	589	327.341806997441	293
5	591	328.4420093352	294
5	593	329.38417539237	295
5	595	330.462491321551	296
5	597	331.086440734672	297
5	599	332.319719811979	298
5	601	333.947384580789	299
5	603	334.728312411025	300
5	605	335.96680224034	301
5	607	337.989048953528	302
5	609	339.281305186617	303
5	611	340.124730848158	304
5	613	340.318658097214	305
5	615	340.319164884113	306
5	617	341.96643136589	307
5	619	342.002188612014	308
5	621	343.233005150516	309
5	623	346.185367141917	310
5	625	346.610348384917	311
5	627	346.823252206972	312
5	629	347.388847173762	313
5	631	347.70061582737	314
5	633	353.072522538018	315
5	635	355.851310040662	316
5	637	356.358312220282	317
5	639	360.369813879989	318
5	641	360.874712451665	319
5	643	362.243431953581	320
5	645	363.384656586859	321
5	647	364.049925791842	322
5	649	365.205961674431	323
5	651	368.173026074946	324
5	653	368.189158129836	325
5	655	373.450842184379	326
5	657	374.476041066638	327
5	659	375.607139104389	328
5	661	377.41150115872	329
5	663	377.635692018241	330
5	665	381.227744033862	331
5	667	381.591260642723	332
5	669	383.048016403907	333
5	671	383.171767006205	334
5	673	383.320004176466	335
5	675	384.210659462028	336
5	677	384.550452604358	337
5	679	384.697220539639	338
5	681	385.348699318607	339
5	683	388.079013690222	340
5	685	389.278723373193	341
5	687	389.583444817352	342
5	689	389.703852922448	343
5	691	390.56389377543	344
5	693	391.157657801794	345
5	695	391.596428373962	346
5	697	392.06270059622	347
5	699	392.173259039105	348
5	701	396.435346974219	349
5	703	396.561635245884	350
5	705	400.737237773697	351
5	707	400.748184968598	352
5	709	402.380553170179	353
5	711	403.638985065762	354
5	713	404.513985168539	355
5	715	409.99107875587	356
5	717	410.206719894918	357
5	719	410.220988335268	358
5	721	413.801115741162	359
5	723	414.378914146166	360
5	725	417.437495230245	361
5	727	417.781277671973	362
5	729	420.351580299847	363
5	731	420.617668082341	364
5	733	420.680532668513	365
5	735	423.972928006735	366
5	737	425.762595059335	367
5	739	425.826017786607	368
5	741	425.96033645897	369
5	743	427.695540775343	370
5	745	430.525205746313	371
5	747	430.733891532268	372
5	749	431.797639277434	373
5	751	432.225474453898	374
5	753	437.541902436971	375
5	755	438.036677188124	376
5	757	438.708405002915	377
5	759	439.230894671677	378
5	761	440.423510957905	379
5	763	440.626565046336	380
5	765	442.42340418256	381
5	767	446.798374346219	382
5	769	447.159404520384	383
5	771	449.957042077308	384
5	773	451.179405927749	385
5	775	452.126661088576	386
5	777	454.230630895186	387
5	779	454.463693504135	388
5	781	455.347724114311	389
5	783	455.894990320482	390
5	785	456.55797858016	391
5	787	459.44630882617	392
5	789	460.354899608823	393
5	791	460.774690110176	394
5	793	464.27672956292	395
5	795	464.816934620057	396
5	797	473.489930630489	397
5	799	474.540224016436	398
5	801	475.873982369842	399
5	803	477.570725355811	400
5	805	479.441083052222	401
5	807	479.704112449682	402
5	809	484.497786845018	403
5	811	485.159879984184	404
5	813	485.343043956761	405
5	815	486.078943253668	406
5	817	486.110909695346	407
5	819	486.217632068757	408
5	821	487.864230884008	409
5	823	488.680630193053	410
5	825	489.83100461777	411
5	827	490.463366233142	412
5	829	490.588738920762	413
5	831	491.094209262288	414
5	833	491.979738413093	415
5	835	492.448830617703	416
5	837	493.298577871483	417
5	839	494.623907809538	418
5	841	495.027638777943	419
5	843	497.263114327337	420
5	845	497.60583699903	421
5	847	498.641754680065	422
5	849	498.880406916975	423
5	851	499.167376055548	424
5	853	500.21934979856	425
5	855	501.329116237155	426
5	857	501.529683891821	427
5	859	503.322716967698	428
5	861	504.815336202004	429
5	863	506.614540767834	430
5	865	508.96322987709	431
5	867	510.749525393231	432
5	869	512.141248101402	433
5	871	512.39966382704	434
5	873	512.769337188008	435
5	875	514.298187281943	436
5	877	514.905258069115	437
5	879	517.242731018402	438
5	881	518.10615988722	439
5	883	518.589562618987	440
5	885	519.095849635363	441
5	887	519.890827705842	442
5	889	520.837366732029	443
5	891	522.370016642752	444
5	893	523.760497606362	445
5	895	524.174394729085	446
5	897	524.601878317985	447
5	899	525.349683067534	448
5	901	525.640716059198	449
5	903	527.417220985847	450
5	905	529.280372901176	451
5	907	530.93004180426	452
5	909	532.72456390961	453
5	911	534.633631691685	454
5	913	534.684777469971	455
5	915	535.09763912242	456
5	917	536.342045902288	457
5	919	538.042020132498	458
5	921	538.206644924178	459
5	923	542.183721922134	460
5	925	543.135687434712	461
5	927	544.49713483544	462
5	929	544.910700806288	463
5	931	546.237067611119	464
5	933	548.334439906425	465
5	935	548.56659305304	466
5	937	548.689500690687	467
5	939	548.924445883077	468
5	941	551.658056265768	469
5	943	552.74412898606	470
5	945	553.246369608179	471
5	947	553.476834680899	472
5	949	553.646828896656	473
5	951	554.591404553833	474
5	953	555.325468670901	475
5	955	556.801726992908	476
5	957	556.907587372983	477
5	959	558.598402726473	478
5	961	560.215937357123	479
5	963	561.175346527303	480
5	965	561.717920009544	481
5	967	562.893258146593	482
5	969	563.380226446813	483
5	971	563.881943783012	484
5	973	564.016973340435	485
5	975	564.960225196375	486
5	977	565.207393782934	487
5	979	565.480805863701	488
5	981	566.359692343842	489
5	983	568.575653857066	490
5	985	568.719035316662	491
5	987	569.363253202737	492
5	989	570.157058381249	493
5	991	570.336568014056	494
5	993	573.553470270159	495
5	995	574.714359490865	496
5	997	575.32506280609	497
5	999	582.361521975191	498
5	1001	582.600236874362	499
5	1003	583.051622646179	500
5	1005	585.016361287261	501
5	1007	586.02712765279	502
5	1009	587.324297799109	503
5	1011	588.198758664867	504
5	1013	589.339305330138	505
5	1015	589.854094098409	506
5	1017	590.012799705875	507
5	1019	590.574518779918	508
5	1021	591.094307586812	509
5	1023	592.559088036626	510
5	1025	593.327980994523	511
5	1027	594.134367692979	512
5	1029	594.704889495441	513
5	1031	595.237558009636	514
5	1033	595.538674789656	515
5	1035	595.916091525753	516
5	1037	596.22487717179	517

