version 3
run ParameterStudy-71-20251130-20:03:56-476
attr configname ParameterStudy
attr datetime 20251130-20:03:56
attr datetimef 20251130-200356
attr experiment ParameterStudy
attr inifile omnetpp.ini
attr iterationvars $betaProducer=2.4s
attr iterationvarsd betaProducer=2.4s
attr iterationvarsf betaProducer=2.4s-
attr measurement $betaProducer=2.4s
attr network queue_sim
attr processid 476
attr repetition 1
attr replication #1
attr resultdir results
attr runnumber 71
attr seedset 71
itervar betaProducer 2.4s
config description "Parameter study: β_producer = 1s to 10s (0.1s steps), β_service = 1s, 5 repetitions"
config *.serviceUnit.meanServiceTime 1s
config *.producer.warmupPeriod 100s
config *.queue.warmupPeriod 100s
config *.serviceUnit.warmupPeriod 100s
config *.sink.warmupPeriod 100s
config *.producer.meanInterArrivalTime 2.4s
config network queue_sim
config sim-time-limit 600s
config warmup-period 100s
config repeat 5
config **.vector-recording true
config **.scalar-recording true
config debug-on-errors true

vector 0 queue_sim.producer jobGenerated:vector ETV
attr recordingmode vector
attr title "Jobs Generated"
vector 1 queue_sim.producer interArrivalTime:vector ETV
attr recordingmode vector
attr title "Inter-arrival Time"
attr unit s
vector 2 queue_sim.queue queueLength:vector ETV
attr recordingmode vector
attr title "Queue Length"
vector 3 queue_sim.queue queueingDelay:vector ETV
attr recordingmode vector
attr title "Queueing Delay"
attr unit s
vector 4 queue_sim.queue queueUtilization:vector ETV
attr recordingmode vector
attr title "Queue Utilization"
vector 5 queue_sim.queue systemSize:vector ETV
attr recordingmode vector
attr title "System Size"
vector 6 queue_sim.serviceUnit serviceTime:vector ETV
attr recordingmode vector
attr title "Service Time"
attr unit s
vector 7 queue_sim.serviceUnit utilization:vector ETV
attr recordingmode vector
attr title "Server Utilization"
vector 8 queue_sim.sink jobCompleted:vector ETV
attr recordingmode vector
attr title "Jobs Completed"
vector 9 queue_sim.sink totalDelay:vector ETV
attr recordingmode vector
attr title "Total System Delay"
attr unit s
0	84	100.5070240344	41
0	86	100.720484707633	42
0	88	101.835582196658	43
0	90	102.847998557169	44
0	92	104.870219723742	45
0	94	116.590013002508	46
0	96	117.403760409668	47
0	98	120.037124853449	48
0	100	124.746065042913	49
0	102	129.091432755117	50
0	104	135.360589821919	51
0	106	135.540438860617	52
0	108	135.632175925031	53
0	110	136.206708276037	54
0	112	137.146749807668	55
0	114	141.950608836025	56
0	116	142.940010500698	57
0	118	146.18618325735	58
0	120	148.5537068984	59
0	122	150.486871451383	60
0	124	150.675232589184	61
0	126	159.488536692826	62
0	128	160.104997098819	63
0	130	160.377289877198	64
0	132	166.46023498836	65
0	134	169.610352497531	66
0	136	170.312583754635	67
0	138	171.19018581399	68
0	140	176.218217259515	69
0	142	178.260957279259	70
0	144	179.085741513441	71
0	146	179.300089956184	72
0	148	179.946848316706	73
0	150	182.2876450301	74
0	152	182.778357492102	75
0	154	182.795285715809	76
0	156	183.149506294536	77
0	158	185.221741868951	78
0	160	186.805490420311	79
0	162	192.013570354412	80
0	164	195.162133677626	81
0	166	196.325085512093	82
0	168	199.834276664436	83
0	170	205.552412194193	84
0	172	206.442252918996	85
0	174	210.999297600886	86
0	176	213.849141544349	87
0	178	217.03608901374	88
0	180	224.223418352971	89
0	182	225.742497815361	90
0	184	227.553354087466	91
0	186	228.985478751602	92
0	188	230.290234551422	93
0	190	230.655016021562	94
0	192	232.65193047037	95
0	194	233.018614954416	96
0	196	236.563879111972	97
0	198	236.989118961538	98
0	200	238.360410562619	99
0	202	238.710268608778	100
0	204	241.694345821118	101
0	206	243.856122830151	102
0	208	246.737075583712	103
0	210	246.981479238561	104
0	212	247.397978763551	105
0	214	247.764900193508	106
0	216	247.798193379266	107
0	218	248.346652320726	108
0	220	253.018143151318	109
0	222	253.187988624842	110
0	224	255.107115741478	111
0	226	256.891558464021	112
0	228	257.089795898403	113
0	230	258.073633175047	114
0	232	259.929190281401	115
0	234	262.107548526969	116
0	236	262.808106187602	117
0	238	274.360394578583	118
0	240	283.271707627382	119
0	242	286.595736143885	120
0	244	287.339962842584	121
0	246	288.344782889444	122
0	248	290.627100297051	123
0	250	292.071712002988	124
0	252	292.67591044867	125
0	254	293.591237583727	126
0	256	293.974075397001	127
0	258	294.407865601158	128
0	260	295.840125362219	129
0	262	296.526814509028	130
0	264	305.080114797472	131
0	266	305.082958558648	132
0	268	313.101010773414	133
0	270	314.274606762299	134
0	272	314.588891385003	135
0	274	315.112423009764	136
0	276	316.202204350574	137
0	278	317.359892748959	138
0	280	317.653215085909	139
0	282	318.096698978253	140
0	284	323.443309673248	141
0	286	324.355355592753	142
0	288	326.370262146953	143
0	290	326.532950509026	144
0	292	333.307499956699	145
0	294	334.632186995282	146
0	296	335.279205402655	147
0	298	338.473506610509	148
0	300	343.186999910981	149
0	302	346.797847454107	150
0	304	349.36924780188	151
0	306	350.211709520404	152
0	308	351.271902436948	153
0	310	353.351366248725	154
0	312	353.863864368541	155
0	314	360.900057020607	156
0	316	361.667208739936	157
0	318	362.908133999687	158
0	320	367.235080631082	159
0	322	367.692721035304	160
0	324	377.373833452184	161
0	326	381.835652587646	162
0	328	384.129035327444	163
0	330	389.409950426901	164
0	332	392.671930491496	165
0	334	393.025485799115	166
0	336	393.882465646874	167
0	338	394.19586059493	168
0	340	398.464842401851	169
0	342	400.268979138802	170
0	344	401.606899262339	171
0	346	402.788428860065	172
0	348	403.151400173589	173
0	350	403.699017640411	174
0	352	406.815358008034	175
0	354	408.26897391499	176
0	356	412.063804268449	177
0	358	412.210822630139	178
0	360	416.146684928343	179
0	362	417.679188026744	180
0	364	421.583673011306	181
0	366	425.505366635878	182
0	368	425.913826765722	183
0	370	427.998372804731	184
0	372	432.870940717831	185
0	374	437.403176756203	186
0	376	441.213083089495	187
0	378	441.590552571057	188
0	380	445.081357155038	189
0	382	445.155144217392	190
0	384	447.020414549405	191
0	386	447.604536685179	192
0	388	450.41773544756	193
0	390	450.84119636034	194
0	392	454.201279815716	195
0	394	456.701835195411	196
0	396	461.238114099408	197
0	398	467.236220833922	198
0	400	467.427550451425	199
0	402	467.46349879781	200
0	404	469.32193297915	201
0	406	471.527083305146	202
0	408	474.278427074253	203
0	410	479.632875439817	204
0	412	479.873928454483	205
0	414	481.569869462433	206
0	416	484.716598139049	207
0	418	485.401423010561	208
0	420	487.626906238008	209
0	422	488.09845494829	210
0	424	488.136891276086	211
0	426	491.961017069288	212
0	428	495.542762072141	213
0	430	496.956929834844	214
0	432	499.547438759636	215
0	434	499.88998850251	216
0	436	501.11073513797	217
0	438	501.29966020902	218
0	440	510.752266737492	219
0	442	514.151940727099	220
0	444	514.648259058039	221
0	446	516.456550982709	222
0	448	517.292367871074	223
0	450	520.169331068367	224
0	452	521.68269469522	225
0	454	524.188048976874	226
0	456	528.742800167489	227
0	458	529.558292885226	228
0	460	530.083432019443	229
0	462	531.407482123295	230
0	464	531.782416721806	231
0	466	533.55940287709	232
0	468	536.716751950923	233
0	470	537.361357849091	234
0	472	541.319645657959	235
0	474	542.103638344047	236
0	476	543.193951795298	237
0	478	544.668768826397	238
0	480	548.428363527046	239
0	482	550.012317906795	240
0	484	550.718179656004	241
0	486	554.560339370676	242
0	488	556.244405907199	243
0	490	562.619677744788	244
0	492	564.720966783618	245
0	494	564.734167856418	246
0	496	568.62655328681	247
0	498	570.778555433377	248
0	500	571.953224907228	249
0	502	581.883377667822	250
0	504	583.353136529125	251
0	506	584.071225796187	252
0	508	584.590791853778	253
0	510	585.944074791755	254
0	512	589.43363584041	255
0	514	589.540620641335	256
0	516	591.294565970527	257
0	518	594.489820572671	258
0	520	594.631604438629	259
0	522	595.528685056635	260
0	524	597.194957353319	261
1	84	100.5070240344	0.21346067323281
1	86	100.720484707633	1.1150974890245
1	88	101.835582196658	1.012416360511
1	90	102.847998557169	2.022221166573
1	92	104.870219723742	11.719793278766
1	94	116.590013002508	0.81374740715975
1	96	117.403760409668	2.6333644437807
1	98	120.037124853449	4.7089401894642
1	100	124.746065042913	4.3453677122041
1	102	129.091432755117	6.2691570668021
1	104	135.360589821919	0.1798490386977
1	106	135.540438860617	0.091737064414076
1	108	135.632175925031	0.57453235100619
1	110	136.206708276037	0.94004153163099
1	112	137.146749807668	4.8038590283565
1	114	141.950608836025	0.98940166467349
1	116	142.940010500698	3.2461727566521
1	118	146.18618325735	2.3675236410495
1	120	148.5537068984	1.9331645529826
1	122	150.486871451383	0.1883611378005
1	124	150.675232589184	8.8133041036418
1	126	159.488536692826	0.61646040599323
1	128	160.104997098819	0.27229277837888
1	130	160.377289877198	6.0829451111619
1	132	166.46023498836	3.1501175091711
1	134	169.610352497531	0.70223125710421
1	136	170.312583754635	0.87760205935542
1	138	171.19018581399	5.0280314455253
1	140	176.218217259515	2.0427400197445
1	142	178.260957279259	0.82478423418216
1	144	179.085741513441	0.21434844274315
1	146	179.300089956184	0.64675836052237
1	148	179.946848316706	2.3407967133935
1	150	182.2876450301	0.49071246200158
1	152	182.778357492102	0.016928223707039
1	154	182.795285715809	0.35422057872726
1	156	183.149506294536	2.0722355744146
1	158	185.221741868951	1.5837485513597
1	160	186.805490420311	5.2080799341008
1	162	192.013570354412	3.1485633232142
1	164	195.162133677626	1.162951834467
1	166	196.325085512093	3.5091911523429
1	168	199.834276664436	5.7181355297571
1	170	205.552412194193	0.88984072480261
1	172	206.442252918996	4.5570446818905
1	174	210.999297600886	2.8498439434632
1	176	213.849141544349	3.1869474693907
1	178	217.03608901374	7.1873293392307
1	180	224.223418352971	1.5190794623897
1	182	225.742497815361	1.8108562721052
1	184	227.553354087466	1.432124664136
1	186	228.985478751602	1.3047557998199
1	188	230.290234551422	0.36478147014047
1	190	230.655016021562	1.9969144488077
1	192	232.65193047037	0.3666844840457
1	194	233.018614954416	3.5452641575557
1	196	236.563879111972	0.42523984956585
1	198	236.989118961538	1.3712916010809
1	200	238.360410562619	0.34985804615885
1	202	238.710268608778	2.9840772123397
1	204	241.694345821118	2.1617770090335
1	206	243.856122830151	2.8809527535608
1	208	246.737075583712	0.24440365484943
1	210	246.981479238561	0.41649952498977
1	212	247.397978763551	0.36692142995728
1	214	247.764900193508	0.033293185757514
1	216	247.798193379266	0.54845894145971
1	218	248.346652320726	4.6714908305925
1	220	253.018143151318	0.1698454735241
1	222	253.187988624842	1.9191271166357
1	224	255.107115741478	1.7844427225427
1	226	256.891558464021	0.19823743438161
1	228	257.089795898403	0.98383727664413
1	230	258.073633175047	1.8555571063537
1	232	259.929190281401	2.1783582455682
1	234	262.107548526969	0.70055766063271
1	236	262.808106187602	11.552288390981
1	238	274.360394578583	8.9113130487993
1	240	283.271707627382	3.3240285165029
1	242	286.595736143885	0.74422669869872
1	244	287.339962842584	1.0048200468597
1	246	288.344782889444	2.2823174076069
1	248	290.627100297051	1.4446117059369
1	250	292.071712002988	0.60419844568209
1	252	292.67591044867	0.91532713505734
1	254	293.591237583727	0.38283781327355
1	256	293.974075397001	0.43379020415696
1	258	294.407865601158	1.4322597610605
1	260	295.840125362219	0.68668914680856
1	262	296.526814509028	8.5533002884441
1	264	305.080114797472	0.0028437611758507
1	266	305.082958558648	8.0180522147664
1	268	313.101010773414	1.1735959888847
1	270	314.274606762299	0.31428462270353
1	272	314.588891385003	0.52353162476068
1	274	315.112423009764	1.08978134081
1	276	316.202204350574	1.1576883983855
1	278	317.359892748959	0.29332233695045
1	280	317.653215085909	0.44348389234444
1	282	318.096698978253	5.3466106949949
1	284	323.443309673248	0.91204591950494
1	286	324.355355592753	2.0149065541999
1	288	326.370262146953	0.16268836207267
1	290	326.532950509026	6.7745494476731
1	292	333.307499956699	1.3246870385827
1	294	334.632186995282	0.64701840737347
1	296	335.279205402655	3.1943012078538
1	298	338.473506610509	4.7134933004724
1	300	343.186999910981	3.610847543126
1	302	346.797847454107	2.5714003477734
1	304	349.36924780188	0.84246171852426
1	306	350.211709520404	1.060192916544
1	308	351.271902436948	2.0794638117767
1	310	353.351366248725	0.51249811981587
1	312	353.863864368541	7.0361926520663
1	314	360.900057020607	0.76715171932895
1	316	361.667208739936	1.2409252597505
1	318	362.908133999687	4.3269466313948
1	320	367.235080631082	0.45764040422212
1	322	367.692721035304	9.6811124168795
1	324	377.373833452184	4.4618191354616
1	326	381.835652587646	2.2933827397981
1	328	384.129035327444	5.2809150994568
1	330	389.409950426901	3.2619800645955
1	332	392.671930491496	0.35355530761938
1	334	393.025485799115	0.85697984775865
1	336	393.882465646874	0.31339494805584
1	338	394.19586059493	4.2689818069206
1	340	398.464842401851	1.8041367369506
1	342	400.268979138802	1.3379201235373
1	344	401.606899262339	1.1815295977259
1	346	402.788428860065	0.36297131352387
1	348	403.151400173589	0.54761746682188
1	350	403.699017640411	3.1163403676233
1	352	406.815358008034	1.4536159069565
1	354	408.26897391499	3.7948303534592
1	356	412.063804268449	0.1470183616899
1	358	412.210822630139	3.9358622982042
1	360	416.146684928343	1.5325030984009
1	362	417.679188026744	3.9044849845617
1	364	421.583673011306	3.9216936245715
1	366	425.505366635878	0.40846012984412
1	368	425.913826765722	2.0845460390093
1	370	427.998372804731	4.8725679130996
1	372	432.870940717831	4.532236038372
1	374	437.403176756203	3.8099063332917
1	376	441.213083089495	0.37746948156166
1	378	441.590552571057	3.4908045839814
1	380	445.081357155038	0.073787062353859
1	382	445.155144217392	1.8652703320132
1	384	447.020414549405	0.58412213577448
1	386	447.604536685179	2.8131987623813
1	388	450.41773544756	0.42346091278031
1	390	450.84119636034	3.360083455376
1	392	454.201279815716	2.500555379695
1	394	456.701835195411	4.5362789039971
1	396	461.238114099408	5.9981067345137
1	398	467.236220833922	0.19132961750293
1	400	467.427550451425	0.035948346385077
1	402	467.46349879781	1.8584341813403
1	404	469.32193297915	2.2051503259959
1	406	471.527083305146	2.7513437691074
1	408	474.278427074253	5.3544483655644
1	410	479.632875439817	0.24105301466603
1	412	479.873928454483	1.6959410079503
1	414	481.569869462433	3.146728676616
1	416	484.716598139049	0.68482487151182
1	418	485.401423010561	2.2254832274466
1	420	487.626906238008	0.47154871028241
1	422	488.09845494829	0.038436327795606
1	424	488.136891276086	3.8241257932022
1	426	491.961017069288	3.5817450028534
1	428	495.542762072141	1.4141677627031
1	430	496.956929834844	2.590508924792
1	432	499.547438759636	0.34254974287441
1	434	499.88998850251	1.2207466354599
1	436	501.11073513797	0.18892507105008
1	438	501.29966020902	9.4526065284724
1	440	510.752266737492	3.399673989607
1	442	514.151940727099	0.49631833094025
1	444	514.648259058039	1.8082919246695
1	446	516.456550982709	0.83581688836516
1	448	517.292367871074	2.8769631972929
1	450	520.169331068367	1.5133636268534
1	452	521.68269469522	2.5053542816538
1	454	524.188048976874	4.5547511906148
1	456	528.742800167489	0.81549271773708
1	458	529.558292885226	0.52513913421738
1	460	530.083432019443	1.3240501038518
1	462	531.407482123295	0.37493459851146
1	464	531.782416721806	1.7769861552841
1	466	533.55940287709	3.1573490738327
1	468	536.716751950923	0.6446058981676
1	470	537.361357849091	3.958287808868
1	472	541.319645657959	0.78399268608845
1	474	542.103638344047	1.0903134512515
1	476	543.193951795298	1.4748170310987
1	478	544.668768826397	3.7595947006487
1	480	548.428363527046	1.5839543797488
1	482	550.012317906795	0.70586174920895
1	484	550.718179656004	3.842159714672
1	486	554.560339370676	1.6840665365231
1	488	556.244405907199	6.3752718375893
1	490	562.619677744788	2.1012890388302
1	492	564.720966783618	0.01320107280017
1	494	564.734167856418	3.8923854303918
1	496	568.62655328681	2.1520021465671
1	498	570.778555433377	1.1746694738508
1	500	571.953224907228	9.9301527605941
1	502	581.883377667822	1.4697588613026
1	504	583.353136529125	0.71808926706169
1	506	584.071225796187	0.51956605759071
1	508	584.590791853778	1.3532829379767
1	510	585.944074791755	3.4895610486554
1	512	589.43363584041	0.10698480092463
1	514	589.540620641335	1.7539453291921
1	516	591.294565970527	3.1952546021445
1	518	594.489820572671	0.14178386595781
1	520	594.631604438629	0.89708061800607
1	522	595.528685056635	1.6662722966837
1	524	597.194957353319	3.5082940268512
2	85	100.5070240344	40
2	87	100.720484707633	41
2	89	101.835582196658	42
2	91	102.847998557169	43
2	93	104.870219723742	44
2	95	116.590013002508	45
2	97	117.403760409668	46
2	99	120.037124853449	47
2	101	124.746065042913	48
2	103	129.091432755117	49
2	105	135.360589821919	50
2	107	135.540438860617	51
2	109	135.632175925031	52
2	111	136.206708276037	53
2	113	137.146749807668	54
2	115	141.950608836025	55
2	117	142.940010500698	56
2	119	146.18618325735	57
2	121	148.5537068984	58
2	123	150.486871451383	59
2	125	150.675232589184	60
2	127	159.488536692826	61
2	129	160.104997098819	62
2	131	160.377289877198	63
2	133	166.46023498836	64
2	135	169.610352497531	65
2	137	170.312583754635	66
2	139	171.19018581399	67
2	141	176.218217259515	68
2	143	178.260957279259	69
2	145	179.085741513441	70
2	147	179.300089956184	71
2	149	179.946848316706	72
2	151	182.2876450301	73
2	153	182.778357492102	74
2	155	182.795285715809	75
2	157	183.149506294536	76
2	159	185.221741868951	77
2	161	186.805490420311	78
2	163	192.013570354412	79
2	165	195.162133677626	80
2	167	196.325085512093	81
2	169	199.834276664436	82
2	171	205.552412194193	83
2	173	206.442252918996	84
2	175	210.999297600886	85
2	177	213.849141544349	86
2	179	217.03608901374	87
2	181	224.223418352971	88
2	183	225.742497815361	89
2	185	227.553354087466	90
2	187	228.985478751602	91
2	189	230.290234551422	92
2	191	230.655016021562	93
2	193	232.65193047037	94
2	195	233.018614954416	95
2	197	236.563879111972	96
2	199	236.989118961538	97
2	201	238.360410562619	98
2	203	238.710268608778	99
2	205	241.694345821118	100
2	207	243.856122830151	101
2	209	246.737075583712	102
2	211	246.981479238561	103
2	213	247.397978763551	104
2	215	247.764900193508	105
2	217	247.798193379266	106
2	219	248.346652320726	107
2	221	253.018143151318	108
2	223	253.187988624842	109
2	225	255.107115741478	110
2	227	256.891558464021	111
2	229	257.089795898403	112
2	231	258.073633175047	113
2	233	259.929190281401	114
2	235	262.107548526969	115
2	237	262.808106187602	116
2	239	274.360394578583	117
2	241	283.271707627382	118
2	243	286.595736143885	119
2	245	287.339962842584	120
2	247	288.344782889444	121
2	249	290.627100297051	122
2	251	292.071712002988	123
2	253	292.67591044867	124
2	255	293.591237583727	125
2	257	293.974075397001	126
2	259	294.407865601158	127
2	261	295.840125362219	128
2	263	296.526814509028	129
2	265	305.080114797472	130
2	267	305.082958558648	131
2	269	313.101010773414	132
2	271	314.274606762299	133
2	273	314.588891385003	134
2	275	315.112423009764	135
2	277	316.202204350574	136
2	279	317.359892748959	137
2	281	317.653215085909	138
2	283	318.096698978253	139
2	285	323.443309673248	140
2	287	324.355355592753	141
2	289	326.370262146953	142
2	291	326.532950509026	143
2	293	333.307499956699	144
2	295	334.632186995282	145
2	297	335.279205402655	146
2	299	338.473506610509	147
2	301	343.186999910981	148
2	303	346.797847454107	149
2	305	349.36924780188	150
2	307	350.211709520404	151
2	309	351.271902436948	152
2	311	353.351366248725	153
2	313	353.863864368541	154
2	315	360.900057020607	155
2	317	361.667208739936	156
2	319	362.908133999687	157
2	321	367.235080631082	158
2	323	367.692721035304	159
2	325	377.373833452184	160
2	327	381.835652587646	161
2	329	384.129035327444	162
2	331	389.409950426901	163
2	333	392.671930491496	164
2	335	393.025485799115	165
2	337	393.882465646874	166
2	339	394.19586059493	167
2	341	398.464842401851	168
2	343	400.268979138802	169
2	345	401.606899262339	170
2	347	402.788428860065	171
2	349	403.151400173589	172
2	351	403.699017640411	173
2	353	406.815358008034	174
2	355	408.26897391499	175
2	357	412.063804268449	176
2	359	412.210822630139	177
2	361	416.146684928343	178
2	363	417.679188026744	179
2	365	421.583673011306	180
2	367	425.505366635878	181
2	369	425.913826765722	182
2	371	427.998372804731	183
2	373	432.870940717831	184
2	375	437.403176756203	185
2	377	441.213083089495	186
2	379	441.590552571057	187
2	381	445.081357155038	188
2	383	445.155144217392	189
2	385	447.020414549405	190
2	387	447.604536685179	191
2	389	450.41773544756	192
2	391	450.84119636034	193
2	393	454.201279815716	194
2	395	456.701835195411	195
2	397	461.238114099408	196
2	399	467.236220833922	197
2	401	467.427550451425	198
2	403	467.46349879781	199
2	405	469.32193297915	200
2	407	471.527083305146	201
2	409	474.278427074253	202
2	411	479.632875439817	203
2	413	479.873928454483	204
2	415	481.569869462433	205
2	417	484.716598139049	206
2	419	485.401423010561	207
2	421	487.626906238008	208
2	423	488.09845494829	209
2	425	488.136891276086	210
2	427	491.961017069288	211
2	429	495.542762072141	212
2	431	496.956929834844	213
2	433	499.547438759636	214
2	435	499.88998850251	215
2	437	501.11073513797	216
2	439	501.29966020902	217
2	441	510.752266737492	218
2	443	514.151940727099	219
2	445	514.648259058039	220
2	447	516.456550982709	221
2	449	517.292367871074	222
2	451	520.169331068367	223
2	453	521.68269469522	224
2	455	524.188048976874	225
2	457	528.742800167489	226
2	459	529.558292885226	227
2	461	530.083432019443	228
2	463	531.407482123295	229
2	465	531.782416721806	230
2	467	533.55940287709	231
2	469	536.716751950923	232
2	471	537.361357849091	233
2	473	541.319645657959	234
2	475	542.103638344047	235
2	477	543.193951795298	236
2	479	544.668768826397	237
2	481	548.428363527046	238
2	483	550.012317906795	239
2	485	550.718179656004	240
2	487	554.560339370676	241
2	489	556.244405907199	242
2	491	562.619677744788	243
2	493	564.720966783618	244
2	495	564.734167856418	245
2	497	568.62655328681	246
2	499	570.778555433377	247
2	501	571.953224907228	248
2	503	581.883377667822	249
2	505	583.353136529125	250
2	507	584.071225796187	251
2	509	584.590791853778	252
2	511	585.944074791755	253
2	513	589.43363584041	254
2	515	589.540620641335	255
2	517	591.294565970527	256
2	519	594.489820572671	257
2	521	594.631604438629	258
2	523	595.528685056635	259
2	525	597.194957353319	260
4	526	600	1.0003965210885
5	85	100.5070240344	41
5	87	100.720484707633	42
5	89	101.835582196658	43
5	91	102.847998557169	44
5	93	104.870219723742	45
5	95	116.590013002508	46
5	97	117.403760409668	47
5	99	120.037124853449	48
5	101	124.746065042913	49
5	103	129.091432755117	50
5	105	135.360589821919	51
5	107	135.540438860617	52
5	109	135.632175925031	53
5	111	136.206708276037	54
5	113	137.146749807668	55
5	115	141.950608836025	56
5	117	142.940010500698	57
5	119	146.18618325735	58
5	121	148.5537068984	59
5	123	150.486871451383	60
5	125	150.675232589184	61
5	127	159.488536692826	62
5	129	160.104997098819	63
5	131	160.377289877198	64
5	133	166.46023498836	65
5	135	169.610352497531	66
5	137	170.312583754635	67
5	139	171.19018581399	68
5	141	176.218217259515	69
5	143	178.260957279259	70
5	145	179.085741513441	71
5	147	179.300089956184	72
5	149	179.946848316706	73
5	151	182.2876450301	74
5	153	182.778357492102	75
5	155	182.795285715809	76
5	157	183.149506294536	77
5	159	185.221741868951	78
5	161	186.805490420311	79
5	163	192.013570354412	80
5	165	195.162133677626	81
5	167	196.325085512093	82
5	169	199.834276664436	83
5	171	205.552412194193	84
5	173	206.442252918996	85
5	175	210.999297600886	86
5	177	213.849141544349	87
5	179	217.03608901374	88
5	181	224.223418352971	89
5	183	225.742497815361	90
5	185	227.553354087466	91
5	187	228.985478751602	92
5	189	230.290234551422	93
5	191	230.655016021562	94
5	193	232.65193047037	95
5	195	233.018614954416	96
5	197	236.563879111972	97
5	199	236.989118961538	98
5	201	238.360410562619	99
5	203	238.710268608778	100
5	205	241.694345821118	101
5	207	243.856122830151	102
5	209	246.737075583712	103
5	211	246.981479238561	104
5	213	247.397978763551	105
5	215	247.764900193508	106
5	217	247.798193379266	107
5	219	248.346652320726	108
5	221	253.018143151318	109
5	223	253.187988624842	110
5	225	255.107115741478	111
5	227	256.891558464021	112
5	229	257.089795898403	113
5	231	258.073633175047	114
5	233	259.929190281401	115
5	235	262.107548526969	116
5	237	262.808106187602	117
5	239	274.360394578583	118
5	241	283.271707627382	119
5	243	286.595736143885	120
5	245	287.339962842584	121
5	247	288.344782889444	122
5	249	290.627100297051	123
5	251	292.071712002988	124
5	253	292.67591044867	125
5	255	293.591237583727	126
5	257	293.974075397001	127
5	259	294.407865601158	128
5	261	295.840125362219	129
5	263	296.526814509028	130
5	265	305.080114797472	131
5	267	305.082958558648	132
5	269	313.101010773414	133
5	271	314.274606762299	134
5	273	314.588891385003	135
5	275	315.112423009764	136
5	277	316.202204350574	137
5	279	317.359892748959	138
5	281	317.653215085909	139
5	283	318.096698978253	140
5	285	323.443309673248	141
5	287	324.355355592753	142
5	289	326.370262146953	143
5	291	326.532950509026	144
5	293	333.307499956699	145
5	295	334.632186995282	146
5	297	335.279205402655	147
5	299	338.473506610509	148
5	301	343.186999910981	149
5	303	346.797847454107	150
5	305	349.36924780188	151
5	307	350.211709520404	152
5	309	351.271902436948	153
5	311	353.351366248725	154
5	313	353.863864368541	155
5	315	360.900057020607	156
5	317	361.667208739936	157
5	319	362.908133999687	158
5	321	367.235080631082	159
5	323	367.692721035304	160
5	325	377.373833452184	161
5	327	381.835652587646	162
5	329	384.129035327444	163
5	331	389.409950426901	164
5	333	392.671930491496	165
5	335	393.025485799115	166
5	337	393.882465646874	167
5	339	394.19586059493	168
5	341	398.464842401851	169
5	343	400.268979138802	170
5	345	401.606899262339	171
5	347	402.788428860065	172
5	349	403.151400173589	173
5	351	403.699017640411	174
5	353	406.815358008034	175
5	355	408.26897391499	176
5	357	412.063804268449	177
5	359	412.210822630139	178
5	361	416.146684928343	179
5	363	417.679188026744	180
5	365	421.583673011306	181
5	367	425.505366635878	182
5	369	425.913826765722	183
5	371	427.998372804731	184
5	373	432.870940717831	185
5	375	437.403176756203	186
5	377	441.213083089495	187
5	379	441.590552571057	188
5	381	445.081357155038	189
5	383	445.155144217392	190
5	385	447.020414549405	191
5	387	447.604536685179	192
5	389	450.41773544756	193
5	391	450.84119636034	194
5	393	454.201279815716	195
5	395	456.701835195411	196
5	397	461.238114099408	197
5	399	467.236220833922	198
5	401	467.427550451425	199
5	403	467.46349879781	200
5	405	469.32193297915	201
5	407	471.527083305146	202
5	409	474.278427074253	203
5	411	479.632875439817	204
5	413	479.873928454483	205
5	415	481.569869462433	206
5	417	484.716598139049	207
5	419	485.401423010561	208
5	421	487.626906238008	209
5	423	488.09845494829	210
5	425	488.136891276086	211
5	427	491.961017069288	212
5	429	495.542762072141	213
5	431	496.956929834844	214
5	433	499.547438759636	215
5	435	499.88998850251	216
5	437	501.11073513797	217
5	439	501.29966020902	218
5	441	510.752266737492	219
5	443	514.151940727099	220
5	445	514.648259058039	221
5	447	516.456550982709	222
5	449	517.292367871074	223
5	451	520.169331068367	224
5	453	521.68269469522	225
5	455	524.188048976874	226
5	457	528.742800167489	227
5	459	529.558292885226	228
5	461	530.083432019443	229
5	463	531.407482123295	230
5	465	531.782416721806	231
5	467	533.55940287709	232
5	469	536.716751950923	233
5	471	537.361357849091	234
5	473	541.319645657959	235
5	475	542.103638344047	236
5	477	543.193951795298	237
5	479	544.668768826397	238
5	481	548.428363527046	239
5	483	550.012317906795	240
5	485	550.718179656004	241
5	487	554.560339370676	242
5	489	556.244405907199	243
5	491	562.619677744788	244
5	493	564.720966783618	245
5	495	564.734167856418	246
5	497	568.62655328681	247
5	499	570.778555433377	248
5	501	571.953224907228	249
5	503	581.883377667822	250
5	505	583.353136529125	251
5	507	584.071225796187	252
5	509	584.590791853778	253
5	511	585.944074791755	254
5	513	589.43363584041	255
5	515	589.540620641335	256
5	517	591.294565970527	257
5	519	594.489820572671	258
5	521	594.631604438629	259
5	523	595.528685056635	260
5	525	597.194957353319	261

