version 3
run ParameterStudy-165-20251130-20:03:58-476
attr configname ParameterStudy
attr datetime 20251130-20:03:58
attr datetimef 20251130-200358
attr experiment ParameterStudy
attr inifile omnetpp.ini
attr iterationvars $betaProducer=4.3s
attr iterationvarsd betaProducer=4.3s
attr iterationvarsf betaProducer=4.3s-
attr measurement $betaProducer=4.3s
attr network queue_sim
attr processid 476
attr repetition 0
attr replication #0
attr resultdir results
attr runnumber 165
attr seedset 165
itervar betaProducer 4.3s
config description "Parameter study: β_producer = 1s to 10s (0.1s steps), β_service = 1s, 5 repetitions"
config *.serviceUnit.meanServiceTime 1s
config *.producer.warmupPeriod 100s
config *.queue.warmupPeriod 100s
config *.serviceUnit.warmupPeriod 100s
config *.sink.warmupPeriod 100s
config *.producer.meanInterArrivalTime 4.3s
config network queue_sim
config sim-time-limit 600s
config warmup-period 100s
config repeat 5
config **.vector-recording true
config **.scalar-recording true
config debug-on-errors true

vector 0 queue_sim.producer jobGenerated:vector ETV
attr recordingmode vector
attr title "Jobs Generated"
vector 1 queue_sim.producer interArrivalTime:vector ETV
attr recordingmode vector
attr title "Inter-arrival Time"
attr unit s
vector 2 queue_sim.queue queueLength:vector ETV
attr recordingmode vector
attr title "Queue Length"
vector 3 queue_sim.queue queueingDelay:vector ETV
attr recordingmode vector
attr title "Queueing Delay"
attr unit s
vector 4 queue_sim.queue queueUtilization:vector ETV
attr recordingmode vector
attr title "Queue Utilization"
vector 5 queue_sim.queue systemSize:vector ETV
attr recordingmode vector
attr title "System Size"
vector 6 queue_sim.serviceUnit serviceTime:vector ETV
attr recordingmode vector
attr title "Service Time"
attr unit s
vector 7 queue_sim.serviceUnit utilization:vector ETV
attr recordingmode vector
attr title "Server Utilization"
vector 8 queue_sim.sink jobCompleted:vector ETV
attr recordingmode vector
attr title "Jobs Completed"
vector 9 queue_sim.sink totalDelay:vector ETV
attr recordingmode vector
attr title "Total System Delay"
attr unit s
0	44	103.199039057928	21
0	46	103.774592262682	22
0	48	104.941126132648	23
0	50	109.068205808347	24
0	52	109.993464358804	25
0	54	114.303337079442	26
0	56	124.036244785789	27
0	58	127.161126757674	28
0	60	136.241554068836	29
0	62	144.103253846532	30
0	64	148.672574828688	31
0	66	156.845189344186	32
0	68	162.200114890053	33
0	70	162.5151748617	34
0	72	177.548056865099	35
0	74	180.138479918316	36
0	76	186.28254128337	37
0	78	189.2777243797	38
0	80	190.119394095318	39
0	82	198.279415954377	40
0	84	202.767781178457	41
0	86	203.485127015463	42
0	88	204.376119050058	43
0	90	206.405626136018	44
0	92	211.916526121955	45
0	94	214.817733231381	46
0	96	220.845976741908	47
0	98	222.083378934827	48
0	100	226.438130452358	49
0	102	233.553651196845	50
0	104	235.589539631056	51
0	106	235.729025359561	52
0	108	238.016383449831	53
0	110	238.880845936136	54
0	112	239.412366154017	55
0	114	242.162045666379	56
0	116	243.307744193991	57
0	118	255.287502367882	58
0	120	257.353051134615	59
0	122	257.804082559685	60
0	124	262.265400281753	61
0	126	263.487262197382	62
0	128	263.836102525079	63
0	130	266.092596035155	64
0	132	267.173803088979	65
0	134	271.215381045065	66
0	136	273.519717016185	67
0	138	276.853734711824	68
0	140	279.227277195036	69
0	142	284.505130163747	70
0	144	287.851024404548	71
0	146	293.994689930717	72
0	148	308.58905984388	73
0	150	309.088118971776	74
0	152	310.209539585942	75
0	154	317.036756987736	76
0	156	317.342144192645	77
0	158	317.905462305718	78
0	160	319.562872730695	79
0	162	321.228622858326	80
0	164	322.743830795842	81
0	166	330.823763243764	82
0	168	331.801100643145	83
0	170	334.46935973087	84
0	172	343.939489121357	85
0	174	345.373416425877	86
0	176	345.644663611811	87
0	178	350.383232558277	88
0	180	351.353565184765	89
0	182	354.614077649232	90
0	184	358.36921268668	91
0	186	363.197054017069	92
0	188	367.953494873268	93
0	190	368.773736116002	94
0	192	383.390736252792	95
0	194	386.158268446142	96
0	196	392.753891879227	97
0	198	392.90280530564	98
0	200	407.931815542532	99
0	202	412.729263383097	100
0	204	413.698576207723	101
0	206	416.068288361607	102
0	208	418.296260091209	103
0	210	420.031999457239	104
0	212	422.208922101207	105
0	214	423.936897362101	106
0	216	441.790824032042	107
0	218	441.984390128421	108
0	220	447.672761681978	109
0	222	450.29713437099	110
0	224	450.333244336191	111
0	226	455.943126807474	112
0	228	457.385635900613	113
0	230	458.467847582528	114
0	232	462.656222661908	115
0	234	463.865755633241	116
0	236	463.889164348009	117
0	238	466.096130325187	118
0	240	471.673636680416	119
0	242	476.472722188413	120
0	244	480.799805702146	121
0	246	484.471166988048	122
0	248	484.967596197222	123
0	250	489.8521167079	124
0	252	491.82625352559	125
0	254	495.007919629136	126
0	256	496.813574926205	127
0	258	498.558919853188	128
0	260	501.355646097579	129
0	262	508.425095572659	130
0	264	511.662008334603	131
0	266	516.553115255774	132
0	268	517.827859812588	133
0	270	528.584611003327	134
0	272	530.983146092771	135
0	274	532.421257884879	136
0	276	532.514204189413	137
0	278	534.391365010969	138
0	280	535.120499899793	139
0	282	538.814074140599	140
0	284	542.935797158466	141
0	286	543.031639623292	142
0	288	546.692559687897	143
0	290	551.959310009727	144
0	292	552.716894333486	145
0	294	553.935254054349	146
0	296	557.579773703875	147
0	298	561.577914182125	148
0	300	567.189913273378	149
0	302	573.638705018468	150
0	304	576.31619285981	151
0	306	583.186999505826	152
0	308	583.457179791423	153
0	310	589.15203415702	154
0	312	589.516874956453	155
0	314	592.548118129023	156
0	316	594.403533911133	157
0	318	594.530173599705	158
0	320	597.873735567008	159
1	44	103.199039057928	0.57555320475368
1	46	103.774592262682	1.1665338699657
1	48	104.941126132648	4.1270796756987
1	50	109.068205808347	0.92525855045745
1	52	109.993464358804	4.309872720638
1	54	114.303337079442	9.7329077063468
1	56	124.036244785789	3.1248819718847
1	58	127.161126757674	9.080427311162
1	60	136.241554068836	7.8616997776965
1	62	144.103253846532	4.5693209821564
1	64	148.672574828688	8.1726145154984
1	66	156.845189344186	5.3549255458671
1	68	162.200114890053	0.31505997164679
1	70	162.5151748617	15.032882003399
1	72	177.548056865099	2.5904230532167
1	74	180.138479918316	6.1440613650543
1	76	186.28254128337	2.9951830963295
1	78	189.2777243797	0.84166971561824
1	80	190.119394095318	8.1600218590587
1	82	198.279415954377	4.4883652240802
1	84	202.767781178457	0.71734583700619
1	86	203.485127015463	0.89099203459541
1	88	204.376119050058	2.0295070859604
1	90	206.405626136018	5.5108999859368
1	92	211.916526121955	2.901207109426
1	94	214.817733231381	6.0282435105274
1	96	220.845976741908	1.2374021929194
1	98	222.083378934827	4.3547515175312
1	100	226.438130452358	7.1155207444866
1	102	233.553651196845	2.0358884342112
1	104	235.589539631056	0.13948572850476
1	106	235.729025359561	2.2873580902697
1	108	238.016383449831	0.86446248630501
1	110	238.880845936136	0.53152021788107
1	112	239.412366154017	2.7496795123619
1	114	242.162045666379	1.1456985276123
1	116	243.307744193991	11.979758173891
1	118	255.287502367882	2.0655487667325
1	120	257.353051134615	0.45103142507018
1	122	257.804082559685	4.4613177220681
1	124	262.265400281753	1.221861915629
1	126	263.487262197382	0.34884032769748
1	128	263.836102525079	2.2564935100762
1	130	266.092596035155	1.0812070538242
1	132	267.173803088979	4.0415779560862
1	134	271.215381045065	2.3043359711199
1	136	273.519717016185	3.3340176956392
1	138	276.853734711824	2.3735424832121
1	140	279.227277195036	5.277852968711
1	142	284.505130163747	3.3458942408013
1	144	287.851024404548	6.1436655261687
1	146	293.994689930717	14.594369913163
1	148	308.58905984388	0.49905912789564
1	150	309.088118971776	1.1214206141664
1	152	310.209539585942	6.8272174017936
1	154	317.036756987736	0.30538720490948
1	156	317.342144192645	0.56331811307281
1	158	317.905462305718	1.6574104249769
1	160	319.562872730695	1.6657501276306
1	162	321.228622858326	1.5152079375156
1	164	322.743830795842	8.0799324479224
1	166	330.823763243764	0.9773373993812
1	168	331.801100643145	2.6682590877254
1	170	334.46935973087	9.4701293904871
1	172	343.939489121357	1.4339273045198
1	174	345.373416425877	0.27124718593422
1	176	345.644663611811	4.7385689464663
1	178	350.383232558277	0.97033262648769
1	180	351.353565184765	3.2605124644674
1	182	354.614077649232	3.7551350374483
1	184	358.36921268668	4.8278413303887
1	186	363.197054017069	4.7564408561989
1	188	367.953494873268	0.8202412427335
1	190	368.773736116002	14.61700013679
1	192	383.390736252792	2.7675321933502
1	194	386.158268446142	6.595623433085
1	196	392.753891879227	0.14891342641293
1	198	392.90280530564	15.029010236892
1	200	407.931815542532	4.7974478405654
1	202	412.729263383097	0.96931282462639
1	204	413.698576207723	2.3697121538838
1	206	416.068288361607	2.2279717296015
1	208	418.296260091209	1.7357393660299
1	210	420.031999457239	2.1769226439679
1	212	422.208922101207	1.7279752608937
1	214	423.936897362101	17.853926669941
1	216	441.790824032042	0.19356609637866
1	218	441.984390128421	5.6883715535569
1	220	447.672761681978	2.6243726890116
1	222	450.29713437099	0.03610996520111
1	224	450.333244336191	5.6098824712832
1	226	455.943126807474	1.4425090931386
1	228	457.385635900613	1.0822116819147
1	230	458.467847582528	4.1883750793804
1	232	462.656222661908	1.2095329713325
1	234	463.865755633241	0.02340871476836
1	236	463.889164348009	2.2069659771777
1	238	466.096130325187	5.5775063552288
1	240	471.673636680416	4.7990855079972
1	242	476.472722188413	4.3270835137326
1	244	480.799805702146	3.6713612859015
1	246	484.471166988048	0.49642920917396
1	248	484.967596197222	4.8845205106781
1	250	489.8521167079	1.9741368176895
1	252	491.82625352559	3.181666103546
1	254	495.007919629136	1.8056552970695
1	256	496.813574926205	1.7453449269827
1	258	498.558919853188	2.7967262443905
1	260	501.355646097579	7.06944947508
1	262	508.425095572659	3.2369127619439
1	264	511.662008334603	4.8911069211709
1	266	516.553115255774	1.2747445568136
1	268	517.827859812588	10.756751190739
1	270	528.584611003327	2.3985350894442
1	272	530.983146092771	1.4381117921078
1	274	532.421257884879	0.092946304533979
1	276	532.514204189413	1.8771608215565
1	278	534.391365010969	0.72913488882378
1	280	535.120499899793	3.6935742408059
1	282	538.814074140599	4.1217230178669
1	284	542.935797158466	0.095842464826414
1	286	543.031639623292	3.6609200646051
1	288	546.692559687897	5.2667503218295
1	290	551.959310009727	0.75758432375903
1	292	552.716894333486	1.2183597208635
1	294	553.935254054349	3.6445196495257
1	296	557.579773703875	3.99814047825
1	298	561.577914182125	5.6119990912531
1	300	567.189913273378	6.4487917450901
1	302	573.638705018468	2.6774878413419
1	304	576.31619285981	6.8708066460164
1	306	583.186999505826	0.27018028559674
1	308	583.457179791423	5.6948543655974
1	310	589.15203415702	0.36484079943333
1	312	589.516874956453	3.0312431725698
1	314	592.548118129023	1.8554157821102
1	316	594.403533911133	0.12663968857233
1	318	594.530173599705	3.3435619673032
1	320	597.873735567008	10.696342444338
2	45	103.199039057928	20
2	47	103.774592262682	21
2	49	104.941126132648	22
2	51	109.068205808347	23
2	53	109.993464358804	24
2	55	114.303337079442	25
2	57	124.036244785789	26
2	59	127.161126757674	27
2	61	136.241554068836	28
2	63	144.103253846532	29
2	65	148.672574828688	30
2	67	156.845189344186	31
2	69	162.200114890053	32
2	71	162.5151748617	33
2	73	177.548056865099	34
2	75	180.138479918316	35
2	77	186.28254128337	36
2	79	189.2777243797	37
2	81	190.119394095318	38
2	83	198.279415954377	39
2	85	202.767781178457	40
2	87	203.485127015463	41
2	89	204.376119050058	42
2	91	206.405626136018	43
2	93	211.916526121955	44
2	95	214.817733231381	45
2	97	220.845976741908	46
2	99	222.083378934827	47
2	101	226.438130452358	48
2	103	233.553651196845	49
2	105	235.589539631056	50
2	107	235.729025359561	51
2	109	238.016383449831	52
2	111	238.880845936136	53
2	113	239.412366154017	54
2	115	242.162045666379	55
2	117	243.307744193991	56
2	119	255.287502367882	57
2	121	257.353051134615	58
2	123	257.804082559685	59
2	125	262.265400281753	60
2	127	263.487262197382	61
2	129	263.836102525079	62
2	131	266.092596035155	63
2	133	267.173803088979	64
2	135	271.215381045065	65
2	137	273.519717016185	66
2	139	276.853734711824	67
2	141	279.227277195036	68
2	143	284.505130163747	69
2	145	287.851024404548	70
2	147	293.994689930717	71
2	149	308.58905984388	72
2	151	309.088118971776	73
2	153	310.209539585942	74
2	155	317.036756987736	75
2	157	317.342144192645	76
2	159	317.905462305718	77
2	161	319.562872730695	78
2	163	321.228622858326	79
2	165	322.743830795842	80
2	167	330.823763243764	81
2	169	331.801100643145	82
2	171	334.46935973087	83
2	173	343.939489121357	84
2	175	345.373416425877	85
2	177	345.644663611811	86
2	179	350.383232558277	87
2	181	351.353565184765	88
2	183	354.614077649232	89
2	185	358.36921268668	90
2	187	363.197054017069	91
2	189	367.953494873268	92
2	191	368.773736116002	93
2	193	383.390736252792	94
2	195	386.158268446142	95
2	197	392.753891879227	96
2	199	392.90280530564	97
2	201	407.931815542532	98
2	203	412.729263383097	99
2	205	413.698576207723	100
2	207	416.068288361607	101
2	209	418.296260091209	102
2	211	420.031999457239	103
2	213	422.208922101207	104
2	215	423.936897362101	105
2	217	441.790824032042	106
2	219	441.984390128421	107
2	221	447.672761681978	108
2	223	450.29713437099	109
2	225	450.333244336191	110
2	227	455.943126807474	111
2	229	457.385635900613	112
2	231	458.467847582528	113
2	233	462.656222661908	114
2	235	463.865755633241	115
2	237	463.889164348009	116
2	239	466.096130325187	117
2	241	471.673636680416	118
2	243	476.472722188413	119
2	245	480.799805702146	120
2	247	484.471166988048	121
2	249	484.967596197222	122
2	251	489.8521167079	123
2	253	491.82625352559	124
2	255	495.007919629136	125
2	257	496.813574926205	126
2	259	498.558919853188	127
2	261	501.355646097579	128
2	263	508.425095572659	129
2	265	511.662008334603	130
2	267	516.553115255774	131
2	269	517.827859812588	132
2	271	528.584611003327	133
2	273	530.983146092771	134
2	275	532.421257884879	135
2	277	532.514204189413	136
2	279	534.391365010969	137
2	281	535.120499899793	138
2	283	538.814074140599	139
2	285	542.935797158466	140
2	287	543.031639623292	141
2	289	546.692559687897	142
2	291	551.959310009727	143
2	293	552.716894333486	144
2	295	553.935254054349	145
2	297	557.579773703875	146
2	299	561.577914182125	147
2	301	567.189913273378	148
2	303	573.638705018468	149
2	305	576.31619285981	150
2	307	583.186999505826	151
2	309	583.457179791423	152
2	311	589.15203415702	153
2	313	589.516874956453	154
2	315	592.548118129023	155
2	317	594.403533911133	156
2	319	594.530173599705	157
2	321	597.873735567008	158
4	322	600	1.0074743335789
5	45	103.199039057928	21
5	47	103.774592262682	22
5	49	104.941126132648	23
5	51	109.068205808347	24
5	53	109.993464358804	25
5	55	114.303337079442	26
5	57	124.036244785789	27
5	59	127.161126757674	28
5	61	136.241554068836	29
5	63	144.103253846532	30
5	65	148.672574828688	31
5	67	156.845189344186	32
5	69	162.200114890053	33
5	71	162.5151748617	34
5	73	177.548056865099	35
5	75	180.138479918316	36
5	77	186.28254128337	37
5	79	189.2777243797	38
5	81	190.119394095318	39
5	83	198.279415954377	40
5	85	202.767781178457	41
5	87	203.485127015463	42
5	89	204.376119050058	43
5	91	206.405626136018	44
5	93	211.916526121955	45
5	95	214.817733231381	46
5	97	220.845976741908	47
5	99	222.083378934827	48
5	101	226.438130452358	49
5	103	233.553651196845	50
5	105	235.589539631056	51
5	107	235.729025359561	52
5	109	238.016383449831	53
5	111	238.880845936136	54
5	113	239.412366154017	55
5	115	242.162045666379	56
5	117	243.307744193991	57
5	119	255.287502367882	58
5	121	257.353051134615	59
5	123	257.804082559685	60
5	125	262.265400281753	61
5	127	263.487262197382	62
5	129	263.836102525079	63
5	131	266.092596035155	64
5	133	267.173803088979	65
5	135	271.215381045065	66
5	137	273.519717016185	67
5	139	276.853734711824	68
5	141	279.227277195036	69
5	143	284.505130163747	70
5	145	287.851024404548	71
5	147	293.994689930717	72
5	149	308.58905984388	73
5	151	309.088118971776	74
5	153	310.209539585942	75
5	155	317.036756987736	76
5	157	317.342144192645	77
5	159	317.905462305718	78
5	161	319.562872730695	79
5	163	321.228622858326	80
5	165	322.743830795842	81
5	167	330.823763243764	82
5	169	331.801100643145	83
5	171	334.46935973087	84
5	173	343.939489121357	85
5	175	345.373416425877	86
5	177	345.644663611811	87
5	179	350.383232558277	88
5	181	351.353565184765	89
5	183	354.614077649232	90
5	185	358.36921268668	91
5	187	363.197054017069	92
5	189	367.953494873268	93
5	191	368.773736116002	94
5	193	383.390736252792	95
5	195	386.158268446142	96
5	197	392.753891879227	97
5	199	392.90280530564	98
5	201	407.931815542532	99
5	203	412.729263383097	100
5	205	413.698576207723	101
5	207	416.068288361607	102
5	209	418.296260091209	103
5	211	420.031999457239	104
5	213	422.208922101207	105
5	215	423.936897362101	106
5	217	441.790824032042	107
5	219	441.984390128421	108
5	221	447.672761681978	109
5	223	450.29713437099	110
5	225	450.333244336191	111
5	227	455.943126807474	112
5	229	457.385635900613	113
5	231	458.467847582528	114
5	233	462.656222661908	115
5	235	463.865755633241	116
5	237	463.889164348009	117
5	239	466.096130325187	118
5	241	471.673636680416	119
5	243	476.472722188413	120
5	245	480.799805702146	121
5	247	484.471166988048	122
5	249	484.967596197222	123
5	251	489.8521167079	124
5	253	491.82625352559	125
5	255	495.007919629136	126
5	257	496.813574926205	127
5	259	498.558919853188	128
5	261	501.355646097579	129
5	263	508.425095572659	130
5	265	511.662008334603	131
5	267	516.553115255774	132
5	269	517.827859812588	133
5	271	528.584611003327	134
5	273	530.983146092771	135
5	275	532.421257884879	136
5	277	532.514204189413	137
5	279	534.391365010969	138
5	281	535.120499899793	139
5	283	538.814074140599	140
5	285	542.935797158466	141
5	287	543.031639623292	142
5	289	546.692559687897	143
5	291	551.959310009727	144
5	293	552.716894333486	145
5	295	553.935254054349	146
5	297	557.579773703875	147
5	299	561.577914182125	148
5	301	567.189913273378	149
5	303	573.638705018468	150
5	305	576.31619285981	151
5	307	583.186999505826	152
5	309	583.457179791423	153
5	311	589.15203415702	154
5	313	589.516874956453	155
5	315	592.548118129023	156
5	317	594.403533911133	157
5	319	594.530173599705	158
5	321	597.873735567008	159

