version 3
run ParameterStudy-264-20251130-20:03:59-476
attr configname ParameterStudy
attr datetime 20251130-20:03:59
attr datetimef 20251130-200359
attr experiment ParameterStudy
attr inifile omnetpp.ini
attr iterationvars $betaProducer=6.2s
attr iterationvarsd betaProducer=6.2s
attr iterationvarsf betaProducer=6.2s-
attr measurement $betaProducer=6.2s
attr network queue_sim
attr processid 476
attr repetition 4
attr replication #4
attr resultdir results
attr runnumber 264
attr seedset 264
itervar betaProducer 6.2s
config description "Parameter study: β_producer = 1s to 10s (0.1s steps), β_service = 1s, 5 repetitions"
config *.serviceUnit.meanServiceTime 1s
config *.producer.warmupPeriod 100s
config *.queue.warmupPeriod 100s
config *.serviceUnit.warmupPeriod 100s
config *.sink.warmupPeriod 100s
config *.producer.meanInterArrivalTime 6.2s
config network queue_sim
config sim-time-limit 600s
config warmup-period 100s
config repeat 5
config **.vector-recording true
config **.scalar-recording true
config debug-on-errors true

vector 0 queue_sim.producer jobGenerated:vector ETV
attr recordingmode vector
attr title "Jobs Generated"
vector 1 queue_sim.producer interArrivalTime:vector ETV
attr recordingmode vector
attr title "Inter-arrival Time"
attr unit s
vector 2 queue_sim.queue queueLength:vector ETV
attr recordingmode vector
attr title "Queue Length"
vector 3 queue_sim.queue queueingDelay:vector ETV
attr recordingmode vector
attr title "Queueing Delay"
attr unit s
vector 4 queue_sim.queue queueUtilization:vector ETV
attr recordingmode vector
attr title "Queue Utilization"
vector 5 queue_sim.queue systemSize:vector ETV
attr recordingmode vector
attr title "System Size"
vector 6 queue_sim.serviceUnit serviceTime:vector ETV
attr recordingmode vector
attr title "Service Time"
attr unit s
vector 7 queue_sim.serviceUnit utilization:vector ETV
attr recordingmode vector
attr title "Server Utilization"
vector 8 queue_sim.sink jobCompleted:vector ETV
attr recordingmode vector
attr title "Jobs Completed"
vector 9 queue_sim.sink totalDelay:vector ETV
attr recordingmode vector
attr title "Total System Delay"
attr unit s
0	38	100.05741194193	18
0	40	107.73181554747	19
0	42	117.022863874482	20
0	44	117.566202576329	21
0	46	118.715057875911	22
0	48	131.763531681443	23
0	50	147.607573994067	24
0	52	156.389323912235	25
0	54	167.570879452801	26
0	56	171.053048743956	27
0	58	176.310563142753	28
0	60	190.941792520071	29
0	62	193.050781010502	30
0	64	195.844386280759	31
0	66	196.486624596355	32
0	68	208.388022186332	33
0	70	208.847646432357	34
0	72	213.286409216789	35
0	74	213.800413572415	36
0	76	217.786263911507	37
0	78	220.223200704151	38
0	80	253.109495905341	39
0	82	261.504071890287	40
0	84	262.486572315714	41
0	86	264.662338068102	42
0	88	265.974211258681	43
0	90	268.608446112303	44
0	92	273.177936265406	45
0	94	274.596941147231	46
0	96	282.855108135916	47
0	98	300.880552544486	48
0	100	306.737885604104	49
0	102	306.865897384832	50
0	104	316.018805996377	51
0	106	320.23427132778	52
0	108	321.907231644551	53
0	110	324.732258826466	54
0	112	330.330049084718	55
0	114	333.20598654916	56
0	116	337.538494521782	57
0	118	346.039629368149	58
0	120	354.667625579924	59
0	122	360.585665069408	60
0	124	365.712490971115	61
0	126	366.413658897982	62
0	128	369.127641121809	63
0	130	381.767132451086	64
0	132	384.40499121113	65
0	134	388.168083917598	66
0	136	391.727174402911	67
0	138	393.313388419919	68
0	140	401.536283467856	69
0	142	408.608542108176	70
0	144	411.607490144199	71
0	146	423.403685238756	72
0	148	426.797986573507	73
0	150	426.931599792039	74
0	152	428.576275532835	75
0	154	430.7914895017	76
0	156	436.21007635817	77
0	158	454.822242290054	78
0	160	459.32745012113	79
0	162	460.400471710427	80
0	164	463.976021387586	81
0	166	476.708512103426	82
0	168	480.130591030645	83
0	170	482.91975247125	84
0	172	483.199156036991	85
0	174	508.738636849011	86
0	176	513.109692963276	87
0	178	518.414757559476	88
0	180	519.365403133176	89
0	182	526.091783533203	90
0	184	528.516058391414	91
0	186	528.683316279929	92
0	188	541.535610184646	93
0	190	552.676198022486	94
0	192	565.22446201077	95
0	194	565.761521589247	96
0	196	571.75914093792	97
0	198	575.289061743845	98
0	200	578.183285477578	99
0	202	579.080153345663	100
0	204	580.347502381956	101
0	206	582.508743785103	102
0	208	593.030456645498	103
0	210	597.19473545848	104
1	38	100.05741194193	7.67440360554
1	40	107.73181554747	9.2910483270121
1	42	117.022863874482	0.54333870184712
1	44	117.566202576329	1.1488552995824
1	46	118.715057875911	13.048473805532
1	48	131.763531681443	15.844042312624
1	50	147.607573994067	8.7817499181683
1	52	156.389323912235	11.181555540566
1	54	167.570879452801	3.4821692911554
1	56	171.053048743956	5.2575143987968
1	58	176.310563142753	14.631229377318
1	60	190.941792520071	2.108988490431
1	62	193.050781010502	2.7936052702565
1	64	195.844386280759	0.64223831559553
1	66	196.486624596355	11.901397589977
1	68	208.388022186332	0.459624246025
1	70	208.847646432357	4.4387627844323
1	72	213.286409216789	0.51400435562631
1	74	213.800413572415	3.9858503390918
1	76	217.786263911507	2.4369367926438
1	78	220.223200704151	32.88629520119
1	80	253.109495905341	8.3945759849459
1	82	261.504071890287	0.9825004254269
1	84	262.486572315714	2.1757657523877
1	86	264.662338068102	1.3118731905789
1	88	265.974211258681	2.6342348536222
1	90	268.608446112303	4.5694901531033
1	92	273.177936265406	1.4190048818253
1	94	274.596941147231	8.2581669886848
1	96	282.855108135916	18.02544440857
1	98	300.880552544486	5.8573330596177
1	100	306.737885604104	0.12801178072833
1	102	306.865897384832	9.1529086115453
1	104	316.018805996377	4.2154653314032
1	106	320.23427132778	1.6729603167713
1	108	321.907231644551	2.8250271819151
1	110	324.732258826466	5.5977902582519
1	112	330.330049084718	2.8759374644415
1	114	333.20598654916	4.3325079726221
1	116	337.538494521782	8.5011348463672
1	118	346.039629368149	8.6279962117751
1	120	354.667625579924	5.9180394894844
1	122	360.585665069408	5.1268259017072
1	124	365.712490971115	0.70116792686727
1	126	366.413658897982	2.7139822238269
1	128	369.127641121809	12.639491329277
1	130	381.767132451086	2.6378587600441
1	132	384.40499121113	3.7630927064679
1	134	388.168083917598	3.559090485313
1	136	391.727174402911	1.5862140170084
1	138	393.313388419919	8.2228950479373
1	140	401.536283467856	7.0722586403204
1	142	408.608542108176	2.9989480360235
1	144	411.607490144199	11.796195094557
1	146	423.403685238756	3.394301334751
1	148	426.797986573507	0.1336132185319
1	150	426.931599792039	1.6446757407962
1	152	428.576275532835	2.2152139688652
1	154	430.7914895017	5.41858685647
1	156	436.21007635817	18.612165931884
1	158	454.822242290054	4.5052078310759
1	160	459.32745012113	1.0730215892974
1	162	460.400471710427	3.5755496771592
1	164	463.976021387586	12.73249071584
1	166	476.708512103426	3.4220789272192
1	168	480.130591030645	2.7891614406045
1	170	482.91975247125	0.27940356574143
1	172	483.199156036991	25.53948081202
1	174	508.738636849011	4.3710561142646
1	176	513.109692963276	5.3050645962002
1	178	518.414757559476	0.9506455737005
1	180	519.365403133176	6.7263804000267
1	182	526.091783533203	2.4242748582105
1	184	528.516058391414	0.16725788851486
1	186	528.683316279929	12.852293904717
1	188	541.535610184646	11.14058783784
1	190	552.676198022486	12.548263988284
1	192	565.22446201077	0.53705957847691
1	194	565.761521589247	5.9976193486735
1	196	571.75914093792	3.5299208059247
1	198	575.289061743845	2.8942237337327
1	200	578.183285477578	0.89686786808523
1	202	579.080153345663	1.2673490362926
1	204	580.347502381956	2.1612414031466
1	206	582.508743785103	10.521712860395
1	208	593.030456645498	4.1642788129824
1	210	597.19473545848	14.264606148586
2	39	100.05741194193	17
2	41	107.73181554747	18
2	43	117.022863874482	19
2	45	117.566202576329	20
2	47	118.715057875911	21
2	49	131.763531681443	22
2	51	147.607573994067	23
2	53	156.389323912235	24
2	55	167.570879452801	25
2	57	171.053048743956	26
2	59	176.310563142753	27
2	61	190.941792520071	28
2	63	193.050781010502	29
2	65	195.844386280759	30
2	67	196.486624596355	31
2	69	208.388022186332	32
2	71	208.847646432357	33
2	73	213.286409216789	34
2	75	213.800413572415	35
2	77	217.786263911507	36
2	79	220.223200704151	37
2	81	253.109495905341	38
2	83	261.504071890287	39
2	85	262.486572315714	40
2	87	264.662338068102	41
2	89	265.974211258681	42
2	91	268.608446112303	43
2	93	273.177936265406	44
2	95	274.596941147231	45
2	97	282.855108135916	46
2	99	300.880552544486	47
2	101	306.737885604104	48
2	103	306.865897384832	49
2	105	316.018805996377	50
2	107	320.23427132778	51
2	109	321.907231644551	52
2	111	324.732258826466	53
2	113	330.330049084718	54
2	115	333.20598654916	55
2	117	337.538494521782	56
2	119	346.039629368149	57
2	121	354.667625579924	58
2	123	360.585665069408	59
2	125	365.712490971115	60
2	127	366.413658897982	61
2	129	369.127641121809	62
2	131	381.767132451086	63
2	133	384.40499121113	64
2	135	388.168083917598	65
2	137	391.727174402911	66
2	139	393.313388419919	67
2	141	401.536283467856	68
2	143	408.608542108176	69
2	145	411.607490144199	70
2	147	423.403685238756	71
2	149	426.797986573507	72
2	151	426.931599792039	73
2	153	428.576275532835	74
2	155	430.7914895017	75
2	157	436.21007635817	76
2	159	454.822242290054	77
2	161	459.32745012113	78
2	163	460.400471710427	79
2	165	463.976021387586	80
2	167	476.708512103426	81
2	169	480.130591030645	82
2	171	482.91975247125	83
2	173	483.199156036991	84
2	175	508.738636849011	85
2	177	513.109692963276	86
2	179	518.414757559476	87
2	181	519.365403133176	88
2	183	526.091783533203	89
2	185	528.516058391414	90
2	187	528.683316279929	91
2	189	541.535610184646	92
2	191	552.676198022486	93
2	193	565.22446201077	94
2	195	565.761521589247	95
2	197	571.75914093792	96
2	199	575.289061743845	97
2	201	578.183285477578	98
2	203	579.080153345663	99
2	205	580.347502381956	100
2	207	582.508743785103	101
2	209	593.030456645498	102
2	211	597.19473545848	103
4	212	600	1.0075944055111
5	39	100.05741194193	18
5	41	107.73181554747	19
5	43	117.022863874482	20
5	45	117.566202576329	21
5	47	118.715057875911	22
5	49	131.763531681443	23
5	51	147.607573994067	24
5	53	156.389323912235	25
5	55	167.570879452801	26
5	57	171.053048743956	27
5	59	176.310563142753	28
5	61	190.941792520071	29
5	63	193.050781010502	30
5	65	195.844386280759	31
5	67	196.486624596355	32
5	69	208.388022186332	33
5	71	208.847646432357	34
5	73	213.286409216789	35
5	75	213.800413572415	36
5	77	217.786263911507	37
5	79	220.223200704151	38
5	81	253.109495905341	39
5	83	261.504071890287	40
5	85	262.486572315714	41
5	87	264.662338068102	42
5	89	265.974211258681	43
5	91	268.608446112303	44
5	93	273.177936265406	45
5	95	274.596941147231	46
5	97	282.855108135916	47
5	99	300.880552544486	48
5	101	306.737885604104	49
5	103	306.865897384832	50
5	105	316.018805996377	51
5	107	320.23427132778	52
5	109	321.907231644551	53
5	111	324.732258826466	54
5	113	330.330049084718	55
5	115	333.20598654916	56
5	117	337.538494521782	57
5	119	346.039629368149	58
5	121	354.667625579924	59
5	123	360.585665069408	60
5	125	365.712490971115	61
5	127	366.413658897982	62
5	129	369.127641121809	63
5	131	381.767132451086	64
5	133	384.40499121113	65
5	135	388.168083917598	66
5	137	391.727174402911	67
5	139	393.313388419919	68
5	141	401.536283467856	69
5	143	408.608542108176	70
5	145	411.607490144199	71
5	147	423.403685238756	72
5	149	426.797986573507	73
5	151	426.931599792039	74
5	153	428.576275532835	75
5	155	430.7914895017	76
5	157	436.21007635817	77
5	159	454.822242290054	78
5	161	459.32745012113	79
5	163	460.400471710427	80
5	165	463.976021387586	81
5	167	476.708512103426	82
5	169	480.130591030645	83
5	171	482.91975247125	84
5	173	483.199156036991	85
5	175	508.738636849011	86
5	177	513.109692963276	87
5	179	518.414757559476	88
5	181	519.365403133176	89
5	183	526.091783533203	90
5	185	528.516058391414	91
5	187	528.683316279929	92
5	189	541.535610184646	93
5	191	552.676198022486	94
5	193	565.22446201077	95
5	195	565.761521589247	96
5	197	571.75914093792	97
5	199	575.289061743845	98
5	201	578.183285477578	99
5	203	579.080153345663	100
5	205	580.347502381956	101
5	207	582.508743785103	102
5	209	593.030456645498	103
5	211	597.19473545848	104

