version 3
run ParameterStudy-341-20251130-20:04:00-476
attr configname ParameterStudy
attr datetime 20251130-20:04:00
attr datetimef 20251130-200400
attr experiment ParameterStudy
attr inifile omnetpp.ini
attr iterationvars $betaProducer=7.8s
attr iterationvarsd betaProducer=7.8s
attr iterationvarsf betaProducer=7.8s-
attr measurement $betaProducer=7.8s
attr network queue_sim
attr processid 476
attr repetition 1
attr replication #1
attr resultdir results
attr runnumber 341
attr seedset 341
itervar betaProducer 7.8s
config description "Parameter study: β_producer = 1s to 10s (0.1s steps), β_service = 1s, 5 repetitions"
config *.serviceUnit.meanServiceTime 1s
config *.producer.warmupPeriod 100s
config *.queue.warmupPeriod 100s
config *.serviceUnit.warmupPeriod 100s
config *.sink.warmupPeriod 100s
config *.producer.meanInterArrivalTime 7.8s
config network queue_sim
config sim-time-limit 600s
config warmup-period 100s
config repeat 5
config **.vector-recording true
config **.scalar-recording true
config debug-on-errors true

vector 0 queue_sim.producer jobGenerated:vector ETV
attr recordingmode vector
attr title "Jobs Generated"
vector 1 queue_sim.producer interArrivalTime:vector ETV
attr recordingmode vector
attr title "Inter-arrival Time"
attr unit s
vector 2 queue_sim.queue queueLength:vector ETV
attr recordingmode vector
attr title "Queue Length"
vector 3 queue_sim.queue queueingDelay:vector ETV
attr recordingmode vector
attr title "Queueing Delay"
attr unit s
vector 4 queue_sim.queue queueUtilization:vector ETV
attr recordingmode vector
attr title "Queue Utilization"
vector 5 queue_sim.queue systemSize:vector ETV
attr recordingmode vector
attr title "System Size"
vector 6 queue_sim.serviceUnit serviceTime:vector ETV
attr recordingmode vector
attr title "Service Time"
attr unit s
vector 7 queue_sim.serviceUnit utilization:vector ETV
attr recordingmode vector
attr title "Server Utilization"
vector 8 queue_sim.sink jobCompleted:vector ETV
attr recordingmode vector
attr title "Jobs Completed"
vector 9 queue_sim.sink totalDelay:vector ETV
attr recordingmode vector
attr title "Total System Delay"
attr unit s
0	22	102.843921589926	10
0	24	115.763012950043	11
0	26	120.24208963662	12
0	28	120.89118796159	13
0	30	128.361790274405	14
0	32	128.632498722531	15
0	34	129.793954469326	16
0	36	131.167813092147	17
0	38	132.052596233251	18
0	40	147.055451502912	19
0	42	157.647209078398	20
0	44	162.345990247008	21
0	46	192.18495937056	22
0	48	197.10074608242	23
0	50	203.419664703481	24
0	52	204.903916408835	25
0	54	207.610492003261	26
0	56	211.655550228504	27
0	58	213.769681200671	28
0	60	227.127310573232	29
0	62	238.663332346054	30
0	64	245.69314121024	31
0	66	246.622049344163	32
0	68	247.748923713682	33
0	70	257.821441823053	34
0	72	258.031268587542	35
0	74	270.140818547792	36
0	76	279.097636734909	37
0	78	280.328875196793	38
0	80	284.384952402554	39
0	82	296.678270435518	40
0	84	306.217134453487	41
0	86	311.685222936165	42
0	88	315.486045052599	43
0	90	325.215655849649	44
0	92	346.755034025579	45
0	94	365.452696845641	46
0	96	374.759846699545	47
0	98	376.843495335492	48
0	100	387.938522983348	49
0	102	392.018322606655	50
0	104	394.299928240189	51
0	106	431.689075639672	52
0	108	441.340554285875	53
0	110	448.395067212193	54
0	112	453.256668702932	55
0	114	463.508026305193	56
0	116	464.527232774085	57
0	118	466.072423089563	58
0	120	472.193295554352	59
0	122	472.691823388809	60
0	124	489.453150681689	61
0	126	501.227077875284	62
0	128	510.067704415711	63
0	130	546.554420492996	64
0	132	548.262802635342	65
0	134	554.671083063225	66
0	136	554.689225782305	67
0	138	563.93669467142	68
0	140	566.522027688984	69
0	142	579.342981030343	70
0	144	584.166465125569	71
0	146	587.766964582145	72
1	22	102.843921589926	12.919091360117
1	24	115.763012950043	4.4790766865773
1	26	120.24208963662	0.64909832496999
1	28	120.89118796159	7.4706023128146
1	30	128.361790274405	0.27070844812625
1	32	128.632498722531	1.1614557467951
1	34	129.793954469326	1.373858622821
1	36	131.167813092147	0.88478314110368
1	38	132.052596233251	15.002855269661
1	40	147.055451502912	10.591757575486
1	42	157.647209078398	4.6987811686102
1	44	162.345990247008	29.838969123552
1	46	192.18495937056	4.9157867118601
1	48	197.10074608242	6.3189186210611
1	50	203.419664703481	1.4842517053537
1	52	204.903916408835	2.7065755944264
1	54	207.610492003261	4.0450582252429
1	56	211.655550228504	2.1141309721668
1	58	213.769681200671	13.357629372561
1	60	227.127310573232	11.536021772822
1	62	238.663332346054	7.0298088641864
1	64	245.69314121024	0.92890813392313
1	66	246.622049344163	1.1268743695187
1	68	247.748923713682	10.072518109371
1	70	257.821441823053	0.20982676448907
1	72	258.031268587542	12.10954996025
1	74	270.140818547792	8.9568181871171
1	76	279.097636734909	1.2312384618835
1	78	280.328875196793	4.0560772057608
1	80	284.384952402554	12.293318032964
1	82	296.678270435518	9.5388640179685
1	84	306.217134453487	5.4680884826778
1	86	311.685222936165	3.8008221164337
1	88	315.486045052599	9.7296107970497
1	90	325.215655849649	21.53937817593
1	92	346.755034025579	18.697662820062
1	94	365.452696845641	9.3071498539036
1	96	374.759846699545	2.0836486359466
1	98	376.843495335492	11.095027647856
1	100	387.938522983348	4.0797996233068
1	102	392.018322606655	2.2816056335345
1	104	394.299928240189	37.389147399483
1	106	431.689075639672	9.6514786462025
1	108	441.340554285875	7.0545129263182
1	110	448.395067212193	4.8616014907391
1	112	453.256668702932	10.251357602261
1	114	463.508026305193	1.0192064688922
1	116	464.527232774085	1.5451903154778
1	118	466.072423089563	6.1208724647889
1	120	472.193295554352	0.49852783445672
1	122	472.691823388809	16.76132729288
1	124	489.453150681689	11.773927193595
1	126	501.227077875284	8.840626540427
1	128	510.067704415711	36.486716077285
1	130	546.554420492996	1.7083821423462
1	132	548.262802635342	6.4082804278833
1	134	554.671083063225	0.018142719079634
1	136	554.689225782305	9.2474688891155
1	138	563.93669467142	2.5853330175641
1	140	566.522027688984	12.820953341359
1	142	579.342981030343	4.8234840952257
1	144	584.166465125569	3.6004994565763
1	146	587.766964582145	14.477523027166
2	23	102.843921589926	9
2	25	115.763012950043	10
2	27	120.24208963662	11
2	29	120.89118796159	12
2	31	128.361790274405	13
2	33	128.632498722531	14
2	35	129.793954469326	15
2	37	131.167813092147	16
2	39	132.052596233251	17
2	41	147.055451502912	18
2	43	157.647209078398	19
2	45	162.345990247008	20
2	47	192.18495937056	21
2	49	197.10074608242	22
2	51	203.419664703481	23
2	53	204.903916408835	24
2	55	207.610492003261	25
2	57	211.655550228504	26
2	59	213.769681200671	27
2	61	227.127310573232	28
2	63	238.663332346054	29
2	65	245.69314121024	30
2	67	246.622049344163	31
2	69	247.748923713682	32
2	71	257.821441823053	33
2	73	258.031268587542	34
2	75	270.140818547792	35
2	77	279.097636734909	36
2	79	280.328875196793	37
2	81	284.384952402554	38
2	83	296.678270435518	39
2	85	306.217134453487	40
2	87	311.685222936165	41
2	89	315.486045052599	42
2	91	325.215655849649	43
2	93	346.755034025579	44
2	95	365.452696845641	45
2	97	374.759846699545	46
2	99	376.843495335492	47
2	101	387.938522983348	48
2	103	392.018322606655	49
2	105	394.299928240189	50
2	107	431.689075639672	51
2	109	441.340554285875	52
2	111	448.395067212193	53
2	113	453.256668702932	54
2	115	463.508026305193	55
2	117	464.527232774085	56
2	119	466.072423089563	57
2	121	472.193295554352	58
2	123	472.691823388809	59
2	125	489.453150681689	60
2	127	501.227077875284	61
2	129	510.067704415711	62
2	131	546.554420492996	63
2	133	548.262802635342	64
2	135	554.671083063225	65
2	137	554.689225782305	66
2	139	563.93669467142	67
2	141	566.522027688984	68
2	143	579.342981030343	69
2	145	584.166465125569	70
2	147	587.766964582145	71
4	148	600	1.0143253384123
5	23	102.843921589926	10
5	25	115.763012950043	11
5	27	120.24208963662	12
5	29	120.89118796159	13
5	31	128.361790274405	14
5	33	128.632498722531	15
5	35	129.793954469326	16
5	37	131.167813092147	17
5	39	132.052596233251	18
5	41	147.055451502912	19
5	43	157.647209078398	20
5	45	162.345990247008	21
5	47	192.18495937056	22
5	49	197.10074608242	23
5	51	203.419664703481	24
5	53	204.903916408835	25
5	55	207.610492003261	26
5	57	211.655550228504	27
5	59	213.769681200671	28
5	61	227.127310573232	29
5	63	238.663332346054	30
5	65	245.69314121024	31
5	67	246.622049344163	32
5	69	247.748923713682	33
5	71	257.821441823053	34
5	73	258.031268587542	35
5	75	270.140818547792	36
5	77	279.097636734909	37
5	79	280.328875196793	38
5	81	284.384952402554	39
5	83	296.678270435518	40
5	85	306.217134453487	41
5	87	311.685222936165	42
5	89	315.486045052599	43
5	91	325.215655849649	44
5	93	346.755034025579	45
5	95	365.452696845641	46
5	97	374.759846699545	47
5	99	376.843495335492	48
5	101	387.938522983348	49
5	103	392.018322606655	50
5	105	394.299928240189	51
5	107	431.689075639672	52
5	109	441.340554285875	53
5	111	448.395067212193	54
5	113	453.256668702932	55
5	115	463.508026305193	56
5	117	464.527232774085	57
5	119	466.072423089563	58
5	121	472.193295554352	59
5	123	472.691823388809	60
5	125	489.453150681689	61
5	127	501.227077875284	62
5	129	510.067704415711	63
5	131	546.554420492996	64
5	133	548.262802635342	65
5	135	554.671083063225	66
5	137	554.689225782305	67
5	139	563.93669467142	68
5	141	566.522027688984	69
5	143	579.342981030343	70
5	145	584.166465125569	71
5	147	587.766964582145	72

