version 3
run CircleMode-35-20260125-17:00:39-1385
attr configname CircleMode
attr datetime 20260125-17:00:39
attr datetimef 20260125-170039
attr experiment CircleMode
attr inifile simulations/nwsim_project/omnetpp.ini
attr iterationvars ""
attr iterationvarsd ""
attr iterationvarsf ""
attr measurement ""
attr network CrossTraffic
attr processid 1385
attr repetition 35
attr replication #35
attr resultdir results
attr runnumber 35
attr seedset 35
config description "Junction circle mode with simple routing"
config *.Junc*.junctionMode "\"circle\""
config network CrossTraffic
config sim-time-limit 20000s
config warmup-period 1000s
config repeat 50
config **.scalar-recording true
config **.vector-recording true
config *.Junc*.junctionMode "\"queue\""
config *.EndNW.spawnInterval exponential(800s)
config *.EndNE.spawnInterval exponential(1200s)
config *.EndEN.spawnInterval exponential(1000s)
config *.EndES.spawnInterval exponential(1500s)
config *.EndSE.spawnInterval exponential(900s)
config *.EndSW.spawnInterval exponential(1100s)
config *.EndWS.spawnInterval exponential(1300s)
config *.EndWN.spawnInterval exponential(1400s)

vector 0 CrossTraffic.JuncNW queueLength:vector ETV
attr interpolationmode sample-hold
attr recordingmode vector
attr source queueLength
attr title "Queue Length"
vector 1 CrossTraffic.JuncNW junctionProcessingTime:vector ETV
attr recordingmode vector
attr source junctionProcessingTime
attr title "Junction Processing Time"
vector 2 CrossTraffic.JuncNW vehicleCount:vector ETV
attr recordingmode vector
attr source vehicleCount
attr title "Vehicle Count"
vector 3 CrossTraffic.JuncNE queueLength:vector ETV
attr interpolationmode sample-hold
attr recordingmode vector
attr source queueLength
attr title "Queue Length"
vector 4 CrossTraffic.JuncNE junctionProcessingTime:vector ETV
attr recordingmode vector
attr source junctionProcessingTime
attr title "Junction Processing Time"
vector 5 CrossTraffic.JuncNE vehicleCount:vector ETV
attr recordingmode vector
attr source vehicleCount
attr title "Vehicle Count"
vector 6 CrossTraffic.JuncSE queueLength:vector ETV
attr interpolationmode sample-hold
attr recordingmode vector
attr source queueLength
attr title "Queue Length"
vector 7 CrossTraffic.JuncSE junctionProcessingTime:vector ETV
attr recordingmode vector
attr source junctionProcessingTime
attr title "Junction Processing Time"
vector 8 CrossTraffic.JuncSE vehicleCount:vector ETV
attr recordingmode vector
attr source vehicleCount
attr title "Vehicle Count"
vector 9 CrossTraffic.JuncSW queueLength:vector ETV
attr interpolationmode sample-hold
attr recordingmode vector
attr source queueLength
attr title "Queue Length"
vector 10 CrossTraffic.JuncSW junctionProcessingTime:vector ETV
attr recordingmode vector
attr source junctionProcessingTime
attr title "Junction Processing Time"
vector 11 CrossTraffic.JuncSW vehicleCount:vector ETV
attr recordingmode vector
attr source vehicleCount
attr title "Vehicle Count"
vector 12 CrossTraffic.EndNW travelTime:vector ETV
attr recordingmode vector
attr source travelTime
attr title "Vehicle Travel Time"
vector 13 CrossTraffic.EndNW junctionTime:vector ETV
attr recordingmode vector
attr source junctionTime
attr title "Total Junction Time per Vehicle"
vector 14 CrossTraffic.EndNW junctionCount:vector ETV
attr recordingmode vector
attr source junctionCount
attr title "Junctions Visited per Vehicle"
vector 15 CrossTraffic.EndNE travelTime:vector ETV
attr recordingmode vector
attr source travelTime
attr title "Vehicle Travel Time"
vector 16 CrossTraffic.EndNE junctionTime:vector ETV
attr recordingmode vector
attr source junctionTime
attr title "Total Junction Time per Vehicle"
vector 17 CrossTraffic.EndNE junctionCount:vector ETV
attr recordingmode vector
attr source junctionCount
attr title "Junctions Visited per Vehicle"
vector 18 CrossTraffic.EndEN travelTime:vector ETV
attr recordingmode vector
attr source travelTime
attr title "Vehicle Travel Time"
vector 19 CrossTraffic.EndEN junctionTime:vector ETV
attr recordingmode vector
attr source junctionTime
attr title "Total Junction Time per Vehicle"
vector 20 CrossTraffic.EndEN junctionCount:vector ETV
attr recordingmode vector
attr source junctionCount
attr title "Junctions Visited per Vehicle"
vector 21 CrossTraffic.EndES travelTime:vector ETV
attr recordingmode vector
attr source travelTime
attr title "Vehicle Travel Time"
vector 22 CrossTraffic.EndES junctionTime:vector ETV
attr recordingmode vector
attr source junctionTime
attr title "Total Junction Time per Vehicle"
vector 23 CrossTraffic.EndES junctionCount:vector ETV
attr recordingmode vector
attr source junctionCount
attr title "Junctions Visited per Vehicle"
vector 24 CrossTraffic.EndSE travelTime:vector ETV
attr recordingmode vector
attr source travelTime
attr title "Vehicle Travel Time"
vector 25 CrossTraffic.EndSE junctionTime:vector ETV
attr recordingmode vector
attr source junctionTime
attr title "Total Junction Time per Vehicle"
vector 26 CrossTraffic.EndSE junctionCount:vector ETV
attr recordingmode vector
attr source junctionCount
attr title "Junctions Visited per Vehicle"
vector 27 CrossTraffic.EndSW travelTime:vector ETV
attr recordingmode vector
attr source travelTime
attr title "Vehicle Travel Time"
vector 28 CrossTraffic.EndSW junctionTime:vector ETV
attr recordingmode vector
attr source junctionTime
attr title "Total Junction Time per Vehicle"
vector 29 CrossTraffic.EndSW junctionCount:vector ETV
attr recordingmode vector
attr source junctionCount
attr title "Junctions Visited per Vehicle"
vector 30 CrossTraffic.EndWS travelTime:vector ETV
attr recordingmode vector
attr source travelTime
attr title "Vehicle Travel Time"
vector 31 CrossTraffic.EndWS junctionTime:vector ETV
attr recordingmode vector
attr source junctionTime
attr title "Total Junction Time per Vehicle"
vector 32 CrossTraffic.EndWS junctionCount:vector ETV
attr recordingmode vector
attr source junctionCount
attr title "Junctions Visited per Vehicle"
vector 33 CrossTraffic.EndWN travelTime:vector ETV
attr recordingmode vector
attr source travelTime
attr title "Vehicle Travel Time"
vector 34 CrossTraffic.EndWN junctionTime:vector ETV
attr recordingmode vector
attr source junctionTime
attr title "Total Junction Time per Vehicle"
vector 35 CrossTraffic.EndWN junctionCount:vector ETV
attr recordingmode vector
attr source junctionCount
attr title "Junctions Visited per Vehicle"
0	53	1052.802405325611	0
0	64	1254.022469519685	0
0	72	1363.90958600526	0
0	80	1537.470232648134	0
0	86	1646.132939645502	0
0	87	1655.063787342856	0
0	88	1663.942655059216	0
0	107	2133.38119802074	0
0	111	2198.752775666378	0
0	117	2397.663603354521	0
0	124	2831.130560348235	0
0	128	2984.10379382011	0
0	137	3396.717892852373	0
0	142	3512.136283317761	0
0	143	3574.316028047545	0
0	153	3860.284852988767	0
0	162	4078.379761364537	0
0	173	4459.654097495575	0
0	190	5171.768243785795	0
0	198	5742.606732076373	0
0	208	6004.820221159444	0
0	210	6091.549935377793	0
0	212	6128.008535443192	0
0	221	6771.457456078956	0
0	223	6823.100394766699	0
0	228	6925.496556600857	0
0	243	7208.152150599905	0
0	247	7294.316486570931	0
0	253	7399.366981354481	0
0	255	7467.928308105972	0
0	272	7908.004023120904	0
0	283	8087.826779170943	0
0	289	8190.152550661537	0
0	298	8328.146868970169	0
0	299	8344.853489404427	0
0	308	8477.514034874978	0
0	309	8480.911126920914	0
0	316	8657.984687068171	0
0	326	8975.467816627989	0
0	333	9322.036773555584	0
0	343	9646.216682148609	0
0	353	9887.48490560755	0
0	355	9895.372213798493	0
0	363	10080.870465972948	0
0	364	10092.459401778959	0
0	368	10173.537329101572	0
0	372	10207.7160228175	0
0	388	10485.788364214213	0
0	390	10528.373092675525	0
0	398	10662.24692310726	0
0	403	10734.686917424582	0
0	411	10906.884374615656	0
0	417	11085.525553136933	0
0	429	11638.643384653046	0
0	438	11796.511108828703	0
0	440	11813.125264788801	0
0	441	11817.610338445125	0
0	449	11945.897094166992	0
0	450	11947.841202094975	0
0	451	11978.405207564088	0
0	479	12332.02690591082	0
0	480	12352.270786305117	0
0	482	12361.784346969695	0
0	484	12388.535250949997	0
0	492	12569.800468687546	0
0	510	13009.749198126633	0
0	512	13041.069160339477	0
0	519	13148.141462093569	0
0	538	13780.095824823025	0
0	539	13784.919196075893	0
0	544	13921.221977311143	0
0	550	14426.32581548275	0
0	557	14807.89455428189	0
0	561	14936.464364180305	0
0	568	15256.969846483742	0
0	570	15328.666149718964	0
0	579	15583.727334323457	0
0	584	15765.845210899454	0
0	588	15943.909244571123	0
0	590	15965.841647577363	0
0	602	16261.769429010009	0
0	604	16284.643303056641	0
0	611	16395.214678927086	0
0	613	16422.675609807294	0
0	616	16490.579123039046	0
0	636	17162.68002779856	0
0	644	17300.043447168606	0
0	646	17363.660454850164	0
0	648	17374.188552798815	0
0	649	17392.533995788675	0
0	659	17542.920757169454	0
0	668	17681.403114253855	0
0	673	17858.891793713046	0
0	677	17932.669903054502	0
0	681	18002.572945254855	0
0	689	18107.264445408462	0
0	693	18205.925901210736	0
0	705	18370.547003874669	0
0	706	18374.93178984437	0
0	717	18596.558612516832	0
0	719	18644.562999933162	0
0	725	18847.55683175829	0
0	735	19298.866406639697	0
0	741	19805.494905357651	0
1	53	1052.802405325611	3
1	64	1254.022469519685	3
1	72	1363.90958600526	3
1	80	1537.470232648134	3
1	86	1646.132939645502	3
1	87	1655.063787342856	3
1	88	1663.942655059216	3
1	107	2133.38119802074	3
1	111	2198.752775666378	3
1	117	2397.663603354521	3
1	124	2831.130560348235	3
1	128	2984.10379382011	3
1	137	3396.717892852373	3
1	142	3512.136283317761	3
1	143	3574.316028047545	3
1	153	3860.284852988767	3
1	162	4078.379761364537	3
1	173	4459.654097495575	3
1	190	5171.768243785795	3
1	198	5742.606732076373	3
1	208	6004.820221159444	3
1	210	6091.549935377793	3
1	212	6128.008535443192	3
1	221	6771.457456078956	3
1	223	6823.100394766699	3
1	228	6925.496556600857	3
1	243	7208.152150599905	3
1	247	7294.316486570931	3
1	253	7399.366981354481	3
1	255	7467.928308105972	3
1	272	7908.004023120904	3
1	283	8087.826779170943	3
1	289	8190.152550661537	3
1	298	8328.146868970169	3
1	299	8344.853489404427	3
1	308	8477.514034874978	3
1	309	8480.911126920914	3
1	316	8657.984687068171	3
1	326	8975.467816627989	3
1	333	9322.036773555584	3
1	343	9646.216682148609	3
1	353	9887.48490560755	3
1	355	9895.372213798493	3
1	363	10080.870465972948	3
1	364	10092.459401778959	3
1	368	10173.537329101572	3
1	372	10207.7160228175	3
1	388	10485.788364214213	3
1	390	10528.373092675525	3
1	398	10662.24692310726	3
1	403	10734.686917424582	3
1	411	10906.884374615656	3
1	417	11085.525553136933	3
1	429	11638.643384653046	3
1	438	11796.511108828703	3
1	440	11813.125264788801	3
1	441	11817.610338445125	3
1	449	11945.897094166992	3
1	450	11947.841202094975	3
1	451	11978.405207564088	3
1	479	12332.02690591082	3
1	480	12352.270786305117	3
1	482	12361.784346969695	3
1	484	12388.535250949997	3
1	492	12569.800468687546	3
1	510	13009.749198126633	3
1	512	13041.069160339477	3
1	519	13148.141462093569	3
1	538	13780.095824823025	3
1	539	13784.919196075893	3
1	544	13921.221977311143	3
1	550	14426.32581548275	3
1	557	14807.89455428189	3
1	561	14936.464364180305	3
1	568	15256.969846483742	3
1	570	15328.666149718964	3
1	579	15583.727334323457	3
1	584	15765.845210899454	3
1	588	15943.909244571123	3
1	590	15965.841647577363	3
1	602	16261.769429010009	3
1	604	16284.643303056641	3
1	611	16395.214678927086	3
1	613	16422.675609807294	3
1	616	16490.579123039046	3
1	636	17162.68002779856	3
1	644	17300.043447168606	3
1	646	17363.660454850164	3
1	648	17374.188552798815	3
1	649	17392.533995788675	3
1	659	17542.920757169454	3
1	668	17681.403114253855	3
1	673	17858.891793713046	3
1	677	17932.669903054502	3
1	681	18002.572945254855	3
1	689	18107.264445408462	3
1	693	18205.925901210736	3
1	705	18370.547003874669	3
1	706	18374.93178984437	3
1	717	18596.558612516832	3
1	719	18644.562999933162	3
1	725	18847.55683175829	3
1	735	19298.866406639697	3
1	741	19805.494905357651	3
2	53	1052.802405325611	5420
2	64	1254.022469519685	5423
2	72	1363.90958600526	5421
2	80	1537.470232648134	5424
2	86	1646.132939645502	5425
2	87	1655.063787342856	5426
2	88	1663.942655059216	5427
2	107	2133.38119802074	5428
2	111	2198.752775666378	5431
2	117	2397.663603354521	5432
2	124	2831.130560348235	5434
2	128	2984.10379382011	5435
2	137	3396.717892852373	5437
2	142	3512.136283317761	5438
2	143	3574.316028047545	5439
2	153	3860.284852988767	5441
2	162	4078.379761364537	5442
2	173	4459.654097495575	5444
2	190	5171.768243785795	5448
2	198	5742.606732076373	5449
2	208	6004.820221159444	5451
2	210	6091.549935377793	5453
2	212	6128.008535443192	5452
2	221	6771.457456078956	5455
2	223	6823.100394766699	5456
2	228	6925.496556600857	5458
2	243	7208.152150599905	5459
2	247	7294.316486570931	5461
2	253	7399.366981354481	5460
2	255	7467.928308105972	5462
2	272	7908.004023120904	5464
2	283	8087.826779170943	5468
2	289	8190.152550661537	5467
2	298	8328.146868970169	5469
2	299	8344.853489404427	5470
2	308	8477.514034874978	5472
2	309	8480.911126920914	5473
2	316	8657.984687068171	5471
2	326	8975.467816627989	5474
2	333	9322.036773555584	5476
2	343	9646.216682148609	5477
2	353	9887.48490560755	5478
2	355	9895.372213798493	5480
2	363	10080.870465972948	5481
2	364	10092.459401778959	5483
2	368	10173.537329101572	5484
2	372	10207.7160228175	5482
2	388	10485.788364214213	5485
2	390	10528.373092675525	5487
2	398	10662.24692310726	5488
2	403	10734.686917424582	5491
2	411	10906.884374615656	5490
2	417	11085.525553136933	5493
2	429	11638.643384653046	5494
2	438	11796.511108828703	5495
2	440	11813.125264788801	5497
2	441	11817.610338445125	5499
2	449	11945.897094166992	5500
2	450	11947.841202094975	5501
2	451	11978.405207564088	5496
2	479	12332.02690591082	5506
2	480	12352.270786305117	5504
2	482	12361.784346969695	5505
2	484	12388.535250949997	5507
2	492	12569.800468687546	5508
2	510	13009.749198126633	5513
2	512	13041.069160339477	5514
2	519	13148.141462093569	5512
2	538	13780.095824823025	5517
2	539	13784.919196075893	5518
2	544	13921.221977311143	5519
2	550	14426.32581548275	5521
2	557	14807.89455428189	5522
2	561	14936.464364180305	5523
2	568	15256.969846483742	5525
2	570	15328.666149718964	5524
2	579	15583.727334323457	5526
2	584	15765.845210899454	5527
2	588	15943.909244571123	5529
2	590	15965.841647577363	5528
2	602	16261.769429010009	5530
2	604	16284.643303056641	5531
2	611	16395.214678927086	5534
2	613	16422.675609807294	5533
2	616	16490.579123039046	5532
2	636	17162.68002779856	5538
2	644	17300.043447168606	5542
2	646	17363.660454850164	5540
2	648	17374.188552798815	5541
2	649	17392.533995788675	5539
2	659	17542.920757169454	5543
2	668	17681.403114253855	5545
2	673	17858.891793713046	5547
2	677	17932.669903054502	5546
2	681	18002.572945254855	5548
2	689	18107.264445408462	5549
2	693	18205.925901210736	5552
2	705	18370.547003874669	5553
2	706	18374.93178984437	5550
2	717	18596.558612516832	5557
2	719	18644.562999933162	5556
2	725	18847.55683175829	5558
2	735	19298.866406639697	5560
2	741	19805.494905357651	5561
3	52	1028.503970724635	0
3	54	1054.90958600526	0
3	59	1155.802405325611	0
3	61	1214.965560531919	0
3	70	1357.022469519685	0
3	85	1640.470232648134	0
3	92	1758.063787342856	0
3	93	1766.942655059216	0
3	99	1940.202712113289	0
3	112	2236.38119802074	0
3	118	2500.663603354521	0
3	121	2702.902184868583	0
3	127	2934.130560348235	0
3	144	3615.136283317761	0
3	145	3677.316028047545	0
3	157	3963.284852988767	0
3	165	4181.379761364537	0
3	175	4562.654097495575	0
3	182	4836.746073443745	0
3	191	5274.768243785795	0
3	211	6107.820221159444	0
3	217	6617.873774699788	0
3	226	6874.457456078956	0
3	229	6926.100394766699	0
3	234	7028.496556600857	0
3	249	7311.152150599905	0
3	252	7397.316486570931	0
3	259	7570.928308105972	0
3	264	7753.71896440858	0
3	269	7859.092533258364	0
3	278	8011.004023120904	0
3	290	8190.826779170943	0
3	296	8293.152550661537	0
3	300	8348.984687068171	0
3	306	8447.853489404427	0
3	313	8580.514034874978	0
3	314	8583.911126920914	0
3	328	9078.467816627989	0
3	335	9425.036773555584	0
3	345	9688.848599578949	0
3	358	9990.48490560755	0
3	360	9998.372213798493	0
3	371	10195.459401778959	0
3	375	10276.537329101572	0
3	379	10312.322124765638	0
3	396	10631.373092675525	0
3	408	10837.686917424582	0
3	418	11188.525553136933	0
3	421	11329.643384653046	0
3	430	11669.405207564088	0
3	439	11805.459317660102	0
3	447	11916.125264788801	0
3	448	11920.610338445125	0
3	458	12048.897094166992	0
3	459	12050.841202094975	0
3	485	12435.02690591082	0
3	487	12464.784346969695	0
3	494	12672.800468687546	0
3	498	12797.219741243134	0
3	502	12882.790301575351	0
3	517	13112.749198126633	0
3	541	13883.095824823025	0
3	545	13983.871594717499	0
3	559	14910.89455428189	0
3	563	15019.666149718964	0
3	571	15359.969846483742	0
3	587	15868.845210899454	0
3	592	16046.909244571123	0
3	594	16068.841647577363	0
3	607	16364.769429010009	0
3	609	16387.643303056641	0
3	618	16494.19031012497	0
3	619	16498.214678927086	0
3	620	16509.402721595395	0
3	622	16573.898685673808	0
3	641	17265.68002779856	0
3	650	17403.043447168606	0
3	655	17477.188552798815	0
3	657	17495.533995788675	0
3	671	17784.403114253855	0
3	678	17961.891793713046	0
3	685	18065.93178984437	0
3	687	18105.572945254855	0
3	695	18210.264445408462	0
3	707	18410.890944789721	0
3	711	18473.547003874669	0
3	720	18699.558612516832	0
3	722	18747.562999933162	0
3	728	18944.862617683895	0
3	729	18950.55683175829	0
3	736	19401.866406639697	0
4	52	1028.503970724635	3
4	54	1054.90958600526	3
4	59	1155.802405325611	3
4	61	1214.965560531919	3
4	70	1357.022469519685	3
4	85	1640.470232648134	3
4	92	1758.063787342856	3
4	93	1766.942655059216	3
4	99	1940.202712113289	3
4	112	2236.38119802074	3
4	118	2500.663603354521	3
4	121	2702.902184868583	3
4	127	2934.130560348235	3
4	144	3615.136283317761	3
4	145	3677.316028047545	3
4	157	3963.284852988767	3
4	165	4181.379761364537	3
4	175	4562.654097495575	3
4	182	4836.746073443745	3
4	191	5274.768243785795	3
4	211	6107.820221159444	3
4	217	6617.873774699788	3
4	226	6874.457456078956	3
4	229	6926.100394766699	3
4	234	7028.496556600857	3
4	249	7311.152150599905	3
4	252	7397.316486570931	3
4	259	7570.928308105972	3
4	264	7753.71896440858	3
4	269	7859.092533258364	3
4	278	8011.004023120904	3
4	290	8190.826779170943	3
4	296	8293.152550661537	3
4	300	8348.984687068171	3
4	306	8447.853489404427	3
4	313	8580.514034874978	3
4	314	8583.911126920914	3
4	328	9078.467816627989	3
4	335	9425.036773555584	3
4	345	9688.848599578949	3
4	358	9990.48490560755	3
4	360	9998.372213798493	3
4	371	10195.459401778959	3
4	375	10276.537329101572	3
4	379	10312.322124765638	3
4	396	10631.373092675525	3
4	408	10837.686917424582	3
4	418	11188.525553136933	3
4	421	11329.643384653046	3
4	430	11669.405207564088	3
4	439	11805.459317660102	3
4	447	11916.125264788801	3
4	448	11920.610338445125	3
4	458	12048.897094166992	3
4	459	12050.841202094975	3
4	485	12435.02690591082	3
4	487	12464.784346969695	3
4	494	12672.800468687546	3
4	498	12797.219741243134	3
4	502	12882.790301575351	3
4	517	13112.749198126633	3
4	541	13883.095824823025	3
4	545	13983.871594717499	3
4	559	14910.89455428189	3
4	563	15019.666149718964	3
4	571	15359.969846483742	3
4	587	15868.845210899454	3
4	592	16046.909244571123	3
4	594	16068.841647577363	3
4	607	16364.769429010009	3
4	609	16387.643303056641	3
4	618	16494.19031012497	3
4	619	16498.214678927086	3
4	620	16509.402721595395	3
4	622	16573.898685673808	3
4	641	17265.68002779856	3
4	650	17403.043447168606	3
4	655	17477.188552798815	3
4	657	17495.533995788675	3
4	671	17784.403114253855	3
4	678	17961.891793713046	3
4	685	18065.93178984437	3
4	687	18105.572945254855	3
4	695	18210.264445408462	3
4	707	18410.890944789721	3
4	711	18473.547003874669	3
4	720	18699.558612516832	3
4	722	18747.562999933162	3
4	728	18944.862617683895	3
4	729	18950.55683175829	3
4	736	19401.866406639697	3
5	52	1028.503970724635	5419
5	54	1054.90958600526	5421
5	59	1155.802405325611	5420
5	61	1214.965560531919	5422
5	70	1357.022469519685	5423
5	85	1640.470232648134	5424
5	92	1758.063787342856	5426
5	93	1766.942655059216	5427
5	99	1940.202712113289	5429
5	112	2236.38119802074	5428
5	118	2500.663603354521	5432
5	121	2702.902184868583	5433
5	127	2934.130560348235	5434
5	144	3615.136283317761	5438
5	145	3677.316028047545	5439
5	157	3963.284852988767	5441
5	165	4181.379761364537	5442
5	175	4562.654097495575	5444
5	182	4836.746073443745	5447
5	191	5274.768243785795	5448
5	211	6107.820221159444	5451
5	217	6617.873774699788	5454
5	226	6874.457456078956	5455
5	229	6926.100394766699	5456
5	234	7028.496556600857	5458
5	249	7311.152150599905	5459
5	252	7397.316486570931	5461
5	259	7570.928308105972	5462
5	264	7753.71896440858	5463
5	269	7859.092533258364	5465
5	278	8011.004023120904	5464
5	290	8190.826779170943	5468
5	296	8293.152550661537	5467
5	300	8348.984687068171	5471
5	306	8447.853489404427	5470
5	313	8580.514034874978	5472
5	314	8583.911126920914	5473
5	328	9078.467816627989	5474
5	335	9425.036773555584	5476
5	345	9688.848599578949	5479
5	358	9990.48490560755	5478
5	360	9998.372213798493	5480
5	371	10195.459401778959	5483
5	375	10276.537329101572	5484
5	379	10312.322124765638	5486
5	396	10631.373092675525	5487
5	408	10837.686917424582	5491
5	418	11188.525553136933	5493
5	421	11329.643384653046	5494
5	430	11669.405207564088	5496
5	439	11805.459317660102	5498
5	447	11916.125264788801	5497
5	448	11920.610338445125	5499
5	458	12048.897094166992	5500
5	459	12050.841202094975	5501
5	485	12435.02690591082	5506
5	487	12464.784346969695	5505
5	494	12672.800468687546	5508
5	498	12797.219741243134	5509
5	502	12882.790301575351	5510
5	517	13112.749198126633	5513
5	541	13883.095824823025	5517
5	545	13983.871594717499	5520
5	559	14910.89455428189	5522
5	563	15019.666149718964	5524
5	571	15359.969846483742	5525
5	587	15868.845210899454	5527
5	592	16046.909244571123	5529
5	594	16068.841647577363	5528
5	607	16364.769429010009	5530
5	609	16387.643303056641	5531
5	618	16494.19031012497	5535
5	619	16498.214678927086	5534
5	620	16509.402721595395	5536
5	622	16573.898685673808	5537
5	641	17265.68002779856	5538
5	650	17403.043447168606	5542
5	655	17477.188552798815	5541
5	657	17495.533995788675	5539
5	671	17784.403114253855	5545
5	678	17961.891793713046	5547
5	685	18065.93178984437	5550
5	687	18105.572945254855	5548
5	695	18210.264445408462	5549
5	707	18410.890944789721	5555
5	711	18473.547003874669	5553
5	720	18699.558612516832	5557
5	722	18747.562999933162	5556
5	728	18944.862617683895	5559
5	729	18950.55683175829	5558
5	736	19401.866406639697	5560
6	57	1131.503970724635	0
6	60	1157.90958600526	0
6	65	1258.802405325611	0
6	67	1317.965560531919	0
6	68	1331.470232648134	0
6	75	1440.132939645502	0
6	76	1460.022469519685	0
6	98	1927.38119802074	0
6	103	2043.202712113289	0
6	104	2059.379173424242	0
6	110	2191.663603354521	0
6	123	2805.902184868583	0
6	130	3037.130560348235	0
6	134	3245.191304468837	0
6	147	3718.136283317761	0
6	150	3780.316028047545	0
6	151	3796.880122809629	0
6	154	3872.379761364537	0
6	161	4066.284852988767	0
6	163	4125.743433545364	0
6	177	4665.654097495575	0
6	181	4836.482667222364	0
6	184	4939.746073443745	0
6	192	5377.768243785795	0
6	197	5735.666927874025	0
6	205	5922.008535443192	0
6	219	6720.873774699788	0
6	231	6977.457456078956	0
6	235	7029.100394766699	0
6	239	7131.496556600857	0
6	241	7193.366981354481	0
6	254	7414.152150599905	0
6	256	7500.316486570931	0
6	268	7856.71896440858	0
6	271	7899.386842360436	0
6	274	7962.092533258364	0
6	275	7984.152550661537	0
6	286	8122.146868970169	0
6	297	8293.826779170943	0
6	307	8451.984687068171	0
6	311	8550.853489404427	0
6	319	8686.911126920914	0
6	321	8769.467816627989	0
6	325	8889.031114846196	0
6	336	9440.216682148609	0
6	337	9528.036773555584	0
6	344	9681.48490560755	0
6	346	9689.372213798493	0
6	350	9791.848599578949	0
6	352	9874.870465972948	0
6	361	10001.7160228175	0
6	376	10279.788364214213	0
6	377	10298.459401778959	0
6	380	10322.373092675525	0
6	381	10379.537329101572	0
6	384	10415.322124765638	0
6	400	10687.598118038354	0
6	401	10700.884374615656	0
6	405	10768.693701353476	0
6	412	10940.686917424582	0
6	420	11291.525553136933	0
6	423	11432.643384653046	0
6	427	11590.511108828703	0
6	437	11772.405207564088	0
6	446	11908.459317660102	0
6	455	12023.610338445125	0
6	461	12097.678137309477	0
6	465	12146.270786305117	0
6	466	12151.897094166992	0
6	467	12153.841202094975	0
6	490	12538.02690591082	0
6	496	12775.800468687546	0
6	503	12900.219741243134	0
6	505	12915.889183923127	0
6	507	12942.141462093569	0
6	508	12985.790301575351	0
6	523	13215.749198126633	0
6	525	13265.648606869342	0
6	532	13574.095824823025	0
6	537	13715.221977311143	0
6	553	14601.89455428189	0
6	556	14730.464364180305	0
6	565	15122.666149718964	0
6	572	15377.727334323457	0
6	575	15462.969846483742	0
6	577	15559.845210899454	0
6	593	16055.769429010009	0
6	603	16284.579123039046	0
6	617	16490.643303056641	0
6	625	16597.19031012497	0
6	626	16601.214678927086	0
6	627	16612.402721595395	0
6	638	17186.533995788675	0
6	647	17368.68002779856	0
6	658	17506.043447168606	0
6	660	17565.733464999355	0
6	669	17726.669903054502	0
6	674	17887.403114253855	0
6	691	18168.93178984437	0
6	692	18191.694239347773	0
6	694	18208.572945254855	0
6	703	18313.264445408462	0
6	714	18513.890944789721	0
6	723	18802.558612516832	0
6	732	19053.55683175829	0
6	739	19599.494905357651	0
7	57	1131.503970724635	3
7	60	1157.90958600526	3
7	65	1258.802405325611	3
7	67	1317.965560531919	3
7	68	1331.470232648134	3
7	75	1440.132939645502	3
7	76	1460.022469519685	3
7	98	1927.38119802074	3
7	103	2043.202712113289	3
7	104	2059.379173424242	3
7	110	2191.663603354521	3
7	123	2805.902184868583	3
7	130	3037.130560348235	3
7	134	3245.191304468837	3
7	147	3718.136283317761	3
7	150	3780.316028047545	3
7	151	3796.880122809629	3
7	154	3872.379761364537	3
7	161	4066.284852988767	3
7	163	4125.743433545364	3
7	177	4665.654097495575	3
7	181	4836.482667222364	3
7	184	4939.746073443745	3
7	192	5377.768243785795	3
7	197	5735.666927874025	3
7	205	5922.008535443192	3
7	219	6720.873774699788	3
7	231	6977.457456078956	3
7	235	7029.100394766699	3
7	239	7131.496556600857	3
7	241	7193.366981354481	3
7	254	7414.152150599905	3
7	256	7500.316486570931	3
7	268	7856.71896440858	3
7	271	7899.386842360436	3
7	274	7962.092533258364	3
7	275	7984.152550661537	3
7	286	8122.146868970169	3
7	297	8293.826779170943	3
7	307	8451.984687068171	3
7	311	8550.853489404427	3
7	319	8686.911126920914	3
7	321	8769.467816627989	3
7	325	8889.031114846196	3
7	336	9440.216682148609	3
7	337	9528.036773555584	3
7	344	9681.48490560755	3
7	346	9689.372213798493	3
7	350	9791.848599578949	3
7	352	9874.870465972948	3
7	361	10001.7160228175	3
7	376	10279.788364214213	3
7	377	10298.459401778959	3
7	380	10322.373092675525	3
7	381	10379.537329101572	3
7	384	10415.322124765638	3
7	400	10687.598118038354	3
7	401	10700.884374615656	3
7	405	10768.693701353476	3
7	412	10940.686917424582	3
7	420	11291.525553136933	3
7	423	11432.643384653046	3
7	427	11590.511108828703	3
7	437	11772.405207564088	3
7	446	11908.459317660102	3
7	455	12023.610338445125	3
7	461	12097.678137309477	3
7	465	12146.270786305117	3
7	466	12151.897094166992	3
7	467	12153.841202094975	3
7	490	12538.02690591082	3
7	496	12775.800468687546	3
7	503	12900.219741243134	3
7	505	12915.889183923127	3
7	507	12942.141462093569	3
7	508	12985.790301575351	3
7	523	13215.749198126633	3
7	525	13265.648606869342	3
7	532	13574.095824823025	3
7	537	13715.221977311143	3
7	553	14601.89455428189	3
7	556	14730.464364180305	3
7	565	15122.666149718964	3
7	572	15377.727334323457	3
7	575	15462.969846483742	3
7	577	15559.845210899454	3
7	593	16055.769429010009	3
7	603	16284.579123039046	3
7	617	16490.643303056641	3
7	625	16597.19031012497	3
7	626	16601.214678927086	3
7	627	16612.402721595395	3
7	638	17186.533995788675	3
7	647	17368.68002779856	3
7	658	17506.043447168606	3
7	660	17565.733464999355	3
7	669	17726.669903054502	3
7	674	17887.403114253855	3
7	691	18168.93178984437	3
7	692	18191.694239347773	3
7	694	18208.572945254855	3
7	703	18313.264445408462	3
7	714	18513.890944789721	3
7	723	18802.558612516832	3
7	732	19053.55683175829	3
7	739	19599.494905357651	3
8	57	1131.503970724635	5419
8	60	1157.90958600526	5421
8	65	1258.802405325611	5420
8	67	1317.965560531919	5422
8	68	1331.470232648134	5424
8	75	1440.132939645502	5425
8	76	1460.022469519685	5423
8	98	1927.38119802074	5428
8	103	2043.202712113289	5429
8	104	2059.379173424242	5430
8	110	2191.663603354521	5432
8	123	2805.902184868583	5433
8	130	3037.130560348235	5434
8	134	3245.191304468837	5436
8	147	3718.136283317761	5438
8	150	3780.316028047545	5439
8	151	3796.880122809629	5440
8	154	3872.379761364537	5442
8	161	4066.284852988767	5441
8	163	4125.743433545364	5443
8	177	4665.654097495575	5444
8	181	4836.482667222364	5446
8	184	4939.746073443745	5447
8	192	5377.768243785795	5448
8	197	5735.666927874025	5450
8	205	5922.008535443192	5452
8	219	6720.873774699788	5454
8	231	6977.457456078956	5455
8	235	7029.100394766699	5456
8	239	7131.496556600857	5458
8	241	7193.366981354481	5460
8	254	7414.152150599905	5459
8	256	7500.316486570931	5461
8	268	7856.71896440858	5463
8	271	7899.386842360436	5466
8	274	7962.092533258364	5465
8	275	7984.152550661537	5467
8	286	8122.146868970169	5469
8	297	8293.826779170943	5468
8	307	8451.984687068171	5471
8	311	8550.853489404427	5470
8	319	8686.911126920914	5473
8	321	8769.467816627989	5474
8	325	8889.031114846196	5475
8	336	9440.216682148609	5477
8	337	9528.036773555584	5476
8	344	9681.48490560755	5478
8	346	9689.372213798493	5480
8	350	9791.848599578949	5479
8	352	9874.870465972948	5481
8	361	10001.7160228175	5482
8	376	10279.788364214213	5485
8	377	10298.459401778959	5483
8	380	10322.373092675525	5487
8	381	10379.537329101572	5484
8	384	10415.322124765638	5486
8	400	10687.598118038354	5489
8	401	10700.884374615656	5490
8	405	10768.693701353476	5492
8	412	10940.686917424582	5491
8	420	11291.525553136933	5493
8	423	11432.643384653046	5494
8	427	11590.511108828703	5495
8	437	11772.405207564088	5496
8	446	11908.459317660102	5498
8	455	12023.610338445125	5499
8	461	12097.678137309477	5502
8	465	12146.270786305117	5504
8	466	12151.897094166992	5500
8	467	12153.841202094975	5501
8	490	12538.02690591082	5506
8	496	12775.800468687546	5508
8	503	12900.219741243134	5509
8	505	12915.889183923127	5511
8	507	12942.141462093569	5512
8	508	12985.790301575351	5510
8	523	13215.749198126633	5513
8	525	13265.648606869342	5516
8	532	13574.095824823025	5517
8	537	13715.221977311143	5519
8	553	14601.89455428189	5522
8	556	14730.464364180305	5523
8	565	15122.666149718964	5524
8	572	15377.727334323457	5526
8	575	15462.969846483742	5525
8	577	15559.845210899454	5527
8	593	16055.769429010009	5530
8	603	16284.579123039046	5532
8	617	16490.643303056641	5531
8	625	16597.19031012497	5535
8	626	16601.214678927086	5534
8	627	16612.402721595395	5536
8	638	17186.533995788675	5539
8	647	17368.68002779856	5538
8	658	17506.043447168606	5542
8	660	17565.733464999355	5544
8	669	17726.669903054502	5546
8	674	17887.403114253855	5545
8	691	18168.93178984437	5550
8	692	18191.694239347773	5551
8	694	18208.572945254855	5548
8	703	18313.264445408462	5549
8	714	18513.890944789721	5555
8	723	18802.558612516832	5557
8	732	19053.55683175829	5558
8	739	19599.494905357651	5561
9	66	1260.90958600526	0
9	71	1361.802405325611	0
9	73	1420.965560531919	0
9	74	1434.470232648134	0
9	81	1543.132939645502	0
9	83	1563.022469519685	0
9	102	2030.38119802074	0
9	106	2095.752775666378	0
9	108	2146.202712113289	0
9	114	2294.663603354521	0
9	126	2908.902184868583	0
9	136	3348.191304468837	0
9	155	3883.316028047545	0
9	158	3975.379761364537	0
9	164	4169.284852988767	0
9	166	4228.743433545364	0
9	171	4356.654097495575	0
9	174	4522.48423452458	0
9	183	4939.482667222364	0
9	187	5042.746073443745	0
9	188	5068.768243785795	0
9	196	5639.606732076373	0
9	201	5838.666927874025	0
9	204	5901.820221159444	0
9	207	5988.549935377793	0
9	209	6025.008535443192	0
9	224	6823.873774699788	0
9	227	6919.998069786683	0
9	238	7105.152150599905	0
9	240	7132.100394766699	0
9	244	7234.496556600857	0
9	248	7296.366981354481	0
9	251	7364.928308105972	0
9	267	7805.004023120904	0
9	273	7959.71896440858	0
9	277	8002.386842360436	0
9	281	8065.092533258364	0
9	282	8087.152550661537	0
9	291	8225.146868970169	0
9	292	8241.853489404427	0
9	301	8374.514034874978	0
9	302	8377.911126920914	0
9	304	8396.826779170943	0
9	312	8554.984687068171	0
9	324	8872.467816627989	0
9	327	8992.031114846196	0
9	332	9219.036773555584	0
9	338	9543.216682148609	0
9	349	9784.48490560755	0
9	351	9792.372213798493	0
9	357	9977.870465972948	0
9	367	10104.7160228175	0
9	382	10382.788364214213	0
9	385	10425.373092675525	0
9	389	10518.322124765638	0
9	391	10559.24692310726	0
9	406	10790.598118038354	0
9	407	10803.884374615656	0
9	409	10871.693701353476	0
9	425	11535.643384653046	0
9	431	11693.511108828703	0
9	433	11710.125264788801	0
9	442	11842.897094166992	0
9	444	11875.405207564088	0
9	453	12011.459317660102	0
9	463	12126.610338445125	0
9	464	12128.743153416656	0
9	469	12200.678137309477	0
9	473	12249.270786305117	0
9	475	12256.841202094975	0
9	476	12258.784346969695	0
9	488	12466.800468687546	0
9	509	13003.219741243134	0
9	513	13045.141462093569	0
9	514	13088.790301575351	0
9	522	13202.874038477047	0
9	527	13318.749198126633	0
9	528	13368.648606869342	0
9	535	13677.095824823025	0
9	536	13681.919196075893	0
9	540	13818.221977311143	0
9	555	14704.89455428189	0
9	558	14833.464364180305	0
9	567	15225.666149718964	0
9	576	15480.727334323457	0
9	578	15565.969846483742	0
9	580	15662.845210899454	0
9	586	15862.841647577363	0
9	597	16158.769429010009	0
9	599	16181.643303056641	0
9	606	16319.675609807294	0
9	608	16387.579123039046	0
9	630	16704.214678927086	0
9	640	17260.660454850164	0
9	642	17271.188552798815	0
9	643	17289.533995788675	0
9	651	17439.920757169454	0
9	661	17578.403114253855	0
9	672	17829.669903054502	0
9	682	18004.264445408462	0
9	697	18267.547003874669	0
9	698	18271.93178984437	0
9	704	18316.067387374399	0
9	715	18541.562999933162	0
9	727	18905.558612516832	0
9	740	19702.494905357651	0
10	66	1260.90958600526	3
10	71	1361.802405325611	3
10	73	1420.965560531919	3
10	74	1434.470232648134	3
10	81	1543.132939645502	3
10	83	1563.022469519685	3
10	102	2030.38119802074	3
10	106	2095.752775666378	3
10	108	2146.202712113289	3
10	114	2294.663603354521	3
10	126	2908.902184868583	3
10	136	3348.191304468837	3
10	155	3883.316028047545	3
10	158	3975.379761364537	3
10	164	4169.284852988767	3
10	166	4228.743433545364	3
10	171	4356.654097495575	3
10	174	4522.48423452458	3
10	183	4939.482667222364	3
10	187	5042.746073443745	3
10	188	5068.768243785795	3
10	196	5639.606732076373	3
10	201	5838.666927874025	3
10	204	5901.820221159444	3
10	207	5988.549935377793	3
10	209	6025.008535443192	3
10	224	6823.873774699788	3
10	227	6919.998069786683	3
10	238	7105.152150599905	3
10	240	7132.100394766699	3
10	244	7234.496556600857	3
10	248	7296.366981354481	3
10	251	7364.928308105972	3
10	267	7805.004023120904	3
10	273	7959.71896440858	3
10	277	8002.386842360436	3
10	281	8065.092533258364	3
10	282	8087.152550661537	3
10	291	8225.146868970169	3
10	292	8241.853489404427	3
10	301	8374.514034874978	3
10	302	8377.911126920914	3
10	304	8396.826779170943	3
10	312	8554.984687068171	3
10	324	8872.467816627989	3
10	327	8992.031114846196	3
10	332	9219.036773555584	3
10	338	9543.216682148609	3
10	349	9784.48490560755	3
10	351	9792.372213798493	3
10	357	9977.870465972948	3
10	367	10104.7160228175	3
10	382	10382.788364214213	3
10	385	10425.373092675525	3
10	389	10518.322124765638	3
10	391	10559.24692310726	3
10	406	10790.598118038354	3
10	407	10803.884374615656	3
10	409	10871.693701353476	3
10	425	11535.643384653046	3
10	431	11693.511108828703	3
10	433	11710.125264788801	3
10	442	11842.897094166992	3
10	444	11875.405207564088	3
10	453	12011.459317660102	3
10	463	12126.610338445125	3
10	464	12128.743153416656	3
10	469	12200.678137309477	3
10	473	12249.270786305117	3
10	475	12256.841202094975	3
10	476	12258.784346969695	3
10	488	12466.800468687546	3
10	509	13003.219741243134	3
10	513	13045.141462093569	3
10	514	13088.790301575351	3
10	522	13202.874038477047	3
10	527	13318.749198126633	3
10	528	13368.648606869342	3
10	535	13677.095824823025	3
10	536	13681.919196075893	3
10	540	13818.221977311143	3
10	555	14704.89455428189	3
10	558	14833.464364180305	3
10	567	15225.666149718964	3
10	576	15480.727334323457	3
10	578	15565.969846483742	3
10	580	15662.845210899454	3
10	586	15862.841647577363	3
10	597	16158.769429010009	3
10	599	16181.643303056641	3
10	606	16319.675609807294	3
10	608	16387.579123039046	3
10	630	16704.214678927086	3
10	640	17260.660454850164	3
10	642	17271.188552798815	3
10	643	17289.533995788675	3
10	651	17439.920757169454	3
10	661	17578.403114253855	3
10	672	17829.669903054502	3
10	682	18004.264445408462	3
10	697	18267.547003874669	3
10	698	18271.93178984437	3
10	704	18316.067387374399	3
10	715	18541.562999933162	3
10	727	18905.558612516832	3
10	740	19702.494905357651	3
11	66	1260.90958600526	5421
11	71	1361.802405325611	5420
11	73	1420.965560531919	5422
11	74	1434.470232648134	5424
11	81	1543.132939645502	5425
11	83	1563.022469519685	5423
11	102	2030.38119802074	5428
11	106	2095.752775666378	5431
11	108	2146.202712113289	5429
11	114	2294.663603354521	5432
11	126	2908.902184868583	5433
11	136	3348.191304468837	5436
11	155	3883.316028047545	5439
11	158	3975.379761364537	5442
11	164	4169.284852988767	5441
11	166	4228.743433545364	5443
11	171	4356.654097495575	5444
11	174	4522.48423452458	5445
11	183	4939.482667222364	5446
11	187	5042.746073443745	5447
11	188	5068.768243785795	5448
11	196	5639.606732076373	5449
11	201	5838.666927874025	5450
11	204	5901.820221159444	5451
11	207	5988.549935377793	5453
11	209	6025.008535443192	5452
11	224	6823.873774699788	5454
11	227	6919.998069786683	5457
11	238	7105.152150599905	5459
11	240	7132.100394766699	5456
11	244	7234.496556600857	5458
11	248	7296.366981354481	5460
11	251	7364.928308105972	5462
11	267	7805.004023120904	5464
11	273	7959.71896440858	5463
11	277	8002.386842360436	5466
11	281	8065.092533258364	5465
11	282	8087.152550661537	5467
11	291	8225.146868970169	5469
11	292	8241.853489404427	5470
11	301	8374.514034874978	5472
11	302	8377.911126920914	5473
11	304	8396.826779170943	5468
11	312	8554.984687068171	5471
11	324	8872.467816627989	5474
11	327	8992.031114846196	5475
11	332	9219.036773555584	5476
11	338	9543.216682148609	5477
11	349	9784.48490560755	5478
11	351	9792.372213798493	5480
11	357	9977.870465972948	5481
11	367	10104.7160228175	5482
11	382	10382.788364214213	5485
11	385	10425.373092675525	5487
11	389	10518.322124765638	5486
11	391	10559.24692310726	5488
11	406	10790.598118038354	5489
11	407	10803.884374615656	5490
11	409	10871.693701353476	5492
11	425	11535.643384653046	5494
11	431	11693.511108828703	5495
11	433	11710.125264788801	5497
11	442	11842.897094166992	5500
11	444	11875.405207564088	5496
11	453	12011.459317660102	5498
11	463	12126.610338445125	5499
11	464	12128.743153416656	5503
11	469	12200.678137309477	5502
11	473	12249.270786305117	5504
11	475	12256.841202094975	5501
11	476	12258.784346969695	5505
11	488	12466.800468687546	5508
11	509	13003.219741243134	5509
11	513	13045.141462093569	5512
11	514	13088.790301575351	5510
11	522	13202.874038477047	5515
11	527	13318.749198126633	5513
11	528	13368.648606869342	5516
11	535	13677.095824823025	5517
11	536	13681.919196075893	5518
11	540	13818.221977311143	5519
11	555	14704.89455428189	5522
11	558	14833.464364180305	5523
11	567	15225.666149718964	5524
11	576	15480.727334323457	5526
11	578	15565.969846483742	5525
11	580	15662.845210899454	5527
11	586	15862.841647577363	5528
11	597	16158.769429010009	5530
11	599	16181.643303056641	5531
11	606	16319.675609807294	5533
11	608	16387.579123039046	5532
11	630	16704.214678927086	5534
11	640	17260.660454850164	5540
11	642	17271.188552798815	5541
11	643	17289.533995788675	5539
11	651	17439.920757169454	5543
11	661	17578.403114253855	5545
11	672	17829.669903054502	5546
11	682	18004.264445408462	5549
11	697	18267.547003874669	5553
11	698	18271.93178984437	5550
11	704	18316.067387374399	5554
11	715	18541.562999933162	5556
11	727	18905.558612516832	5557
11	740	19702.494905357651	5561
12	257	7502.366981354481	409
12	305	8431.146868970169	409
12	378	10310.7160228175	409
12	393	10588.788364214213	409
12	415	11009.884374615656	409
12	435	11741.643384653046	512
12	445	11899.511108828703	409
12	486	12455.270786305117	409
12	543	13887.919196075893	306
12	573	15431.666149718964	512
12	582	15686.727334323457	409
12	621	16525.675609807294	306
12	623	16593.579123039046	409
12	653	17466.660454850164	306
13	257	7502.366981354481	9
13	305	8431.146868970169	9
13	378	10310.7160228175	9
13	393	10588.788364214213	9
13	415	11009.884374615656	9
13	435	11741.643384653046	12
13	445	11899.511108828703	9
13	486	12455.270786305117	9
13	543	13887.919196075893	6
13	573	15431.666149718964	12
13	582	15686.727334323457	9
13	621	16525.675609807294	6
13	623	16593.579123039046	9
13	653	17466.660454850164	6
14	257	7502.366981354481	3
14	305	8431.146868970169	3
14	378	10310.7160228175	3
14	393	10588.788364214213	3
14	415	11009.884374615656	3
14	435	11741.643384653046	4
14	445	11899.511108828703	3
14	486	12455.270786305117	3
14	543	13887.919196075893	2
14	573	15431.666149718964	4
14	582	15686.727334323457	3
14	621	16525.675609807294	2
14	623	16593.579123039046	3
14	653	17466.660454850164	2
15	90	1743.470232648134	512
15	97	1869.942655059216	306
15	262	7673.928308105972	409
15	303	8396.152550661537	512
15	491	12567.784346969695	409
15	546	13986.095824823025	512
15	562	15013.89455428189	512
15	591	15971.845210899454	512
15	628	16676.898685673808	203
15	684	18064.891793713046	306
15	731	19047.862617683895	203
16	90	1743.470232648134	12
16	97	1869.942655059216	6
16	262	7673.928308105972	9
16	303	8396.152550661537	12
16	491	12567.784346969695	9
16	546	13986.095824823025	12
16	562	15013.89455428189	12
16	591	15971.845210899454	12
16	628	16676.898685673808	3
16	684	18064.891793713046	6
16	731	19047.862617683895	3
17	90	1743.470232648134	4
17	97	1869.942655059216	2
17	262	7673.928308105972	3
17	303	8396.152550661537	4
17	491	12567.784346969695	3
17	546	13986.095824823025	4
17	562	15013.89455428189	4
17	591	15971.845210899454	4
17	628	16676.898685673808	1
17	684	18064.891793713046	2
17	731	19047.862617683895	1
18	55	1075.734689399651	203
18	96	1861.063787342856	306
18	116	2339.38119802074	512
18	120	2603.663603354521	512
18	169	4284.379761364537	512
18	214	6210.820221159444	409
18	285	8114.004023120904	409
18	318	8683.514034874978	409
18	331	9181.467816627989	512
18	365	10093.48490560755	512
18	366	10101.372213798493	512
18	402	10734.373092675525	512
18	454	12019.125264788801	409
18	548	14086.871594717499	203
18	596	16149.909244571123	306
18	598	16171.841647577363	409
18	614	16467.769429010009	512
18	662	17580.188552798815	409
18	663	17598.533995788675	512
18	716	18576.547003874669	409
18	726	18850.562999933162	409
18	738	19504.866406639697	306
19	55	1075.734689399651	3
19	96	1861.063787342856	6
19	116	2339.38119802074	12
19	120	2603.663603354521	12
19	169	4284.379761364537	12
19	214	6210.820221159444	9
19	285	8114.004023120904	9
19	318	8683.514034874978	9
19	331	9181.467816627989	12
19	365	10093.48490560755	12
19	366	10101.372213798493	12
19	402	10734.373092675525	12
19	454	12019.125264788801	9
19	548	14086.871594717499	3
19	596	16149.909244571123	6
19	598	16171.841647577363	9
19	614	16467.769429010009	12
19	662	17580.188552798815	9
19	663	17598.533995788675	12
19	716	18576.547003874669	9
19	726	18850.562999933162	9
19	738	19504.866406639697	6
20	55	1075.734689399651	1
20	96	1861.063787342856	2
20	116	2339.38119802074	4
20	120	2603.663603354521	4
20	169	4284.379761364537	4
20	214	6210.820221159444	3
20	285	8114.004023120904	3
20	318	8683.514034874978	3
20	331	9181.467816627989	4
20	365	10093.48490560755	4
20	366	10101.372213798493	4
20	402	10734.373092675525	4
20	454	12019.125264788801	3
20	548	14086.871594717499	1
20	596	16149.909244571123	2
20	598	16171.841647577363	3
20	614	16467.769429010009	4
20	662	17580.188552798815	3
20	663	17598.533995788675	4
20	716	18576.547003874669	3
20	726	18850.562999933162	3
20	738	19504.866406639697	2
21	152	3821.136283317761	409
21	156	3899.880122809629	203
21	315	8653.853489404427	512
21	323	8789.911126920914	512
21	342	9631.036773555584	512
21	354	9894.848599578949	306
21	387	10482.537329101572	409
21	493	12641.02690591082	409
21	624	16593.643303056641	512
21	631	16715.402721595395	306
21	654	17471.68002779856	409
21	667	17668.733464999355	203
21	699	18294.694239347773	203
21	702	18311.572945254855	409
21	708	18416.264445408462	512
21	718	18616.890944789721	306
21	733	19156.55683175829	409
22	152	3821.136283317761	9
22	156	3899.880122809629	3
22	315	8653.853489404427	12
22	323	8789.911126920914	12
22	342	9631.036773555584	12
22	354	9894.848599578949	6
22	387	10482.537329101572	9
22	493	12641.02690591082	9
22	624	16593.643303056641	12
22	631	16715.402721595395	6
22	654	17471.68002779856	9
22	667	17668.733464999355	3
22	699	18294.694239347773	3
22	702	18311.572945254855	9
22	708	18416.264445408462	12
22	718	18616.890944789721	6
22	733	19156.55683175829	9
23	152	3821.136283317761	3
23	156	3899.880122809629	1
23	315	8653.853489404427	4
23	323	8789.911126920914	4
23	342	9631.036773555584	4
23	354	9894.848599578949	2
23	387	10482.537329101572	3
23	493	12641.02690591082	3
23	624	16593.643303056641	4
23	631	16715.402721595395	2
23	654	17471.68002779856	3
23	667	17668.733464999355	1
23	699	18294.694239347773	1
23	702	18311.572945254855	3
23	708	18416.264445408462	4
23	718	18616.890944789721	2
23	733	19156.55683175829	3
24	63	1234.503970724635	306
24	109	2162.379173424242	203
24	132	3140.130560348235	409
24	180	4768.654097495575	512
24	193	5480.768243785795	512
24	236	7080.457456078956	409
24	258	7517.152150599905	512
24	260	7603.316486570931	409
24	383	10401.459401778959	409
24	416	11043.686917424582	409
24	422	11394.525553136933	409
24	474	12254.897094166992	512
24	501	12878.800468687546	512
24	511	13018.889183923127	203
24	629	16700.19031012497	306
24	664	17609.043447168606	409
24	680	17990.403114253855	512
25	63	1234.503970724635	6
25	109	2162.379173424242	3
25	132	3140.130560348235	9
25	180	4768.654097495575	12
25	193	5480.768243785795	12
25	236	7080.457456078956	9
25	258	7517.152150599905	12
25	260	7603.316486570931	9
25	383	10401.459401778959	9
25	416	11043.686917424582	9
25	422	11394.525553136933	9
25	474	12254.897094166992	12
25	501	12878.800468687546	12
25	511	13018.889183923127	3
25	629	16700.19031012497	6
25	664	17609.043447168606	9
25	680	17990.403114253855	12
26	63	1234.503970724635	2
26	109	2162.379173424242	1
26	132	3140.130560348235	3
26	180	4768.654097495575	4
26	193	5480.768243785795	4
26	236	7080.457456078956	3
26	258	7517.152150599905	4
26	260	7603.316486570931	3
26	383	10401.459401778959	3
26	416	11043.686917424582	3
26	422	11394.525553136933	3
26	474	12254.897094166992	4
26	501	12878.800468687546	4
26	511	13018.889183923127	1
26	629	16700.19031012497	2
26	664	17609.043447168606	3
26	680	17990.403114253855	4
27	89	1666.022469519685	512
27	129	3011.902184868583	409
27	139	3451.191304468837	306
27	159	3986.316028047545	512
27	168	4272.284852988767	512
27	170	4331.743433545364	306
27	176	4625.48423452458	203
27	186	5042.482667222364	306
27	230	6926.873774699788	409
27	245	7235.100394766699	512
27	280	8062.71896440858	409
27	288	8168.092533258364	409
27	310	8499.826779170943	512
27	410	10893.598118038354	306
27	470	12229.610338445125	512
27	516	13106.219741243134	409
27	521	13191.790301575351	409
27	529	13421.749198126633	512
27	709	18419.067387374399	203
28	89	1666.022469519685	12
28	129	3011.902184868583	9
28	139	3451.191304468837	6
28	159	3986.316028047545	12
28	168	4272.284852988767	12
28	170	4331.743433545364	6
28	176	4625.48423452458	3
28	186	5042.482667222364	6
28	230	6926.873774699788	9
28	245	7235.100394766699	12
28	280	8062.71896440858	9
28	288	8168.092533258364	9
28	310	8499.826779170943	12
28	410	10893.598118038354	6
28	470	12229.610338445125	12
28	516	13106.219741243134	9
28	521	13191.790301575351	9
28	529	13421.749198126633	12
28	709	18419.067387374399	3
29	89	1666.022469519685	4
29	129	3011.902184868583	3
29	139	3451.191304468837	2
29	159	3986.316028047545	4
29	168	4272.284852988767	4
29	170	4331.743433545364	2
29	176	4625.48423452458	1
29	186	5042.482667222364	2
29	230	6926.873774699788	3
29	245	7235.100394766699	4
29	280	8062.71896440858	3
29	288	8168.092533258364	3
29	310	8499.826779170943	4
29	410	10893.598118038354	2
29	470	12229.610338445125	4
29	516	13106.219741243134	3
29	521	13191.790301575351	3
29	529	13421.749198126633	4
29	709	18419.067387374399	1
30	77	1464.802405325611	512
30	79	1523.965560531919	409
30	113	2249.202712113289	409
30	189	5145.746073443745	409
30	206	5941.666927874025	306
30	233	7022.998069786683	203
30	250	7337.496556600857	512
30	284	8105.386842360436	306
30	329	9095.031114846196	306
30	395	10621.322124765638	409
30	413	10974.693701353476	306
30	462	12114.459317660102	409
30	471	12231.743153416656	203
30	478	12303.678137309477	306
30	481	12359.841202094975	512
30	526	13305.874038477047	203
30	530	13471.648606869342	306
30	581	15668.969846483742	512
30	632	16807.214678927086	512
30	730	19008.558612516832	512
31	77	1464.802405325611	12
31	79	1523.965560531919	9
31	113	2249.202712113289	9
31	189	5145.746073443745	9
31	206	5941.666927874025	6
31	233	7022.998069786683	3
31	250	7337.496556600857	12
31	284	8105.386842360436	6
31	329	9095.031114846196	6
31	395	10621.322124765638	9
31	413	10974.693701353476	6
31	462	12114.459317660102	9
31	471	12231.743153416656	3
31	478	12303.678137309477	6
31	481	12359.841202094975	12
31	526	13305.874038477047	3
31	530	13471.648606869342	6
31	581	15668.969846483742	12
31	632	16807.214678927086	12
31	730	19008.558612516832	12
32	77	1464.802405325611	4
32	79	1523.965560531919	3
32	113	2249.202712113289	3
32	189	5145.746073443745	3
32	206	5941.666927874025	2
32	233	7022.998069786683	1
32	250	7337.496556600857	4
32	284	8105.386842360436	2
32	329	9095.031114846196	2
32	395	10621.322124765638	3
32	413	10974.693701353476	2
32	462	12114.459317660102	3
32	471	12231.743153416656	1
32	478	12303.678137309477	2
32	481	12359.841202094975	4
32	526	13305.874038477047	1
32	530	13471.648606869342	2
32	581	15668.969846483742	4
32	632	16807.214678927086	4
32	730	19008.558612516832	4
33	78	1466.90958600526	512
33	91	1749.132939645502	409
33	115	2301.752775666378	306
33	131	3087.10379382011	203
33	141	3499.717892852373	203
33	202	5845.606732076373	306
33	213	6194.549935377793	306
33	215	6231.008535443192	409
33	320	8760.984687068171	512
33	347	9749.216682148609	409
33	370	10183.870465972948	409
33	404	10765.24692310726	306
33	460	12081.405207564088	512
33	489	12491.535250949997	203
33	518	13144.069160339477	203
33	524	13251.141462093569	409
33	547	14024.221977311143	409
33	552	14529.32581548275	203
33	564	15039.464364180305	409
33	666	17645.920757169454	306
33	683	18035.669903054502	409
33	700	18308.925901210736	203
33	712	18477.93178984437	512
33	742	19908.494905357651	409
34	78	1466.90958600526	12
34	91	1749.132939645502	9
34	115	2301.752775666378	6
34	131	3087.10379382011	3
34	141	3499.717892852373	3
34	202	5845.606732076373	6
34	213	6194.549935377793	6
34	215	6231.008535443192	9
34	320	8760.984687068171	12
34	347	9749.216682148609	9
34	370	10183.870465972948	9
34	404	10765.24692310726	6
34	460	12081.405207564088	12
34	489	12491.535250949997	3
34	518	13144.069160339477	3
34	524	13251.141462093569	9
34	547	14024.221977311143	9
34	552	14529.32581548275	3
34	564	15039.464364180305	9
34	666	17645.920757169454	6
34	683	18035.669903054502	9
34	700	18308.925901210736	3
34	712	18477.93178984437	12
34	742	19908.494905357651	9
35	78	1466.90958600526	4
35	91	1749.132939645502	3
35	115	2301.752775666378	2
35	131	3087.10379382011	1
35	141	3499.717892852373	1
35	202	5845.606732076373	2
35	213	6194.549935377793	2
35	215	6231.008535443192	3
35	320	8760.984687068171	4
35	347	9749.216682148609	3
35	370	10183.870465972948	3
35	404	10765.24692310726	2
35	460	12081.405207564088	4
35	489	12491.535250949997	1
35	518	13144.069160339477	1
35	524	13251.141462093569	3
35	547	14024.221977311143	3
35	552	14529.32581548275	1
35	564	15039.464364180305	3
35	666	17645.920757169454	2
35	683	18035.669903054502	3
35	700	18308.925901210736	1
35	712	18477.93178984437	4
35	742	19908.494905357651	3

