version 3
run CircleMode-13-20260125-17:00:39-1385
attr configname CircleMode
attr datetime 20260125-17:00:39
attr datetimef 20260125-170039
attr experiment CircleMode
attr inifile simulations/nwsim_project/omnetpp.ini
attr iterationvars ""
attr iterationvarsd ""
attr iterationvarsf ""
attr measurement ""
attr network CrossTraffic
attr processid 1385
attr repetition 13
attr replication #13
attr resultdir results
attr runnumber 13
attr seedset 13
config description "Junction circle mode with simple routing"
config *.Junc*.junctionMode "\"circle\""
config network CrossTraffic
config sim-time-limit 20000s
config warmup-period 1000s
config repeat 50
config **.scalar-recording true
config **.vector-recording true
config *.Junc*.junctionMode "\"queue\""
config *.EndNW.spawnInterval exponential(800s)
config *.EndNE.spawnInterval exponential(1200s)
config *.EndEN.spawnInterval exponential(1000s)
config *.EndES.spawnInterval exponential(1500s)
config *.EndSE.spawnInterval exponential(900s)
config *.EndSW.spawnInterval exponential(1100s)
config *.EndWS.spawnInterval exponential(1300s)
config *.EndWN.spawnInterval exponential(1400s)

vector 0 CrossTraffic.JuncNW queueLength:vector ETV
attr interpolationmode sample-hold
attr recordingmode vector
attr source queueLength
attr title "Queue Length"
vector 1 CrossTraffic.JuncNW junctionProcessingTime:vector ETV
attr recordingmode vector
attr source junctionProcessingTime
attr title "Junction Processing Time"
vector 2 CrossTraffic.JuncNW vehicleCount:vector ETV
attr recordingmode vector
attr source vehicleCount
attr title "Vehicle Count"
vector 3 CrossTraffic.JuncNE queueLength:vector ETV
attr interpolationmode sample-hold
attr recordingmode vector
attr source queueLength
attr title "Queue Length"
vector 4 CrossTraffic.JuncNE junctionProcessingTime:vector ETV
attr recordingmode vector
attr source junctionProcessingTime
attr title "Junction Processing Time"
vector 5 CrossTraffic.JuncNE vehicleCount:vector ETV
attr recordingmode vector
attr source vehicleCount
attr title "Vehicle Count"
vector 6 CrossTraffic.JuncSE queueLength:vector ETV
attr interpolationmode sample-hold
attr recordingmode vector
attr source queueLength
attr title "Queue Length"
vector 7 CrossTraffic.JuncSE junctionProcessingTime:vector ETV
attr recordingmode vector
attr source junctionProcessingTime
attr title "Junction Processing Time"
vector 8 CrossTraffic.JuncSE vehicleCount:vector ETV
attr recordingmode vector
attr source vehicleCount
attr title "Vehicle Count"
vector 9 CrossTraffic.JuncSW queueLength:vector ETV
attr interpolationmode sample-hold
attr recordingmode vector
attr source queueLength
attr title "Queue Length"
vector 10 CrossTraffic.JuncSW junctionProcessingTime:vector ETV
attr recordingmode vector
attr source junctionProcessingTime
attr title "Junction Processing Time"
vector 11 CrossTraffic.JuncSW vehicleCount:vector ETV
attr recordingmode vector
attr source vehicleCount
attr title "Vehicle Count"
vector 12 CrossTraffic.EndNW travelTime:vector ETV
attr recordingmode vector
attr source travelTime
attr title "Vehicle Travel Time"
vector 13 CrossTraffic.EndNW junctionTime:vector ETV
attr recordingmode vector
attr source junctionTime
attr title "Total Junction Time per Vehicle"
vector 14 CrossTraffic.EndNW junctionCount:vector ETV
attr recordingmode vector
attr source junctionCount
attr title "Junctions Visited per Vehicle"
vector 15 CrossTraffic.EndNE travelTime:vector ETV
attr recordingmode vector
attr source travelTime
attr title "Vehicle Travel Time"
vector 16 CrossTraffic.EndNE junctionTime:vector ETV
attr recordingmode vector
attr source junctionTime
attr title "Total Junction Time per Vehicle"
vector 17 CrossTraffic.EndNE junctionCount:vector ETV
attr recordingmode vector
attr source junctionCount
attr title "Junctions Visited per Vehicle"
vector 18 CrossTraffic.EndEN travelTime:vector ETV
attr recordingmode vector
attr source travelTime
attr title "Vehicle Travel Time"
vector 19 CrossTraffic.EndEN junctionTime:vector ETV
attr recordingmode vector
attr source junctionTime
attr title "Total Junction Time per Vehicle"
vector 20 CrossTraffic.EndEN junctionCount:vector ETV
attr recordingmode vector
attr source junctionCount
attr title "Junctions Visited per Vehicle"
vector 21 CrossTraffic.EndES travelTime:vector ETV
attr recordingmode vector
attr source travelTime
attr title "Vehicle Travel Time"
vector 22 CrossTraffic.EndES junctionTime:vector ETV
attr recordingmode vector
attr source junctionTime
attr title "Total Junction Time per Vehicle"
vector 23 CrossTraffic.EndES junctionCount:vector ETV
attr recordingmode vector
attr source junctionCount
attr title "Junctions Visited per Vehicle"
vector 24 CrossTraffic.EndSE travelTime:vector ETV
attr recordingmode vector
attr source travelTime
attr title "Vehicle Travel Time"
vector 25 CrossTraffic.EndSE junctionTime:vector ETV
attr recordingmode vector
attr source junctionTime
attr title "Total Junction Time per Vehicle"
vector 26 CrossTraffic.EndSE junctionCount:vector ETV
attr recordingmode vector
attr source junctionCount
attr title "Junctions Visited per Vehicle"
vector 27 CrossTraffic.EndSW travelTime:vector ETV
attr recordingmode vector
attr source travelTime
attr title "Vehicle Travel Time"
vector 28 CrossTraffic.EndSW junctionTime:vector ETV
attr recordingmode vector
attr source junctionTime
attr title "Total Junction Time per Vehicle"
vector 29 CrossTraffic.EndSW junctionCount:vector ETV
attr recordingmode vector
attr source junctionCount
attr title "Junctions Visited per Vehicle"
vector 30 CrossTraffic.EndWS travelTime:vector ETV
attr recordingmode vector
attr source travelTime
attr title "Vehicle Travel Time"
vector 31 CrossTraffic.EndWS junctionTime:vector ETV
attr recordingmode vector
attr source junctionTime
attr title "Total Junction Time per Vehicle"
vector 32 CrossTraffic.EndWS junctionCount:vector ETV
attr recordingmode vector
attr source junctionCount
attr title "Junctions Visited per Vehicle"
vector 33 CrossTraffic.EndWN travelTime:vector ETV
attr recordingmode vector
attr source travelTime
attr title "Vehicle Travel Time"
vector 34 CrossTraffic.EndWN junctionTime:vector ETV
attr recordingmode vector
attr source junctionTime
attr title "Total Junction Time per Vehicle"
vector 35 CrossTraffic.EndWN junctionCount:vector ETV
attr recordingmode vector
attr source junctionCount
attr title "Junctions Visited per Vehicle"
0	53	1236.986974610001	0
0	57	1362.32159686395	0
0	66	1612.784398951091	0
0	71	1709.843933236176	0
0	79	1868.904004748873	0
0	88	2030.995414057753	0
0	97	2194.194012508638	0
0	99	2229.860058617101	0
0	113	2675.974126752076	0
0	114	2751.53664527629	0
0	130	3392.996498352073	0
0	131	3397.058386106047	0
0	132	3403.525922094714	0
0	142	3867.515259277245	0
0	153	4180.08822531624	0
0	156	4267.633110281925	0
0	163	4406.734694290101	0
0	166	4461.434653071177	0
0	170	4522.928705409692	0
0	180	4750.070544425468	0
0	192	5067.144620772211	0
0	199	5240.188641661592	0
0	216	5758.921827227854	0
0	217	5780.964995109189	0
0	223	6071.201792598234	0
0	234	6424.246447332821	0
0	238	6489.53079018133	0
0	244	6580.785553006003	0
0	250	6656.979713309883	0
0	257	6811.418730366722	0
0	258	6829.546686181722	0
0	276	7361.645598462609	0
0	281	7529.593086899635	0
0	292	7825.483588876505	0
0	293	7847.379409377705	0
0	301	8109.816221647209	0
0	303	8121.588768871089	0
0	306	8211.926662565347	0
0	329	9008.418309749196	0
0	336	9198.994879443462	0
0	339	9252.046790404188	0
0	348	10167.363643965885	0
0	352	10277.815775352907	0
0	359	10734.312551892897	0
0	371	11049.576079953889	0
0	374	11127.919254045622	0
0	384	11421.403354766814	0
0	395	11631.851029319817	0
0	399	11720.115517861311	0
0	401	11803.269515678802	0
0	409	11915.1269997298	0
0	411	11934.30800849041	0
0	413	12009.12092259204	0
0	425	12354.375956998188	0
0	432	12910.592175612977	0
0	441	13402.417301256854	0
0	442	13404.581167116514	0
0	450	13741.910926218966	0
0	461	14140.795818051315	0
0	468	14246.961372923856	0
0	471	14330.299582639525	0
0	477	14390.753930522706	0
0	480	14436.449062255839	0
0	489	14544.60492369446	0
0	500	14695.032388495595	0
0	501	14698.652044248427	0
0	502	14732.879996116128	0
0	513	14903.613668443419	0
0	517	14997.796300230803	0
0	521	15055.801410659435	0
0	530	15462.564230204846	0
0	532	15558.389568663129	0
0	538	15660.703557695649	0
0	544	15853.51737699796	0
0	562	16214.033651471233	0
0	579	16531.487780422162	0
0	587	16861.268655421799	0
0	592	17017.404331867111	0
0	601	17221.679817008778	0
0	609	17418.517167067769	0
0	611	17456.633219841701	0
0	617	17583.327940345156	0
0	628	18254.521740606375	0
0	632	18313.020180741973	0
0	646	18604.732243624222	0
0	663	18933.766651495122	0
0	668	19091.640242887434	0
0	669	19110.869616322005	0
0	673	19211.017540305542	0
0	680	19315.406334106276	0
0	687	19427.426979048616	0
0	699	19580.787134997375	0
0	700	19587.563929216262	0
0	721	19825.752581118369	0
0	724	19838.443496062825	0
0	727	19879.074633875932	0
0	728	19884.662195152355	0
0	732	19932.635831028533	0
1	53	1236.986974610001	3
1	57	1362.32159686395	3
1	66	1612.784398951091	3
1	71	1709.843933236176	3
1	79	1868.904004748873	3
1	88	2030.995414057753	3
1	97	2194.194012508638	3
1	99	2229.860058617101	3
1	113	2675.974126752076	3
1	114	2751.53664527629	3
1	130	3392.996498352073	3
1	131	3397.058386106047	3
1	132	3403.525922094714	3
1	142	3867.515259277245	3
1	153	4180.08822531624	3
1	156	4267.633110281925	3
1	163	4406.734694290101	3
1	166	4461.434653071177	3
1	170	4522.928705409692	3
1	180	4750.070544425468	3
1	192	5067.144620772211	3
1	199	5240.188641661592	3
1	216	5758.921827227854	3
1	217	5780.964995109189	3
1	223	6071.201792598234	3
1	234	6424.246447332821	3
1	238	6489.53079018133	3
1	244	6580.785553006003	3
1	250	6656.979713309883	3
1	257	6811.418730366722	3
1	258	6829.546686181722	3
1	276	7361.645598462609	3
1	281	7529.593086899635	3
1	292	7825.483588876505	3
1	293	7847.379409377705	3
1	301	8109.816221647209	3
1	303	8121.588768871089	3
1	306	8211.926662565347	3
1	329	9008.418309749196	3
1	336	9198.994879443462	3
1	339	9252.046790404188	3
1	348	10167.363643965885	3
1	352	10277.815775352907	3
1	359	10734.312551892897	3
1	371	11049.576079953889	3
1	374	11127.919254045622	3
1	384	11421.403354766814	3
1	395	11631.851029319817	3
1	399	11720.115517861311	3
1	401	11803.269515678802	3
1	409	11915.1269997298	3
1	411	11934.30800849041	3
1	413	12009.12092259204	3
1	425	12354.375956998188	3
1	432	12910.592175612977	3
1	441	13402.417301256854	3
1	442	13404.581167116514	3
1	450	13741.910926218966	3
1	461	14140.795818051315	3
1	468	14246.961372923856	3
1	471	14330.299582639525	3
1	477	14390.753930522706	3
1	480	14436.449062255839	3
1	489	14544.60492369446	3
1	500	14695.032388495595	3
1	501	14698.652044248427	3
1	502	14732.879996116128	3
1	513	14903.613668443419	3
1	517	14997.796300230803	3
1	521	15055.801410659435	3
1	530	15462.564230204846	3
1	532	15558.389568663129	3
1	538	15660.703557695649	3
1	544	15853.51737699796	3
1	562	16214.033651471233	3
1	579	16531.487780422162	3
1	587	16861.268655421799	3
1	592	17017.404331867111	3
1	601	17221.679817008778	3
1	609	17418.517167067769	3
1	611	17456.633219841701	3
1	617	17583.327940345156	3
1	628	18254.521740606375	3
1	632	18313.020180741973	3
1	646	18604.732243624222	3
1	663	18933.766651495122	3
1	668	19091.640242887434	3
1	669	19110.869616322005	3
1	673	19211.017540305542	3
1	680	19315.406334106276	3
1	687	19427.426979048616	3
1	699	19580.787134997375	3
1	700	19587.563929216262	3
1	721	19825.752581118369	3
1	724	19838.443496062825	3
1	727	19879.074633875932	3
1	728	19884.662195152355	3
1	732	19932.635831028533	3
2	53	1236.986974610001	2054
2	57	1362.32159686395	2055
2	66	1612.784398951091	2056
2	71	1709.843933236176	2058
2	79	1868.904004748873	2061
2	88	2030.995414057753	2059
2	97	2194.194012508638	2062
2	99	2229.860058617101	2063
2	113	2675.974126752076	2065
2	114	2751.53664527629	2066
2	130	3392.996498352073	2069
2	131	3397.058386106047	2070
2	132	3403.525922094714	2071
2	142	3867.515259277245	2072
2	153	4180.08822531624	2074
2	156	4267.633110281925	2073
2	163	4406.734694290101	2077
2	166	4461.434653071177	2075
2	170	4522.928705409692	2076
2	180	4750.070544425468	2080
2	192	5067.144620772211	2081
2	199	5240.188641661592	2084
2	216	5758.921827227854	2087
2	217	5780.964995109189	2088
2	223	6071.201792598234	2089
2	234	6424.246447332821	2092
2	238	6489.53079018133	2091
2	244	6580.785553006003	2095
2	250	6656.979713309883	2097
2	257	6811.418730366722	2096
2	258	6829.546686181722	2094
2	276	7361.645598462609	2098
2	281	7529.593086899635	2100
2	292	7825.483588876505	2104
2	293	7847.379409377705	2103
2	301	8109.816221647209	2105
2	303	8121.588768871089	2106
2	306	8211.926662565347	2107
2	329	9008.418309749196	2111
2	336	9198.994879443462	2112
2	339	9252.046790404188	2114
2	348	10167.363643965885	2116
2	352	10277.815775352907	2117
2	359	10734.312551892897	2118
2	371	11049.576079953889	2121
2	374	11127.919254045622	2119
2	384	11421.403354766814	2124
2	395	11631.851029319817	2128
2	399	11720.115517861311	2126
2	401	11803.269515678802	2127
2	409	11915.1269997298	2129
2	411	11934.30800849041	2131
2	413	12009.12092259204	2130
2	425	12354.375956998188	2132
2	432	12910.592175612977	2134
2	441	13402.417301256854	2136
2	442	13404.581167116514	2137
2	450	13741.910926218966	2138
2	461	14140.795818051315	2139
2	468	14246.961372923856	2140
2	471	14330.299582639525	2144
2	477	14390.753930522706	2142
2	480	14436.449062255839	2146
2	489	14544.60492369446	2143
2	500	14695.032388495595	2147
2	501	14698.652044248427	2151
2	502	14732.879996116128	2148
2	513	14903.613668443419	2152
2	517	14997.796300230803	2150
2	521	15055.801410659435	2153
2	530	15462.564230204846	2154
2	532	15558.389568663129	2155
2	538	15660.703557695649	2158
2	544	15853.51737699796	2156
2	562	16214.033651471233	2162
2	579	16531.487780422162	2166
2	587	16861.268655421799	2167
2	592	17017.404331867111	2168
2	601	17221.679817008778	2171
2	609	17418.517167067769	2173
2	611	17456.633219841701	2172
2	617	17583.327940345156	2174
2	628	18254.521740606375	2176
2	632	18313.020180741973	2177
2	646	18604.732243624222	2180
2	663	18933.766651495122	2186
2	668	19091.640242887434	2185
2	669	19110.869616322005	2187
2	673	19211.017540305542	2188
2	680	19315.406334106276	2189
2	687	19427.426979048616	2191
2	699	19580.787134997375	2194
2	700	19587.563929216262	2190
2	721	19825.752581118369	2199
2	724	19838.443496062825	2195
2	727	19879.074633875932	2198
2	728	19884.662195152355	2193
2	732	19932.635831028533	2197
3	49	1034.819701424687	0
3	56	1339.986974610001	0
3	60	1465.32159686395	0
3	73	1721.995414057753	0
3	75	1771.555127013228	0
3	77	1812.843933236176	0
3	83	1971.904004748873	0
3	102	2332.860058617101	0
3	117	2854.53664527629	0
3	121	3005.259036700357	0
3	122	3083.996498352073	0
3	134	3500.058386106047	0
3	135	3506.525922094714	0
3	144	3970.515259277245	0
3	150	4152.434653071177	0
3	157	4283.08822531624	0
3	161	4370.633110281925	0
3	169	4509.734694290101	0
3	171	4544.858254292813	0
3	185	4853.070544425468	0
3	194	5129.910747388169	0
3	196	5170.144620772211	0
3	201	5343.188641661592	0
3	218	5861.921827227854	0
3	219	5883.964995109189	0
3	225	6174.201792598234	0
3	226	6243.153972846531	0
3	240	6520.546686181722	0
3	241	6527.246447332821	0
3	245	6592.53079018133	0
3	251	6683.785553006003	0
3	255	6759.979713309883	0
3	261	6914.418730366722	0
3	267	7052.645598462609	0
3	278	7435.853632764183	0
3	284	7572.376574886201	0
3	296	7928.483588876505	0
3	307	8212.816221647209	0
3	308	8224.588768871089	0
3	309	8245.374242776825	0
3	310	8314.926662565347	0
3	320	8790.171779808749	0
3	322	8817.256013070541	0
3	333	9098.503655798898	0
3	334	9111.418309749196	0
3	342	9355.046790404188	0
3	347	10094.426318469268	0
3	351	10270.363643965885	0
3	354	10380.815775352907	0
3	361	10818.919254045622	0
3	362	10837.312551892897	0
3	363	10876.360650358741	0
3	372	11050.827604679856	0
3	385	11451.045939670955	0
3	400	11734.851029319817	0
3	404	11823.115517861311	0
3	414	12018.1269997298	0
3	415	12037.30800849041	0
3	417	12112.12092259204	0
3	428	12557.91061485778	0
3	443	13432.910926218966	0
3	444	13505.417301256854	0
3	445	13507.581167116514	0
3	455	13937.961372923856	0
3	463	14165.612742797863	0
3	466	14235.60492369446	0
3	478	14433.299582639525	0
3	479	14434.152695612877	0
3	488	14539.449062255839	0
3	499	14688.796300230803	0
3	505	14798.032388495595	0
3	506	14801.652044248427	0
3	508	14835.879996116128	0
3	518	15006.613668443419	0
3	525	15153.564230204846	0
3	539	15661.389568663129	0
3	542	15763.703557695649	0
3	554	16089.607783069501	0
3	556	16115.575550681019	0
3	559	16189.300706552074	0
3	568	16303.925598727232	0
3	569	16317.033651471233	0
3	582	16634.487780422162	0
3	593	17068.016511827137	0
3	594	17113.66775694073	0
3	595	17120.404331867111	0
3	606	17324.679817008778	0
3	631	18307.533750256574	0
3	634	18374.595897187176	0
3	643	18550.33909119419	0
3	647	18615.516982237353	0
3	650	18670.922510421198	0
3	652	18707.732243624222	0
3	660	18869.041958005206	0
3	667	19036.766651495122	0
3	672	19194.640242887434	0
3	679	19314.017540305542	0
3	686	19418.406334106276	0
3	694	19530.426979048616	0
3	698	19575.662195152355	0
3	706	19660.634141145809	0
3	710	19683.787134997375	0
3	734	19941.443496062825	0
4	49	1034.819701424687	3
4	56	1339.986974610001	3
4	60	1465.32159686395	3
4	73	1721.995414057753	3
4	75	1771.555127013228	3
4	77	1812.843933236176	3
4	83	1971.904004748873	3
4	102	2332.860058617101	3
4	117	2854.53664527629	3
4	121	3005.259036700357	3
4	122	3083.996498352073	3
4	134	3500.058386106047	3
4	135	3506.525922094714	3
4	144	3970.515259277245	3
4	150	4152.434653071177	3
4	157	4283.08822531624	3
4	161	4370.633110281925	3
4	169	4509.734694290101	3
4	171	4544.858254292813	3
4	185	4853.070544425468	3
4	194	5129.910747388169	3
4	196	5170.144620772211	3
4	201	5343.188641661592	3
4	218	5861.921827227854	3
4	219	5883.964995109189	3
4	225	6174.201792598234	3
4	226	6243.153972846531	3
4	240	6520.546686181722	3
4	241	6527.246447332821	3
4	245	6592.53079018133	3
4	251	6683.785553006003	3
4	255	6759.979713309883	3
4	261	6914.418730366722	3
4	267	7052.645598462609	3
4	278	7435.853632764183	3
4	284	7572.376574886201	3
4	296	7928.483588876505	3
4	307	8212.816221647209	3
4	308	8224.588768871089	3
4	309	8245.374242776825	3
4	310	8314.926662565347	3
4	320	8790.171779808749	3
4	322	8817.256013070541	3
4	333	9098.503655798898	3
4	334	9111.418309749196	3
4	342	9355.046790404188	3
4	347	10094.426318469268	3
4	351	10270.363643965885	3
4	354	10380.815775352907	3
4	361	10818.919254045622	3
4	362	10837.312551892897	3
4	363	10876.360650358741	3
4	372	11050.827604679856	3
4	385	11451.045939670955	3
4	400	11734.851029319817	3
4	404	11823.115517861311	3
4	414	12018.1269997298	3
4	415	12037.30800849041	3
4	417	12112.12092259204	3
4	428	12557.91061485778	3
4	443	13432.910926218966	3
4	444	13505.417301256854	3
4	445	13507.581167116514	3
4	455	13937.961372923856	3
4	463	14165.612742797863	3
4	466	14235.60492369446	3
4	478	14433.299582639525	3
4	479	14434.152695612877	3
4	488	14539.449062255839	3
4	499	14688.796300230803	3
4	505	14798.032388495595	3
4	506	14801.652044248427	3
4	508	14835.879996116128	3
4	518	15006.613668443419	3
4	525	15153.564230204846	3
4	539	15661.389568663129	3
4	542	15763.703557695649	3
4	554	16089.607783069501	3
4	556	16115.575550681019	3
4	559	16189.300706552074	3
4	568	16303.925598727232	3
4	569	16317.033651471233	3
4	582	16634.487780422162	3
4	593	17068.016511827137	3
4	594	17113.66775694073	3
4	595	17120.404331867111	3
4	606	17324.679817008778	3
4	631	18307.533750256574	3
4	634	18374.595897187176	3
4	643	18550.33909119419	3
4	647	18615.516982237353	3
4	650	18670.922510421198	3
4	652	18707.732243624222	3
4	660	18869.041958005206	3
4	667	19036.766651495122	3
4	672	19194.640242887434	3
4	679	19314.017540305542	3
4	686	19418.406334106276	3
4	694	19530.426979048616	3
4	698	19575.662195152355	3
4	706	19660.634141145809	3
4	710	19683.787134997375	3
4	734	19941.443496062825	3
5	49	1034.819701424687	2053
5	56	1339.986974610001	2054
5	60	1465.32159686395	2055
5	73	1721.995414057753	2059
5	75	1771.555127013228	2060
5	77	1812.843933236176	2058
5	83	1971.904004748873	2061
5	102	2332.860058617101	2063
5	117	2854.53664527629	2066
5	121	3005.259036700357	2068
5	122	3083.996498352073	2069
5	134	3500.058386106047	2070
5	135	3506.525922094714	2071
5	144	3970.515259277245	2072
5	150	4152.434653071177	2075
5	157	4283.08822531624	2074
5	161	4370.633110281925	2073
5	169	4509.734694290101	2077
5	171	4544.858254292813	2078
5	185	4853.070544425468	2080
5	194	5129.910747388169	2083
5	196	5170.144620772211	2081
5	201	5343.188641661592	2084
5	218	5861.921827227854	2087
5	219	5883.964995109189	2088
5	225	6174.201792598234	2089
5	226	6243.153972846531	2090
5	240	6520.546686181722	2094
5	241	6527.246447332821	2092
5	245	6592.53079018133	2091
5	251	6683.785553006003	2095
5	255	6759.979713309883	2097
5	261	6914.418730366722	2096
5	267	7052.645598462609	2098
5	278	7435.853632764183	2101
5	284	7572.376574886201	2102
5	296	7928.483588876505	2104
5	307	8212.816221647209	2105
5	308	8224.588768871089	2106
5	309	8245.374242776825	2108
5	310	8314.926662565347	2107
5	320	8790.171779808749	2109
5	322	8817.256013070541	2110
5	333	9098.503655798898	2113
5	334	9111.418309749196	2111
5	342	9355.046790404188	2114
5	347	10094.426318469268	2115
5	351	10270.363643965885	2116
5	354	10380.815775352907	2117
5	361	10818.919254045622	2119
5	362	10837.312551892897	2118
5	363	10876.360650358741	2120
5	372	11050.827604679856	2122
5	385	11451.045939670955	2125
5	400	11734.851029319817	2128
5	404	11823.115517861311	2126
5	414	12018.1269997298	2129
5	415	12037.30800849041	2131
5	417	12112.12092259204	2130
5	428	12557.91061485778	2133
5	443	13432.910926218966	2138
5	444	13505.417301256854	2136
5	445	13507.581167116514	2137
5	455	13937.961372923856	2140
5	463	14165.612742797863	2141
5	466	14235.60492369446	2143
5	478	14433.299582639525	2144
5	479	14434.152695612877	2145
5	488	14539.449062255839	2146
5	499	14688.796300230803	2150
5	505	14798.032388495595	2147
5	506	14801.652044248427	2151
5	508	14835.879996116128	2148
5	518	15006.613668443419	2152
5	525	15153.564230204846	2154
5	539	15661.389568663129	2155
5	542	15763.703557695649	2158
5	554	16089.607783069501	2159
5	556	16115.575550681019	2160
5	559	16189.300706552074	2161
5	568	16303.925598727232	2165
5	569	16317.033651471233	2162
5	582	16634.487780422162	2166
5	593	17068.016511827137	2169
5	594	17113.66775694073	2170
5	595	17120.404331867111	2168
5	606	17324.679817008778	2171
5	631	18307.533750256574	2178
5	634	18374.595897187176	2179
5	643	18550.33909119419	2181
5	647	18615.516982237353	2182
5	650	18670.922510421198	2183
5	652	18707.732243624222	2180
5	660	18869.041958005206	2184
5	667	19036.766651495122	2186
5	672	19194.640242887434	2185
5	679	19314.017540305542	2188
5	686	19418.406334106276	2189
5	694	19530.426979048616	2191
5	698	19575.662195152355	2193
5	706	19660.634141145809	2196
5	710	19683.787134997375	2194
5	734	19941.443496062825	2195
6	51	1137.819701424687	0
6	59	1442.986974610001	0
6	70	1687.751121263117	0
6	78	1824.995414057753	0
6	80	1874.555127013228	0
6	81	1915.843933236176	0
6	89	2074.904004748873	0
6	107	2469.974126752076	0
6	108	2545.53664527629	0
6	109	2553.41518549693	0
6	123	3108.259036700357	0
6	124	3186.996498352073	0
6	136	3603.058386106047	0
6	137	3609.525922094714	0
6	147	4061.633110281925	0
6	148	4073.515259277245	0
6	155	4255.434653071177	0
6	159	4316.928705409692	0
6	173	4608.835616366946	0
6	174	4612.734694290101	0
6	176	4647.858254292813	0
6	187	4861.144620772211	0
6	193	5123.656894214138	0
6	204	5446.188641661592	0
6	211	5552.921827227854	0
6	212	5574.964995109189	0
6	231	6346.153972846531	0
6	235	6436.932390289144	0
6	246	6605.418730366722	0
6	247	6623.546686181722	0
6	256	6786.785553006003	0
6	259	6862.979713309883	0
6	268	7088.838685309384	0
6	269	7155.645598462609	0
6	274	7323.593086899635	0
6	282	7538.853632764183	0
6	286	7641.379409377705	0
6	288	7675.376574886201	0
6	300	8031.483588876505	0
6	312	8327.588768871089	0
6	313	8348.374242776825	0
6	323	8893.171779808749	0
6	325	8920.256013070541	0
6	337	9201.503655798898	0
6	343	9458.046790404188	0
6	355	10483.815775352907	0
6	364	10921.919254045622	0
6	365	10940.312551892897	0
6	368	10979.360650358741	0
6	382	11375.202502107034	0
6	388	11514.115517861311	0
6	391	11554.045939670955	0
6	393	11597.269515678802	0
6	406	11837.851029319817	0
6	419	12140.30800849041	0
6	429	12660.91061485778	0
6	446	13535.910926218966	0
6	454	13934.795818051315	0
6	457	14040.961372923856	0
6	464	14184.753930522706	0
6	469	14268.612742797863	0
6	474	14338.60492369446	0
6	487	14537.152695612877	0
6	498	14652.839130620461	0
6	504	14791.796300230803	0
6	514	14904.652044248427	0
6	527	15256.564230204846	0
6	536	15647.51737699796	0
6	537	15659.477049015619	0
6	543	15764.389568663129	0
6	546	15866.703557695649	0
6	560	16192.607783069501	0
6	564	16261.112821946743	0
6	565	16267.638728390298	0
6	575	16420.033651471233	0
6	583	16655.268655421799	0
6	584	16737.487780422162	0
6	598	17171.016511827137	0
6	603	17250.633219841701	0
6	610	17427.679817008778	0
6	623	18048.521740606375	0
6	624	18107.020180741973	0
6	635	18398.732243624222	0
6	636	18410.533750256574	0
6	639	18477.595897187176	0
6	649	18653.33909119419	0
6	661	18885.640242887434	0
6	671	19139.766651495122	0
6	684	19381.563929216262	0
6	685	19417.017540305542	0
6	688	19465.221168766625	0
6	693	19521.406334106276	0
6	704	19632.443496062825	0
6	705	19633.426979048616	0
6	709	19678.662195152355	0
6	713	19726.635831028533	0
6	716	19763.634141145809	0
6	719	19786.787134997375	0
7	51	1137.819701424687	3
7	59	1442.986974610001	3
7	70	1687.751121263117	3
7	78	1824.995414057753	3
7	80	1874.555127013228	3
7	81	1915.843933236176	3
7	89	2074.904004748873	3
7	107	2469.974126752076	3
7	108	2545.53664527629	3
7	109	2553.41518549693	3
7	123	3108.259036700357	3
7	124	3186.996498352073	3
7	136	3603.058386106047	3
7	137	3609.525922094714	3
7	147	4061.633110281925	3
7	148	4073.515259277245	3
7	155	4255.434653071177	3
7	159	4316.928705409692	3
7	173	4608.835616366946	3
7	174	4612.734694290101	3
7	176	4647.858254292813	3
7	187	4861.144620772211	3
7	193	5123.656894214138	3
7	204	5446.188641661592	3
7	211	5552.921827227854	3
7	212	5574.964995109189	3
7	231	6346.153972846531	3
7	235	6436.932390289144	3
7	246	6605.418730366722	3
7	247	6623.546686181722	3
7	256	6786.785553006003	3
7	259	6862.979713309883	3
7	268	7088.838685309384	3
7	269	7155.645598462609	3
7	274	7323.593086899635	3
7	282	7538.853632764183	3
7	286	7641.379409377705	3
7	288	7675.376574886201	3
7	300	8031.483588876505	3
7	312	8327.588768871089	3
7	313	8348.374242776825	3
7	323	8893.171779808749	3
7	325	8920.256013070541	3
7	337	9201.503655798898	3
7	343	9458.046790404188	3
7	355	10483.815775352907	3
7	364	10921.919254045622	3
7	365	10940.312551892897	3
7	368	10979.360650358741	3
7	382	11375.202502107034	3
7	388	11514.115517861311	3
7	391	11554.045939670955	3
7	393	11597.269515678802	3
7	406	11837.851029319817	3
7	419	12140.30800849041	3
7	429	12660.91061485778	3
7	446	13535.910926218966	3
7	454	13934.795818051315	3
7	457	14040.961372923856	3
7	464	14184.753930522706	3
7	469	14268.612742797863	3
7	474	14338.60492369446	3
7	487	14537.152695612877	3
7	498	14652.839130620461	3
7	504	14791.796300230803	3
7	514	14904.652044248427	3
7	527	15256.564230204846	3
7	536	15647.51737699796	3
7	537	15659.477049015619	3
7	543	15764.389568663129	3
7	546	15866.703557695649	3
7	560	16192.607783069501	3
7	564	16261.112821946743	3
7	565	16267.638728390298	3
7	575	16420.033651471233	3
7	583	16655.268655421799	3
7	584	16737.487780422162	3
7	598	17171.016511827137	3
7	603	17250.633219841701	3
7	610	17427.679817008778	3
7	623	18048.521740606375	3
7	624	18107.020180741973	3
7	635	18398.732243624222	3
7	636	18410.533750256574	3
7	639	18477.595897187176	3
7	649	18653.33909119419	3
7	661	18885.640242887434	3
7	671	19139.766651495122	3
7	684	19381.563929216262	3
7	685	19417.017540305542	3
7	688	19465.221168766625	3
7	693	19521.406334106276	3
7	704	19632.443496062825	3
7	705	19633.426979048616	3
7	709	19678.662195152355	3
7	713	19726.635831028533	3
7	716	19763.634141145809	3
7	719	19786.787134997375	3
8	51	1137.819701424687	2053
8	59	1442.986974610001	2054
8	70	1687.751121263117	2057
8	78	1824.995414057753	2059
8	80	1874.555127013228	2060
8	81	1915.843933236176	2058
8	89	2074.904004748873	2061
8	107	2469.974126752076	2065
8	108	2545.53664527629	2066
8	109	2553.41518549693	2067
8	123	3108.259036700357	2068
8	124	3186.996498352073	2069
8	136	3603.058386106047	2070
8	137	3609.525922094714	2071
8	147	4061.633110281925	2073
8	148	4073.515259277245	2072
8	155	4255.434653071177	2075
8	159	4316.928705409692	2076
8	173	4608.835616366946	2079
8	174	4612.734694290101	2077
8	176	4647.858254292813	2078
8	187	4861.144620772211	2081
8	193	5123.656894214138	2082
8	204	5446.188641661592	2084
8	211	5552.921827227854	2087
8	212	5574.964995109189	2088
8	231	6346.153972846531	2090
8	235	6436.932390289144	2093
8	246	6605.418730366722	2096
8	247	6623.546686181722	2094
8	256	6786.785553006003	2095
8	259	6862.979713309883	2097
8	268	7088.838685309384	2099
8	269	7155.645598462609	2098
8	274	7323.593086899635	2100
8	282	7538.853632764183	2101
8	286	7641.379409377705	2103
8	288	7675.376574886201	2102
8	300	8031.483588876505	2104
8	312	8327.588768871089	2106
8	313	8348.374242776825	2108
8	323	8893.171779808749	2109
8	325	8920.256013070541	2110
8	337	9201.503655798898	2113
8	343	9458.046790404188	2114
8	355	10483.815775352907	2117
8	364	10921.919254045622	2119
8	365	10940.312551892897	2118
8	368	10979.360650358741	2120
8	382	11375.202502107034	2123
8	388	11514.115517861311	2126
8	391	11554.045939670955	2125
8	393	11597.269515678802	2127
8	406	11837.851029319817	2128
8	419	12140.30800849041	2131
8	429	12660.91061485778	2133
8	446	13535.910926218966	2138
8	454	13934.795818051315	2139
8	457	14040.961372923856	2140
8	464	14184.753930522706	2142
8	469	14268.612742797863	2141
8	474	14338.60492369446	2143
8	487	14537.152695612877	2145
8	498	14652.839130620461	2149
8	504	14791.796300230803	2150
8	514	14904.652044248427	2151
8	527	15256.564230204846	2154
8	536	15647.51737699796	2156
8	537	15659.477049015619	2157
8	543	15764.389568663129	2155
8	546	15866.703557695649	2158
8	560	16192.607783069501	2159
8	564	16261.112821946743	2163
8	565	16267.638728390298	2164
8	575	16420.033651471233	2162
8	583	16655.268655421799	2167
8	584	16737.487780422162	2166
8	598	17171.016511827137	2169
8	603	17250.633219841701	2172
8	610	17427.679817008778	2171
8	623	18048.521740606375	2176
8	624	18107.020180741973	2177
8	635	18398.732243624222	2180
8	636	18410.533750256574	2178
8	639	18477.595897187176	2179
8	649	18653.33909119419	2181
8	661	18885.640242887434	2185
8	671	19139.766651495122	2186
8	684	19381.563929216262	2190
8	685	19417.017540305542	2188
8	688	19465.221168766625	2192
8	693	19521.406334106276	2189
8	704	19632.443496062825	2195
8	705	19633.426979048616	2191
8	709	19678.662195152355	2193
8	713	19726.635831028533	2197
8	716	19763.634141145809	2196
8	719	19786.787134997375	2194
9	55	1259.32159686395	0
9	61	1509.784398951091	0
9	62	1545.986974610001	0
9	82	1927.995414057753	0
9	84	1977.555127013228	0
9	86	2018.843933236176	0
9	91	2091.194012508638	0
9	94	2126.860058617101	0
9	98	2200.889143648293	0
9	110	2572.974126752076	0
9	111	2648.53664527629	0
9	112	2656.41518549693	0
9	127	3289.996498352073	0
9	128	3294.058386106047	0
9	139	3712.525922094714	0
9	149	4077.08822531624	0
9	151	4164.633110281925	0
9	160	4358.434653071177	0
9	164	4419.928705409692	0
9	178	4711.835616366946	0
9	179	4715.734694290101	0
9	181	4750.858254292813	0
9	189	4964.144620772211	0
9	205	5447.251551334172	0
9	208	5524.618893936399	0
9	214	5655.921827227854	0
9	215	5677.964995109189	0
9	232	6386.53079018133	0
9	242	6539.932390289144	0
9	253	6708.418730366722	0
9	254	6726.546686181722	0
9	270	7191.838685309384	0
9	272	7258.645598462609	0
9	277	7426.593086899635	0
9	290	7744.379409377705	0
9	291	7778.376574886201	0
9	298	8006.816221647209	0
9	315	8430.588768871089	0
9	324	8905.418309749196	0
9	332	9095.994879443462	0
9	335	9149.046790404188	0
9	369	11024.919254045622	0
9	373	11082.360650358741	0
9	386	11478.202502107034	0
9	394	11617.115517861311	0
9	397	11700.269515678802	0
9	403	11812.1269997298	0
9	407	11906.12092259204	0
9	412	11940.851029319817	0
9	422	12243.30800849041	0
9	423	12251.375956998188	0
9	435	13121.884651216383	0
9	438	13299.417301256854	0
9	449	13638.910926218966	0
9	456	14037.795818051315	0
9	462	14143.961372923856	0
9	470	14287.753930522706	0
9	476	14371.612742797863	0
9	481	14441.60492369446	0
9	492	14592.032388495595	0
9	494	14629.879996116128	0
9	503	14755.839130620461	0
9	511	14894.796300230803	0
9	516	14952.801410659435	0
9	519	15007.652044248427	0
9	528	15359.564230204846	0
9	540	15750.51737699796	0
9	541	15762.477049015619	0
9	549	15969.703557695649	0
9	567	16295.607783069501	0
9	572	16370.638728390298	0
9	576	16428.487780422162	0
9	578	16523.033651471233	0
9	585	16758.268655421799	0
9	604	17274.016511827137	0
9	605	17315.517167067769	0
9	607	17353.633219841701	0
9	618	17629.467364255865	0
9	625	18151.521740606375	0
9	627	18210.020180741973	0
9	640	18501.732243624222	0
9	641	18513.533750256574	0
9	645	18580.595897187176	0
9	665	18988.640242887434	0
9	666	19007.869616322005	0
9	676	19242.766651495122	0
9	691	19484.563929216262	0
9	692	19520.017540305542	0
9	697	19568.221168766625	0
9	714	19735.443496062825	0
9	715	19736.426979048616	0
9	717	19776.074633875932	0
9	718	19781.662195152355	0
9	722	19829.635831028533	0
9	726	19866.634141145809	0
9	730	19920.7897758516	0
9	733	19933.652269254925	0
10	55	1259.32159686395	3
10	61	1509.784398951091	3
10	62	1545.986974610001	3
10	82	1927.995414057753	3
10	84	1977.555127013228	3
10	86	2018.843933236176	3
10	91	2091.194012508638	3
10	94	2126.860058617101	3
10	98	2200.889143648293	3
10	110	2572.974126752076	3
10	111	2648.53664527629	3
10	112	2656.41518549693	3
10	127	3289.996498352073	3
10	128	3294.058386106047	3
10	139	3712.525922094714	3
10	149	4077.08822531624	3
10	151	4164.633110281925	3
10	160	4358.434653071177	3
10	164	4419.928705409692	3
10	178	4711.835616366946	3
10	179	4715.734694290101	3
10	181	4750.858254292813	3
10	189	4964.144620772211	3
10	205	5447.251551334172	3
10	208	5524.618893936399	3
10	214	5655.921827227854	3
10	215	5677.964995109189	3
10	232	6386.53079018133	3
10	242	6539.932390289144	3
10	253	6708.418730366722	3
10	254	6726.546686181722	3
10	270	7191.838685309384	3
10	272	7258.645598462609	3
10	277	7426.593086899635	3
10	290	7744.379409377705	3
10	291	7778.376574886201	3
10	298	8006.816221647209	3
10	315	8430.588768871089	3
10	324	8905.418309749196	3
10	332	9095.994879443462	3
10	335	9149.046790404188	3
10	369	11024.919254045622	3
10	373	11082.360650358741	3
10	386	11478.202502107034	3
10	394	11617.115517861311	3
10	397	11700.269515678802	3
10	403	11812.1269997298	3
10	407	11906.12092259204	3
10	412	11940.851029319817	3
10	422	12243.30800849041	3
10	423	12251.375956998188	3
10	435	13121.884651216383	3
10	438	13299.417301256854	3
10	449	13638.910926218966	3
10	456	14037.795818051315	3
10	462	14143.961372923856	3
10	470	14287.753930522706	3
10	476	14371.612742797863	3
10	481	14441.60492369446	3
10	492	14592.032388495595	3
10	494	14629.879996116128	3
10	503	14755.839130620461	3
10	511	14894.796300230803	3
10	516	14952.801410659435	3
10	519	15007.652044248427	3
10	528	15359.564230204846	3
10	540	15750.51737699796	3
10	541	15762.477049015619	3
10	549	15969.703557695649	3
10	567	16295.607783069501	3
10	572	16370.638728390298	3
10	576	16428.487780422162	3
10	578	16523.033651471233	3
10	585	16758.268655421799	3
10	604	17274.016511827137	3
10	605	17315.517167067769	3
10	607	17353.633219841701	3
10	618	17629.467364255865	3
10	625	18151.521740606375	3
10	627	18210.020180741973	3
10	640	18501.732243624222	3
10	641	18513.533750256574	3
10	645	18580.595897187176	3
10	665	18988.640242887434	3
10	666	19007.869616322005	3
10	676	19242.766651495122	3
10	691	19484.563929216262	3
10	692	19520.017540305542	3
10	697	19568.221168766625	3
10	714	19735.443496062825	3
10	715	19736.426979048616	3
10	717	19776.074633875932	3
10	718	19781.662195152355	3
10	722	19829.635831028533	3
10	726	19866.634141145809	3
10	730	19920.7897758516	3
10	733	19933.652269254925	3
11	55	1259.32159686395	2055
11	61	1509.784398951091	2056
11	62	1545.986974610001	2054
11	82	1927.995414057753	2059
11	84	1977.555127013228	2060
11	86	2018.843933236176	2058
11	91	2091.194012508638	2062
11	94	2126.860058617101	2063
11	98	2200.889143648293	2064
11	110	2572.974126752076	2065
11	111	2648.53664527629	2066
11	112	2656.41518549693	2067
11	127	3289.996498352073	2069
11	128	3294.058386106047	2070
11	139	3712.525922094714	2071
11	149	4077.08822531624	2074
11	151	4164.633110281925	2073
11	160	4358.434653071177	2075
11	164	4419.928705409692	2076
11	178	4711.835616366946	2079
11	179	4715.734694290101	2077
11	181	4750.858254292813	2078
11	189	4964.144620772211	2081
11	205	5447.251551334172	2085
11	208	5524.618893936399	2086
11	214	5655.921827227854	2087
11	215	5677.964995109189	2088
11	232	6386.53079018133	2091
11	242	6539.932390289144	2093
11	253	6708.418730366722	2096
11	254	6726.546686181722	2094
11	270	7191.838685309384	2099
11	272	7258.645598462609	2098
11	277	7426.593086899635	2100
11	290	7744.379409377705	2103
11	291	7778.376574886201	2102
11	298	8006.816221647209	2105
11	315	8430.588768871089	2106
11	324	8905.418309749196	2111
11	332	9095.994879443462	2112
11	335	9149.046790404188	2114
11	369	11024.919254045622	2119
11	373	11082.360650358741	2120
11	386	11478.202502107034	2123
11	394	11617.115517861311	2126
11	397	11700.269515678802	2127
11	403	11812.1269997298	2129
11	407	11906.12092259204	2130
11	412	11940.851029319817	2128
11	422	12243.30800849041	2131
11	423	12251.375956998188	2132
11	435	13121.884651216383	2135
11	438	13299.417301256854	2136
11	449	13638.910926218966	2138
11	456	14037.795818051315	2139
11	462	14143.961372923856	2140
11	470	14287.753930522706	2142
11	476	14371.612742797863	2141
11	481	14441.60492369446	2143
11	492	14592.032388495595	2147
11	494	14629.879996116128	2148
11	503	14755.839130620461	2149
11	511	14894.796300230803	2150
11	516	14952.801410659435	2153
11	519	15007.652044248427	2151
11	528	15359.564230204846	2154
11	540	15750.51737699796	2156
11	541	15762.477049015619	2157
11	549	15969.703557695649	2158
11	567	16295.607783069501	2159
11	572	16370.638728390298	2164
11	576	16428.487780422162	2166
11	578	16523.033651471233	2162
11	585	16758.268655421799	2167
11	604	17274.016511827137	2169
11	605	17315.517167067769	2173
11	607	17353.633219841701	2172
11	618	17629.467364255865	2175
11	625	18151.521740606375	2176
11	627	18210.020180741973	2177
11	640	18501.732243624222	2180
11	641	18513.533750256574	2178
11	645	18580.595897187176	2179
11	665	18988.640242887434	2185
11	666	19007.869616322005	2187
11	676	19242.766651495122	2186
11	691	19484.563929216262	2190
11	692	19520.017540305542	2188
11	697	19568.221168766625	2192
11	714	19735.443496062825	2195
11	715	19736.426979048616	2191
11	717	19776.074633875932	2198
11	718	19781.662195152355	2193
11	722	19829.635831028533	2197
11	726	19866.634141145809	2196
11	730	19920.7897758516	2200
11	733	19933.652269254925	2201
12	72	1715.784398951091	306
12	100	2297.194012508638	306
12	116	2778.974126752076	409
12	279	7464.645598462609	512
12	297	7950.379409377705	409
12	340	9301.994879443462	306
12	375	11152.576079953889	203
12	378	11230.919254045622	512
12	408	11906.269515678802	409
12	467	14243.795818051315	409
12	522	15100.796300230803	512
12	526	15158.801410659435	306
12	535	15565.564230204846	512
12	548	15956.51737699796	409
12	589	16964.268655421799	409
12	613	17521.517167067769	306
12	633	18357.521740606375	409
12	711	19690.563929216262	409
12	737	19987.662195152355	512
13	72	1715.784398951091	6
13	100	2297.194012508638	6
13	116	2778.974126752076	9
13	279	7464.645598462609	12
13	297	7950.379409377705	9
13	340	9301.994879443462	6
13	375	11152.576079953889	3
13	378	11230.919254045622	12
13	408	11906.269515678802	9
13	467	14243.795818051315	9
13	522	15100.796300230803	12
13	526	15158.801410659435	6
13	535	15565.564230204846	12
13	548	15956.51737699796	9
13	589	16964.268655421799	9
13	613	17521.517167067769	6
13	633	18357.521740606375	9
13	711	19690.563929216262	9
13	737	19987.662195152355	12
14	72	1715.784398951091	2
14	100	2297.194012508638	2
14	116	2778.974126752076	3
14	279	7464.645598462609	4
14	297	7950.379409377705	3
14	340	9301.994879443462	2
14	375	11152.576079953889	1
14	378	11230.919254045622	4
14	408	11906.269515678802	3
14	467	14243.795818051315	3
14	522	15100.796300230803	4
14	526	15158.801410659435	2
14	535	15565.564230204846	4
14	548	15956.51737699796	3
14	589	16964.268655421799	3
14	613	17521.517167067769	2
14	633	18357.521740606375	3
14	711	19690.563929216262	3
14	737	19987.662195152355	4
15	63	1568.32159686395	409
15	119	2957.53664527629	512
15	200	5273.144620772211	512
15	220	5964.921827227854	512
15	222	5986.964995109189	512
15	311	8315.816221647209	409
15	353	10373.363643965885	306
15	410	11926.115517861311	512
15	418	12121.1269997298	409
15	447	13608.417301256854	409
15	486	14536.299582639525	306
15	496	14642.449062255839	306
15	523	15109.613668443419	306
15	563	16218.575550681019	203
15	574	16406.925598727232	203
15	600	17216.66775694073	203
15	656	18773.922510421198	203
15	664	18972.041958005206	203
16	63	1568.32159686395	9
16	119	2957.53664527629	12
16	200	5273.144620772211	12
16	220	5964.921827227854	12
16	222	5986.964995109189	12
16	311	8315.816221647209	9
16	353	10373.363643965885	6
16	410	11926.115517861311	12
16	418	12121.1269997298	9
16	447	13608.417301256854	9
16	486	14536.299582639525	6
16	496	14642.449062255839	6
16	523	15109.613668443419	6
16	563	16218.575550681019	3
16	574	16406.925598727232	3
16	600	17216.66775694073	3
16	656	18773.922510421198	3
16	664	18972.041958005206	3
17	63	1568.32159686395	3
17	119	2957.53664527629	4
17	200	5273.144620772211	4
17	220	5964.921827227854	4
17	222	5986.964995109189	4
17	311	8315.816221647209	3
17	353	10373.363643965885	2
17	410	11926.115517861311	4
17	418	12121.1269997298	3
17	447	13608.417301256854	3
17	486	14536.299582639525	2
17	496	14642.449062255839	2
17	523	15109.613668443419	2
17	563	16218.575550681019	1
17	574	16406.925598727232	1
17	600	17216.66775694073	1
17	656	18773.922510421198	1
17	664	18972.041958005206	1
18	104	2435.860058617101	409
18	162	4386.08822531624	409
18	167	4473.633110281925	512
18	188	4956.070544425468	306
18	198	5232.910747388169	203
18	227	6277.201792598234	306
18	248	6630.246447332821	306
18	252	6695.53079018133	409
18	266	7017.418730366722	512
18	314	8417.926662565347	306
18	338	9214.418309749196	409
18	350	10197.426318469268	203
18	376	11153.827604679856	203
18	421	12215.12092259204	409
18	448	13610.581167116514	306
18	512	14901.032388495595	409
18	515	14938.879996116128	409
18	566	16292.300706552074	203
18	602	17223.404331867111	306
18	653	18718.516982237353	203
18	658	18810.732243624222	512
18	678	19297.640242887434	512
19	104	2435.860058617101	9
19	162	4386.08822531624	9
19	167	4473.633110281925	12
19	188	4956.070544425468	6
19	198	5232.910747388169	3
19	227	6277.201792598234	6
19	248	6630.246447332821	6
19	252	6695.53079018133	9
19	266	7017.418730366722	12
19	314	8417.926662565347	6
19	338	9214.418309749196	9
19	350	10197.426318469268	3
19	376	11153.827604679856	3
19	421	12215.12092259204	9
19	448	13610.581167116514	6
19	512	14901.032388495595	9
19	515	14938.879996116128	9
19	566	16292.300706552074	3
19	602	17223.404331867111	6
19	653	18718.516982237353	3
19	658	18810.732243624222	12
19	678	19297.640242887434	12
20	104	2435.860058617101	3
20	162	4386.08822531624	3
20	167	4473.633110281925	4
20	188	4956.070544425468	2
20	198	5232.910747388169	1
20	227	6277.201792598234	2
20	248	6630.246447332821	2
20	252	6695.53079018133	3
20	266	7017.418730366722	4
20	314	8417.926662565347	2
20	338	9214.418309749196	3
20	350	10197.426318469268	1
20	376	11153.827604679856	1
20	421	12215.12092259204	3
20	448	13610.581167116514	2
20	512	14901.032388495595	3
20	515	14938.879996116128	3
20	566	16292.300706552074	1
20	602	17223.404331867111	2
20	653	18718.516982237353	1
20	658	18810.732243624222	4
20	678	19297.640242887434	4
21	76	1790.751121263117	203
21	138	3706.058386106047	512
21	197	5226.656894214138	203
21	304	8134.483588876505	409
21	316	8451.374242776825	306
21	327	8996.171779808749	306
21	330	9023.256013070541	306
21	341	9304.503655798898	306
21	430	12763.91061485778	306
21	586	16840.487780422162	512
21	615	17530.679817008778	409
21	702	19624.406334106276	409
22	76	1790.751121263117	3
22	138	3706.058386106047	12
22	197	5226.656894214138	3
22	304	8134.483588876505	9
22	316	8451.374242776825	6
22	327	8996.171779808749	6
22	330	9023.256013070541	6
22	341	9304.503655798898	6
22	430	12763.91061485778	6
22	586	16840.487780422162	12
22	615	17530.679817008778	9
22	702	19624.406334106276	9
23	76	1790.751121263117	1
23	138	3706.058386106047	4
23	197	5226.656894214138	1
23	304	8134.483588876505	3
23	316	8451.374242776825	2
23	327	8996.171779808749	2
23	330	9023.256013070541	2
23	341	9304.503655798898	2
23	430	12763.91061485778	2
23	586	16840.487780422162	4
23	615	17530.679817008778	3
23	702	19624.406334106276	3
24	54	1240.819701424687	306
24	96	2177.904004748873	409
24	126	3211.259036700357	306
24	152	4176.515259277245	409
24	209	5549.188641661592	409
24	236	6449.153972846531	306
24	260	6889.785553006003	409
24	264	6965.979713309883	409
24	287	7641.853632764183	306
24	344	9561.046790404188	512
24	356	10586.815775352907	409
24	370	11043.312551892897	409
24	396	11657.045939670955	306
24	495	14640.152695612877	306
24	547	15867.389568663129	409
24	571	16364.112821946743	203
24	654	18756.33909119419	306
24	729	19889.787134997375	409
25	54	1240.819701424687	6
25	96	2177.904004748873	9
25	126	3211.259036700357	6
25	152	4176.515259277245	9
25	209	5549.188641661592	9
25	236	6449.153972846531	6
25	260	6889.785553006003	9
25	264	6965.979713309883	9
25	287	7641.853632764183	6
25	344	9561.046790404188	12
25	356	10586.815775352907	9
25	370	11043.312551892897	9
25	396	11657.045939670955	6
25	495	14640.152695612877	6
25	547	15867.389568663129	9
25	571	16364.112821946743	3
25	654	18756.33909119419	6
25	729	19889.787134997375	9
26	54	1240.819701424687	2
26	96	2177.904004748873	3
26	126	3211.259036700357	2
26	152	4176.515259277245	3
26	209	5549.188641661592	3
26	236	6449.153972846531	2
26	260	6889.785553006003	3
26	264	6965.979713309883	3
26	287	7641.853632764183	2
26	344	9561.046790404188	4
26	356	10586.815775352907	3
26	370	11043.312551892897	3
26	396	11657.045939670955	2
26	495	14640.152695612877	2
26	547	15867.389568663129	3
26	571	16364.112821946743	1
26	654	18756.33909119419	2
26	729	19889.787134997375	3
27	90	2080.555127013228	409
27	93	2121.843933236176	512
27	249	6642.932390289144	306
27	273	7294.838685309384	306
27	317	8533.588768871089	512
27	377	11185.360650358741	409
27	510	14858.839130620461	306
27	524	15110.652044248427	512
27	545	15865.477049015619	306
27	552	16072.703557695649	512
27	577	16473.638728390298	306
27	608	17377.016511827137	409
27	651	18683.595897187176	409
27	682	19345.766651495122	512
27	701	19623.017540305542	512
27	725	19839.426979048616	512
28	90	2080.555127013228	9
28	93	2121.843933236176	12
28	249	6642.932390289144	6
28	273	7294.838685309384	6
28	317	8533.588768871089	12
28	377	11185.360650358741	9
28	510	14858.839130620461	6
28	524	15110.652044248427	12
28	545	15865.477049015619	6
28	552	16072.703557695649	12
28	577	16473.638728390298	6
28	608	17377.016511827137	9
28	651	18683.595897187176	9
28	682	19345.766651495122	12
28	701	19623.017540305542	12
28	725	19839.426979048616	12
29	90	2080.555127013228	3
29	93	2121.843933236176	4
29	249	6642.932390289144	2
29	273	7294.838685309384	2
29	317	8533.588768871089	4
29	377	11185.360650358741	3
29	510	14858.839130620461	2
29	524	15110.652044248427	4
29	545	15865.477049015619	2
29	552	16072.703557695649	4
29	577	16473.638728390298	2
29	608	17377.016511827137	3
29	651	18683.595897187176	3
29	682	19345.766651495122	4
29	701	19623.017540305542	4
29	725	19839.426979048616	4
30	68	1648.986974610001	512
30	101	2303.889143648293	203
30	115	2759.41518549693	306
30	141	3815.525922094714	512
30	183	4814.835616366946	306
30	184	4818.734694290101	512
30	186	4853.858254292813	409
30	210	5550.251551334172	203
30	213	5627.618893936399	203
30	294	7881.376574886201	409
30	392	11581.202502107034	306
30	416	12043.851029319817	512
30	424	12346.30800849041	512
30	437	13224.884651216383	203
30	482	14474.612742797863	409
30	573	16398.607783069501	409
30	581	16626.033651471233	512
30	620	17732.467364255865	203
30	648	18616.533750256574	409
30	707	19671.221168766625	306
30	735	19969.634141145809	409
31	68	1648.986974610001	12
31	101	2303.889143648293	3
31	115	2759.41518549693	6
31	141	3815.525922094714	12
31	183	4814.835616366946	6
31	184	4818.734694290101	12
31	186	4853.858254292813	9
31	210	5550.251551334172	3
31	213	5627.618893936399	3
31	294	7881.376574886201	9
31	392	11581.202502107034	6
31	416	12043.851029319817	12
31	424	12346.30800849041	12
31	437	13224.884651216383	3
31	482	14474.612742797863	9
31	573	16398.607783069501	9
31	581	16626.033651471233	12
31	620	17732.467364255865	3
31	648	18616.533750256574	9
31	707	19671.221168766625	6
31	735	19969.634141145809	9
32	68	1648.986974610001	4
32	101	2303.889143648293	1
32	115	2759.41518549693	2
32	141	3815.525922094714	4
32	183	4814.835616366946	2
32	184	4818.734694290101	4
32	186	4853.858254292813	3
32	210	5550.251551334172	1
32	213	5627.618893936399	1
32	294	7881.376574886201	3
32	392	11581.202502107034	2
32	416	12043.851029319817	4
32	424	12346.30800849041	4
32	437	13224.884651216383	1
32	482	14474.612742797863	3
32	573	16398.607783069501	3
32	581	16626.033651471233	4
32	620	17732.467364255865	1
32	648	18616.533750256574	3
32	707	19671.221168766625	2
32	735	19969.634141145809	3
33	95	2133.995414057753	512
33	133	3495.996498352073	512
33	172	4564.434653071177	512
33	175	4625.928705409692	409
33	262	6932.546686181722	512
33	285	7632.593086899635	409
33	389	11524.403354766814	203
33	426	12457.375956998188	306
33	433	13013.592175612977	203
33	453	13844.910926218966	512
33	475	14349.961372923856	512
33	484	14493.753930522706	409
33	497	14647.60492369446	512
33	616	17559.633219841701	409
33	619	17686.327940345156	203
33	637	18416.020180741973	409
33	674	19213.869616322005	306
33	731	19928.752581118369	203
33	736	19982.074633875932	306
34	95	2133.995414057753	12
34	133	3495.996498352073	12
34	172	4564.434653071177	12
34	175	4625.928705409692	9
34	262	6932.546686181722	12
34	285	7632.593086899635	9
34	389	11524.403354766814	3
34	426	12457.375956998188	6
34	433	13013.592175612977	3
34	453	13844.910926218966	12
34	475	14349.961372923856	12
34	484	14493.753930522706	9
34	497	14647.60492369446	12
34	616	17559.633219841701	9
34	619	17686.327940345156	3
34	637	18416.020180741973	9
34	674	19213.869616322005	6
34	731	19928.752581118369	3
34	736	19982.074633875932	6
35	95	2133.995414057753	4
35	133	3495.996498352073	4
35	172	4564.434653071177	4
35	175	4625.928705409692	3
35	262	6932.546686181722	4
35	285	7632.593086899635	3
35	389	11524.403354766814	1
35	426	12457.375956998188	2
35	433	13013.592175612977	1
35	453	13844.910926218966	4
35	475	14349.961372923856	4
35	484	14493.753930522706	3
35	497	14647.60492369446	4
35	616	17559.633219841701	3
35	619	17686.327940345156	1
35	637	18416.020180741973	3
35	674	19213.869616322005	2
35	731	19928.752581118369	1
35	736	19982.074633875932	2

